 Camera matrix:
[[3.10509613e+03 0.00000000e+00 2.00838349e+03]
 [0.00000000e+00 3.10200975e+03 1.09013914e+03]
 [0.00000000e+00 0.00000000e+00 1.00000000e+00]]

 Distortion coefficient:
[[ 2.52522156e-01 -1.31398738e+00 -2.37681277e-03 -3.33955696e-04
   2.27448649e+00]]

 Rotation Vectors:
(array([[-0.73934875],
       [ 0.17668206],
       [ 0.05019974]]), array([[-0.07083496],
       [ 0.03503094],
       [ 1.56904552]]), array([[-0.68321883],
       [ 0.67891564],
       [ 1.462111  ]]), array([[-0.32551948],
       [ 0.87860387],
       [ 2.44537785]]), array([[-0.84356504],
       [ 0.50499777],
       [ 1.12719189]]))

 Translation Vectors:
(array([[-2.07698233],
       [-4.67104501],
       [19.65625062]]), array([[ 3.72647701],
       [-2.29897912],
       [14.928524  ]]), array([[ 3.72303173],
       [-2.33887962],
       [17.33489344]]), array([[10.35268549],
       [-0.67444442],
       [24.32109184]]), array([[-3.86600978],
       [ 1.80056885],
       [27.29343026]]))
