 Camera matrix:
[[3.56675878e+03 0.00000000e+00 1.30715772e+03]
 [0.00000000e+00 3.54011576e+03 1.11736970e+03]
 [0.00000000e+00 0.00000000e+00 1.00000000e+00]]

 Distortion coefficient:
[[-0.55379564  1.81709616 -0.00534715 -0.00980645 -2.24371543]]

 Rotation Vectors:
(array([[-0.19490691],
       [-1.52194232],
       [-2.6067225 ]]), array([[0.12237051],
       [0.10075512],
       [1.58333248]]), array([[-0.48172632],
       [ 0.75305363],
       [ 2.4705386 ]]), array([[-0.55524749],
       [ 1.22349869],
       [ 2.10107963]]), array([[ 0.67722055],
       [-0.16210721],
       [ 1.86175329]]), array([[-0.15394177],
       [ 1.37242838],
       [ 2.78557134]]), array([[-0.180605  ],
       [ 0.12032795],
       [-0.02847137]]), array([[-0.28094337],
       [ 0.46817548],
       [ 1.58984224]]), array([[0.43913926],
       [0.85349183],
       [2.92447902]]), array([[-0.50821023],
       [ 0.79117201],
       [ 1.53253896]]), array([[-0.64688829],
       [ 0.6216285 ],
       [ 1.99718386]]), array([[-0.72077329],
       [ 1.32398902],
       [ 1.69407327]]), array([[-0.45760065],
       [-1.27890127],
       [-2.40313717]]), array([[0.57427346],
       [0.40767898],
       [1.18249674]]), array([[-0.9817832 ],
       [ 0.12880051],
       [ 2.57940657]]), array([[-0.23563147],
       [-0.11406064],
       [ 1.15677394]]), array([[ 1.03423942],
       [-0.12010189],
       [ 1.84892731]]))

 Translation Vectors:
(array([[-1.33727388e-02],
       [ 9.81949106e+00],
       [ 1.59302962e+01]]), array([[ 6.96459047],
       [-1.93424745],
       [15.11220723]]), array([[ 2.72566153],
       [ 6.25230426],
       [25.31885849]]), array([[ 2.67868372],
       [ 5.96216831],
       [20.84862455]]), array([[ 7.90898497],
       [-0.18478598],
       [14.66483083]]), array([[ 2.18771651],
       [ 5.96585373],
       [17.10641872]]), array([[-4.19728269],
       [ 1.4356357 ],
       [19.36868235]]), array([[ 7.22105578],
       [-2.23741062],
       [17.27864519]]), array([[ 0.86841129],
       [ 9.50942461],
       [22.2728641 ]]), array([[ 6.83680347],
       [-2.46428784],
       [17.91516888]]), array([[ 2.88444576],
       [ 5.17265137],
       [22.35147383]]), array([[ 3.10306028],
       [ 4.45547393],
       [22.67196377]]), array([[-0.70180385],
       [ 9.58069062],
       [18.67855098]]), array([[ 6.82030605],
       [-2.74654311],
       [15.36415388]]), array([[ 6.07051181],
       [ 7.9324786 ],
       [24.05265463]]), array([[ 7.36940988],
       [-3.31948788],
       [21.34128705]]), array([[ 6.32403334],
       [ 0.64968741],
       [12.85150926]]))
