 Camera matrix:
[[2.73883498e+03 0.00000000e+00 1.87701862e+03]
 [0.00000000e+00 2.71781331e+03 2.09937064e+03]
 [0.00000000e+00 0.00000000e+00 1.00000000e+00]]

 Distortion coefficient:
[[-0.31191053  0.79430314 -0.01942381 -0.0160274  -0.83965394]]

 Rotation Vectors:
(array([[-0.57344298],
       [ 0.48129689],
       [ 0.5893158 ]]), array([[-0.52313085],
       [-0.01529755],
       [ 0.51728318]]), array([[-0.124006  ],
       [ 0.08401209],
       [ 1.62996462]]), array([[0.52957568],
       [0.25597911],
       [2.09518124]]), array([[0.05731674],
       [0.63480779],
       [1.69503286]]))

 Translation Vectors:
(array([[ 1.75065608],
       [-6.36580759],
       [14.68996553]]), array([[-4.01621939],
       [-4.7414501 ],
       [21.35231162]]), array([[ 1.5337853 ],
       [-4.38925543],
       [21.08506687]]), array([[ 1.58710844],
       [-1.8178417 ],
       [13.77697927]]), array([[ 1.0553223 ],
       [-3.89195376],
       [14.11832553]]))
