 Camera matrix:
[[2.51859320e+03 0.00000000e+00 1.61308333e+03]
 [0.00000000e+00 2.64386474e+03 2.29079218e+03]
 [0.00000000e+00 0.00000000e+00 1.00000000e+00]]

 Distortion coefficient:
[[-0.00225511 -0.3730469  -0.02478544 -0.01167432  0.52906048]]

 Rotation Vectors:
(array([[-0.22860323],
       [-0.56769533],
       [-2.02694221]]), array([[-0.37236873],
       [-0.00972739],
       [-0.03417783]]), array([[-0.57144478],
       [ 0.74930948],
       [ 2.45519884]]), array([[-0.4700357 ],
       [ 0.59818767],
       [-0.25136095]]))

 Translation Vectors:
(array([[ 1.10049952],
       [-0.30945937],
       [10.34585432]]), array([[-3.42846412],
       [-4.46120217],
       [17.68728685]]), array([[ 0.81968688],
       [-1.00290035],
       [15.31412188]]), array([[-1.44894378],
       [-6.28270033],
       [20.41398239]]))
