0.000000000000000000e+00 -1.081569531256080154e+03
1.000000000000000000e+00 4.779695665954031938e+02
2.000000000000000000e+00 -3.010282206094845492e+02
3.000000000000000000e+00 2.185235150361105809e+02
4.000000000000000000e+00 -1.711836126606965820e+02
5.000000000000000000e+00 1.405788183850259543e+02
6.000000000000000000e+00 -1.192002543302498907e+02
7.000000000000000000e+00 1.034334853400164178e+02
8.000000000000000000e+00 -9.132825528216656608e+01
9.000000000000000000e+00 8.173958774869238653e+01
1.000000000000000000e+01 -7.394628436441902863e+01
1.100000000000000000e+01 6.744960328622573797e+01
1.200000000000000000e+01 -6.173489883255665234e+01
1.300000000000000000e+01 5.867177175841929682e+01
1.400000000000000000e+01 -5.480125698001373991e+01
1.500000000000000000e+01 5.021341341027190452e+01
1.600000000000000000e+01 -4.610396614075686728e+01
1.700000000000000000e+01 4.386334074157957730e+01
1.800000000000000000e+01 -4.159029928940357479e+01
1.900000000000000000e+01 3.948539135831835978e+01
2.000000000000000000e+01 -3.756031708163602190e+01
2.100000000000000000e+01 3.580114696525552631e+01
2.200000000000000000e+01 -3.419009696730093140e+01
2.300000000000000000e+01 3.271012546049079361e+01
2.400000000000000000e+01 -3.134594738485152376e+01
2.500000000000000000e+01 3.008409630383050626e+01
2.600000000000000000e+01 -2.891270232423837072e+01
2.700000000000000000e+01 2.782116950888920925e+01
2.800000000000000000e+01 -2.679977565720215793e+01
2.900000000000000000e+01 2.583911649483532358e+01
3.000000000000000000e+01 -2.492914523449158537e+01
3.100000000000000000e+01 2.405704807954043645e+01
3.200000000000000000e+01 -2.320117450166726414e+01
3.300000000000000000e+01 2.230712988994414303e+01
3.400000000000000000e+01 -2.112102744011108157e+01
3.500000000000000000e+01 2.147275383600757337e+01
3.600000000000000000e+01 -2.185924671384845652e+01
3.700000000000000000e+01 2.077778251507194796e+01
3.800000000000000000e+01 -2.005927404868767638e+01
3.900000000000000000e+01 1.945157806226185215e+01
4.000000000000000000e+01 -1.890281471474903441e+01
4.100000000000000000e+01 1.839470385303552291e+01
4.200000000000000000e+01 -1.791878650483474189e+01
4.300000000000000000e+01 1.747055774110474502e+01
4.400000000000000000e+01 -1.704768669567658534e+01
4.500000000000000000e+01 1.664972308229079445e+01
4.600000000000000000e+01 -1.627909272636945204e+01
4.700000000000000000e+01 1.594530472089137163e+01
4.800000000000000000e+01 -1.568388871785901273e+01
4.900000000000000000e+01 1.570315138878972050e+01
5.000000000000000000e+01 -1.395198569342281125e+01
5.100000000000000000e+01 1.396269013210629950e+01
5.200000000000000000e+01 -1.365093346929738694e+01
5.300000000000000000e+01 1.301571532928849884e+01
5.400000000000000000e+01 -1.413931378708963038e+01
5.500000000000000000e+01 1.348720459861636201e+01
5.600000000000000000e+01 -1.310792062708808459e+01
5.700000000000000000e+01 1.278992140122946530e+01
5.800000000000000000e+01 -1.249313816794226462e+01
5.900000000000000000e+01 1.220063729822832954e+01
6.000000000000000000e+01 -1.189491110895658110e+01
6.100000000000000000e+01 1.153390299113916484e+01
6.200000000000000000e+01 -1.090163223552839256e+01
6.300000000000000000e+01 1.203679449221835540e+01
6.400000000000000000e+01 -1.138026881287889047e+01
6.500000000000000000e+01 1.093541152166942432e+01
6.600000000000000000e+01 -1.026984143907668745e+01
6.700000000000000000e+01 1.136118851535060514e+01
6.800000000000000000e+01 -1.047131939581933224e+01
6.900000000000000000e+01 1.187216765566164156e+01
7.000000000000000000e+01 -9.595717508545822838e+00
7.100000000000000000e+01 1.156643125070734435e+01
7.200000000000000000e+01 -7.307332821742201112e+00
7.300000000000000000e+01 1.263368695081422999e+01
7.400000000000000000e+01 -8.213835367841880952e+00
7.500000000000000000e+01 1.232924500898857012e+01
7.600000000000000000e+01 -6.723432231456706099e+00
7.700000000000000000e+01 1.088084348815657521e+01
7.800000000000000000e+01 -6.574927520257110913e+00
7.900000000000000000e+01 1.227871894636005123e+01
8.000000000000000000e+01 -6.467728269642098127e+00
8.100000000000000000e+01 1.092582729086682747e+01
8.200000000000000000e+01 -5.174114223207994634e+00
8.300000000000000000e+01 1.116413217175059636e+01
8.400000000000000000e+01 -5.114718571431026817e+00
8.500000000000000000e+01 1.109616960008558983e+01
8.600000000000000000e+01 -5.319631642266087646e+00
8.700000000000000000e+01 9.706095923285900540e+00
8.800000000000000000e+01 -3.590792015425274819e+00
8.900000000000000000e+01 1.097455330995324196e+01
9.000000000000000000e+01 -4.524317914768068327e+00
9.100000000000000000e+01 1.032331821862364407e+01
9.200000000000000000e+01 -4.171125817273332537e+00
9.300000000000000000e+01 1.003359531326046117e+01
9.400000000000000000e+01 -3.899829915656947144e+00
9.500000000000000000e+01 9.763929668360573189e+00
9.600000000000000000e+01 -3.620138905981382216e+00
9.700000000000000000e+01 9.459464344992154494e+00
9.800000000000000000e+01 -3.262795035102511232e+00
9.900000000000000000e+01 8.975583354694888882e+00
1.000000000000000000e+02 -2.336791021079924757e+00
1.010000000000000000e+02 9.143389895954367574e+00
1.020000000000000000e+02 -3.687628198875675167e+00
1.030000000000000000e+02 1.052536639181526112e+01
1.040000000000000000e+02 -3.980818522740780629e+00
1.050000000000000000e+02 1.005663786714672092e+01
1.060000000000000000e+02 -2.434862310548664421e+00
1.070000000000000000e+02 8.569557999992030162e+00
1.080000000000000000e+02 -2.188922170062067796e+00
1.090000000000000000e+02 9.552548317626836649e+00
1.100000000000000000e+02 -3.185951153923522128e+00
1.110000000000000000e+02 9.353461844109412837e+00
1.120000000000000000e+02 -1.797791314452880540e+00
1.130000000000000000e+02 8.020432605277472149e+00
1.140000000000000000e+02 -1.949528012847623559e+00
1.150000000000000000e+02 7.747277714117546843e+00
1.160000000000000000e+02 -1.222139750506338940e+00
1.170000000000000000e+02 8.384159718123736837e+00
1.180000000000000000e+02 -1.462727541100916184e+00
1.190000000000000000e+02 8.497586986600941472e+00
1.200000000000000000e+02 -1.475620288887999676e+00
1.210000000000000000e+02 8.211235312816464571e+00
1.220000000000000000e+02 -2.806822945105010181e+00
1.230000000000000000e+02 9.974924377927353092e+00
1.240000000000000000e+02 -1.938765477309046803e+00
1.250000000000000000e+02 8.008688822928602846e+00
1.260000000000000000e+02 -1.705475408052115727e+00
1.270000000000000000e+02 9.451987308327565174e+00
1.280000000000000000e+02 -1.709052499890554300e+00
1.290000000000000000e+02 8.258695218642580826e+00
1.300000000000000000e+02 -6.316317333703844739e-01
1.310000000000000000e+02 8.818227399662379895e+00
1.320000000000000000e+02 -1.253073105773714557e+00
1.330000000000000000e+02 7.971121747748384223e+00
1.340000000000000000e+02 -7.537849480503640009e-01
1.350000000000000000e+02 7.557004889591560470e+00
1.360000000000000000e+02 -3.619898902857288658e-01
1.370000000000000000e+02 7.153146308673708376e+00
1.380000000000000000e+02 9.338821373021347072e-02
1.390000000000000000e+02 6.563025874544552885e+00
1.400000000000000000e+02 1.145198397822762004e+00
1.410000000000000000e+02 6.567648291736259303e+00
1.420000000000000000e+02 3.012721844546258076e-02
1.430000000000000000e+02 7.551091091254891197e+00
1.440000000000000000e+02 6.630782078331914908e-01
1.450000000000000000e+02 6.916876201525114176e+00
1.460000000000000000e+02 -3.152330631944906814e-01
1.470000000000000000e+02 8.011483741137979564e+00
1.480000000000000000e+02 -1.601246240583908964e-01
1.490000000000000000e+02 9.180812098989322934e+00
1.500000000000000000e+02 3.105174480318196206e+00
1.510000000000000000e+02 5.917396864038049209e+00
1.520000000000000000e+02 1.909085325462573479e+00
1.530000000000000000e+02 6.005793133883551960e+00
1.540000000000000000e+02 2.365793147502280203e+00
1.550000000000000000e+02 4.201397909603024949e+00
1.560000000000000000e+02 -2.113445986753329287e+00
1.570000000000000000e+02 7.150367905519531497e+00
1.580000000000000000e+02 9.596765712489810918e-01
1.590000000000000000e+02 6.890463809342833201e+00
1.600000000000000000e+02 1.243581333826760726e+00
1.610000000000000000e+02 6.617899766057997901e+00
1.620000000000000000e+02 1.570199049824176463e+00
1.630000000000000000e+02 5.976128464845392507e+00
1.640000000000000000e+02 7.004523907887445500e-01
1.650000000000000000e+02 6.853257866986594671e+00
1.660000000000000000e+02 1.318714965937837214e+00
1.670000000000000000e+02 6.570854303671933572e+00
1.680000000000000000e+02 1.517083545316461946e+00
1.690000000000000000e+02 6.404581933127030169e+00
1.700000000000000000e+02 1.670455918159001074e+00
1.710000000000000000e+02 6.252980110325283114e+00
1.720000000000000000e+02 1.831335404547319134e+00
1.730000000000000000e+02 6.063882678689556549e+00
1.740000000000000000e+02 2.100118899151390828e+00
1.750000000000000000e+02 5.464353778911827497e+00
1.760000000000000000e+02 1.197940365559228892e+00
1.770000000000000000e+02 6.367359747111370538e+00
1.780000000000000000e+02 1.795192822010462930e+00
1.790000000000000000e+02 6.101547013611709147e+00
1.800000000000000000e+02 1.982478674322203593e+00
1.810000000000000000e+02 5.936750517137973304e+00
1.820000000000000000e+02 2.156300178989827288e+00
1.830000000000000000e+02 5.699827406911984085e+00
1.840000000000000000e+02 2.704433798209010309e+00
1.850000000000000000e+02 6.682464983018894245e+00
1.860000000000000000e+02 1.668479693634460359e+00
1.870000000000000000e+02 6.337576483063931398e+00
1.880000000000000000e+02 1.261447475279984909e+00
1.890000000000000000e+02 5.662782684708723480e+00
1.900000000000000000e+02 3.401714966576842247e+00
1.910000000000000000e+02 5.040124033504981504e+00
1.920000000000000000e+02 2.847451623491171979e+00
1.930000000000000000e+02 5.184217409498572238e+00
1.940000000000000000e+02 2.815689307447406531e+00
1.950000000000000000e+02 5.168946127807447333e+00
1.960000000000000000e+02 2.855135428370298989e+00
1.970000000000000000e+02 5.115311177468679027e+00
1.980000000000000000e+02 2.918028105360524371e+00
1.990000000000000000e+02 5.045726597459477603e+00
2.000000000000000000e+02 2.993036164201673621e+00
2.010000000000000000e+02 4.965693768543730791e+00
2.020000000000000000e+02 3.078473260782882637e+00
2.030000000000000000e+02 4.873490922653976654e+00
2.040000000000000000e+02 3.180473505613333529e+00
2.050000000000000000e+02 4.755097315446537465e+00
2.060000000000000000e+02 3.331268096881243146e+00
2.070000000000000000e+02 4.522836700675001431e+00
2.080000000000000000e+02 3.893470387777944186e+00
2.090000000000000000e+02 5.466837371534315260e+00
2.100000000000000000e+02 2.937371502480043528e+00
2.110000000000000000e+02 4.949587699333671154e+00
2.120000000000000000e+02 3.048444948487846862e+00
2.130000000000000000e+02 5.237133310484791693e+00
2.140000000000000000e+02 4.263010427917112821e+00
2.150000000000000000e+02 3.952450114326909070e+00
2.160000000000000000e+02 4.377584291681510642e+00
2.170000000000000000e+02 4.998714794957472840e+00
2.180000000000000000e+02 3.436786221625607318e+00
2.190000000000000000e+02 4.336962636549293926e+00
2.200000000000000000e+02 4.093879356293389726e+00
2.210000000000000000e+02 5.292491426060626836e+00
2.220000000000000000e+02 3.020257890903097930e+00
2.230000000000000000e+02 5.223365643500069488e+00
2.240000000000000000e+02 4.230073546011658081e+00
2.250000000000000000e+02 4.138800782495531294e+00
2.260000000000000000e+02 3.685849601842026146e+00
2.270000000000000000e+02 4.724362335751525421e+00
2.280000000000000000e+02 4.605412791392785365e+00
2.290000000000000000e+02 4.085631224164017361e+00
2.300000000000000000e+02 5.303967205545327523e+00
2.310000000000000000e+02 2.940061003183419786e+00
2.320000000000000000e+02 5.414942338294181035e+00
2.330000000000000000e+02 3.856452933205564815e+00
2.340000000000000000e+02 4.973209386177941838e+00
2.350000000000000000e+02 4.158536812779959568e+00
2.360000000000000000e+02 4.721548552939455412e+00
2.370000000000000000e+02 4.406086448443360837e+00
2.380000000000000000e+02 4.432572838528948900e+00
2.390000000000000000e+02 4.822979102716441702e+00
2.400000000000000000e+02 3.559164548033131314e+00
2.410000000000000000e+02 4.635200000919899033e+00
2.420000000000000000e+02 4.863204570346285394e+00
2.430000000000000000e+02 3.453070940590236226e+00
2.440000000000000000e+02 4.450366975509661316e+00
2.450000000000000000e+02 3.804494726811148197e+00
2.460000000000000000e+02 6.006414517497765004e+00
2.470000000000000000e+02 3.713157971267550206e+00
2.480000000000000000e+02 4.633979938648243646e+00
2.490000000000000000e+02 3.175099151481859838e+00
2.500000000000000000e+02 5.239271892482399551e+00
2.510000000000000000e+02 4.154518388024750486e+00
2.520000000000000000e+02 4.156413407628105183e+00
2.530000000000000000e+02 4.084447777958972736e+00
2.540000000000000000e+02 5.376794452327949614e+00
2.550000000000000000e+02 2.977064351803588860e+00
2.560000000000000000e+02 4.875297418125023263e+00
2.570000000000000000e+02 3.480214211519506495e+00
2.580000000000000000e+02 5.977346156283944723e+00
2.590000000000000000e+02 2.270149362153658590e+00
2.600000000000000000e+02 6.029230540620372558e+00
2.610000000000000000e+02 3.385406794299448130e+00
2.620000000000000000e+02 4.987603408136943806e+00
2.630000000000000000e+02 2.920540471736286392e+00
2.640000000000000000e+02 5.059609819038795031e+00
2.650000000000000000e+02 3.246694955194086685e+00
2.660000000000000000e+02 6.218772046833647593e+00
2.670000000000000000e+02 2.079988311653198529e+00
2.680000000000000000e+02 5.916336001604020289e+00
2.690000000000000000e+02 1.964332743922990732e+00
2.700000000000000000e+02 6.453251725192718169e+00
2.710000000000000000e+02 2.885938454790869301e+00
2.720000000000000000e+02 5.561595229428429654e+00
2.730000000000000000e+02 2.245752894915935549e+00
2.740000000000000000e+02 5.916010600521834029e+00
2.750000000000000000e+02 1.875055368826611391e+00
2.760000000000000000e+02 6.608603567331963191e+00
2.770000000000000000e+02 2.665269395979651623e+00
2.780000000000000000e+02 5.869596830335528814e+00
2.790000000000000000e+02 1.776067204655668252e+00
2.800000000000000000e+02 6.872020632904980886e+00
2.810000000000000000e+02 1.942830945820811506e+00
2.820000000000000000e+02 5.503239370865877333e+00
2.830000000000000000e+02 3.330056183166927752e+00
2.840000000000000000e+02 5.271430428582079664e+00
2.850000000000000000e+02 2.486322707941074128e+00
2.860000000000000000e+02 5.659075377782496474e+00
2.870000000000000000e+02 2.237402370929901352e+00
2.880000000000000000e+02 5.843041942985016668e+00
2.890000000000000000e+02 2.091783963728001350e+00
2.900000000000000000e+02 5.961228263277088324e+00
2.910000000000000000e+02 1.997824964136094117e+00
2.920000000000000000e+02 6.027617550377403433e+00
2.930000000000000000e+02 1.973530513937490793e+00
2.940000000000000000e+02 5.960886995051752457e+00
2.950000000000000000e+02 2.381057086665144151e+00
2.960000000000000000e+02 7.045276066952334659e+00
2.970000000000000000e+02 1.306505007513977690e+00
2.980000000000000000e+02 6.606331178674714977e+00
2.990000000000000000e+02 1.433207560658792845e+00
3.000000000000000000e+02 6.524268839167711498e+00
3.010000000000000000e+02 1.572305477169423593e+00
3.020000000000000000e+02 6.058526763299386886e+00
3.030000000000000000e+02 5.438523272987580981e-01
3.040000000000000000e+02 7.067074404291656009e+00
3.050000000000000000e+02 1.080831297172356598e+00
3.060000000000000000e+02 6.750211166764196413e+00
3.070000000000000000e+02 1.728171089080593470e+00
3.080000000000000000e+02 7.305393006582049154e+00
3.090000000000000000e+02 -3.460297837235953855e-01
3.100000000000000000e+02 7.891417932250663902e+00
3.110000000000000000e+02 2.263193177943554069e-01
3.120000000000000000e+02 7.742166073307452656e+00
3.130000000000000000e+02 2.534592979700456272e-01
3.140000000000000000e+02 7.770013169022365496e+00
3.150000000000000000e+02 1.945227341181021974e-01
3.160000000000000000e+02 7.849549422885095495e+00
3.170000000000000000e+02 9.939555010616173136e-02
3.180000000000000000e+02 7.958036795867691637e+00
3.190000000000000000e+02 -2.200909099002748559e-02
3.200000000000000000e+02 8.093481592394324409e+00
3.210000000000000000e+02 -1.745345079742432748e-01
3.220000000000000000e+02 8.269222069896914107e+00
3.230000000000000000e+02 -3.857646862920057207e-01
3.240000000000000000e+02 8.543031029035205393e+00
3.250000000000000000e+02 -7.957673080585144776e-01
3.260000000000000000e+02 9.405775076259393686e+00
3.270000000000000000e+02 -5.778635702399494978e-01
3.280000000000000000e+02 8.023891118667092925e+00
3.290000000000000000e+02 8.012770476969683919e-01
3.300000000000000000e+02 7.814278138185537514e+00
3.310000000000000000e+02 -7.549407800527403734e-02
3.320000000000000000e+02 8.244382838536454372e+00
3.330000000000000000e+02 -3.760103695713021832e-01
3.340000000000000000e+02 8.489720713536316410e+00
3.350000000000000000e+02 -5.944465933326573692e-01
3.360000000000000000e+02 8.695340638952778534e+00
3.370000000000000000e+02 -7.962610676278611965e-01
3.380000000000000000e+02 8.901263097431280968e+00
3.390000000000000000e+02 -1.016507308490311123e+00
3.400000000000000000e+02 9.155096027385184243e+00
3.410000000000000000e+02 -1.356695613657278976e+00
3.420000000000000000e+02 9.835480470767533845e+00
3.430000000000000000e+02 -5.507969647784668465e-01
3.440000000000000000e+02 9.058872502030567375e+00
3.450000000000000000e+02 -1.350915855920157282e+00
3.460000000000000000e+02 9.846552334903993398e+00
3.470000000000000000e+02 -5.281100495534978290e-01
3.480000000000000000e+02 8.916591664363176406e+00
3.490000000000000000e+02 -7.642208414840425679e-01
3.500000000000000000e+02 1.034136661718495453e+01
3.510000000000000000e+02 -2.178700462719539210e+00
3.520000000000000000e+02 1.054190718439037333e+01
3.530000000000000000e+02 -1.168873284759650355e+00
3.540000000000000000e+02 9.533701971685548671e+00
3.550000000000000000e+02 -1.374233147629716711e+00
3.560000000000000000e+02 1.095604867485672784e+01
3.570000000000000000e+02 -2.809637359485233521e+00
3.580000000000000000e+02 1.120505847317276960e+01
3.590000000000000000e+02 -1.894002734642439734e+00
3.600000000000000000e+02 1.039651024396961176e+01
3.610000000000000000e+02 -2.693029762982823705e+00
3.620000000000000000e+02 1.119907856249214007e+01
3.630000000000000000e+02 -1.895258281184964311e+00
3.640000000000000000e+02 1.030196446192252679e+01
3.650000000000000000e+02 -2.171573252193096160e+00
3.660000000000000000e+02 1.177544687981102456e+01
3.670000000000000000e+02 -3.646671530744829859e+00
3.680000000000000000e+02 1.205649889514576145e+01
3.690000000000000000e+02 -2.757064915306349118e+00
3.700000000000000000e+02 1.126835045337661789e+01
3.710000000000000000e+02 -3.570280507603902365e+00
3.720000000000000000e+02 1.207726462031248538e+01
3.730000000000000000e+02 -2.767869034926198069e+00
3.740000000000000000e+02 1.115871416384139359e+01
3.750000000000000000e+02 -2.994614670613771512e+00
3.760000000000000000e+02 1.252949353964934431e+01
3.770000000000000000e+02 -4.245009518016321870e+00
3.780000000000000000e+02 1.215963707327139609e+01
3.790000000000000000e+02 -3.852913864126061849e+00
3.800000000000000000e+02 1.333013943653319089e+01
3.810000000000000000e+02 -5.024784266553153245e+00
3.820000000000000000e+02 1.294166690106198558e+01
3.830000000000000000e+02 -4.659219607858473999e+00
3.840000000000000000e+02 1.419381427632381154e+01
3.850000000000000000e+02 -6.023141769039653148e+00
3.860000000000000000e+02 1.439311692796592901e+01
3.870000000000000000e+02 -5.030085888302125774e+00
3.880000000000000000e+02 1.339666549292802067e+01
3.890000000000000000e+02 -5.211097256888539420e+00
3.900000000000000000e+02 1.468630393603528006e+01
3.910000000000000000e+02 -6.099317004571847001e+00
3.920000000000000000e+02 1.554729910986461228e+01
3.930000000000000000e+02 -7.267289726218079338e+00
3.940000000000000000e+02 1.523327946939108202e+01
3.950000000000000000e+02 -7.017099181206034153e+00
3.960000000000000000e+02 1.663618511057828897e+01
3.970000000000000000e+02 -8.575420838210289887e+00
3.980000000000000000e+02 1.709957173784289353e+01
3.990000000000000000e+02 -7.990730043087950207e+00
4.000000000000000000e+02 1.697631569284566311e+01
4.010000000000000000e+02 -7.988202552285421199e+00
4.020000000000000000e+02 1.698350760845024965e+01
4.030000000000000000e+02 -7.892578003330602776e+00
4.040000000000000000e+02 1.643858958334669751e+01
4.050000000000000000e+02 -8.392271148496741162e+00
4.060000000000000000e+02 1.798067456650433726e+01
4.070000000000000000e+02 -9.477270665262128801e+00
4.080000000000000000e+02 1.894509454447639030e+01
4.090000000000000000e+02 -1.041117490499548026e+01
4.100000000000000000e+02 1.989489238120616577e+01
4.110000000000000000e+02 -1.142115912889449270e+01
4.120000000000000000e+02 2.104718677866953414e+01
4.130000000000000000e+02 -1.303122308711546751e+01
4.140000000000000000e+02 2.155214689006428941e+01
4.150000000000000000e+02 -1.213328790810783708e+01
4.160000000000000000e+02 2.233531198700526943e+01
4.170000000000000000e+02 -1.459619284403175854e+01
4.180000000000000000e+02 2.338990983271544621e+01
4.190000000000000000e+02 -1.453110331414782230e+01
4.200000000000000000e+02 2.374454874498202628e+01
4.210000000000000000e+02 -1.491996538897239510e+01
4.220000000000000000e+02 2.377110949065522050e+01
4.230000000000000000e+02 -1.606951399175236617e+01
4.240000000000000000e+02 2.605034418897289328e+01
4.250000000000000000e+02 -1.800748791494413226e+01
4.260000000000000000e+02 2.806163493895714112e+01
4.270000000000000000e+02 -2.050648107361462280e+01
4.280000000000000000e+02 2.957586001274433229e+01
4.290000000000000000e+02 -2.103509115911206351e+01
4.300000000000000000e+02 3.056928894557764664e+01
4.310000000000000000e+02 -2.187477357852360171e+01
4.320000000000000000e+02 3.276919929934479114e+01
4.330000000000000000e+02 -2.574872363792595209e+01
4.340000000000000000e+02 3.531407208734702863e+01
4.350000000000000000e+02 -2.730021067072683039e+01
4.360000000000000000e+02 3.745436265167657552e+01
4.370000000000000000e+02 -2.969980918347317811e+01
4.380000000000000000e+02 3.982182983903424400e+01
4.390000000000000000e+02 -3.387460769048888665e+01
4.400000000000000000e+02 4.432762173878592193e+01
4.410000000000000000e+02 -3.724298632690315713e+01
4.420000000000000000e+02 4.842181472057274760e+01
4.430000000000000000e+02 -4.181044336205464873e+01
4.440000000000000000e+02 5.318233442767125752e+01
4.450000000000000000e+02 -4.838042203190956059e+01
4.460000000000000000e+02 6.172973581244009011e+01
4.470000000000000000e+02 -5.764014096248333630e+01
4.480000000000000000e+02 7.238304901199633434e+01
4.490000000000000000e+02 -7.043877083067643241e+01
4.500000000000000000e+02 8.614982882373917050e+01
4.510000000000000000e+02 -8.780187856946352554e+01
4.520000000000000000e+02 1.082808195994752793e+02
4.530000000000000000e+02 -1.146762626968032635e+02
4.540000000000000000e+02 1.444913789731064639e+02
4.550000000000000000e+02 -1.673363337587436206e+02
4.560000000000000000e+02 2.231577881743759804e+02
4.570000000000000000e+02 -2.964303716402314990e+02
4.580000000000000000e+02 4.822640671998634616e+02
4.590000000000000000e+02 -1.077362098715465208e+03
