frame 	 x 	 y 	 width 	 height 	 deformation 
1.0 	 92 	 560 	 42.0 	 45.0 	 0.034482758620689655 
2.0 	 92 	 559 	 41.0 	 44.0 	 0.03529411764705882 
3.0 	 92 	 559 	 42.0 	 44.0 	 0.023255813953488372 
4.0 	 92 	 559 	 42.0 	 45.0 	 0.034482758620689655 
5.0 	 92 	 559 	 41.0 	 43.0 	 0.023809523809523808 
6.0 	 93 	 559 	 42.0 	 44.0 	 0.023255813953488372 
7.0 	 93 	 559 	 42.0 	 45.0 	 0.034482758620689655 
8.0 	 93 	 559 	 42.0 	 44.0 	 0.023255813953488372 
9.0 	 93 	 559 	 42.0 	 44.0 	 0.023255813953488372 
10.0 	 93 	 558 	 43.0 	 45.0 	 0.022727272727272728 
11.0 	 93 	 558 	 43.0 	 45.0 	 0.022727272727272728 
12.0 	 93 	 558 	 42.0 	 44.0 	 0.023255813953488372 
13.0 	 93 	 558 	 43.0 	 45.0 	 0.022727272727272728 
14.0 	 93 	 558 	 42.0 	 44.0 	 0.023255813953488372 
15.0 	 93 	 558 	 42.0 	 43.0 	 0.011764705882352941 
16.0 	 93 	 558 	 43.0 	 45.0 	 0.022727272727272728 
17.0 	 93 	 558 	 43.0 	 43.0 	 0.0 
18.0 	 93 	 558 	 43.0 	 43.0 	 0.0 
19.0 	 93 	 557 	 43.0 	 44.0 	 0.011494252873563218 
20.0 	 92 	 556 	 43.0 	 43.0 	 0.0 
21.0 	 92 	 557 	 42.0 	 43.0 	 0.011764705882352941 
22.0 	 93 	 556 	 43.0 	 44.0 	 0.011494252873563218 
23.0 	 93 	 557 	 42.0 	 44.0 	 0.023255813953488372 
24.0 	 93 	 557 	 42.0 	 42.0 	 0.0 
25.0 	 92 	 557 	 43.0 	 45.0 	 0.022727272727272728 
26.0 	 93 	 557 	 42.0 	 45.0 	 0.034482758620689655 
27.0 	 93 	 556 	 42.0 	 43.0 	 0.011764705882352941 
28.0 	 93 	 556 	 43.483123779296875 	 44.4781608581543 	 0.0113122163115131 
29.0 	 93 	 556 	 43.0 	 45.0 	 0.022727272727272728 
30.0 	 93 	 556 	 42.0 	 43.0 	 0.011764705882352941 
31.0 	 93 	 556 	 42.0 	 44.0 	 0.023255813953488372 
32.0 	 93 	 556 	 42.0 	 45.0 	 0.034482758620689655 
33.0 	 93 	 555 	 41.0 	 43.0 	 0.023809523809523808 
34.0 	 93 	 555 	 42.0 	 44.0 	 0.023255813953488372 
35.0 	 93 	 555 	 42.0 	 44.0 	 0.023255813953488372 
36.0 	 93 	 555 	 42.0 	 43.0 	 0.011764705882352941 
37.0 	 94 	 555 	 42.0 	 44.0 	 0.023255813953488372 
38.0 	 93 	 555 	 43.0 	 46.0 	 0.033707865168539325 
39.0 	 94 	 555 	 41.0 	 44.0 	 0.03529411764705882 
40.0 	 94 	 555 	 42.0 	 44.0 	 0.023255813953488372 
41.0 	 94 	 554 	 43.0 	 46.0 	 0.033707865168539325 
42.0 	 94 	 554 	 42.0 	 43.0 	 0.011764705882352941 
43.0 	 94 	 554 	 42.0 	 43.0 	 0.011764705882352941 
44.0 	 94 	 554 	 43.0 	 44.0 	 0.011494252873563218 
45.0 	 94 	 554 	 42.0 	 44.0 	 0.023255813953488372 
46.0 	 94 	 554 	 42.0 	 43.0 	 0.011764705882352941 
47.0 	 94 	 553 	 43.0 	 45.0 	 0.022727272727272728 
48.0 	 94 	 554 	 43.0 	 44.0 	 0.011494252873563218 
49.0 	 94 	 553 	 42.0 	 43.0 	 0.011764705882352941 
50.0 	 94 	 553 	 43.0 	 45.0 	 0.022727272727272728 
51.0 	 94 	 553 	 42.0 	 45.0 	 0.034482758620689655 
52.0 	 94 	 553 	 42.0 	 43.0 	 0.011764705882352941 
53.0 	 94 	 553 	 43.0 	 45.0 	 0.022727272727272728 
54.0 	 94 	 553 	 43.0 	 45.0 	 0.022727272727272728 
55.0 	 94 	 553 	 41.0 	 43.0 	 0.023809523809523808 
56.0 	 94 	 552 	 42.0 	 44.0 	 0.023255813953488372 
57.0 	 94 	 552 	 43.0 	 44.0 	 0.011494252873563218 
58.0 	 94 	 552 	 42.0 	 43.0 	 0.011764705882352941 
59.0 	 94 	 552 	 42.0 	 44.0 	 0.023255813953488372 
60.0 	 94 	 552 	 42.0 	 44.0 	 0.023255813953488372 
61.0 	 94 	 552 	 43.0 	 44.0 	 0.011494252873563218 
62.0 	 94 	 552 	 43.0 	 44.0 	 0.011494252873563218 
63.0 	 94 	 552 	 43.0 	 45.0 	 0.022727272727272728 
64.0 	 94 	 551 	 43.0 	 43.0 	 0.0 
65.0 	 94 	 551 	 43.0 	 44.0 	 0.011494252873563218 
66.0 	 94 	 551 	 43.0 	 46.0 	 0.033707865168539325 
67.0 	 94 	 551 	 43.0 	 44.0 	 0.011494252873563218 
68.0 	 94 	 551 	 44.0 	 44.0 	 0.0 
69.0 	 94 	 551 	 44.0 	 45.0 	 0.011235955056179775 
70.0 	 94 	 551 	 44.0 	 44.0 	 0.0 
71.0 	 94 	 551 	 43.0 	 42.0 	 0.011764705882352941 
72.0 	 94 	 551 	 43.0 	 45.0 	 0.022727272727272728 
73.0 	 94 	 550 	 43.0 	 44.0 	 0.011494252873563218 
74.0 	 94 	 550 	 43.0 	 42.0 	 0.011764705882352941 
75.0 	 94 	 550 	 43.0 	 44.0 	 0.011494252873563218 
76.0 	 94 	 550 	 43.0 	 44.0 	 0.011494252873563218 
77.0 	 95 	 550 	 42.0 	 43.0 	 0.011764705882352941 
78.0 	 95 	 550 	 42.0 	 44.0 	 0.023255813953488372 
79.0 	 95 	 550 	 42.0 	 44.0 	 0.023255813953488372 
80.0 	 95 	 550 	 42.0 	 43.0 	 0.011764705882352941 
81.0 	 96 	 550 	 43.0 	 44.0 	 0.011494252873563218 
82.0 	 96 	 550 	 43.0 	 44.0 	 0.011494252873563218 
83.0 	 97 	 550 	 42.0 	 43.0 	 0.011764705882352941 
84.0 	 97 	 550 	 43.0 	 44.0 	 0.011494252873563218 
85.0 	 98 	 549 	 43.0 	 44.0 	 0.011494252873563218 
86.0 	 99 	 549 	 43.0 	 43.0 	 0.0 
87.0 	 100 	 549 	 43.0 	 44.0 	 0.011494252873563218 
88.0 	 101 	 549 	 44.09090805053711 	 44.63412094116211 	 0.006122431255286723 
89.0 	 102 	 549 	 42.0 	 43.0 	 0.011764705882352941 
90.0 	 103 	 549 	 42.0 	 42.0 	 0.0 
91.0 	 105 	 549 	 43.0 	 44.0 	 0.011494252873563218 
92.0 	 106 	 549 	 43.0 	 43.0 	 0.0 
93.0 	 107 	 549 	 41.0 	 43.0 	 0.023809523809523808 
94.0 	 109 	 549 	 43.0 	 44.0 	 0.011494252873563218 
95.0 	 111 	 549 	 43.0 	 43.0 	 0.0 
96.0 	 112 	 549 	 42.0 	 42.0 	 0.0 
97.0 	 113 	 549 	 42.0 	 43.0 	 0.011764705882352941 
98.0 	 115 	 549 	 42.0 	 43.0 	 0.011764705882352941 
99.0 	 116 	 548 	 41.0 	 42.0 	 0.012048192771084338 
100.0 	 118 	 549 	 43.0 	 43.0 	 0.0 
101.0 	 119 	 548 	 42.0 	 43.0 	 0.011764705882352941 
102.0 	 121 	 548 	 40.0 	 42.0 	 0.024390243902439025 
103.0 	 123 	 548 	 42.0 	 44.0 	 0.023255813953488372 
104.0 	 125 	 548 	 42.0 	 44.0 	 0.023255813953488372 
105.0 	 126 	 548 	 41.0 	 42.0 	 0.012048192771084338 
106.0 	 128 	 548 	 42.0 	 44.0 	 0.023255813953488372 
107.0 	 129 	 548 	 42.0 	 45.0 	 0.034482758620689655 
108.0 	 131 	 548 	 40.0 	 42.0 	 0.024390243902439025 
109.0 	 132 	 548 	 40.0 	 43.0 	 0.03614457831325301 
110.0 	 134 	 548 	 41.0 	 45.0 	 0.046511627906976744 
111.0 	 136 	 548 	 40.0 	 43.0 	 0.03614457831325301 
112.0 	 138 	 548 	 40.0 	 45.0 	 0.058823529411764705 
113.0 	 140 	 548 	 42.0 	 46.0 	 0.045454545454545456 
114.0 	 142 	 548 	 40.0 	 44.0 	 0.047619047619047616 
115.0 	 143 	 548 	 40.0 	 45.0 	 0.058823529411764705 
116.0 	 145 	 548 	 41.0 	 46.0 	 0.05747126436781609 
117.0 	 147 	 548 	 40.0 	 45.0 	 0.058823529411764705 
118.0 	 149 	 548 	 41.0 	 45.0 	 0.046511627906976744 
119.0 	 151 	 548 	 41.0 	 47.0 	 0.06818181818181818 
120.0 	 153 	 548 	 41.0 	 46.0 	 0.05747126436781609 
121.0 	 155 	 548 	 39.0 	 45.0 	 0.07142857142857142 
122.0 	 157 	 548 	 41.0 	 46.0 	 0.05747126436781609 
123.0 	 159 	 548 	 40.0 	 46.0 	 0.06976744186046512 
124.0 	 161 	 548 	 39.0 	 46.0 	 0.08235294117647059 
125.0 	 163 	 548 	 40.0 	 47.0 	 0.08045977011494253 
126.0 	 165 	 548 	 40.0 	 47.0 	 0.08045977011494253 
127.0 	 167 	 548 	 39.0 	 45.0 	 0.07142857142857142 
128.0 	 169 	 548 	 39.92210388183594 	 46.846092224121094 	 0.07979868953170265 
129.0 	 172 	 548 	 40.0 	 47.0 	 0.08045977011494253 
130.0 	 174 	 548 	 39.0 	 45.0 	 0.07142857142857142 
131.0 	 175 	 548 	 40.0 	 46.0 	 0.06976744186046512 
132.0 	 177 	 548 	 40.0 	 48.0 	 0.09090909090909091 
133.0 	 180 	 548 	 40.0 	 48.0 	 0.09090909090909091 
134.0 	 182 	 548 	 40.0 	 48.0 	 0.09090909090909091 
135.0 	 184 	 548 	 39.0 	 49.0 	 0.11363636363636363 
136.0 	 186 	 548 	 39.0 	 47.0 	 0.09302325581395349 
137.0 	 188 	 548 	 39.0 	 49.0 	 0.11363636363636363 
138.0 	 190 	 548 	 39.0 	 49.0 	 0.11363636363636363 
139.0 	 193 	 548 	 39.0 	 48.0 	 0.10344827586206896 
140.0 	 195 	 548 	 39.0 	 49.0 	 0.11363636363636363 
141.0 	 197 	 548 	 39.0 	 49.0 	 0.11363636363636363 
142.0 	 199 	 548 	 39.0 	 48.0 	 0.10344827586206896 
143.0 	 201 	 547 	 39.0 	 49.0 	 0.11363636363636363 
144.0 	 203 	 548 	 39.0 	 49.0 	 0.11363636363636363 
145.0 	 206 	 548 	 39.0 	 48.0 	 0.10344827586206896 
146.0 	 208 	 548 	 39.0 	 48.0 	 0.10344827586206896 
147.0 	 210 	 548 	 39.0 	 49.0 	 0.11363636363636363 
148.0 	 212 	 548 	 39.0 	 48.0 	 0.10344827586206896 
149.0 	 215 	 548 	 39.0 	 48.0 	 0.10344827586206896 
150.0 	 217 	 548 	 40.0 	 50.0 	 0.1111111111111111 
151.0 	 219 	 548 	 39.0 	 49.0 	 0.11363636363636363 
152.0 	 221 	 548 	 39.0 	 49.0 	 0.11363636363636363 
153.0 	 223 	 548 	 39.0 	 49.0 	 0.11363636363636363 
154.0 	 226 	 548 	 39.0 	 48.0 	 0.10344827586206896 
155.0 	 228 	 548 	 39.0 	 48.0 	 0.10344827586206896 
156.0 	 230 	 548 	 39.0 	 49.0 	 0.11363636363636363 
157.0 	 232 	 548 	 39.0 	 49.0 	 0.11363636363636363 
158.0 	 235 	 548 	 39.0 	 48.0 	 0.10344827586206896 
159.0 	 237 	 548 	 39.0 	 50.0 	 0.12359550561797752 
160.0 	 239 	 547 	 39.0 	 49.0 	 0.11363636363636363 
161.0 	 241 	 548 	 39.0 	 48.0 	 0.10344827586206896 
162.0 	 243 	 548 	 40.0 	 49.0 	 0.10112359550561797 
163.0 	 245 	 548 	 40.0 	 49.0 	 0.10112359550561797 
164.0 	 248 	 547 	 39.0 	 48.0 	 0.10344827586206896 
165.0 	 250 	 548 	 40.0 	 49.0 	 0.10112359550561797 
166.0 	 252 	 548 	 40.0 	 50.0 	 0.1111111111111111 
167.0 	 255 	 548 	 40.0 	 48.0 	 0.09090909090909091 
168.0 	 257 	 548 	 40.0 	 50.0 	 0.1111111111111111 
169.0 	 259 	 548 	 40.0 	 50.0 	 0.1111111111111111 
170.0 	 262 	 548 	 39.0 	 50.0 	 0.12359550561797752 
171.0 	 263 	 548 	 39.0 	 50.0 	 0.12359550561797752 
172.0 	 266 	 548 	 39.0 	 51.0 	 0.13333333333333333 
173.0 	 268 	 548 	 38.0 	 49.0 	 0.12643678160919541 
174.0 	 270 	 548 	 38.0 	 50.0 	 0.13636363636363635 
175.0 	 272 	 548 	 39.0 	 50.0 	 0.12359550561797752 
176.0 	 275 	 548 	 39.0 	 48.0 	 0.10344827586206896 
177.0 	 277 	 548 	 39.0 	 49.0 	 0.11363636363636363 
178.0 	 279 	 548 	 39.0 	 51.0 	 0.13333333333333333 
179.0 	 281 	 548 	 38.0 	 49.0 	 0.12643678160919541 
180.0 	 284 	 548 	 38.0 	 50.0 	 0.13636363636363635 
181.0 	 286 	 548 	 38.0 	 51.0 	 0.14606741573033707 
182.0 	 288 	 548 	 38.0 	 50.0 	 0.13636363636363635 
183.0 	 291 	 548 	 38.0 	 49.0 	 0.12643678160919541 
184.0 	 293 	 548 	 38.0 	 51.0 	 0.14606741573033707 
185.0 	 295 	 548 	 38.0 	 49.0 	 0.12643678160919541 
186.0 	 298 	 548 	 38.0 	 48.0 	 0.11627906976744186 
187.0 	 300 	 548 	 38.0 	 50.0 	 0.13636363636363635 
188.0 	 302 	 548 	 38.0 	 50.0 	 0.13636363636363635 
189.0 	 305 	 548 	 38.0 	 50.0 	 0.13636363636363635 
190.0 	 307 	 548 	 38.0 	 51.0 	 0.14606741573033707 
191.0 	 309 	 548 	 38.0 	 51.0 	 0.14606741573033707 
192.0 	 312 	 548 	 38.0 	 49.0 	 0.12643678160919541 
193.0 	 314 	 548 	 38.0 	 50.0 	 0.13636363636363635 
194.0 	 317 	 548 	 38.0 	 50.0 	 0.13636363636363635 
195.0 	 319 	 548 	 38.0 	 48.0 	 0.11627906976744186 
196.0 	 321 	 548 	 38.0 	 50.0 	 0.13636363636363635 
197.0 	 323 	 548 	 38.0 	 51.0 	 0.14606741573033707 
198.0 	 325 	 548 	 39.0 	 49.0 	 0.11363636363636363 
199.0 	 327 	 548 	 39.0 	 51.0 	 0.13333333333333333 
200.0 	 329 	 548 	 39.0 	 52.0 	 0.14285714285714285 
201.0 	 332 	 547 	 39.0 	 49.0 	 0.11363636363636363 
202.0 	 334 	 547 	 39.0 	 50.0 	 0.12359550561797752 
203.0 	 337 	 548 	 39.0 	 52.0 	 0.14285714285714285 
204.0 	 339 	 548 	 39.031375885009766 	 49.74424743652344 	 0.12067357176094513 
205.0 	 342 	 548 	 37.0 	 49.0 	 0.13953488372093023 
206.0 	 344 	 548 	 39.0 	 50.0 	 0.12359550561797752 
207.0 	 346 	 547 	 48.0 	 38.0 	 0.11627906976744186 
208.0 	 348 	 548 	 37.0 	 48.0 	 0.12941176470588237 
209.0 	 350 	 548 	 39.0 	 50.0 	 0.12359550561797752 
210.0 	 353 	 548 	 37.0 	 50.0 	 0.14942528735632185 
211.0 	 355 	 547 	 37.0 	 48.0 	 0.12941176470588237 
212.0 	 357 	 548 	 37.0 	 51.0 	 0.1590909090909091 
213.0 	 360 	 548 	 37.0 	 51.0 	 0.1590909090909091 
214.0 	 362 	 548 	 37.0 	 49.0 	 0.13953488372093023 
215.0 	 364 	 548 	 38.0 	 50.0 	 0.13636363636363635 
216.0 	 366 	 548 	 38.0 	 51.0 	 0.14606741573033707 
217.0 	 369 	 548 	 38.0 	 50.0 	 0.13636363636363635 
218.0 	 371 	 548 	 38.0 	 52.0 	 0.15555555555555556 
219.0 	 373 	 548 	 38.0 	 52.0 	 0.15555555555555556 
220.0 	 375 	 548 	 37.0 	 51.0 	 0.1590909090909091 
221.0 	 378 	 548 	 38.0 	 52.0 	 0.15555555555555556 
222.0 	 380 	 548 	 38.0 	 52.0 	 0.15555555555555556 
223.0 	 382 	 548 	 38.0 	 50.0 	 0.13636363636363635 
224.0 	 384 	 548 	 38.0 	 51.0 	 0.14606741573033707 
225.0 	 386 	 548 	 38.0 	 52.0 	 0.15555555555555556 
226.0 	 389 	 548 	 38.0 	 50.0 	 0.13636363636363635 
227.0 	 391 	 548 	 38.0 	 50.0 	 0.13636363636363635 
228.0 	 393 	 548 	 38.0 	 51.0 	 0.14606741573033707 
229.0 	 396 	 548 	 38.0 	 50.0 	 0.13636363636363635 
230.0 	 398 	 548 	 38.0 	 50.0 	 0.13636363636363635 
231.0 	 400 	 548 	 38.0 	 52.0 	 0.15555555555555556 
232.0 	 402 	 548 	 39.0 	 51.0 	 0.13333333333333333 
233.0 	 404 	 548 	 38.0 	 49.0 	 0.12643678160919541 
234.0 	 407 	 548 	 39.0 	 51.0 	 0.13333333333333333 
235.0 	 409 	 548 	 39.0 	 51.0 	 0.13333333333333333 
236.0 	 411 	 548 	 39.0 	 50.0 	 0.12359550561797752 
237.0 	 413 	 548 	 39.0 	 52.0 	 0.14285714285714285 
238.0 	 416 	 548 	 39.0 	 52.0 	 0.14285714285714285 
239.0 	 418 	 548 	 38.0 	 49.0 	 0.12643678160919541 
240.0 	 420 	 548 	 38.0 	 51.0 	 0.14606741573033707 
241.0 	 422 	 548 	 38.0 	 51.0 	 0.14606741573033707 
242.0 	 424 	 548 	 37.0 	 50.0 	 0.14942528735632185 
243.0 	 426 	 548 	 37.0 	 51.0 	 0.1590909090909091 
244.0 	 429 	 548 	 36.0 	 51.0 	 0.1724137931034483 
245.0 	 431 	 548 	 37.0 	 49.0 	 0.13953488372093023 
246.0 	 433 	 548 	 38.0 	 51.0 	 0.14606741573033707 
247.0 	 435 	 548 	 38.0 	 51.0 	 0.14606741573033707 
248.0 	 437 	 548 	 38.0 	 49.0 	 0.12643678160919541 
249.0 	 439 	 548 	 38.0 	 49.0 	 0.12643678160919541 
250.0 	 441 	 548 	 38.0 	 51.0 	 0.14606741573033707 
251.0 	 443 	 548 	 38.0 	 49.0 	 0.12643678160919541 
252.0 	 445 	 548 	 38.0 	 49.0 	 0.12643678160919541 
253.0 	 447 	 548 	 38.0 	 50.0 	 0.13636363636363635 
254.0 	 449 	 548 	 38.0 	 48.0 	 0.11627906976744186 
255.0 	 451 	 548 	 38.0 	 47.0 	 0.10588235294117647 
256.0 	 453 	 548 	 38.0 	 49.0 	 0.12643678160919541 
257.0 	 456 	 548 	 38.0 	 48.0 	 0.11627906976744186 
258.0 	 458 	 548 	 38.0 	 48.0 	 0.11627906976744186 
259.0 	 460 	 548 	 38.0 	 50.0 	 0.13636363636363635 
260.0 	 462 	 548 	 36.0 	 50.0 	 0.16279069767441862 
261.0 	 464 	 548 	 36.0 	 48.0 	 0.14285714285714285 
262.0 	 466 	 548 	 36.0 	 49.0 	 0.15294117647058825 
263.0 	 468 	 548 	 36.0 	 49.0 	 0.15294117647058825 
264.0 	 470 	 547 	 35.0 	 48.0 	 0.1566265060240964 
265.0 	 473 	 548 	 34.0 	 49.0 	 0.18072289156626506 
266.0 	 476 	 548 	 34.0 	 49.0 	 0.18072289156626506 
267.0 	 478 	 547 	 35.0 	 48.0 	 0.1566265060240964 
268.0 	 480 	 548 	 35.0 	 49.0 	 0.16666666666666666 
269.0 	 482 	 548 	 34.0 	 50.0 	 0.19047619047619047 
270.0 	 485 	 548 	 34.0 	 48.0 	 0.17073170731707318 
271.0 	 486 	 548 	 34.0 	 49.0 	 0.18072289156626506 
272.0 	 488 	 548 	 34.0 	 49.0 	 0.18072289156626506 
273.0 	 491 	 548 	 34.0 	 47.0 	 0.16049382716049382 
274.0 	 493 	 548 	 35.0 	 49.0 	 0.16666666666666666 
275.0 	 496 	 548 	 35.0 	 50.0 	 0.17647058823529413 
276.0 	 499 	 547 	 35.0 	 50.0 	 0.17647058823529413 
277.0 	 501 	 547 	 34.0 	 49.0 	 0.18072289156626506 
278.0 	 503 	 547 	 35.0 	 50.0 	 0.17647058823529413 
279.0 	 505 	 547 	 35.0 	 49.0 	 0.16666666666666666 
280.0 	 508 	 547 	 35.0 	 49.0 	 0.16666666666666666 
281.0 	 509 	 547 	 35.0 	 50.0 	 0.17647058823529413 
282.0 	 512 	 548 	 35.0 	 49.0 	 0.16666666666666666 
283.0 	 514 	 547 	 35.0 	 50.0 	 0.17647058823529413 
284.0 	 516 	 547 	 36.0 	 49.0 	 0.15294117647058825 
285.0 	 519 	 547 	 36.0 	 49.0 	 0.15294117647058825 
286.0 	 520 	 547 	 36.0 	 49.0 	 0.15294117647058825 
287.0 	 523 	 547 	 36.0 	 50.0 	 0.16279069767441862 
288.0 	 525 	 547 	 36.0 	 48.0 	 0.14285714285714285 
289.0 	 527 	 547 	 35.852149963378906 	 48.165016174316406 	 0.1465517914607832 
290.0 	 529 	 547 	 36.0 	 48.0 	 0.14285714285714285 
291.0 	 531 	 547 	 35.0 	 47.0 	 0.14634146341463414 
292.0 	 533 	 547 	 36.0 	 46.0 	 0.12195121951219512 
293.0 	 535 	 547 	 36.0 	 48.0 	 0.14285714285714285 
294.0 	 537 	 547 	 36.0 	 48.0 	 0.14285714285714285 
295.0 	 540 	 547 	 36.0 	 47.0 	 0.13253012048192772 
296.0 	 542 	 547 	 36.0 	 49.0 	 0.15294117647058825 
297.0 	 544 	 547 	 36.0 	 49.0 	 0.15294117647058825 
298.0 	 547 	 547 	 36.0 	 49.0 	 0.15294117647058825 
299.0 	 549 	 547 	 51.94094467163086 	 35.920841217041016 	 0.18233300510063197 
300.0 	 551 	 548 	 36.0 	 51.0 	 0.1724137931034483 
301.0 	 554 	 547 	 35.0 	 51.0 	 0.18604651162790697 
302.0 	 556 	 548 	 36.0 	 52.0 	 0.18181818181818182 
303.0 	 558 	 548 	 36.0 	 51.0 	 0.1724137931034483 
304.0 	 560 	 548 	 36.0 	 50.0 	 0.16279069767441862 
305.0 	 562 	 548 	 37.0 	 51.0 	 0.1590909090909091 
306.0 	 565 	 548 	 36.0 	 52.0 	 0.18181818181818182 
307.0 	 567 	 548 	 37.0 	 50.0 	 0.14942528735632185 
308.0 	 569 	 548 	 36.0 	 52.0 	 0.18181818181818182 
309.0 	 571 	 548 	 37.0 	 52.0 	 0.16853932584269662 
310.0 	 574 	 548 	 37.0 	 51.0 	 0.1590909090909091 
311.0 	 576 	 548 	 37.0 	 51.0 	 0.1590909090909091 
312.0 	 578 	 548 	 37.0 	 52.0 	 0.16853932584269662 
313.0 	 581 	 548 	 36.0 	 50.0 	 0.16279069767441862 
314.0 	 583 	 548 	 36.0 	 51.0 	 0.1724137931034483 
315.0 	 585 	 548 	 36.0 	 51.0 	 0.1724137931034483 
316.0 	 587 	 548 	 37.0 	 50.0 	 0.14942528735632185 
317.0 	 589 	 548 	 37.0 	 50.0 	 0.14942528735632185 
318.0 	 591 	 548 	 37.0 	 52.0 	 0.16853932584269662 
319.0 	 594 	 548 	 37.0 	 51.0 	 0.1590909090909091 
320.0 	 596 	 548 	 37.0 	 51.0 	 0.1590909090909091 
321.0 	 598 	 548 	 52.0 	 38.0 	 0.15555555555555556 
322.0 	 600 	 548 	 36.0 	 50.0 	 0.16279069767441862 
323.0 	 603 	 548 	 37.0 	 50.0 	 0.14942528735632185 
324.0 	 605 	 548 	 38.0 	 51.0 	 0.14606741573033707 
325.0 	 607 	 548 	 36.0 	 52.0 	 0.18181818181818182 
326.0 	 610 	 548 	 37.0 	 51.0 	 0.1590909090909091 
327.0 	 612 	 548 	 37.0 	 52.0 	 0.16853932584269662 
328.0 	 614 	 548 	 37.0 	 52.0 	 0.16853932584269662 
329.0 	 617 	 548 	 37.0 	 52.0 	 0.16853932584269662 
330.0 	 619 	 548 	 38.0 	 53.0 	 0.16483516483516483 
331.0 	 621 	 548 	 38.0 	 53.0 	 0.16483516483516483 
332.0 	 623 	 548 	 51.0 	 38.0 	 0.14606741573033707 
333.0 	 625 	 548 	 52.0 	 38.0 	 0.15555555555555556 
334.0 	 627 	 548 	 37.0 	 53.0 	 0.17777777777777778 
335.0 	 630 	 548 	 37.0 	 52.0 	 0.16853932584269662 
336.0 	 632 	 548 	 37.0 	 52.0 	 0.16853932584269662 
337.0 	 634 	 548 	 37.951786041259766 	 52.73387908935547 	 0.16300363488325245 
338.0 	 637 	 548 	 38.0 	 51.0 	 0.14606741573033707 
339.0 	 639 	 548 	 38.0 	 52.0 	 0.15555555555555556 
340.0 	 641 	 548 	 38.0 	 53.0 	 0.16483516483516483 
341.0 	 643 	 548 	 38.0 	 52.0 	 0.15555555555555556 
342.0 	 645 	 548 	 38.0 	 52.0 	 0.15555555555555556 
343.0 	 647 	 548 	 38.0 	 54.0 	 0.17391304347826086 
344.0 	 650 	 548 	 38.0 	 52.0 	 0.15555555555555556 
345.0 	 652 	 548 	 38.0 	 53.0 	 0.16483516483516483 
346.0 	 654 	 548 	 38.0 	 53.0 	 0.16483516483516483 
347.0 	 656 	 548 	 38.0 	 52.0 	 0.15555555555555556 
348.0 	 659 	 548 	 38.0 	 52.0 	 0.15555555555555556 
349.0 	 660 	 548 	 38.0 	 53.0 	 0.16483516483516483 
350.0 	 662 	 548 	 38.0 	 52.0 	 0.15555555555555556 
351.0 	 665 	 548 	 38.0 	 50.0 	 0.13636363636363635 
352.0 	 666 	 548 	 38.0 	 52.0 	 0.15555555555555556 
353.0 	 669 	 548 	 38.0 	 52.0 	 0.15555555555555556 
354.0 	 671 	 548 	 38.0 	 52.0 	 0.15555555555555556 
355.0 	 673 	 548 	 38.0 	 53.0 	 0.16483516483516483 
356.0 	 676 	 548 	 38.0 	 54.0 	 0.17391304347826086 
357.0 	 678 	 548 	 37.0 	 52.0 	 0.16853932584269662 
358.0 	 680 	 548 	 37.0 	 53.0 	 0.17777777777777778 
359.0 	 682 	 548 	 54.0 	 38.0 	 0.17391304347826086 
360.0 	 684 	 548 	 38.0 	 52.0 	 0.15555555555555556 
361.0 	 686 	 548 	 38.0 	 52.0 	 0.15555555555555556 
362.0 	 689 	 548 	 38.0 	 53.0 	 0.16483516483516483 
363.0 	 691 	 548 	 38.0 	 52.0 	 0.15555555555555556 
364.0 	 694 	 548 	 38.0 	 53.0 	 0.16483516483516483 
365.0 	 696 	 548 	 38.0 	 53.0 	 0.16483516483516483 
366.0 	 698 	 548 	 38.0 	 53.0 	 0.16483516483516483 
367.0 	 701 	 548 	 38.0 	 53.0 	 0.16483516483516483 
368.0 	 703 	 548 	 38.0 	 53.0 	 0.16483516483516483 
369.0 	 705 	 548 	 38.0 	 53.0 	 0.16483516483516483 
370.0 	 707 	 548 	 38.0 	 52.0 	 0.15555555555555556 
371.0 	 710 	 548 	 37.0 	 53.0 	 0.17777777777777778 
372.0 	 712 	 548 	 52.010345458984375 	 37.76093673706055 	 0.15873014591465442 
373.0 	 714 	 548 	 37.0 	 52.0 	 0.16853932584269662 
374.0 	 717 	 548 	 37.0 	 53.0 	 0.17777777777777778 
375.0 	 719 	 548 	 37.0 	 52.0 	 0.16853932584269662 
376.0 	 722 	 548 	 37.0 	 52.0 	 0.16853932584269662 
377.0 	 724 	 548 	 37.0 	 52.0 	 0.16853932584269662 
378.0 	 726 	 548 	 37.0 	 52.0 	 0.16853932584269662 
379.0 	 729 	 548 	 37.0 	 52.0 	 0.16853932584269662 
380.0 	 731 	 548 	 37.0 	 53.0 	 0.17777777777777778 
381.0 	 733 	 548 	 37.0 	 53.0 	 0.17777777777777778 
382.0 	 736 	 548 	 37.0 	 52.0 	 0.16853932584269662 
383.0 	 738 	 548 	 37.0 	 53.0 	 0.17777777777777778 
384.0 	 740 	 548 	 37.0 	 53.0 	 0.17777777777777778 
385.0 	 742 	 548 	 36.0 	 52.0 	 0.18181818181818182 
386.0 	 745 	 548 	 36.0 	 52.0 	 0.18181818181818182 
387.0 	 747 	 548 	 36.0 	 53.0 	 0.19101123595505617 
388.0 	 749 	 548 	 36.0 	 52.0 	 0.18181818181818182 
389.0 	 752 	 548 	 36.0 	 53.0 	 0.19101123595505617 
390.0 	 754 	 548 	 36.0 	 53.0 	 0.19101123595505617 
391.0 	 757 	 548 	 36.0 	 53.0 	 0.19101123595505617 
392.0 	 759 	 548 	 36.0 	 53.0 	 0.19101123595505617 
393.0 	 761 	 548 	 36.0 	 53.0 	 0.19101123595505617 
394.0 	 764 	 548 	 36.0 	 52.0 	 0.18181818181818182 
395.0 	 766 	 548 	 36.0 	 53.0 	 0.19101123595505617 
396.0 	 768 	 548 	 36.0 	 53.0 	 0.19101123595505617 
397.0 	 770 	 548 	 36.0 	 53.0 	 0.19101123595505617 
398.0 	 773 	 548 	 36.0 	 53.0 	 0.19101123595505617 
399.0 	 775 	 548 	 36.0 	 53.0 	 0.19101123595505617 
400.0 	 777 	 548 	 36.0 	 54.0 	 0.2 
401.0 	 780 	 548 	 36.0 	 52.0 	 0.18181818181818182 
402.0 	 782 	 548 	 36.0 	 53.0 	 0.19101123595505617 
403.0 	 784 	 548 	 36.0 	 53.0 	 0.19101123595505617 
404.0 	 787 	 548 	 36.0 	 52.0 	 0.18181818181818182 
405.0 	 789 	 548 	 36.0 	 53.0 	 0.19101123595505617 
406.0 	 791 	 548 	 36.0 	 53.0 	 0.19101123595505617 
407.0 	 793 	 548 	 36.0 	 52.0 	 0.18181818181818182 
408.0 	 795 	 548 	 36.0 	 53.0 	 0.19101123595505617 
409.0 	 797 	 549 	 35.0 	 53.0 	 0.20454545454545456 
410.0 	 800 	 548 	 36.0 	 53.0 	 0.19101123595505617 
411.0 	 802 	 548 	 36.0 	 54.0 	 0.2 
412.0 	 804 	 548 	 36.0 	 54.0 	 0.2 
413.0 	 807 	 549 	 36.0 	 53.0 	 0.19101123595505617 
414.0 	 809 	 549 	 36.0 	 54.0 	 0.2 
415.0 	 811 	 548 	 36.0 	 54.0 	 0.2 
416.0 	 814 	 549 	 35.0 	 53.0 	 0.20454545454545456 
417.0 	 816 	 549 	 35.0 	 53.0 	 0.20454545454545456 
418.0 	 818 	 548 	 35.0 	 54.0 	 0.21348314606741572 
419.0 	 821 	 549 	 35.0 	 53.0 	 0.20454545454545456 
420.0 	 823 	 549 	 54.0 	 35.0 	 0.21348314606741572 
421.0 	 825 	 549 	 35.0 	 53.0 	 0.20454545454545456 
422.0 	 828 	 549 	 35.0 	 53.0 	 0.20454545454545456 
423.0 	 830 	 548 	 35.0 	 52.0 	 0.19540229885057472 
424.0 	 832 	 548 	 36.0 	 54.0 	 0.2 
425.0 	 834 	 548 	 36.0 	 53.0 	 0.19101123595505617 
426.0 	 837 	 548 	 36.0 	 53.0 	 0.19101123595505617 
427.0 	 839 	 548 	 36.0 	 54.0 	 0.2 
428.0 	 841 	 548 	 35.0 	 53.0 	 0.20454545454545456 
429.0 	 844 	 548 	 35.0 	 53.0 	 0.20454545454545456 
430.0 	 846 	 548 	 35.0 	 54.0 	 0.21348314606741572 
431.0 	 848 	 548 	 35.0 	 54.0 	 0.21348314606741572 
432.0 	 850 	 548 	 35.0 	 54.0 	 0.21348314606741572 
433.0 	 852 	 548 	 36.0 	 53.0 	 0.19101123595505617 
434.0 	 854 	 548 	 36.0 	 53.0 	 0.19101123595505617 
435.0 	 857 	 548 	 54.18815612792969 	 35.634891510009766 	 0.20655349719044042 
436.0 	 859 	 548 	 36.0 	 54.0 	 0.2 
437.0 	 861 	 548 	 53.0 	 36.0 	 0.19101123595505617 
438.0 	 864 	 548 	 36.0 	 54.0 	 0.2 
439.0 	 866 	 548 	 36.0 	 54.0 	 0.2 
440.0 	 868 	 548 	 36.0 	 54.0 	 0.2 
441.0 	 870 	 548 	 36.0 	 54.0 	 0.2 
442.0 	 872 	 548 	 37.0 	 54.0 	 0.18681318681318682 
443.0 	 874 	 548 	 37.0 	 54.0 	 0.18681318681318682 
444.0 	 877 	 548 	 36.0 	 54.0 	 0.2 
445.0 	 879 	 548 	 36.0 	 54.0 	 0.2 
446.0 	 882 	 548 	 36.0 	 54.0 	 0.2 
447.0 	 884 	 548 	 36.0 	 53.0 	 0.19101123595505617 
448.0 	 887 	 548 	 36.0 	 54.0 	 0.2 
449.0 	 889 	 548 	 37.0 	 54.0 	 0.18681318681318682 
450.0 	 891 	 548 	 37.0 	 54.0 	 0.18681318681318682 
451.0 	 893 	 548 	 37.0 	 54.0 	 0.18681318681318682 
452.0 	 896 	 548 	 37.0 	 54.0 	 0.18681318681318682 
453.0 	 899 	 548 	 37.0 	 54.0 	 0.18681318681318682 
454.0 	 901 	 548 	 37.0 	 54.0 	 0.18681318681318682 
455.0 	 903 	 548 	 37.0 	 54.0 	 0.18681318681318682 
456.0 	 905 	 548 	 36.0 	 54.0 	 0.2 
457.0 	 907 	 548 	 36.0 	 54.0 	 0.2 
458.0 	 910 	 548 	 37.0 	 55.0 	 0.1956521739130435 
459.0 	 912 	 548 	 54.0 	 37.0 	 0.18681318681318682 
460.0 	 914 	 548 	 37.0 	 55.0 	 0.1956521739130435 
461.0 	 917 	 548 	 37.0 	 54.0 	 0.18681318681318682 
462.0 	 920 	 548 	 37.0 	 54.0 	 0.18681318681318682 
463.0 	 922 	 548 	 37.0 	 54.0 	 0.18681318681318682 
464.0 	 924 	 548 	 36.0 	 55.0 	 0.2087912087912088 
465.0 	 926 	 548 	 36.0 	 54.0 	 0.2 
466.0 	 929 	 548 	 36.0 	 55.0 	 0.2087912087912088 
467.0 	 931 	 548 	 36.0 	 55.0 	 0.2087912087912088 
468.0 	 933 	 548 	 36.0 	 54.0 	 0.2 
469.0 	 936 	 548 	 35.0 	 54.0 	 0.21348314606741572 
470.0 	 938 	 548 	 35.0 	 54.0 	 0.21348314606741572 
471.0 	 940 	 548 	 35.0 	 54.0 	 0.21348314606741572 
472.0 	 943 	 548 	 35.0 	 54.0 	 0.21348314606741572 
473.0 	 945 	 548 	 35.0 	 54.0 	 0.21348314606741572 
474.0 	 947 	 548 	 35.0 	 55.0 	 0.2222222222222222 
475.0 	 950 	 548 	 35.0 	 53.0 	 0.20454545454545456 
476.0 	 952 	 548 	 35.0 	 54.0 	 0.21348314606741572 
477.0 	 954 	 548 	 35.0 	 55.0 	 0.2222222222222222 
478.0 	 956 	 548 	 36.0 	 54.0 	 0.2 
479.0 	 959 	 548 	 36.0 	 55.0 	 0.2087912087912088 
480.0 	 961 	 548 	 36.0 	 56.0 	 0.21739130434782608 
481.0 	 963 	 548 	 36.0 	 54.0 	 0.2 
482.0 	 966 	 548 	 35.0 	 55.0 	 0.2222222222222222 
483.0 	 968 	 548 	 36.0 	 55.0 	 0.2087912087912088 
484.0 	 970 	 548 	 36.0 	 54.0 	 0.2 
485.0 	 972 	 548 	 36.0 	 54.0 	 0.2 
486.0 	 974 	 548 	 36.0 	 55.0 	 0.2087912087912088 
487.0 	 977 	 548 	 35.0 	 55.0 	 0.2222222222222222 
488.0 	 979 	 548 	 35.0 	 54.0 	 0.21348314606741572 
489.0 	 981 	 548 	 35.0 	 55.0 	 0.2222222222222222 
490.0 	 984 	 548 	 35.0 	 55.0 	 0.2222222222222222 
491.0 	 986 	 548 	 35.0 	 54.0 	 0.21348314606741572 
492.0 	 988 	 548 	 35.0 	 55.0 	 0.2222222222222222 
493.0 	 990 	 548 	 36.0 	 54.0 	 0.2 
494.0 	 993 	 548 	 54.0 	 35.0 	 0.21348314606741572 
495.0 	 995 	 548 	 36.0 	 55.0 	 0.2087912087912088 
496.0 	 997 	 548 	 36.0 	 56.0 	 0.21739130434782608 
497.0 	 1000 	 548 	 35.0 	 55.0 	 0.2222222222222222 
498.0 	 1002 	 548 	 35.0 	 55.0 	 0.2222222222222222 
499.0 	 1004 	 548 	 35.0 	 56.0 	 0.23076923076923078 
500.0 	 1006 	 548 	 35.0 	 54.0 	 0.21348314606741572 
501.0 	 1009 	 548 	 35.0 	 55.0 	 0.2222222222222222 
502.0 	 1011 	 548 	 36.0 	 55.0 	 0.2087912087912088 
503.0 	 1013 	 548 	 36.0 	 54.0 	 0.2 
504.0 	 1015 	 548 	 35.0 	 55.0 	 0.2222222222222222 
505.0 	 1017 	 548 	 35.0 	 54.0 	 0.21348314606741572 
506.0 	 1019 	 548 	 35.0 	 54.0 	 0.21348314606741572 
507.0 	 1022 	 548 	 35.0 	 55.0 	 0.2222222222222222 
508.0 	 1024 	 548 	 35.0 	 55.0 	 0.2222222222222222 
509.0 	 1026 	 548 	 35.0 	 54.0 	 0.21348314606741572 
510.0 	 1028 	 548 	 35.0 	 54.0 	 0.21348314606741572 
511.0 	 1031 	 548 	 35.0 	 55.0 	 0.2222222222222222 
512.0 	 1033 	 548 	 34.0 	 55.0 	 0.23595505617977527 
513.0 	 1035 	 548 	 35.0 	 55.0 	 0.2222222222222222 
514.0 	 1037 	 548 	 34.0 	 55.0 	 0.23595505617977527 
515.0 	 1039 	 548 	 34.0 	 54.0 	 0.22727272727272727 
516.0 	 1041 	 548 	 35.0 	 54.0 	 0.21348314606741572 
517.0 	 1044 	 548 	 35.0 	 54.0 	 0.21348314606741572 
518.0 	 1046 	 548 	 35.0 	 55.0 	 0.2222222222222222 
519.0 	 1048 	 548 	 35.0 	 54.0 	 0.21348314606741572 
520.0 	 1050 	 548 	 35.0 	 54.0 	 0.21348314606741572 
521.0 	 1052 	 548 	 35.0 	 54.0 	 0.21348314606741572 
522.0 	 1054 	 548 	 35.0 	 53.0 	 0.20454545454545456 
523.0 	 1057 	 548 	 35.0 	 53.0 	 0.20454545454545456 
524.0 	 1059 	 548 	 35.0 	 54.0 	 0.21348314606741572 
525.0 	 1061 	 548 	 35.0 	 54.0 	 0.21348314606741572 
526.0 	 1063 	 548 	 35.0 	 54.0 	 0.21348314606741572 
527.0 	 1065 	 548 	 35.0 	 55.0 	 0.2222222222222222 
528.0 	 1067 	 548 	 35.0 	 53.0 	 0.20454545454545456 
529.0 	 1069 	 548 	 35.0 	 54.0 	 0.21348314606741572 
530.0 	 1072 	 548 	 35.0 	 54.0 	 0.21348314606741572 
531.0 	 1074 	 548 	 35.0 	 53.0 	 0.20454545454545456 
532.0 	 1076 	 548 	 35.0 	 53.0 	 0.20454545454545456 
533.0 	 1078 	 548 	 35.0 	 54.0 	 0.21348314606741572 
534.0 	 1080 	 548 	 35.0 	 54.0 	 0.21348314606741572 
535.0 	 1082 	 548 	 35.0 	 54.0 	 0.21348314606741572 
536.0 	 1085 	 548 	 35.0 	 54.0 	 0.21348314606741572 
537.0 	 1087 	 548 	 35.0 	 55.0 	 0.2222222222222222 
538.0 	 1089 	 548 	 35.0 	 54.0 	 0.21348314606741572 
539.0 	 1091 	 548 	 35.0 	 54.0 	 0.21348314606741572 
540.0 	 1094 	 548 	 35.0 	 55.0 	 0.2222222222222222 
541.0 	 1095 	 548 	 35.0 	 55.0 	 0.2222222222222222 
542.0 	 1097 	 548 	 35.0 	 55.0 	 0.2222222222222222 
543.0 	 1100 	 548 	 35.0 	 55.0 	 0.2222222222222222 
544.0 	 1102 	 548 	 35.0 	 54.0 	 0.21348314606741572 
545.0 	 1104 	 548 	 35.0 	 53.0 	 0.20454545454545456 
546.0 	 1106 	 548 	 35.0 	 54.0 	 0.21348314606741572 
547.0 	 1109 	 548 	 35.0 	 54.0 	 0.21348314606741572 
548.0 	 1111 	 548 	 35.0 	 54.0 	 0.21348314606741572 
549.0 	 1113 	 549 	 35.0 	 56.0 	 0.23076923076923078 
550.0 	 1115 	 549 	 35.0 	 54.0 	 0.21348314606741572 
551.0 	 1117 	 549 	 35.0 	 54.0 	 0.21348314606741572 
552.0 	 1119 	 548 	 35.0 	 54.0 	 0.21348314606741572 
553.0 	 1121 	 549 	 35.0 	 54.0 	 0.21348314606741572 
554.0 	 1123 	 549 	 35.0 	 54.0 	 0.21348314606741572 
555.0 	 1125 	 549 	 35.0 	 55.0 	 0.2222222222222222 
556.0 	 1128 	 549 	 35.0 	 53.0 	 0.20454545454545456 
557.0 	 1130 	 549 	 35.0 	 54.0 	 0.21348314606741572 
558.0 	 1132 	 549 	 35.0 	 54.0 	 0.21348314606741572 
559.0 	 1134 	 549 	 35.0 	 55.0 	 0.2222222222222222 
560.0 	 1136 	 549 	 35.0 	 55.0 	 0.2222222222222222 
561.0 	 1138 	 549 	 35.0 	 54.0 	 0.21348314606741572 
562.0 	 1141 	 549 	 35.0 	 54.0 	 0.21348314606741572 
563.0 	 1142 	 549 	 35.0 	 54.0 	 0.21348314606741572 
564.0 	 1144 	 549 	 35.0 	 54.0 	 0.21348314606741572 
565.0 	 1147 	 549 	 35.0 	 54.0 	 0.21348314606741572 
566.0 	 1150 	 549 	 35.0 	 54.0 	 0.21348314606741572 
567.0 	 1152 	 549 	 35.0 	 54.0 	 0.21348314606741572 
568.0 	 1154 	 549 	 35.0 	 55.0 	 0.2222222222222222 
569.0 	 1157 	 549 	 35.0 	 54.0 	 0.21348314606741572 
570.0 	 1159 	 549 	 35.0 	 54.0 	 0.21348314606741572 
571.0 	 1161 	 549 	 34.0 	 55.0 	 0.23595505617977527 
572.0 	 1163 	 549 	 34.0 	 55.0 	 0.23595505617977527 
573.0 	 1166 	 549 	 34.0 	 55.0 	 0.23595505617977527 
574.0 	 1168 	 549 	 33.92447280883789 	 54.86121368408203 	 0.23581211907297364 
575.0 	 1171 	 549 	 34.0 	 55.0 	 0.23595505617977527 
576.0 	 1173 	 549 	 34.0 	 55.0 	 0.23595505617977527 
577.0 	 1175 	 549 	 34.0 	 55.0 	 0.23595505617977527 
578.0 	 1177 	 549 	 34.0 	 54.0 	 0.22727272727272727 
579.0 	 1180 	 549 	 34.0 	 55.0 	 0.23595505617977527 
580.0 	 1181 	 549 	 34.0 	 55.0 	 0.23595505617977527 
581.0 	 1184 	 549 	 34.0 	 55.0 	 0.23595505617977527 
582.0 	 1186 	 549 	 34.0 	 56.0 	 0.24444444444444444 
583.0 	 1188 	 549 	 35.0 	 54.0 	 0.21348314606741572 
584.0 	 1190 	 549 	 35.0 	 55.0 	 0.2222222222222222 
585.0 	 1192 	 549 	 35.0 	 55.0 	 0.2222222222222222 
586.0 	 1195 	 549 	 35.0 	 54.0 	 0.21348314606741572 
587.0 	 1197 	 549 	 35.0 	 54.0 	 0.21348314606741572 
588.0 	 1199 	 549 	 34.0 	 55.0 	 0.23595505617977527 
589.0 	 1201 	 549 	 34.0 	 54.0 	 0.22727272727272727 
590.0 	 1203 	 549 	 34.0 	 54.0 	 0.22727272727272727 
591.0 	 1206 	 549 	 34.0 	 55.0 	 0.23595505617977527 
592.0 	 1208 	 549 	 34.0 	 55.0 	 0.23595505617977527 
593.0 	 1210 	 549 	 34.0 	 54.0 	 0.22727272727272727 
594.0 	 1212 	 549 	 34.0 	 55.0 	 0.23595505617977527 
595.0 	 1214 	 549 	 34.0 	 55.0 	 0.23595505617977527 
596.0 	 1216 	 549 	 34.0 	 53.0 	 0.21839080459770116 
597.0 	 1219 	 549 	 34.0 	 54.0 	 0.22727272727272727 
598.0 	 1221 	 549 	 34.0 	 54.0 	 0.22727272727272727 
599.0 	 1223 	 549 	 52.86531066894531 	 34.05609130859375 	 0.21639341902483306 
600.0 	 1225 	 549 	 34.0 	 53.0 	 0.21839080459770116 
601.0 	 1227 	 549 	 35.0 	 54.0 	 0.21348314606741572 
602.0 	 1230 	 549 	 35.0 	 53.0 	 0.20454545454545456 
603.0 	 1232 	 549 	 35.0 	 54.0 	 0.21348314606741572 
604.0 	 1234 	 549 	 34.0 	 54.0 	 0.22727272727272727 
605.0 	 1236 	 549 	 34.0 	 53.0 	 0.21839080459770116 
606.0 	 1238 	 549 	 34.0 	 53.0 	 0.21839080459770116 
607.0 	 1240 	 549 	 34.0 	 55.0 	 0.23595505617977527 
608.0 	 1243 	 548 	 33.0 	 54.0 	 0.2413793103448276 
609.0 	 1245 	 549 	 33.0 	 54.0 	 0.2413793103448276 
610.0 	 1248 	 549 	 35.0 	 56.0 	 0.23076923076923078 
611.0 	 1250 	 549 	 35.0 	 56.0 	 0.23076923076923078 
612.0 	 1252 	 548 	 34.0 	 54.0 	 0.22727272727272727 
613.0 	 1254 	 549 	 35.0 	 54.0 	 0.21348314606741572 
614.0 	 1256 	 549 	 35.0 	 54.0 	 0.21348314606741572 
615.0 	 1258 	 549 	 34.0 	 53.0 	 0.21839080459770116 
616.0 	 1261 	 549 	 35.0 	 55.0 	 0.2222222222222222 
617.0 	 1263 	 549 	 35.0 	 56.0 	 0.23076923076923078 
618.0 	 1265 	 549 	 35.17449188232422 	 53.55448532104492 	 0.2071475860314864 
619.0 	 1267 	 549 	 35.0 	 54.0 	 0.21348314606741572 
620.0 	 1270 	 549 	 35.0 	 55.0 	 0.2222222222222222 
621.0 	 1272 	 548 	 33.0 	 53.0 	 0.23255813953488372 
622.0 	 1274 	 548 	 34.0 	 53.0 	 0.21839080459770116 
623.0 	 1276 	 548 	 35.0 	 55.0 	 0.2222222222222222 
624.0 	 1278 	 548 	 34.0 	 54.0 	 0.22727272727272727 
625.0 	 1281 	 549 	 54.0 	 34.0 	 0.22727272727272727 
626.0 	 1282 	 549 	 35.0 	 54.0 	 0.21348314606741572 
627.0 	 1285 	 549 	 35.0 	 53.0 	 0.20454545454545456 
628.0 	 1287 	 548 	 34.0 	 53.0 	 0.21839080459770116 
629.0 	 1289 	 549 	 35.0 	 55.0 	 0.2222222222222222 
630.0 	 1292 	 549 	 35.0 	 54.0 	 0.21348314606741572 
631.0 	 1294 	 549 	 33.0 	 53.0 	 0.23255813953488372 
632.0 	 1296 	 549 	 56.0 	 35.0 	 0.23076923076923078 
633.0 	 1298 	 549 	 34.0 	 56.0 	 0.24444444444444444 
634.0 	 1301 	 549 	 54.41608810424805 	 34.55781936645508 	 0.22319204924580613 
635.0 	 1303 	 549 	 34.0 	 55.0 	 0.23595505617977527 
636.0 	 1305 	 549 	 34.0 	 56.0 	 0.24444444444444444 
637.0 	 1308 	 549 	 34.0 	 53.0 	 0.21839080459770116 
638.0 	 1310 	 549 	 35.0 	 54.0 	 0.21348314606741572 
639.0 	 1312 	 549 	 34.0 	 55.0 	 0.23595505617977527 
640.0 	 1314 	 549 	 34.0 	 53.0 	 0.21839080459770116 
641.0 	 1316 	 549 	 34.0 	 54.0 	 0.22727272727272727 
642.0 	 1318 	 549 	 34.0 	 56.0 	 0.24444444444444444 
643.0 	 1320 	 549 	 35.0 	 54.0 	 0.21348314606741572 
644.0 	 1323 	 549 	 35.0 	 55.0 	 0.2222222222222222 
645.0 	 1325 	 549 	 35.0 	 55.0 	 0.2222222222222222 
646.0 	 1327 	 549 	 35.0 	 54.0 	 0.21348314606741572 
647.0 	 1329 	 549 	 54.0 	 35.0 	 0.21348314606741572 
648.0 	 1331 	 549 	 35.0 	 55.0 	 0.2222222222222222 
649.0 	 1333 	 549 	 34.0 	 55.0 	 0.23595505617977527 
650.0 	 1336 	 549 	 33.0 	 54.0 	 0.2413793103448276 
651.0 	 1338 	 548 	 35.0 	 55.0 	 0.2222222222222222 
652.0 	 1340 	 549 	 35.0 	 55.0 	 0.2222222222222222 
653.0 	 1342 	 548 	 34.0 	 54.0 	 0.22727272727272727 
654.0 	 1344 	 549 	 35.0 	 55.0 	 0.2222222222222222 
655.0 	 1347 	 549 	 35.0 	 56.0 	 0.23076923076923078 
656.0 	 1349 	 549 	 33.0 	 55.0 	 0.25 
657.0 	 1351 	 549 	 55.0 	 35.0 	 0.2222222222222222 
658.0 	 1353 	 549 	 34.0 	 56.0 	 0.24444444444444444 
659.0 	 1355 	 549 	 34.0 	 54.0 	 0.22727272727272727 
660.0 	 1358 	 549 	 34.0 	 55.0 	 0.23595505617977527 
661.0 	 1360 	 549 	 34.0 	 53.0 	 0.21839080459770116 
662.0 	 1362 	 549 	 34.0 	 52.0 	 0.20930232558139536 
663.0 	 1365 	 549 	 34.0 	 53.0 	 0.21839080459770116 
664.0 	 1366 	 549 	 34.0 	 55.0 	 0.23595505617977527 
665.0 	 1369 	 549 	 34.0 	 53.0 	 0.21839080459770116 
666.0 	 1371 	 549 	 34.0 	 54.0 	 0.22727272727272727 
667.0 	 1373 	 549 	 35.0 	 55.0 	 0.2222222222222222 
668.0 	 1376 	 549 	 34.0 	 53.0 	 0.21839080459770116 
669.0 	 1378 	 549 	 34.0 	 52.0 	 0.20930232558139536 
670.0 	 1380 	 549 	 34.0 	 54.0 	 0.22727272727272727 
671.0 	 1383 	 549 	 34.0 	 55.0 	 0.23595505617977527 
672.0 	 1385 	 549 	 34.0 	 53.0 	 0.21839080459770116 
673.0 	 1387 	 549 	 34.0 	 54.0 	 0.22727272727272727 
674.0 	 1390 	 549 	 34.0 	 55.0 	 0.23595505617977527 
675.0 	 1392 	 549 	 34.0 	 53.0 	 0.21839080459770116 
676.0 	 1394 	 549 	 33.0 	 54.0 	 0.2413793103448276 
677.0 	 1397 	 549 	 34.0 	 54.0 	 0.22727272727272727 
678.0 	 1399 	 549 	 33.0 	 53.0 	 0.23255813953488372 
679.0 	 1401 	 548 	 33.0 	 53.0 	 0.23255813953488372 
680.0 	 1403 	 549 	 34.0 	 54.0 	 0.22727272727272727 
681.0 	 1406 	 549 	 33.0 	 54.0 	 0.2413793103448276 
682.0 	 1408 	 549 	 33.0 	 54.0 	 0.2413793103448276 
683.0 	 1411 	 549 	 34.0 	 55.0 	 0.23595505617977527 
684.0 	 1413 	 549 	 33.0 	 53.0 	 0.23255813953488372 
685.0 	 1415 	 549 	 33.0 	 53.0 	 0.23255813953488372 
686.0 	 1417 	 549 	 34.0 	 54.0 	 0.22727272727272727 
687.0 	 1420 	 549 	 34.0 	 60.0 	 0.2765957446808511 
688.0 	 1423 	 549 	 34.0 	 58.0 	 0.2608695652173913 
689.0 	 1425 	 549 	 34.0 	 58.0 	 0.2608695652173913 
690.0 	 1427 	 549 	 33.96791076660156 	 56.85932540893555 	 0.2520324916426272 
691.0 	 1430 	 549 	 33.0 	 55.0 	 0.25 
692.0 	 1432 	 549 	 34.0 	 56.0 	 0.24444444444444444 
693.0 	 1435 	 549 	 34.0 	 55.0 	 0.23595505617977527 
694.0 	 1436 	 549 	 34.0 	 55.0 	 0.23595505617977527 
695.0 	 1439 	 549 	 34.0 	 55.0 	 0.23595505617977527 
696.0 	 1441 	 549 	 34.0 	 54.0 	 0.22727272727272727 
697.0 	 1443 	 549 	 34.0 	 53.0 	 0.21839080459770116 
698.0 	 1446 	 549 	 34.0 	 54.0 	 0.22727272727272727 
699.0 	 1448 	 549 	 34.0 	 54.0 	 0.22727272727272727 
700.0 	 1450 	 549 	 34.0 	 53.0 	 0.21839080459770116 
701.0 	 1452 	 549 	 33.0 	 54.0 	 0.2413793103448276 
702.0 	 1455 	 549 	 34.0 	 55.0 	 0.23595505617977527 
703.0 	 1457 	 549 	 34.0 	 54.0 	 0.22727272727272727 
704.0 	 1459 	 549 	 34.0 	 54.0 	 0.22727272727272727 
705.0 	 1461 	 549 	 34.0 	 55.0 	 0.23595505617977527 
706.0 	 1464 	 549 	 34.0 	 55.0 	 0.23595505617977527 
707.0 	 1465 	 549 	 34.0 	 54.0 	 0.22727272727272727 
708.0 	 1467 	 549 	 34.0 	 56.0 	 0.24444444444444444 
709.0 	 1470 	 549 	 34.0 	 56.0 	 0.24444444444444444 
710.0 	 1472 	 549 	 34.0 	 57.0 	 0.25274725274725274 
711.0 	 1476 	 549 	 34.0 	 55.0 	 0.23595505617977527 
712.0 	 1478 	 549 	 34.0 	 54.0 	 0.22727272727272727 
713.0 	 1480 	 549 	 34.0 	 54.0 	 0.22727272727272727 
714.0 	 1482 	 549 	 34.0 	 54.0 	 0.22727272727272727 
715.0 	 1484 	 549 	 35.0 	 55.0 	 0.2222222222222222 
716.0 	 1486 	 549 	 35.0 	 55.0 	 0.2222222222222222 
717.0 	 1488 	 549 	 34.0 	 54.0 	 0.22727272727272727 
718.0 	 1490 	 549 	 35.0 	 55.0 	 0.2222222222222222 
719.0 	 1493 	 549 	 34.0 	 55.0 	 0.23595505617977527 
720.0 	 1495 	 549 	 35.0 	 54.0 	 0.21348314606741572 
721.0 	 1497 	 549 	 35.0 	 54.0 	 0.21348314606741572 
722.0 	 1499 	 549 	 35.0 	 55.0 	 0.2222222222222222 
723.0 	 1501 	 549 	 35.0 	 53.0 	 0.20454545454545456 
724.0 	 1504 	 549 	 54.0 	 35.0 	 0.21348314606741572 
725.0 	 1506 	 549 	 55.0 	 36.0 	 0.2087912087912088 
726.0 	 1508 	 549 	 35.0 	 54.0 	 0.21348314606741572 
727.0 	 1510 	 549 	 35.0 	 53.0 	 0.20454545454545456 
728.0 	 1512 	 549 	 35.0 	 55.0 	 0.2222222222222222 
729.0 	 1515 	 549 	 35.0 	 54.0 	 0.21348314606741572 
730.0 	 1517 	 549 	 34.0 	 53.0 	 0.21839080459770116 
731.0 	 1519 	 549 	 35.0 	 55.0 	 0.2222222222222222 
732.0 	 1522 	 549 	 34.0 	 54.0 	 0.22727272727272727 
733.0 	 1524 	 549 	 34.0 	 54.0 	 0.22727272727272727 
734.0 	 1526 	 550 	 35.0 	 54.0 	 0.21348314606741572 
735.0 	 1528 	 550 	 35.0 	 53.0 	 0.20454545454545456 
736.0 	 1530 	 550 	 34.0 	 53.0 	 0.21839080459770116 
737.0 	 1533 	 550 	 35.0 	 54.0 	 0.21348314606741572 
738.0 	 1535 	 550 	 35.0 	 54.0 	 0.21348314606741572 
739.0 	 1537 	 550 	 35.0 	 52.0 	 0.19540229885057472 
740.0 	 1540 	 550 	 35.0 	 53.0 	 0.20454545454545456 
741.0 	 1542 	 550 	 35.0 	 54.0 	 0.21348314606741572 
742.0 	 1544 	 550 	 35.0 	 53.0 	 0.20454545454545456 
743.0 	 1546 	 550 	 35.0 	 54.0 	 0.21348314606741572 
744.0 	 1548 	 550 	 35.0 	 54.0 	 0.21348314606741572 
745.0 	 1550 	 550 	 34.0 	 52.0 	 0.20930232558139536 
746.0 	 1553 	 550 	 34.0 	 52.0 	 0.20930232558139536 
747.0 	 1555 	 550 	 34.0 	 53.0 	 0.21839080459770116 
748.0 	 1557 	 550 	 34.0 	 52.0 	 0.20930232558139536 
749.0 	 1560 	 550 	 34.0 	 51.0 	 0.2 
750.0 	 1562 	 550 	 35.0 	 53.0 	 0.20454545454545456 
751.0 	 1564 	 550 	 34.0 	 52.0 	 0.20930232558139536 
752.0 	 1567 	 550 	 33.0 	 51.0 	 0.21428571428571427 
753.0 	 1569 	 550 	 34.0 	 53.0 	 0.21839080459770116 
754.0 	 1571 	 550 	 34.0 	 53.0 	 0.21839080459770116 
755.0 	 1573 	 550 	 32.0 	 51.0 	 0.2289156626506024 
756.0 	 1575 	 550 	 34.0 	 52.0 	 0.20930232558139536 
757.0 	 1578 	 550 	 33.0 	 53.0 	 0.23255813953488372 
758.0 	 1580 	 550 	 32.0 	 52.0 	 0.23809523809523808 
759.0 	 1582 	 550 	 33.0 	 53.0 	 0.23255813953488372 
760.0 	 1585 	 550 	 33.0 	 54.0 	 0.2413793103448276 
761.0 	 1587 	 550 	 33.0 	 52.0 	 0.2235294117647059 
762.0 	 1590 	 550 	 33.0 	 52.0 	 0.2235294117647059 
763.0 	 1591 	 550 	 33.0 	 54.0 	 0.2413793103448276 
764.0 	 1594 	 550 	 31.0 	 52.0 	 0.25301204819277107 
765.0 	 1596 	 550 	 32.0 	 51.0 	 0.2289156626506024 
766.0 	 1599 	 550 	 32.0 	 52.0 	 0.23809523809523808 
767.0 	 1601 	 550 	 32.0 	 52.0 	 0.23809523809523808 
768.0 	 1603 	 550 	 51.0 	 31.0 	 0.24390243902439024 
769.0 	 1605 	 550 	 32.0 	 53.0 	 0.24705882352941178 
770.0 	 1607 	 550 	 31.0 	 52.0 	 0.25301204819277107 
771.0 	 1609 	 550 	 30.0 	 50.0 	 0.25 
772.0 	 1611 	 550 	 33.0 	 53.0 	 0.23255813953488372 
773.0 	 1614 	 550 	 32.0 	 52.0 	 0.23809523809523808 
774.0 	 1617 	 550 	 31.0 	 51.0 	 0.24390243902439024 
775.0 	 1619 	 550 	 32.0 	 53.0 	 0.24705882352941178 
776.0 	 1621 	 550 	 32.0 	 54.0 	 0.2558139534883721 
777.0 	 1623 	 550 	 30.0 	 52.0 	 0.2682926829268293 
778.0 	 1625 	 550 	 32.0 	 52.0 	 0.23809523809523808 
779.0 	 1627 	 550 	 33.0 	 55.0 	 0.25 
780.0 	 1629 	 550 	 31.0 	 52.0 	 0.25301204819277107 
781.0 	 1632 	 550 	 31.0 	 51.0 	 0.24390243902439024 
782.0 	 1634 	 550 	 32.0 	 54.0 	 0.2558139534883721 
783.0 	 1636 	 550 	 31.0 	 51.0 	 0.24390243902439024 
784.0 	 1638 	 550 	 31.0 	 51.0 	 0.24390243902439024 
785.0 	 1641 	 550 	 31.0 	 53.0 	 0.2619047619047619 
786.0 	 1643 	 550 	 31.0 	 51.0 	 0.24390243902439024 
787.0 	 1645 	 550 	 31.0 	 49.0 	 0.225 
788.0 	 1647 	 550 	 32.0 	 52.0 	 0.23809523809523808 
789.0 	 1649 	 550 	 31.0 	 50.0 	 0.2345679012345679 
790.0 	 1651 	 550 	 30.0 	 47.0 	 0.22077922077922077 
791.0 	 1653 	 550 	 30.0 	 50.0 	 0.25 
792.0 	 1656 	 550 	 30.0 	 51.0 	 0.25925925925925924 
793.0 	 1658 	 550 	 28.0 	 49.0 	 0.2727272727272727 
794.0 	 1660 	 550 	 30.0 	 52.0 	 0.2682926829268293 
795.0 	 1662 	 550 	 30.0 	 52.0 	 0.2682926829268293 
796.0 	 1665 	 550 	 29.0 	 50.0 	 0.26582278481012656 
797.0 	 1667 	 550 	 30.0 	 51.0 	 0.25925925925925924 
798.0 	 1669 	 550 	 31.0 	 52.0 	 0.25301204819277107 
799.0 	 1671 	 549 	 30.0 	 50.0 	 0.25 
800.0 	 1673 	 549 	 30.0 	 52.0 	 0.2682926829268293 
801.0 	 1676 	 550 	 31.0 	 52.0 	 0.25301204819277107 
802.0 	 1678 	 550 	 31.0 	 50.0 	 0.2345679012345679 
803.0 	 1680 	 549 	 31.0 	 50.0 	 0.2345679012345679 
804.0 	 1682 	 550 	 53.0 	 32.0 	 0.24705882352941178 
805.0 	 1685 	 550 	 29.0 	 51.0 	 0.275 
806.0 	 1687 	 550 	 29.0 	 50.0 	 0.26582278481012656 
807.0 	 1689 	 550 	 30.0 	 53.0 	 0.27710843373493976 
808.0 	 1691 	 550 	 30.0 	 52.0 	 0.2682926829268293 
809.0 	 1693 	 550 	 29.0 	 50.0 	 0.26582278481012656 
810.0 	 1695 	 550 	 30.0 	 52.0 	 0.2682926829268293 
811.0 	 1698 	 550 	 31.0 	 52.0 	 0.25301204819277107 
812.0 	 1700 	 550 	 29.0 	 49.0 	 0.2564102564102564 
813.0 	 1702 	 550 	 30.0 	 52.0 	 0.2682926829268293 
814.0 	 1704 	 550 	 30.0 	 53.0 	 0.27710843373493976 
815.0 	 1706 	 550 	 29.0 	 51.0 	 0.275 
816.0 	 1708 	 550 	 30.0 	 53.0 	 0.27710843373493976 
817.0 	 1710 	 550 	 30.0 	 52.0 	 0.2682926829268293 
818.0 	 1712 	 550 	 29.0 	 49.0 	 0.2564102564102564 
819.0 	 1714 	 550 	 30.0 	 50.0 	 0.25 
820.0 	 1716 	 550 	 30.0 	 53.0 	 0.27710843373493976 
821.0 	 1718 	 550 	 30.0 	 51.0 	 0.25925925925925924 
822.0 	 1721 	 550 	 30.0 	 50.0 	 0.25 
823.0 	 1723 	 550 	 30.0 	 52.0 	 0.2682926829268293 
824.0 	 1725 	 550 	 30.0 	 50.0 	 0.25 
825.0 	 1727 	 550 	 29.0 	 49.0 	 0.2564102564102564 
826.0 	 1729 	 550 	 29.0 	 52.0 	 0.2839506172839506 
827.0 	 1731 	 550 	 29.0 	 51.0 	 0.275 
828.0 	 1733 	 550 	 51.0 	 29.0 	 0.275 
829.0 	 1734 	 550 	 52.0 	 30.0 	 0.2682926829268293 
830.0 	 1737 	 550 	 29.0 	 51.0 	 0.275 
831.0 	 1739 	 550 	 29.0 	 49.0 	 0.2564102564102564 
832.0 	 1741 	 550 	 29.0 	 52.0 	 0.2839506172839506 
833.0 	 1743 	 550 	 29.0 	 52.0 	 0.2839506172839506 
834.0 	 1745 	 550 	 29.0 	 50.0 	 0.26582278481012656 
835.0 	 1747 	 550 	 29.0 	 52.0 	 0.2839506172839506 
836.0 	 1750 	 550 	 29.0 	 53.0 	 0.2926829268292683 
837.0 	 1752 	 550 	 29.0 	 51.0 	 0.275 
838.0 	 1753 	 550 	 28.0 	 52.0 	 0.3 
839.0 	 1756 	 549 	 29.0 	 53.0 	 0.2926829268292683 
840.0 	 1758 	 550 	 29.0 	 52.0 	 0.2839506172839506 
841.0 	 1760 	 550 	 29.0 	 50.0 	 0.26582278481012656 
842.0 	 1762 	 550 	 31.0 	 52.0 	 0.25301204819277107 
843.0 	 1765 	 550 	 31.0 	 51.0 	 0.24390243902439024 
844.0 	 1766 	 549 	 30.0 	 50.0 	 0.25 
845.0 	 1768 	 550 	 31.0 	 51.0 	 0.24390243902439024 
846.0 	 1770 	 550 	 31.0 	 52.0 	 0.25301204819277107 
847.0 	 1772 	 549 	 31.0 	 50.0 	 0.2345679012345679 
848.0 	 1774 	 550 	 31.0 	 51.0 	 0.24390243902439024 
849.0 	 1776 	 550 	 31.0 	 52.0 	 0.25301204819277107 
850.0 	 1778 	 550 	 31.0 	 50.0 	 0.2345679012345679 
851.0 	 1781 	 550 	 30.0 	 51.0 	 0.25925925925925924 
852.0 	 1782 	 550 	 31.0 	 53.0 	 0.2619047619047619 
853.0 	 1785 	 550 	 30.0 	 52.0 	 0.2682926829268293 
854.0 	 1787 	 550 	 29.0 	 51.0 	 0.275 
855.0 	 1788 	 550 	 31.0 	 52.0 	 0.25301204819277107 
856.0 	 1790 	 550 	 30.0 	 52.0 	 0.2682926829268293 
857.0 	 1793 	 550 	 30.0 	 51.0 	 0.25925925925925924 
858.0 	 1795 	 550 	 30.0 	 53.0 	 0.27710843373493976 
859.0 	 1796 	 550 	 30.0 	 52.0 	 0.2682926829268293 
860.0 	 1799 	 550 	 29.0 	 51.0 	 0.275 
861.0 	 1801 	 550 	 52.0 	 31.0 	 0.25301204819277107 
862.0 	 1803 	 550 	 30.0 	 54.0 	 0.2857142857142857 
863.0 	 1805 	 550 	 30.0 	 50.0 	 0.25 
864.0 	 1807 	 550 	 52.23561096191406 	 31.55728530883789 	 0.24677898214975505 
865.0 	 1809 	 550 	 52.0 	 30.0 	 0.2682926829268293 
866.0 	 1811 	 550 	 28.0 	 49.0 	 0.2727272727272727 
867.0 	 1813 	 550 	 29.0 	 51.0 	 0.275 
868.0 	 1815 	 550 	 31.0 	 53.0 	 0.2619047619047619 
869.0 	 1817 	 550 	 29.0 	 51.0 	 0.275 
870.0 	 1820 	 550 	 29.0 	 51.0 	 0.275 
871.0 	 1822 	 550 	 29.0 	 54.0 	 0.30120481927710846 
872.0 	 1824 	 550 	 29.0 	 53.0 	 0.2926829268292683 
873.0 	 1826 	 550 	 51.21257019042969 	 27.321691513061523 	 0.30420962977367755 
874.0 	 1828 	 550 	 29.0 	 53.0 	 0.2926829268292683 
875.0 	 1830 	 550 	 53.12752914428711 	 28.5266056060791 	 0.3012820307681685 
876.0 	 1832 	 550 	 51.40515899658203 	 28.318510055541992 	 0.28958337236016807 
877.0 	 1834 	 550 	 30.0 	 53.0 	 0.27710843373493976 
878.0 	 1836 	 550 	 29.0 	 52.0 	 0.2839506172839506 
879.0 	 1838 	 550 	 28.0 	 50.0 	 0.28205128205128205 
880.0 	 1840 	 550 	 30.0 	 53.0 	 0.27710843373493976 
881.0 	 1842 	 550 	 30.0 	 54.0 	 0.2857142857142857 
882.0 	 1844 	 550 	 30.407608032226562 	 49.14360809326172 	 0.23552122737482734 
883.0 	 1846 	 550 	 30.0 	 51.0 	 0.25925925925925924 
884.0 	 1848 	 550 	 32.0 	 53.0 	 0.24705882352941178 
885.0 	 1850 	 550 	 31.0 	 51.0 	 0.24390243902439024 
886.0 	 1852 	 550 	 31.0 	 51.0 	 0.24390243902439024 
887.0 	 1853 	 550 	 31.0 	 52.0 	 0.25301204819277107 
888.0 	 1855 	 550 	 31.0 	 52.0 	 0.25301204819277107 
889.0 	 1857 	 550 	 30.0 	 49.0 	 0.24050632911392406 
890.0 	 1860 	 550 	 32.0 	 51.0 	 0.2289156626506024 
891.0 	 1861 	 550 	 32.0 	 50.0 	 0.21951219512195122 
892.0 	 1863 	 550 	 49.15529251098633 	 31.893400192260742 	 0.21298174890899899 
893.0 	 1865 	 550 	 33.0 	 52.0 	 0.2235294117647059 
894.0 	 1867 	 550 	 50.0 	 33.0 	 0.20481927710843373 
895.0 	 1868 	 550 	 32.68340301513672 	 49.251441955566406 	 0.20220992602541454 
896.0 	 1871 	 550 	 33.0 	 51.0 	 0.21428571428571427 
897.0 	 1872 	 550 	 33.0 	 52.0 	 0.2235294117647059 
898.0 	 1874 	 550 	 32.0 	 48.0 	 0.2 
899.0 	 1876 	 550 	 32.0 	 50.0 	 0.21951219512195122 
900.0 	 1878 	 550 	 33.0 	 50.0 	 0.20481927710843373 
901.0 	 1880 	 550 	 32.0 	 48.0 	 0.2 
902.0 	 1882 	 550 	 32.0 	 50.0 	 0.21951219512195122 
903.0 	 1884 	 550 	 32.0 	 51.0 	 0.2289156626506024 
904.0 	 1886 	 550 	 32.0 	 48.0 	 0.2 
905.0 	 1888 	 549 	 31.234830856323242 	 48.43661880493164 	 0.21590906180001165 
906.0 	 1890 	 550 	 33.0 	 52.0 	 0.2235294117647059 
907.0 	 1891 	 550 	 32.0 	 49.0 	 0.20987654320987653 
908.0 	 1893 	 550 	 31.0 	 47.0 	 0.20512820512820512 
909.0 	 1895 	 550 	 32.0 	 47.0 	 0.189873417721519 
910.0 	 1896 	 550 	 32.0 	 44.0 	 0.15789473684210525 
911.0 	 1898 	 550 	 31.0 	 42.0 	 0.1506849315068493 
912.0 	 1898 	 550 	 32.0 	 41.0 	 0.1232876712328767 
913.0 	 1900 	 550 	 38.0 	 32.0 	 0.08571428571428572 
914.0 	 1901 	 550 	 30.0 	 35.0 	 0.07692307692307693 
915.0 	 1902 	 550 	 31.0 	 34.0 	 0.046153846153846156 
916.0 	 1903 	 550 	 32.0 	 33.0 	 0.015384615384615385 
917.0 	 1904 	 550 	 29.0 	 30.0 	 0.01694915254237288 
918.0 	 1905 	 550 	 31.0 	 29.0 	 0.03333333333333333 
919.0 	 1906 	 550 	 31.0 	 28.0 	 0.05084745762711865 
920.0 	 1907 	 550 	 29.0 	 24.0 	 0.09433962264150944 
921.0 	 1908 	 550 	 30.0 	 23.0 	 0.1320754716981132 
922.0 	 1909 	 550 	 32.0 	 22.0 	 0.18518518518518517 
