frame 	 x 	 y 	 width 	 height 	 deformation 
1.0 	 106 	 518 	 31.0 	 32.0 	 0.015873015873015872 
2.0 	 106 	 518 	 31.0 	 31.0 	 0.0 
3.0 	 106 	 518 	 31.0 	 31.0 	 0.0 
4.0 	 106 	 518 	 31.0 	 32.0 	 0.015873015873015872 
5.0 	 106 	 518 	 31.0 	 32.0 	 0.015873015873015872 
6.0 	 106 	 518 	 31.0 	 32.0 	 0.015873015873015872 
7.0 	 106 	 518 	 31.0 	 32.0 	 0.015873015873015872 
8.0 	 106 	 518 	 31.0 	 32.0 	 0.015873015873015872 
9.0 	 106 	 518 	 31.0 	 32.0 	 0.015873015873015872 
10.0 	 106 	 518 	 31.0 	 32.0 	 0.015873015873015872 
11.0 	 106 	 518 	 31.0 	 32.0 	 0.015873015873015872 
12.0 	 106 	 518 	 31.0 	 32.0 	 0.015873015873015872 
13.0 	 107 	 518 	 32.0 	 32.0 	 0.0 
14.0 	 107 	 518 	 32.0 	 32.0 	 0.0 
15.0 	 107 	 518 	 32.0 	 32.0 	 0.0 
16.0 	 107 	 518 	 32.0 	 32.0 	 0.0 
17.0 	 107 	 518 	 32.0 	 32.0 	 0.0 
18.0 	 107 	 518 	 32.0 	 32.0 	 0.0 
19.0 	 107 	 518 	 32.0 	 33.0 	 0.015384615384615385 
20.0 	 107 	 518 	 32.0 	 33.0 	 0.015384615384615385 
21.0 	 107 	 518 	 32.0 	 32.0 	 0.0 
22.0 	 107 	 518 	 32.0 	 32.0 	 0.0 
23.0 	 107 	 518 	 32.0 	 32.0 	 0.0 
24.0 	 107 	 518 	 32.0 	 32.0 	 0.0 
25.0 	 107 	 518 	 32.0 	 32.0 	 0.0 
26.0 	 107 	 518 	 32.0 	 32.0 	 0.0 
27.0 	 108 	 518 	 32.0 	 32.0 	 0.0 
28.0 	 107 	 518 	 32.0 	 32.0 	 0.0 
29.0 	 108 	 518 	 32.0 	 32.0 	 0.0 
30.0 	 108 	 518 	 32.0 	 32.0 	 0.0 
31.0 	 108 	 518 	 32.0 	 32.0 	 0.0 
32.0 	 108 	 518 	 32.0 	 32.0 	 0.0 
33.0 	 108 	 518 	 32.0 	 32.0 	 0.0 
34.0 	 108 	 518 	 32.0 	 31.0 	 0.015873015873015872 
35.0 	 108 	 518 	 32.0 	 31.0 	 0.015873015873015872 
36.0 	 108 	 518 	 32.0 	 31.0 	 0.015873015873015872 
37.0 	 108 	 518 	 31.11269760131836 	 32.52690887451172 	 0.022222187588957953 
38.0 	 108 	 518 	 31.11269760131836 	 32.52690887451172 	 0.022222187588957953 
39.0 	 108 	 518 	 32.0 	 32.0 	 0.0 
40.0 	 108 	 518 	 32.0 	 32.0 	 0.0 
41.0 	 108 	 518 	 32.0 	 32.0 	 0.0 
42.0 	 108 	 518 	 32.0 	 32.0 	 0.0 
43.0 	 108 	 518 	 32.0 	 32.0 	 0.0 
44.0 	 108 	 518 	 32.0 	 32.0 	 0.0 
45.0 	 108 	 518 	 32.0 	 32.0 	 0.0 
46.0 	 108 	 518 	 32.0 	 32.0 	 0.0 
47.0 	 108 	 518 	 32.0 	 32.0 	 0.0 
48.0 	 108 	 518 	 32.0 	 32.0 	 0.0 
49.0 	 109 	 518 	 32.0 	 32.0 	 0.0 
50.0 	 109 	 518 	 32.0 	 32.0 	 0.0 
51.0 	 109 	 518 	 32.0 	 32.0 	 0.0 
52.0 	 109 	 518 	 32.0 	 32.0 	 0.0 
53.0 	 109 	 518 	 32.0 	 31.0 	 0.015873015873015872 
54.0 	 109 	 518 	 32.0 	 31.0 	 0.015873015873015872 
55.0 	 109 	 518 	 32.0 	 31.0 	 0.015873015873015872 
56.0 	 109 	 518 	 32.0 	 31.0 	 0.015873015873015872 
57.0 	 109 	 518 	 32.0 	 31.0 	 0.015873015873015872 
58.0 	 109 	 518 	 32.0 	 31.0 	 0.015873015873015872 
59.0 	 109 	 518 	 32.0 	 31.0 	 0.015873015873015872 
60.0 	 109 	 518 	 32.0 	 31.0 	 0.015873015873015872 
61.0 	 109 	 518 	 32.0 	 32.0 	 0.0 
62.0 	 109 	 518 	 32.0 	 32.0 	 0.0 
63.0 	 109 	 518 	 32.0 	 32.0 	 0.0 
64.0 	 109 	 518 	 32.0 	 32.0 	 0.0 
65.0 	 110 	 518 	 32.0 	 32.0 	 0.0 
66.0 	 110 	 518 	 32.0 	 32.0 	 0.0 
67.0 	 110 	 518 	 32.0 	 31.0 	 0.015873015873015872 
68.0 	 110 	 518 	 32.0 	 32.0 	 0.0 
69.0 	 111 	 518 	 32.0 	 31.0 	 0.015873015873015872 
70.0 	 111 	 518 	 32.0 	 32.0 	 0.0 
71.0 	 111 	 518 	 32.0 	 32.0 	 0.0 
72.0 	 112 	 518 	 32.0 	 32.0 	 0.0 
73.0 	 113 	 518 	 32.0 	 33.0 	 0.015384615384615385 
74.0 	 114 	 518 	 32.0 	 33.0 	 0.015384615384615385 
75.0 	 114 	 518 	 32.64659118652344 	 32.199378967285156 	 0.006896530627539931 
76.0 	 115 	 518 	 33.093807220458984 	 32.199378967285156 	 0.013698646143595866 
77.0 	 117 	 518 	 32.4499626159668 	 33.004661560058594 	 0.008474557009143612 
78.0 	 118 	 518 	 32.0 	 34.0 	 0.030303030303030304 
79.0 	 119 	 518 	 33.23401641845703 	 32.526912689208984 	 0.010752642014688582 
80.0 	 120 	 518 	 32.0 	 34.0 	 0.030303030303030304 
81.0 	 121 	 518 	 32.0 	 33.0 	 0.015384615384615385 
82.0 	 123 	 518 	 32.52690887451172 	 31.819805145263672 	 0.010988964083398818 
83.0 	 124 	 518 	 32.0 	 32.0 	 0.0 
84.0 	 125 	 518 	 32.0 	 31.0 	 0.015873015873015872 
85.0 	 127 	 518 	 31.0 	 30.0 	 0.01639344262295082 
86.0 	 128 	 518 	 31.0 	 30.0 	 0.01639344262295082 
87.0 	 129 	 518 	 31.0 	 30.0 	 0.01639344262295082 
88.0 	 131 	 518 	 31.0 	 30.0 	 0.01639344262295082 
89.0 	 132 	 518 	 31.0 	 31.0 	 0.0 
90.0 	 134 	 518 	 31.0 	 31.0 	 0.0 
91.0 	 136 	 518 	 30.0 	 31.0 	 0.01639344262295082 
92.0 	 138 	 518 	 29.698482513427734 	 32.526912689208984 	 0.04545459561277963 
93.0 	 139 	 518 	 32.199378967285156 	 31.304948806762695 	 0.014084554421312769 
94.0 	 141 	 518 	 30.0 	 32.0 	 0.03225806451612903 
95.0 	 142 	 518 	 30.0 	 33.0 	 0.047619047619047616 
96.0 	 145 	 518 	 30.0 	 33.0 	 0.047619047619047616 
97.0 	 147 	 518 	 31.0 	 31.0 	 0.0 
98.0 	 148 	 518 	 32.0 	 30.0 	 0.03225806451612903 
99.0 	 150 	 518 	 32.0 	 30.0 	 0.03225806451612903 
100.0 	 152 	 518 	 32.0 	 31.0 	 0.015873015873015872 
101.0 	 154 	 518 	 32.0 	 32.0 	 0.0 
102.0 	 155 	 518 	 32.0 	 32.0 	 0.0 
103.0 	 157 	 518 	 32.0 	 32.0 	 0.0 
104.0 	 159 	 518 	 32.0 	 32.0 	 0.0 
105.0 	 160 	 518 	 32.0 	 33.0 	 0.015384615384615385 
106.0 	 162 	 518 	 33.0 	 32.0 	 0.015384615384615385 
107.0 	 164 	 518 	 33.0 	 32.0 	 0.015384615384615385 
108.0 	 166 	 518 	 32.0 	 33.0 	 0.015384615384615385 
109.0 	 168 	 518 	 32.0 	 32.0 	 0.0 
110.0 	 170 	 518 	 32.0 	 33.0 	 0.015384615384615385 
111.0 	 172 	 518 	 33.0 	 33.0 	 0.0 
112.0 	 174 	 517 	 32.0 	 32.0 	 0.0 
113.0 	 177 	 517 	 32.0 	 32.0 	 0.0 
114.0 	 178 	 518 	 32.0 	 32.0 	 0.0 
115.0 	 180 	 518 	 33.0 	 31.0 	 0.03125 
116.0 	 182 	 518 	 32.0 	 32.0 	 0.0 
117.0 	 184 	 518 	 32.0 	 32.0 	 0.0 
118.0 	 186 	 518 	 32.0 	 32.0 	 0.0 
119.0 	 188 	 518 	 31.0 	 31.0 	 0.0 
120.0 	 190 	 518 	 31.0 	 31.0 	 0.0 
121.0 	 192 	 518 	 31.0 	 32.0 	 0.015873015873015872 
122.0 	 194 	 518 	 32.0 	 32.0 	 0.0 
123.0 	 196 	 518 	 31.0 	 31.0 	 0.0 
124.0 	 198 	 518 	 31.0 	 31.0 	 0.0 
125.0 	 200 	 518 	 31.0 	 31.0 	 0.0 
126.0 	 202 	 518 	 31.0 	 31.0 	 0.0 
127.0 	 204 	 517 	 30.0 	 31.0 	 0.01639344262295082 
128.0 	 206 	 517 	 30.0 	 31.0 	 0.01639344262295082 
129.0 	 209 	 517 	 30.0 	 31.0 	 0.01639344262295082 
130.0 	 211 	 517 	 30.0 	 32.0 	 0.03225806451612903 
131.0 	 213 	 517 	 30.0 	 31.0 	 0.01639344262295082 
132.0 	 215 	 517 	 30.0 	 32.0 	 0.03225806451612903 
133.0 	 217 	 518 	 29.0 	 33.0 	 0.06451612903225806 
134.0 	 219 	 518 	 29.0 	 33.0 	 0.06451612903225806 
135.0 	 221 	 518 	 29.0 	 33.0 	 0.06451612903225806 
136.0 	 223 	 518 	 29.0 	 32.0 	 0.04918032786885246 
137.0 	 225 	 518 	 29.0 	 32.0 	 0.04918032786885246 
138.0 	 228 	 518 	 29.0 	 32.0 	 0.04918032786885246 
139.0 	 230 	 518 	 29.0 	 32.0 	 0.04918032786885246 
140.0 	 232 	 518 	 31.0 	 32.0 	 0.015873015873015872 
141.0 	 234 	 518 	 32.0 	 31.0 	 0.015873015873015872 
142.0 	 236 	 517 	 31.0 	 32.0 	 0.015873015873015872 
143.0 	 238 	 517 	 30.0 	 32.0 	 0.03225806451612903 
144.0 	 240 	 517 	 30.636579513549805 	 32.37306594848633 	 0.027559057382456974 
145.0 	 243 	 517 	 30.0 	 31.0 	 0.01639344262295082 
146.0 	 245 	 517 	 30.0 	 31.0 	 0.01639344262295082 
147.0 	 247 	 517 	 30.0 	 32.0 	 0.03225806451612903 
148.0 	 249 	 517 	 30.0 	 32.0 	 0.03225806451612903 
149.0 	 251 	 517 	 30.0 	 32.0 	 0.03225806451612903 
150.0 	 253 	 517 	 31.0 	 32.0 	 0.015873015873015872 
151.0 	 256 	 517 	 30.0 	 31.0 	 0.01639344262295082 
152.0 	 258 	 517 	 30.0 	 32.0 	 0.03225806451612903 
153.0 	 260 	 517 	 30.0 	 32.0 	 0.03225806451612903 
154.0 	 262 	 517 	 30.0 	 32.0 	 0.03225806451612903 
155.0 	 264 	 517 	 30.0 	 31.0 	 0.01639344262295082 
156.0 	 266 	 517 	 30.0 	 31.0 	 0.01639344262295082 
157.0 	 268 	 517 	 30.0 	 32.0 	 0.03225806451612903 
158.0 	 270 	 517 	 30.0 	 32.0 	 0.03225806451612903 
159.0 	 273 	 517 	 30.0 	 32.0 	 0.03225806451612903 
160.0 	 275 	 517 	 31.0 	 32.0 	 0.015873015873015872 
161.0 	 277 	 517 	 30.0 	 33.0 	 0.047619047619047616 
162.0 	 279 	 517 	 30.0 	 32.0 	 0.03225806451612903 
163.0 	 282 	 517 	 30.0 	 32.0 	 0.03225806451612903 
164.0 	 284 	 517 	 30.0 	 32.0 	 0.03225806451612903 
165.0 	 286 	 517 	 30.0 	 32.0 	 0.03225806451612903 
166.0 	 288 	 517 	 30.0 	 31.0 	 0.01639344262295082 
167.0 	 290 	 517 	 30.0 	 32.0 	 0.03225806451612903 
168.0 	 293 	 517 	 30.0 	 32.0 	 0.03225806451612903 
169.0 	 295 	 517 	 30.0 	 32.0 	 0.03225806451612903 
170.0 	 297 	 517 	 30.0 	 32.0 	 0.03225806451612903 
171.0 	 299 	 517 	 30.0 	 33.0 	 0.047619047619047616 
172.0 	 301 	 517 	 31.0 	 33.0 	 0.03125 
173.0 	 304 	 517 	 31.0 	 33.0 	 0.03125 
174.0 	 306 	 517 	 31.0 	 33.0 	 0.03125 
175.0 	 308 	 517 	 30.0 	 32.0 	 0.03225806451612903 
176.0 	 310 	 517 	 30.0 	 32.0 	 0.03225806451612903 
177.0 	 313 	 517 	 30.0 	 33.0 	 0.047619047619047616 
178.0 	 315 	 517 	 30.0 	 33.0 	 0.047619047619047616 
179.0 	 317 	 517 	 30.0 	 33.0 	 0.047619047619047616 
180.0 	 319 	 517 	 30.0 	 32.0 	 0.03225806451612903 
181.0 	 321 	 517 	 30.0 	 32.0 	 0.03225806451612903 
182.0 	 323 	 517 	 30.0 	 32.0 	 0.03225806451612903 
183.0 	 326 	 517 	 30.0 	 33.0 	 0.047619047619047616 
184.0 	 328 	 517 	 30.0 	 33.0 	 0.047619047619047616 
185.0 	 330 	 517 	 30.0 	 33.0 	 0.047619047619047616 
186.0 	 332 	 517 	 31.0 	 34.0 	 0.046153846153846156 
187.0 	 334 	 516 	 31.0 	 33.0 	 0.03125 
188.0 	 336 	 517 	 32.0 	 32.0 	 0.0 
189.0 	 338 	 517 	 32.0 	 32.0 	 0.0 
190.0 	 341 	 517 	 32.0 	 33.0 	 0.015384615384615385 
191.0 	 343 	 517 	 31.0 	 33.0 	 0.03125 
192.0 	 345 	 517 	 32.64659118652344 	 32.199378967285156 	 0.006896530627539931 
193.0 	 347 	 517 	 31.0 	 33.0 	 0.03125 
194.0 	 349 	 517 	 31.0 	 33.0 	 0.03125 
195.0 	 351 	 517 	 31.0 	 32.0 	 0.015873015873015872 
196.0 	 353 	 517 	 31.0 	 32.0 	 0.015873015873015872 
197.0 	 355 	 516 	 31.0 	 32.0 	 0.015873015873015872 
198.0 	 358 	 516 	 31.0 	 32.0 	 0.015873015873015872 
199.0 	 359 	 517 	 31.0 	 32.0 	 0.015873015873015872 
200.0 	 361 	 517 	 31.0 	 32.0 	 0.015873015873015872 
201.0 	 364 	 517 	 31.0 	 33.0 	 0.03125 
202.0 	 366 	 517 	 33.0 	 31.0 	 0.03125 
203.0 	 368 	 517 	 31.0 	 33.0 	 0.03125 
204.0 	 370 	 517 	 30.0 	 33.0 	 0.047619047619047616 
205.0 	 372 	 517 	 30.0 	 32.0 	 0.03225806451612903 
206.0 	 374 	 517 	 30.0 	 32.0 	 0.03225806451612903 
207.0 	 376 	 517 	 30.0 	 32.0 	 0.03225806451612903 
208.0 	 378 	 516 	 31.0 	 32.0 	 0.015873015873015872 
209.0 	 380 	 516 	 31.0 	 32.0 	 0.015873015873015872 
210.0 	 382 	 517 	 31.0 	 32.0 	 0.015873015873015872 
211.0 	 384 	 516 	 31.0 	 32.0 	 0.015873015873015872 
212.0 	 386 	 516 	 31.0 	 32.0 	 0.015873015873015872 
213.0 	 388 	 516 	 31.0 	 33.0 	 0.03125 
214.0 	 390 	 516 	 31.0 	 33.0 	 0.03125 
215.0 	 393 	 516 	 31.0 	 33.0 	 0.03125 
216.0 	 395 	 516 	 31.0 	 33.0 	 0.03125 
217.0 	 397 	 516 	 31.0 	 33.0 	 0.03125 
218.0 	 399 	 516 	 30.0 	 32.0 	 0.03225806451612903 
219.0 	 401 	 516 	 30.0 	 32.0 	 0.03225806451612903 
220.0 	 403 	 516 	 30.0 	 31.0 	 0.01639344262295082 
221.0 	 405 	 516 	 30.0 	 33.0 	 0.047619047619047616 
222.0 	 407 	 516 	 30.0 	 32.0 	 0.03225806451612903 
223.0 	 409 	 516 	 30.0 	 33.0 	 0.047619047619047616 
224.0 	 411 	 516 	 30.0 	 33.0 	 0.047619047619047616 
225.0 	 413 	 516 	 30.0 	 32.0 	 0.03225806451612903 
226.0 	 415 	 516 	 30.0 	 32.0 	 0.03225806451612903 
227.0 	 417 	 516 	 30.0 	 33.0 	 0.047619047619047616 
228.0 	 419 	 516 	 30.0 	 33.0 	 0.047619047619047616 
229.0 	 421 	 516 	 30.0 	 33.0 	 0.047619047619047616 
230.0 	 423 	 516 	 30.0 	 33.0 	 0.047619047619047616 
231.0 	 426 	 516 	 30.0 	 33.0 	 0.047619047619047616 
232.0 	 428 	 516 	 30.0 	 33.0 	 0.047619047619047616 
233.0 	 430 	 516 	 30.0 	 33.0 	 0.047619047619047616 
234.0 	 431 	 516 	 30.0 	 32.0 	 0.03225806451612903 
235.0 	 433 	 516 	 30.0 	 32.0 	 0.03225806451612903 
236.0 	 435 	 516 	 30.0 	 32.0 	 0.03225806451612903 
237.0 	 438 	 516 	 30.0 	 33.0 	 0.047619047619047616 
238.0 	 440 	 516 	 30.0 	 33.0 	 0.047619047619047616 
239.0 	 442 	 516 	 30.0 	 34.0 	 0.0625 
240.0 	 444 	 516 	 30.0 	 33.0 	 0.047619047619047616 
241.0 	 446 	 516 	 29.0 	 33.0 	 0.06451612903225806 
242.0 	 448 	 516 	 29.0 	 34.0 	 0.07936507936507936 
243.0 	 451 	 516 	 29.0 	 33.0 	 0.06451612903225806 
244.0 	 453 	 516 	 33.0 	 30.0 	 0.047619047619047616 
245.0 	 455 	 516 	 29.0 	 33.0 	 0.06451612903225806 
246.0 	 457 	 516 	 29.0 	 33.0 	 0.06451612903225806 
247.0 	 459 	 516 	 29.0 	 33.0 	 0.06451612903225806 
248.0 	 461 	 516 	 29.0 	 33.0 	 0.06451612903225806 
249.0 	 463 	 516 	 29.0 	 32.0 	 0.04918032786885246 
250.0 	 466 	 516 	 30.0 	 33.0 	 0.047619047619047616 
251.0 	 468 	 516 	 30.0 	 33.0 	 0.047619047619047616 
252.0 	 470 	 516 	 30.0 	 32.0 	 0.03225806451612903 
253.0 	 472 	 516 	 30.0 	 33.0 	 0.047619047619047616 
254.0 	 474 	 516 	 30.0 	 33.0 	 0.047619047619047616 
255.0 	 476 	 516 	 30.0 	 33.0 	 0.047619047619047616 
256.0 	 479 	 516 	 30.0 	 32.0 	 0.03225806451612903 
257.0 	 481 	 516 	 30.0 	 33.0 	 0.047619047619047616 
258.0 	 483 	 516 	 30.0 	 33.0 	 0.047619047619047616 
259.0 	 485 	 516 	 30.0 	 33.0 	 0.047619047619047616 
260.0 	 487 	 516 	 29.0 	 33.0 	 0.06451612903225806 
261.0 	 489 	 516 	 29.0 	 33.0 	 0.06451612903225806 
262.0 	 491 	 516 	 29.0 	 34.0 	 0.07936507936507936 
263.0 	 494 	 516 	 28.0 	 32.0 	 0.06666666666666667 
264.0 	 496 	 516 	 30.0 	 32.0 	 0.03225806451612903 
265.0 	 498 	 516 	 30.0 	 32.0 	 0.03225806451612903 
266.0 	 500 	 516 	 30.0 	 33.0 	 0.047619047619047616 
267.0 	 502 	 516 	 30.0 	 33.0 	 0.047619047619047616 
268.0 	 505 	 516 	 30.0 	 33.0 	 0.047619047619047616 
269.0 	 507 	 516 	 30.0 	 33.0 	 0.047619047619047616 
270.0 	 510 	 516 	 30.0 	 32.0 	 0.03225806451612903 
271.0 	 512 	 516 	 30.0 	 32.0 	 0.03225806451612903 
272.0 	 514 	 516 	 30.0 	 32.0 	 0.03225806451612903 
273.0 	 516 	 516 	 30.0 	 32.0 	 0.03225806451612903 
274.0 	 519 	 516 	 30.0 	 32.0 	 0.03225806451612903 
275.0 	 521 	 516 	 30.0 	 33.0 	 0.047619047619047616 
276.0 	 523 	 516 	 30.0 	 33.0 	 0.047619047619047616 
277.0 	 525 	 516 	 30.0 	 32.0 	 0.03225806451612903 
278.0 	 527 	 516 	 30.0 	 31.0 	 0.01639344262295082 
279.0 	 530 	 516 	 29.0 	 32.0 	 0.04918032786885246 
280.0 	 532 	 516 	 28.0 	 32.0 	 0.06666666666666667 
281.0 	 535 	 516 	 30.0 	 33.0 	 0.047619047619047616 
282.0 	 537 	 516 	 33.541019439697266 	 29.96331024169922 	 0.05633803578350552 
283.0 	 540 	 516 	 30.0 	 34.0 	 0.0625 
284.0 	 542 	 516 	 30.0 	 33.0 	 0.047619047619047616 
285.0 	 544 	 516 	 30.0 	 33.0 	 0.047619047619047616 
286.0 	 547 	 516 	 30.0 	 32.0 	 0.03225806451612903 
287.0 	 549 	 516 	 29.0 	 33.0 	 0.06451612903225806 
288.0 	 551 	 516 	 29.0 	 34.0 	 0.07936507936507936 
289.0 	 554 	 516 	 28.0 	 33.0 	 0.08196721311475409 
290.0 	 556 	 516 	 28.0 	 33.0 	 0.08196721311475409 
291.0 	 558 	 516 	 28.0 	 34.0 	 0.0967741935483871 
292.0 	 561 	 516 	 29.0 	 33.0 	 0.06451612903225806 
293.0 	 563 	 516 	 29.0 	 33.0 	 0.06451612903225806 
294.0 	 565 	 516 	 29.0 	 32.0 	 0.04918032786885246 
295.0 	 568 	 516 	 32.7423095703125 	 29.10427474975586 	 0.05882353666823519 
296.0 	 570 	 516 	 29.0 	 33.0 	 0.06451612903225806 
297.0 	 573 	 516 	 29.0 	 32.0 	 0.04918032786885246 
298.0 	 575 	 516 	 29.0 	 32.0 	 0.04918032786885246 
299.0 	 577 	 516 	 29.0 	 33.0 	 0.06451612903225806 
300.0 	 579 	 516 	 32.199378967285156 	 30.410520553588867 	 0.02857149472185125 
301.0 	 581 	 516 	 32.0 	 30.0 	 0.03225806451612903 
302.0 	 584 	 516 	 29.0 	 33.0 	 0.06451612903225806 
303.0 	 586 	 516 	 32.88768768310547 	 30.04163360595703 	 0.04522620010591309 
304.0 	 589 	 516 	 29.0 	 32.0 	 0.04918032786885246 
305.0 	 591 	 516 	 31.0 	 30.0 	 0.01639344262295082 
306.0 	 594 	 516 	 31.939001083374023 	 29.409177780151367 	 0.04123713776166817 
307.0 	 596 	 516 	 30.0 	 31.0 	 0.01639344262295082 
308.0 	 599 	 516 	 30.0 	 30.0 	 0.0 
309.0 	 601 	 516 	 30.0 	 31.0 	 0.01639344262295082 
310.0 	 604 	 516 	 30.0 	 32.0 	 0.03225806451612903 
311.0 	 606 	 516 	 30.0 	 32.0 	 0.03225806451612903 
312.0 	 608 	 516 	 30.0 	 31.0 	 0.01639344262295082 
313.0 	 610 	 516 	 30.0 	 33.0 	 0.047619047619047616 
314.0 	 613 	 516 	 30.0 	 33.0 	 0.047619047619047616 
315.0 	 615 	 516 	 30.0 	 32.0 	 0.03225806451612903 
316.0 	 618 	 516 	 30.0 	 31.0 	 0.01639344262295082 
317.0 	 620 	 516 	 29.0 	 32.0 	 0.04918032786885246 
318.0 	 622 	 516 	 30.0 	 32.0 	 0.03225806451612903 
319.0 	 624 	 516 	 30.0 	 32.0 	 0.03225806451612903 
320.0 	 627 	 516 	 30.201885223388672 	 32.75139617919922 	 0.04049846011213232 
321.0 	 629 	 516 	 30.0 	 33.0 	 0.047619047619047616 
322.0 	 632 	 516 	 30.249414443969727 	 33.70178985595703 	 0.05398452538588486 
323.0 	 634 	 516 	 33.73197555541992 	 30.005769729614258 	 0.05846152557079218 
324.0 	 636 	 516 	 30.0 	 33.0 	 0.047619047619047616 
325.0 	 639 	 516 	 30.0 	 32.0 	 0.03225806451612903 
326.0 	 641 	 516 	 30.0 	 33.0 	 0.047619047619047616 
327.0 	 644 	 516 	 29.0 	 33.0 	 0.06451612903225806 
328.0 	 646 	 516 	 29.0 	 34.0 	 0.07936507936507936 
329.0 	 648 	 516 	 30.0 	 33.0 	 0.047619047619047616 
330.0 	 650 	 516 	 29.0 	 33.0 	 0.06451612903225806 
331.0 	 652 	 516 	 30.0 	 33.0 	 0.047619047619047616 
332.0 	 655 	 516 	 33.339744567871094 	 29.613536834716797 	 0.059190047764549406 
333.0 	 657 	 516 	 33.95498275756836 	 29.83188247680664 	 0.06463870368314892 
334.0 	 660 	 516 	 30.0 	 34.0 	 0.0625 
335.0 	 662 	 516 	 30.0 	 33.0 	 0.047619047619047616 
336.0 	 664 	 516 	 33.541019439697266 	 30.410520553588867 	 0.048951110269386 
337.0 	 666 	 516 	 30.0 	 34.0 	 0.0625 
338.0 	 669 	 516 	 30.0 	 34.0 	 0.0625 
339.0 	 671 	 516 	 30.0 	 33.0 	 0.047619047619047616 
340.0 	 673 	 516 	 30.0 	 33.0 	 0.047619047619047616 
341.0 	 676 	 516 	 30.0 	 33.0 	 0.047619047619047616 
342.0 	 678 	 516 	 29.0 	 33.0 	 0.06451612903225806 
343.0 	 681 	 516 	 29.0 	 34.0 	 0.07936507936507936 
344.0 	 683 	 516 	 29.0 	 34.0 	 0.07936507936507936 
345.0 	 685 	 516 	 29.0 	 33.0 	 0.06451612903225806 
346.0 	 687 	 516 	 30.0 	 33.0 	 0.047619047619047616 
347.0 	 689 	 516 	 30.0 	 33.0 	 0.047619047619047616 
348.0 	 692 	 516 	 30.0 	 32.0 	 0.03225806451612903 
349.0 	 693 	 516 	 30.0 	 33.0 	 0.047619047619047616 
350.0 	 695 	 516 	 30.0 	 33.0 	 0.047619047619047616 
351.0 	 697 	 516 	 30.0 	 33.0 	 0.047619047619047616 
352.0 	 699 	 516 	 30.0 	 33.0 	 0.047619047619047616 
353.0 	 701 	 516 	 30.0 	 32.0 	 0.03225806451612903 
354.0 	 702 	 516 	 30.0 	 33.0 	 0.047619047619047616 
355.0 	 705 	 516 	 30.0 	 33.0 	 0.047619047619047616 
356.0 	 708 	 516 	 30.0 	 33.0 	 0.047619047619047616 
357.0 	 711 	 516 	 30.0 	 32.0 	 0.03225806451612903 
358.0 	 714 	 516 	 30.0 	 33.0 	 0.047619047619047616 
359.0 	 717 	 516 	 33.6134147644043 	 30.26447296142578 	 0.0524272470835681 
360.0 	 720 	 516 	 33.535858154296875 	 30.201885223388672 	 0.05230767131419058 
361.0 	 723 	 516 	 30.0 	 33.0 	 0.047619047619047616 
362.0 	 725 	 516 	 30.0 	 33.0 	 0.047619047619047616 
363.0 	 728 	 516 	 30.0 	 34.0 	 0.0625 
364.0 	 730 	 516 	 30.0 	 33.0 	 0.047619047619047616 
365.0 	 732 	 516 	 29.0 	 33.0 	 0.06451612903225806 
366.0 	 735 	 516 	 30.0 	 33.0 	 0.047619047619047616 
367.0 	 737 	 516 	 30.0 	 33.0 	 0.047619047619047616 
368.0 	 739 	 516 	 30.0 	 34.0 	 0.0625 
369.0 	 742 	 516 	 30.0 	 34.0 	 0.0625 
370.0 	 744 	 516 	 30.0 	 33.0 	 0.047619047619047616 
371.0 	 747 	 516 	 30.0 	 34.0 	 0.0625 
372.0 	 749 	 516 	 30.0 	 34.0 	 0.0625 
373.0 	 751 	 516 	 30.0 	 32.0 	 0.03225806451612903 
374.0 	 754 	 516 	 30.0 	 32.0 	 0.03225806451612903 
375.0 	 756 	 516 	 30.0 	 33.0 	 0.047619047619047616 
376.0 	 758 	 516 	 30.0 	 33.0 	 0.047619047619047616 
377.0 	 761 	 516 	 30.0 	 34.0 	 0.0625 
378.0 	 763 	 516 	 30.0 	 33.0 	 0.047619047619047616 
379.0 	 765 	 516 	 30.0 	 32.0 	 0.03225806451612903 
380.0 	 768 	 516 	 30.0 	 32.0 	 0.03225806451612903 
381.0 	 770 	 516 	 30.0 	 32.0 	 0.03225806451612903 
382.0 	 772 	 516 	 30.0 	 33.0 	 0.047619047619047616 
383.0 	 775 	 516 	 30.0 	 32.0 	 0.03225806451612903 
384.0 	 777 	 516 	 30.0 	 33.0 	 0.047619047619047616 
385.0 	 779 	 516 	 30.0 	 33.0 	 0.047619047619047616 
386.0 	 782 	 516 	 30.0 	 34.0 	 0.0625 
387.0 	 784 	 515 	 31.0 	 33.0 	 0.03125 
388.0 	 786 	 515 	 34.124210357666016 	 30.398000717163086 	 0.05775080516353491 
389.0 	 789 	 516 	 29.0 	 33.0 	 0.06451612903225806 
390.0 	 791 	 516 	 30.0 	 32.0 	 0.03225806451612903 
391.0 	 793 	 516 	 30.0 	 31.0 	 0.01639344262295082 
392.0 	 795 	 516 	 30.0 	 30.0 	 0.0 
393.0 	 797 	 516 	 30.0 	 30.0 	 0.0 
394.0 	 799 	 516 	 31.09569549560547 	 28.96689796447754 	 0.035442983868865185 
395.0 	 801 	 516 	 30.0 	 29.0 	 0.01694915254237288 
396.0 	 803 	 516 	 30.0 	 29.0 	 0.01694915254237288 
397.0 	 806 	 516 	 30.0 	 29.0 	 0.01694915254237288 
398.0 	 808 	 516 	 30.0 	 29.0 	 0.01694915254237288 
399.0 	 810 	 516 	 31.0 	 30.0 	 0.01639344262295082 
400.0 	 813 	 516 	 30.0 	 31.0 	 0.01639344262295082 
401.0 	 816 	 515 	 30.0 	 32.0 	 0.03225806451612903 
402.0 	 819 	 515 	 30.0 	 33.0 	 0.047619047619047616 
403.0 	 821 	 516 	 30.0 	 33.0 	 0.047619047619047616 
404.0 	 824 	 516 	 30.0 	 33.0 	 0.047619047619047616 
405.0 	 826 	 516 	 29.0 	 33.0 	 0.06451612903225806 
406.0 	 828 	 515 	 29.0 	 33.0 	 0.06451612903225806 
407.0 	 831 	 516 	 29.0 	 32.0 	 0.04918032786885246 
408.0 	 833 	 515 	 29.0 	 33.0 	 0.06451612903225806 
409.0 	 835 	 516 	 30.0 	 33.0 	 0.047619047619047616 
410.0 	 838 	 516 	 30.0 	 32.0 	 0.03225806451612903 
411.0 	 840 	 516 	 29.0 	 32.0 	 0.04918032786885246 
412.0 	 843 	 516 	 29.0 	 32.0 	 0.04918032786885246 
413.0 	 845 	 516 	 30.0 	 32.0 	 0.03225806451612903 
414.0 	 847 	 516 	 30.0 	 31.0 	 0.01639344262295082 
415.0 	 850 	 516 	 29.0 	 31.0 	 0.03333333333333333 
416.0 	 853 	 516 	 30.183353424072266 	 29.575124740600586 	 0.010178115342824166 
417.0 	 855 	 516 	 30.249412536621094 	 29.591815948486328 	 0.01098902219727024 
418.0 	 858 	 516 	 29.0 	 31.0 	 0.03333333333333333 
419.0 	 860 	 516 	 30.201881408691406 	 29.22130012512207 	 0.01650166245325248 
420.0 	 862 	 516 	 28.0 	 30.0 	 0.034482758620689655 
421.0 	 864 	 516 	 29.0 	 31.0 	 0.03333333333333333 
422.0 	 866 	 516 	 29.0 	 31.0 	 0.03333333333333333 
423.0 	 868 	 516 	 29.0 	 32.0 	 0.04918032786885246 
424.0 	 870 	 516 	 30.0 	 31.0 	 0.01639344262295082 
425.0 	 873 	 516 	 30.0 	 33.0 	 0.047619047619047616 
426.0 	 875 	 516 	 29.0 	 33.0 	 0.06451612903225806 
427.0 	 877 	 516 	 32.62113571166992 	 29.39623260498047 	 0.05199999926187827 
428.0 	 880 	 516 	 29.0 	 32.0 	 0.04918032786885246 
429.0 	 883 	 516 	 29.0 	 32.0 	 0.04918032786885246 
430.0 	 885 	 516 	 29.0 	 32.0 	 0.04918032786885246 
431.0 	 887 	 516 	 29.0 	 32.0 	 0.04918032786885246 
432.0 	 889 	 516 	 30.0 	 31.0 	 0.01639344262295082 
433.0 	 891 	 516 	 29.0 	 32.0 	 0.04918032786885246 
434.0 	 894 	 516 	 29.0 	 32.0 	 0.04918032786885246 
435.0 	 896 	 516 	 30.0 	 33.0 	 0.047619047619047616 
436.0 	 898 	 516 	 30.0 	 33.0 	 0.047619047619047616 
437.0 	 900 	 516 	 30.405593872070312 	 32.38549041748047 	 0.03153149157737408 
438.0 	 903 	 516 	 30.907011032104492 	 31.564605712890625 	 0.010526295220922318 
439.0 	 905 	 515 	 31.378582000732422 	 32.359161376953125 	 0.015384595127727756 
440.0 	 907 	 515 	 31.0 	 32.0 	 0.015873015873015872 
441.0 	 910 	 515 	 31.0 	 32.0 	 0.015873015873015872 
442.0 	 912 	 515 	 30.0 	 33.0 	 0.047619047619047616 
443.0 	 914 	 515 	 30.0 	 33.0 	 0.047619047619047616 
444.0 	 917 	 515 	 30.0 	 33.0 	 0.047619047619047616 
445.0 	 919 	 515 	 30.0 	 33.0 	 0.047619047619047616 
446.0 	 921 	 515 	 30.0 	 32.0 	 0.03225806451612903 
447.0 	 924 	 515 	 30.0 	 32.0 	 0.03225806451612903 
448.0 	 926 	 515 	 30.0 	 33.0 	 0.047619047619047616 
449.0 	 928 	 515 	 30.0 	 32.0 	 0.03225806451612903 
450.0 	 930 	 515 	 30.0 	 33.0 	 0.047619047619047616 
451.0 	 933 	 515 	 30.0 	 33.0 	 0.047619047619047616 
452.0 	 935 	 515 	 33.203914642333984 	 30.674089431762695 	 0.039604011541073875 
453.0 	 937 	 515 	 31.0 	 32.0 	 0.015873015873015872 
454.0 	 940 	 515 	 30.0 	 32.0 	 0.03225806451612903 
455.0 	 942 	 515 	 32.68238067626953 	 30.268341064453125 	 0.038348084740937455 
456.0 	 944 	 516 	 32.12529373168945 	 30.639728546142578 	 0.023668679331793396 
457.0 	 946 	 516 	 31.0 	 32.0 	 0.015873015873015872 
458.0 	 949 	 516 	 31.0 	 33.0 	 0.03125 
459.0 	 951 	 516 	 31.0 	 33.0 	 0.03125 
460.0 	 953 	 516 	 32.64659118652344 	 30.857738494873047 	 0.028168987856814317 
461.0 	 955 	 516 	 31.0 	 32.0 	 0.015873015873015872 
462.0 	 958 	 516 	 31.0 	 32.0 	 0.015873015873015872 
463.0 	 960 	 516 	 32.49977493286133 	 31.28709602355957 	 0.019011418668431916 
464.0 	 962 	 516 	 32.88768768310547 	 30.990318298339844 	 0.029703015233705873 
465.0 	 964 	 516 	 31.819805145263672 	 32.52690887451172 	 0.010988964083398818 
466.0 	 966 	 516 	 31.0 	 32.0 	 0.015873015873015872 
467.0 	 969 	 516 	 32.88768768310547 	 30.674089431762695 	 0.03482593394678664 
468.0 	 971 	 516 	 31.0 	 32.0 	 0.015873015873015872 
469.0 	 974 	 516 	 31.0 	 32.0 	 0.015873015873015872 
470.0 	 977 	 515 	 31.0 	 32.0 	 0.015873015873015872 
471.0 	 979 	 515 	 31.0 	 32.0 	 0.015873015873015872 
472.0 	 982 	 515 	 30.26731300354004 	 33.61970901489258 	 0.0524738187105561 
473.0 	 984 	 515 	 30.0 	 33.0 	 0.047619047619047616 
474.0 	 987 	 515 	 30.0 	 32.0 	 0.03225806451612903 
475.0 	 989 	 515 	 29.0 	 33.0 	 0.06451612903225806 
476.0 	 991 	 515 	 30.0 	 32.0 	 0.03225806451612903 
477.0 	 994 	 515 	 30.0 	 32.0 	 0.03225806451612903 
478.0 	 996 	 515 	 30.0 	 32.0 	 0.03225806451612903 
479.0 	 998 	 515 	 30.0 	 33.0 	 0.047619047619047616 
480.0 	 1001 	 515 	 33.08922576904297 	 30.331790924072266 	 0.043478250408906495 
481.0 	 1003 	 515 	 30.0 	 33.0 	 0.047619047619047616 
482.0 	 1005 	 515 	 30.0 	 33.0 	 0.047619047619047616 
483.0 	 1007 	 515 	 30.0 	 33.0 	 0.047619047619047616 
484.0 	 1010 	 515 	 30.0 	 33.0 	 0.047619047619047616 
485.0 	 1012 	 515 	 30.0 	 33.0 	 0.047619047619047616 
486.0 	 1015 	 515 	 30.0 	 32.0 	 0.03225806451612903 
487.0 	 1017 	 515 	 30.0 	 34.0 	 0.0625 
488.0 	 1019 	 515 	 30.0 	 33.0 	 0.047619047619047616 
489.0 	 1022 	 515 	 30.0 	 32.0 	 0.03225806451612903 
490.0 	 1024 	 515 	 30.0 	 32.0 	 0.03225806451612903 
491.0 	 1026 	 515 	 30.0 	 32.0 	 0.03225806451612903 
492.0 	 1028 	 515 	 30.0 	 32.0 	 0.03225806451612903 
493.0 	 1031 	 515 	 30.0 	 33.0 	 0.047619047619047616 
494.0 	 1033 	 515 	 30.0 	 33.0 	 0.047619047619047616 
495.0 	 1035 	 515 	 30.0 	 33.0 	 0.047619047619047616 
496.0 	 1038 	 515 	 30.0 	 32.0 	 0.03225806451612903 
497.0 	 1040 	 515 	 30.0 	 32.0 	 0.03225806451612903 
498.0 	 1042 	 515 	 30.0 	 32.0 	 0.03225806451612903 
499.0 	 1044 	 515 	 30.0 	 33.0 	 0.047619047619047616 
500.0 	 1046 	 515 	 30.0 	 32.0 	 0.03225806451612903 
501.0 	 1048 	 515 	 30.0 	 32.0 	 0.03225806451612903 
502.0 	 1051 	 515 	 30.0 	 33.0 	 0.047619047619047616 
503.0 	 1053 	 515 	 30.0 	 33.0 	 0.047619047619047616 
504.0 	 1055 	 515 	 30.0 	 32.0 	 0.03225806451612903 
505.0 	 1057 	 515 	 30.0 	 32.0 	 0.03225806451612903 
506.0 	 1060 	 515 	 30.0 	 33.0 	 0.047619047619047616 
507.0 	 1062 	 515 	 30.0 	 33.0 	 0.047619047619047616 
508.0 	 1064 	 515 	 30.0 	 33.0 	 0.047619047619047616 
509.0 	 1067 	 515 	 30.0 	 33.0 	 0.047619047619047616 
510.0 	 1069 	 515 	 30.0 	 33.0 	 0.047619047619047616 
511.0 	 1071 	 515 	 30.0 	 32.0 	 0.03225806451612903 
512.0 	 1073 	 515 	 30.0 	 33.0 	 0.047619047619047616 
513.0 	 1075 	 515 	 30.0 	 33.0 	 0.047619047619047616 
514.0 	 1077 	 515 	 30.0 	 34.0 	 0.0625 
515.0 	 1079 	 515 	 30.0 	 33.0 	 0.047619047619047616 
516.0 	 1082 	 515 	 30.0 	 33.0 	 0.047619047619047616 
517.0 	 1083 	 515 	 30.0 	 32.0 	 0.03225806451612903 
518.0 	 1085 	 515 	 30.0 	 32.0 	 0.03225806451612903 
519.0 	 1087 	 515 	 30.0 	 32.0 	 0.03225806451612903 
520.0 	 1090 	 515 	 30.0 	 33.0 	 0.047619047619047616 
521.0 	 1092 	 515 	 30.0 	 33.0 	 0.047619047619047616 
522.0 	 1094 	 515 	 30.0 	 33.0 	 0.047619047619047616 
523.0 	 1096 	 515 	 30.0 	 33.0 	 0.047619047619047616 
524.0 	 1098 	 515 	 30.0 	 33.0 	 0.047619047619047616 
525.0 	 1100 	 515 	 30.0 	 33.0 	 0.047619047619047616 
526.0 	 1102 	 515 	 30.0 	 33.0 	 0.047619047619047616 
527.0 	 1104 	 515 	 30.0 	 32.0 	 0.03225806451612903 
528.0 	 1106 	 515 	 30.0 	 32.0 	 0.03225806451612903 
529.0 	 1108 	 515 	 30.0 	 33.0 	 0.047619047619047616 
530.0 	 1110 	 515 	 30.0 	 33.0 	 0.047619047619047616 
531.0 	 1112 	 515 	 30.0 	 33.0 	 0.047619047619047616 
532.0 	 1114 	 515 	 30.0 	 33.0 	 0.047619047619047616 
533.0 	 1116 	 515 	 30.0 	 33.0 	 0.047619047619047616 
534.0 	 1118 	 515 	 30.0 	 33.0 	 0.047619047619047616 
535.0 	 1120 	 515 	 30.0 	 33.0 	 0.047619047619047616 
536.0 	 1122 	 515 	 30.0 	 33.0 	 0.047619047619047616 
537.0 	 1124 	 515 	 30.0 	 34.0 	 0.0625 
538.0 	 1126 	 515 	 30.0 	 33.0 	 0.047619047619047616 
539.0 	 1128 	 515 	 30.0 	 33.0 	 0.047619047619047616 
540.0 	 1130 	 515 	 30.0 	 32.0 	 0.03225806451612903 
541.0 	 1132 	 515 	 30.0 	 33.0 	 0.047619047619047616 
542.0 	 1134 	 515 	 30.0 	 33.0 	 0.047619047619047616 
543.0 	 1136 	 515 	 30.0 	 32.0 	 0.03225806451612903 
544.0 	 1138 	 515 	 30.0 	 32.0 	 0.03225806451612903 
545.0 	 1141 	 515 	 30.0 	 32.0 	 0.03225806451612903 
546.0 	 1143 	 515 	 30.0 	 33.0 	 0.047619047619047616 
547.0 	 1145 	 515 	 30.0 	 33.0 	 0.047619047619047616 
548.0 	 1147 	 515 	 30.0 	 32.0 	 0.03225806451612903 
549.0 	 1149 	 515 	 30.0 	 32.0 	 0.03225806451612903 
550.0 	 1151 	 515 	 30.0 	 31.0 	 0.01639344262295082 
551.0 	 1153 	 515 	 30.0 	 31.0 	 0.01639344262295082 
552.0 	 1155 	 515 	 30.0 	 32.0 	 0.03225806451612903 
553.0 	 1157 	 515 	 30.0 	 32.0 	 0.03225806451612903 
554.0 	 1159 	 515 	 30.0 	 32.0 	 0.03225806451612903 
555.0 	 1161 	 515 	 30.0 	 32.0 	 0.03225806451612903 
556.0 	 1164 	 515 	 30.0 	 33.0 	 0.047619047619047616 
557.0 	 1166 	 515 	 30.0 	 33.0 	 0.047619047619047616 
558.0 	 1168 	 515 	 30.0 	 33.0 	 0.047619047619047616 
559.0 	 1170 	 515 	 30.0 	 33.0 	 0.047619047619047616 
560.0 	 1172 	 515 	 30.0 	 34.0 	 0.0625 
561.0 	 1174 	 515 	 30.0 	 33.0 	 0.047619047619047616 
562.0 	 1176 	 515 	 30.0 	 33.0 	 0.047619047619047616 
563.0 	 1179 	 515 	 30.0 	 33.0 	 0.047619047619047616 
564.0 	 1181 	 515 	 30.0 	 33.0 	 0.047619047619047616 
565.0 	 1183 	 515 	 30.0 	 32.0 	 0.03225806451612903 
566.0 	 1185 	 515 	 30.0 	 32.0 	 0.03225806451612903 
567.0 	 1187 	 515 	 30.0 	 32.0 	 0.03225806451612903 
568.0 	 1189 	 515 	 30.0 	 33.0 	 0.047619047619047616 
569.0 	 1191 	 515 	 30.0 	 33.0 	 0.047619047619047616 
570.0 	 1194 	 515 	 30.0 	 33.0 	 0.047619047619047616 
571.0 	 1196 	 515 	 30.0 	 33.0 	 0.047619047619047616 
572.0 	 1198 	 515 	 30.0 	 32.0 	 0.03225806451612903 
573.0 	 1200 	 515 	 30.0 	 33.0 	 0.047619047619047616 
574.0 	 1203 	 515 	 30.0 	 32.0 	 0.03225806451612903 
575.0 	 1204 	 515 	 33.0 	 31.0 	 0.03125 
576.0 	 1207 	 515 	 30.0 	 34.0 	 0.0625 
577.0 	 1209 	 515 	 31.0 	 33.0 	 0.03125 
578.0 	 1211 	 515 	 31.0 	 33.0 	 0.03125 
579.0 	 1213 	 515 	 31.0 	 33.0 	 0.03125 
580.0 	 1215 	 515 	 31.0 	 33.0 	 0.03125 
581.0 	 1218 	 515 	 31.0 	 33.0 	 0.03125 
582.0 	 1220 	 515 	 33.0 	 31.0 	 0.03125 
583.0 	 1222 	 515 	 30.0 	 33.0 	 0.047619047619047616 
584.0 	 1224 	 515 	 33.0 	 31.0 	 0.03125 
585.0 	 1226 	 515 	 31.0 	 32.0 	 0.015873015873015872 
586.0 	 1228 	 515 	 31.0 	 33.0 	 0.03125 
587.0 	 1231 	 514 	 30.0 	 32.0 	 0.03225806451612903 
588.0 	 1233 	 515 	 31.0 	 33.0 	 0.03125 
589.0 	 1235 	 515 	 31.0 	 32.0 	 0.015873015873015872 
590.0 	 1237 	 515 	 31.0 	 32.0 	 0.015873015873015872 
591.0 	 1240 	 515 	 30.0 	 33.0 	 0.047619047619047616 
592.0 	 1242 	 515 	 30.0 	 33.0 	 0.047619047619047616 
593.0 	 1244 	 515 	 30.0 	 33.0 	 0.047619047619047616 
594.0 	 1246 	 515 	 30.0 	 33.0 	 0.047619047619047616 
595.0 	 1249 	 515 	 30.0 	 33.0 	 0.047619047619047616 
596.0 	 1251 	 515 	 30.0 	 34.0 	 0.0625 
597.0 	 1253 	 515 	 30.0 	 34.0 	 0.0625 
598.0 	 1255 	 515 	 30.0 	 33.0 	 0.047619047619047616 
599.0 	 1258 	 515 	 30.0 	 33.0 	 0.047619047619047616 
600.0 	 1260 	 515 	 30.0 	 34.0 	 0.0625 
601.0 	 1262 	 515 	 30.0 	 34.0 	 0.0625 
602.0 	 1264 	 515 	 30.0 	 34.0 	 0.0625 
603.0 	 1267 	 515 	 29.0 	 34.0 	 0.07936507936507936 
604.0 	 1269 	 514 	 34.0 	 30.0 	 0.0625 
605.0 	 1271 	 515 	 33.0 	 30.0 	 0.047619047619047616 
606.0 	 1273 	 515 	 30.0 	 34.0 	 0.0625 
607.0 	 1276 	 514 	 30.0 	 34.0 	 0.0625 
608.0 	 1278 	 514 	 30.0 	 34.0 	 0.0625 
609.0 	 1280 	 514 	 30.0 	 34.0 	 0.0625 
610.0 	 1282 	 514 	 30.0 	 34.0 	 0.0625 
611.0 	 1285 	 514 	 30.0 	 34.0 	 0.0625 
612.0 	 1287 	 514 	 30.0 	 34.0 	 0.0625 
613.0 	 1289 	 514 	 30.0 	 34.0 	 0.0625 
614.0 	 1291 	 514 	 30.0 	 34.0 	 0.0625 
615.0 	 1294 	 514 	 30.0 	 34.0 	 0.0625 
616.0 	 1296 	 514 	 30.0 	 33.0 	 0.047619047619047616 
617.0 	 1298 	 514 	 30.0 	 33.0 	 0.047619047619047616 
618.0 	 1301 	 515 	 31.0 	 33.0 	 0.03125 
619.0 	 1303 	 515 	 30.0 	 34.0 	 0.0625 
620.0 	 1305 	 515 	 30.0 	 34.0 	 0.0625 
621.0 	 1308 	 515 	 30.0 	 34.0 	 0.0625 
622.0 	 1310 	 515 	 30.0 	 34.0 	 0.0625 
623.0 	 1312 	 515 	 30.0 	 33.0 	 0.047619047619047616 
624.0 	 1314 	 515 	 31.0 	 31.0 	 0.0 
625.0 	 1316 	 515 	 30.0 	 31.0 	 0.01639344262295082 
626.0 	 1318 	 515 	 30.0 	 31.0 	 0.01639344262295082 
627.0 	 1321 	 515 	 31.0 	 31.0 	 0.0 
628.0 	 1323 	 515 	 31.0 	 33.0 	 0.03125 
629.0 	 1326 	 515 	 31.0 	 34.0 	 0.046153846153846156 
630.0 	 1329 	 514 	 31.0 	 33.0 	 0.03125 
631.0 	 1331 	 514 	 30.0 	 34.0 	 0.0625 
632.0 	 1333 	 514 	 30.0 	 34.0 	 0.0625 
633.0 	 1336 	 514 	 30.0 	 33.0 	 0.047619047619047616 
634.0 	 1338 	 514 	 30.0 	 33.0 	 0.047619047619047616 
635.0 	 1340 	 514 	 30.0 	 34.0 	 0.0625 
636.0 	 1343 	 514 	 30.0 	 33.0 	 0.047619047619047616 
637.0 	 1345 	 514 	 30.0 	 33.0 	 0.047619047619047616 
638.0 	 1348 	 514 	 30.0 	 34.0 	 0.0625 
639.0 	 1350 	 514 	 30.0 	 34.0 	 0.0625 
640.0 	 1352 	 514 	 30.0 	 33.0 	 0.047619047619047616 
641.0 	 1355 	 514 	 30.0 	 33.0 	 0.047619047619047616 
642.0 	 1358 	 514 	 30.0 	 32.0 	 0.03225806451612903 
643.0 	 1360 	 514 	 30.0 	 33.0 	 0.047619047619047616 
644.0 	 1362 	 514 	 31.0 	 34.0 	 0.046153846153846156 
645.0 	 1365 	 514 	 31.0 	 33.0 	 0.03125 
646.0 	 1367 	 514 	 31.0 	 35.0 	 0.06060606060606061 
647.0 	 1369 	 514 	 31.0 	 35.0 	 0.06060606060606061 
648.0 	 1371 	 514 	 30.0 	 35.0 	 0.07692307692307693 
649.0 	 1373 	 514 	 31.0 	 34.0 	 0.046153846153846156 
650.0 	 1376 	 514 	 31.0 	 34.0 	 0.046153846153846156 
651.0 	 1378 	 514 	 31.0 	 34.0 	 0.046153846153846156 
652.0 	 1381 	 514 	 31.0 	 35.0 	 0.06060606060606061 
653.0 	 1383 	 514 	 31.0 	 34.0 	 0.046153846153846156 
654.0 	 1385 	 514 	 30.0 	 34.0 	 0.0625 
655.0 	 1388 	 514 	 31.0 	 35.0 	 0.06060606060606061 
656.0 	 1390 	 514 	 31.0 	 34.0 	 0.046153846153846156 
657.0 	 1393 	 514 	 31.0 	 34.0 	 0.046153846153846156 
658.0 	 1395 	 514 	 31.0 	 35.0 	 0.06060606060606061 
659.0 	 1398 	 514 	 31.0 	 35.0 	 0.06060606060606061 
660.0 	 1400 	 514 	 31.0 	 34.0 	 0.046153846153846156 
661.0 	 1402 	 514 	 31.0 	 34.0 	 0.046153846153846156 
662.0 	 1405 	 514 	 31.0 	 33.0 	 0.03125 
663.0 	 1407 	 514 	 31.0 	 34.0 	 0.046153846153846156 
664.0 	 1410 	 514 	 31.0 	 35.0 	 0.06060606060606061 
665.0 	 1412 	 514 	 31.0 	 34.0 	 0.046153846153846156 
666.0 	 1414 	 514 	 31.0 	 34.0 	 0.046153846153846156 
667.0 	 1417 	 514 	 31.0 	 34.0 	 0.046153846153846156 
668.0 	 1419 	 514 	 31.0 	 34.0 	 0.046153846153846156 
669.0 	 1421 	 514 	 31.0 	 34.0 	 0.046153846153846156 
670.0 	 1424 	 514 	 31.0 	 34.0 	 0.046153846153846156 
671.0 	 1426 	 514 	 31.0 	 34.0 	 0.046153846153846156 
672.0 	 1429 	 514 	 31.0 	 34.0 	 0.046153846153846156 
673.0 	 1431 	 514 	 31.0 	 33.0 	 0.03125 
674.0 	 1434 	 514 	 31.254119873046875 	 34.648231506347656 	 0.05150213250755127 
675.0 	 1436 	 514 	 31.0 	 35.0 	 0.06060606060606061 
676.0 	 1438 	 514 	 31.0 	 33.0 	 0.03125 
677.0 	 1441 	 514 	 31.252126693725586 	 33.681617736816406 	 0.03741492292485283 
678.0 	 1443 	 514 	 31.0 	 34.0 	 0.046153846153846156 
679.0 	 1445 	 514 	 31.0 	 34.0 	 0.046153846153846156 
680.0 	 1448 	 514 	 31.0 	 34.0 	 0.046153846153846156 
681.0 	 1450 	 514 	 31.0 	 34.0 	 0.046153846153846156 
682.0 	 1453 	 514 	 31.0 	 34.0 	 0.046153846153846156 
683.0 	 1455 	 514 	 31.0 	 34.0 	 0.046153846153846156 
684.0 	 1457 	 514 	 30.0 	 34.0 	 0.0625 
685.0 	 1460 	 514 	 33.93076705932617 	 32.040199279785156 	 0.028657572936296068 
686.0 	 1462 	 514 	 31.0 	 33.0 	 0.03125 
687.0 	 1464 	 514 	 31.0 	 34.0 	 0.046153846153846156 
688.0 	 1467 	 514 	 34.67518615722656 	 31.1442928314209 	 0.05364511205588048 
689.0 	 1469 	 514 	 30.0 	 33.0 	 0.047619047619047616 
690.0 	 1471 	 514 	 30.0 	 34.0 	 0.0625 
691.0 	 1474 	 514 	 30.0 	 34.0 	 0.0625 
692.0 	 1476 	 513 	 30.802024841308594 	 34.1975212097168 	 0.05223877049453083 
693.0 	 1478 	 514 	 31.0 	 34.0 	 0.046153846153846156 
694.0 	 1481 	 514 	 32.0 	 34.0 	 0.030303030303030304 
695.0 	 1483 	 514 	 31.772165298461914 	 33.71245193481445 	 0.029629655304247115 
696.0 	 1486 	 514 	 32.0 	 33.0 	 0.015384615384615385 
697.0 	 1488 	 514 	 32.0 	 33.0 	 0.015384615384615385 
698.0 	 1490 	 514 	 30.413814544677734 	 34.3593864440918 	 0.060913646989565196 
699.0 	 1493 	 514 	 31.0 	 33.0 	 0.03125 
700.0 	 1495 	 514 	 31.0 	 33.0 	 0.03125 
701.0 	 1497 	 514 	 31.0 	 33.0 	 0.03125 
702.0 	 1500 	 513 	 31.0 	 33.0 	 0.03125 
703.0 	 1502 	 513 	 31.0 	 33.0 	 0.03125 
704.0 	 1504 	 513 	 30.678855895996094 	 34.346012115478516 	 0.05639621165913474 
705.0 	 1506 	 513 	 31.0 	 34.0 	 0.046153846153846156 
706.0 	 1509 	 513 	 31.0 	 33.0 	 0.03125 
707.0 	 1511 	 514 	 31.0 	 33.0 	 0.03125 
708.0 	 1514 	 514 	 31.0 	 32.0 	 0.015873015873015872 
709.0 	 1516 	 514 	 31.0 	 34.0 	 0.046153846153846156 
710.0 	 1518 	 513 	 31.0 	 32.0 	 0.015873015873015872 
711.0 	 1520 	 514 	 31.0 	 33.0 	 0.03125 
712.0 	 1523 	 514 	 31.0 	 32.0 	 0.015873015873015872 
713.0 	 1525 	 514 	 31.0 	 33.0 	 0.03125 
714.0 	 1528 	 514 	 31.0 	 33.0 	 0.03125 
715.0 	 1530 	 514 	 31.0 	 33.0 	 0.03125 
716.0 	 1532 	 514 	 31.0 	 33.0 	 0.03125 
717.0 	 1534 	 514 	 31.0 	 32.0 	 0.015873015873015872 
718.0 	 1537 	 514 	 31.0 	 33.0 	 0.03125 
719.0 	 1539 	 514 	 31.0 	 33.0 	 0.03125 
720.0 	 1541 	 514 	 31.0 	 32.0 	 0.015873015873015872 
721.0 	 1544 	 514 	 30.0 	 32.0 	 0.03225806451612903 
722.0 	 1546 	 514 	 30.0 	 33.0 	 0.047619047619047616 
723.0 	 1549 	 514 	 30.0 	 32.0 	 0.03225806451612903 
724.0 	 1551 	 514 	 30.0 	 33.0 	 0.047619047619047616 
725.0 	 1553 	 513 	 31.0 	 32.0 	 0.015873015873015872 
726.0 	 1556 	 513 	 31.0 	 33.0 	 0.03125 
727.0 	 1558 	 513 	 31.0 	 33.0 	 0.03125 
728.0 	 1561 	 513 	 31.0 	 33.0 	 0.03125 
729.0 	 1563 	 513 	 31.0 	 33.0 	 0.03125 
730.0 	 1565 	 513 	 30.0 	 33.0 	 0.047619047619047616 
731.0 	 1567 	 513 	 30.0 	 32.0 	 0.03225806451612903 
732.0 	 1569 	 513 	 30.0 	 33.0 	 0.047619047619047616 
733.0 	 1572 	 513 	 30.0 	 33.0 	 0.047619047619047616 
734.0 	 1574 	 513 	 30.0 	 32.0 	 0.03225806451612903 
735.0 	 1577 	 514 	 30.0 	 32.0 	 0.03225806451612903 
736.0 	 1579 	 514 	 29.0 	 31.0 	 0.03333333333333333 
737.0 	 1581 	 514 	 30.0 	 31.0 	 0.01639344262295082 
738.0 	 1583 	 514 	 30.0 	 32.0 	 0.03225806451612903 
739.0 	 1585 	 514 	 30.0 	 32.0 	 0.03225806451612903 
740.0 	 1588 	 513 	 31.180845260620117 	 32.69180679321289 	 0.023655844622191485 
741.0 	 1591 	 513 	 30.688434600830078 	 33.2340202331543 	 0.03982302680545457 
742.0 	 1593 	 513 	 30.0 	 33.0 	 0.047619047619047616 
743.0 	 1595 	 514 	 31.0 	 32.0 	 0.015873015873015872 
744.0 	 1598 	 514 	 30.0 	 33.0 	 0.047619047619047616 
745.0 	 1600 	 513 	 31.0 	 33.0 	 0.03125 
746.0 	 1602 	 513 	 31.0 	 33.0 	 0.03125 
747.0 	 1604 	 513 	 30.0 	 33.0 	 0.047619047619047616 
748.0 	 1606 	 513 	 30.0 	 33.0 	 0.047619047619047616 
749.0 	 1608 	 513 	 30.0 	 33.0 	 0.047619047619047616 
750.0 	 1611 	 514 	 31.0 	 33.0 	 0.03125 
751.0 	 1613 	 514 	 30.0 	 34.0 	 0.0625 
752.0 	 1616 	 513 	 30.0 	 33.0 	 0.047619047619047616 
753.0 	 1618 	 513 	 30.0 	 33.0 	 0.047619047619047616 
754.0 	 1620 	 513 	 29.0 	 33.0 	 0.06451612903225806 
755.0 	 1622 	 513 	 29.0 	 33.0 	 0.06451612903225806 
756.0 	 1625 	 513 	 29.0 	 33.0 	 0.06451612903225806 
757.0 	 1627 	 513 	 30.0 	 33.0 	 0.047619047619047616 
758.0 	 1629 	 513 	 30.0 	 32.0 	 0.03225806451612903 
759.0 	 1632 	 513 	 30.0 	 33.0 	 0.047619047619047616 
760.0 	 1634 	 513 	 30.0 	 34.0 	 0.0625 
761.0 	 1636 	 513 	 30.0 	 34.0 	 0.0625 
762.0 	 1638 	 513 	 30.0 	 34.0 	 0.0625 
763.0 	 1640 	 513 	 30.0 	 34.0 	 0.0625 
764.0 	 1643 	 513 	 30.0 	 33.0 	 0.047619047619047616 
765.0 	 1645 	 513 	 30.0 	 32.0 	 0.03225806451612903 
766.0 	 1647 	 513 	 31.0 	 33.0 	 0.03125 
767.0 	 1649 	 513 	 31.0 	 33.0 	 0.03125 
768.0 	 1651 	 513 	 30.0 	 33.0 	 0.047619047619047616 
769.0 	 1654 	 513 	 30.0 	 33.0 	 0.047619047619047616 
770.0 	 1656 	 513 	 30.0 	 32.0 	 0.03225806451612903 
771.0 	 1658 	 513 	 29.0 	 32.0 	 0.04918032786885246 
772.0 	 1661 	 513 	 29.698486328125 	 32.38549041748047 	 0.04328015423956657 
773.0 	 1663 	 513 	 30.0 	 32.0 	 0.03225806451612903 
774.0 	 1665 	 513 	 30.0 	 33.0 	 0.047619047619047616 
775.0 	 1667 	 513 	 30.0 	 34.0 	 0.0625 
776.0 	 1669 	 513 	 30.0 	 33.0 	 0.047619047619047616 
777.0 	 1671 	 513 	 30.0 	 32.0 	 0.03225806451612903 
778.0 	 1673 	 513 	 31.0 	 32.0 	 0.015873015873015872 
779.0 	 1676 	 513 	 30.0 	 32.0 	 0.03225806451612903 
780.0 	 1678 	 513 	 30.0 	 32.0 	 0.03225806451612903 
781.0 	 1680 	 513 	 31.0 	 32.0 	 0.015873015873015872 
782.0 	 1682 	 513 	 30.0 	 33.0 	 0.047619047619047616 
783.0 	 1685 	 513 	 30.0 	 31.0 	 0.01639344262295082 
784.0 	 1687 	 513 	 30.0 	 31.0 	 0.01639344262295082 
785.0 	 1689 	 513 	 30.0 	 33.0 	 0.047619047619047616 
786.0 	 1691 	 513 	 30.0 	 33.0 	 0.047619047619047616 
787.0 	 1694 	 513 	 30.0 	 31.0 	 0.01639344262295082 
788.0 	 1696 	 513 	 30.0 	 31.0 	 0.01639344262295082 
789.0 	 1698 	 513 	 31.0 	 31.0 	 0.0 
790.0 	 1700 	 513 	 31.0 	 31.0 	 0.0 
791.0 	 1702 	 513 	 31.0 	 32.0 	 0.015873015873015872 
792.0 	 1704 	 513 	 32.25723648071289 	 31.28709602355957 	 0.015267143723448381 
793.0 	 1707 	 513 	 31.0 	 33.0 	 0.03125 
794.0 	 1709 	 513 	 31.0 	 33.0 	 0.03125 
795.0 	 1711 	 513 	 31.622774124145508 	 31.939001083374023 	 0.004975112136123994 
796.0 	 1714 	 513 	 31.0 	 33.0 	 0.03125 
797.0 	 1716 	 513 	 31.61123275756836 	 31.7821044921875 	 0.002695421033695441 
798.0 	 1718 	 513 	 31.0 	 32.0 	 0.015873015873015872 
799.0 	 1720 	 513 	 30.990318298339844 	 31.622774124145508 	 0.010101015639638639 
800.0 	 1723 	 513 	 30.0 	 31.0 	 0.01639344262295082 
801.0 	 1725 	 513 	 30.0 	 33.0 	 0.047619047619047616 
802.0 	 1727 	 513 	 29.0 	 32.0 	 0.04918032786885246 
803.0 	 1729 	 513 	 29.0 	 33.0 	 0.06451612903225806 
804.0 	 1732 	 513 	 29.0 	 33.0 	 0.06451612903225806 
805.0 	 1734 	 513 	 29.0 	 33.0 	 0.06451612903225806 
806.0 	 1736 	 513 	 31.304948806762695 	 31.304948806762695 	 0.0 
807.0 	 1738 	 513 	 29.0 	 33.0 	 0.06451612903225806 
808.0 	 1740 	 513 	 29.0 	 33.0 	 0.06451612903225806 
809.0 	 1742 	 513 	 29.0 	 33.0 	 0.06451612903225806 
810.0 	 1744 	 513 	 30.0 	 33.0 	 0.047619047619047616 
811.0 	 1747 	 513 	 30.0 	 31.0 	 0.01639344262295082 
812.0 	 1749 	 513 	 29.0 	 31.0 	 0.03333333333333333 
813.0 	 1751 	 513 	 29.0 	 30.0 	 0.01694915254237288 
814.0 	 1753 	 513 	 29.0 	 30.0 	 0.01694915254237288 
815.0 	 1755 	 513 	 29.0 	 31.0 	 0.03333333333333333 
816.0 	 1757 	 513 	 30.0 	 30.0 	 0.0 
817.0 	 1759 	 513 	 29.0 	 32.0 	 0.04918032786885246 
818.0 	 1761 	 512 	 29.0 	 31.0 	 0.03333333333333333 
819.0 	 1763 	 512 	 29.0 	 31.0 	 0.03333333333333333 
820.0 	 1765 	 512 	 29.0 	 31.0 	 0.03333333333333333 
821.0 	 1767 	 513 	 30.0 	 31.0 	 0.01639344262295082 
822.0 	 1769 	 513 	 30.0 	 32.0 	 0.03225806451612903 
823.0 	 1771 	 513 	 30.0 	 32.0 	 0.03225806451612903 
824.0 	 1774 	 513 	 30.0 	 32.0 	 0.03225806451612903 
825.0 	 1776 	 513 	 31.0 	 31.0 	 0.0 
826.0 	 1778 	 513 	 33.0 	 31.0 	 0.03125 
827.0 	 1780 	 513 	 31.0 	 33.0 	 0.03125 
828.0 	 1783 	 512 	 31.0 	 34.0 	 0.046153846153846156 
829.0 	 1785 	 513 	 31.0 	 33.0 	 0.03125 
830.0 	 1787 	 513 	 31.0 	 33.0 	 0.03125 
831.0 	 1789 	 513 	 30.0 	 32.0 	 0.03225806451612903 
832.0 	 1791 	 513 	 30.0 	 32.0 	 0.03225806451612903 
833.0 	 1793 	 513 	 30.0 	 32.0 	 0.03225806451612903 
834.0 	 1795 	 513 	 30.0 	 34.0 	 0.0625 
835.0 	 1797 	 513 	 33.0 	 31.0 	 0.03125 
836.0 	 1799 	 513 	 30.0 	 32.0 	 0.03225806451612903 
837.0 	 1801 	 513 	 30.55948829650879 	 32.25723648071289 	 0.027027008972930908 
838.0 	 1804 	 513 	 29.0 	 33.0 	 0.06451612903225806 
839.0 	 1806 	 513 	 29.0 	 33.0 	 0.06451612903225806 
840.0 	 1808 	 513 	 33.241310119628906 	 29.644298553466797 	 0.05719928044047089 
841.0 	 1810 	 513 	 29.0 	 32.0 	 0.04918032786885246 
842.0 	 1812 	 513 	 29.0 	 32.0 	 0.04918032786885246 
843.0 	 1814 	 513 	 29.0 	 34.0 	 0.07936507936507936 
844.0 	 1817 	 513 	 29.0 	 33.0 	 0.06451612903225806 
845.0 	 1819 	 513 	 33.0 	 29.0 	 0.06451612903225806 
846.0 	 1821 	 513 	 29.0 	 33.0 	 0.06451612903225806 
847.0 	 1823 	 513 	 30.0 	 32.0 	 0.03225806451612903 
848.0 	 1825 	 513 	 30.857736587524414 	 31.752164840698242 	 0.014285731693719722 
849.0 	 1827 	 513 	 31.0 	 32.0 	 0.015873015873015872 
850.0 	 1829 	 513 	 31.77682113647461 	 31.958057403564453 	 0.0028435963359683633 
851.0 	 1831 	 513 	 31.823530197143555 	 31.58823585510254 	 0.0037105785990434706 
852.0 	 1833 	 513 	 32.199378967285156 	 31.30495262145996 	 0.014084493505380264 
853.0 	 1835 	 513 	 30.0 	 33.0 	 0.047619047619047616 
854.0 	 1837 	 513 	 30.0 	 34.0 	 0.0625 
855.0 	 1839 	 513 	 32.616695404052734 	 31.21983528137207 	 0.021881830163423904 
856.0 	 1841 	 513 	 33.03575134277344 	 31.21983528137207 	 0.02826082768527702 
857.0 	 1843 	 513 	 32.64659118652344 	 30.410520553588867 	 0.035461037957946084 
858.0 	 1846 	 513 	 32.199378967285156 	 30.410520553588867 	 0.02857149472185125 
859.0 	 1848 	 513 	 32.64659118652344 	 30.857736587524414 	 0.028169018737807503 
860.0 	 1850 	 513 	 31.0 	 33.0 	 0.03125 
861.0 	 1852 	 513 	 31.0 	 32.0 	 0.015873015873015872 
862.0 	 1854 	 513 	 31.0 	 32.0 	 0.015873015873015872 
863.0 	 1856 	 513 	 32.37306594848633 	 30.63657569885254 	 0.027559119592408084 
864.0 	 1858 	 513 	 32.12499237060547 	 31.38078498840332 	 0.011718735100194421 
865.0 	 1860 	 513 	 31.71640968322754 	 31.172698974609375 	 0.008645546426430542 
866.0 	 1862 	 513 	 31.0 	 32.0 	 0.015873015873015872 
867.0 	 1864 	 513 	 31.0 	 32.0 	 0.015873015873015872 
868.0 	 1866 	 513 	 31.0 	 32.0 	 0.015873015873015872 
869.0 	 1869 	 513 	 31.0 	 31.0 	 0.0 
870.0 	 1871 	 513 	 31.0 	 31.0 	 0.0 
871.0 	 1873 	 512 	 32.0 	 31.0 	 0.015873015873015872 
872.0 	 1875 	 512 	 32.58130645751953 	 30.351198196411133 	 0.03543650889745907 
873.0 	 1877 	 512 	 30.0 	 32.0 	 0.03225806451612903 
874.0 	 1879 	 512 	 30.0 	 34.0 	 0.0625 
875.0 	 1881 	 512 	 32.64659118652344 	 30.857738494873047 	 0.028168987856814317 
876.0 	 1883 	 512 	 30.0 	 33.0 	 0.047619047619047616 
877.0 	 1885 	 512 	 30.0 	 33.0 	 0.047619047619047616 
878.0 	 1888 	 512 	 31.294118881225586 	 31.117647171020508 	 0.002827539122308288 
879.0 	 1890 	 512 	 31.752164840698242 	 30.857738494873047 	 0.014285700794510484 
880.0 	 1892 	 512 	 30.0 	 32.0 	 0.03225806451612903 
881.0 	 1894 	 512 	 30.0 	 31.0 	 0.01639344262295082 
882.0 	 1896 	 512 	 30.0 	 31.0 	 0.01639344262295082 
883.0 	 1898 	 512 	 30.0 	 30.0 	 0.0 
884.0 	 1901 	 512 	 30.0 	 33.0 	 0.047619047619047616 
885.0 	 1902 	 512 	 31.0 	 31.0 	 0.0 
886.0 	 1904 	 512 	 29.0 	 32.0 	 0.04918032786885246 
887.0 	 1907 	 512 	 31.0 	 26.0 	 0.08771929824561403 
888.0 	 1908 	 513 	 31.0 	 25.0 	 0.10714285714285714 
889.0 	 1909 	 512 	 30.0 	 22.0 	 0.15384615384615385 
890.0 	 1910 	 512 	 30.0 	 20.0 	 0.2 
