frame 	 x 	 y 	 width 	 height 	 deformation 
1.0 	 122 	 561 	 43.0 	 44.0 	 0.011494252873563218 
2.0 	 122 	 561 	 43.0 	 46.0 	 0.033707865168539325 
3.0 	 122 	 561 	 42.0 	 45.0 	 0.034482758620689655 
4.0 	 122 	 561 	 42.0 	 45.0 	 0.034482758620689655 
5.0 	 123 	 561 	 43.0 	 46.0 	 0.033707865168539325 
6.0 	 123 	 561 	 43.0 	 45.0 	 0.022727272727272728 
7.0 	 123 	 561 	 42.0 	 45.0 	 0.034482758620689655 
8.0 	 123 	 561 	 43.0 	 46.0 	 0.033707865168539325 
9.0 	 123 	 561 	 43.0 	 45.0 	 0.022727272727272728 
10.0 	 123 	 561 	 43.49456024169922 	 44.47074890136719 	 0.01109742771528603 
11.0 	 123 	 561 	 43.0 	 46.0 	 0.033707865168539325 
12.0 	 123 	 561 	 43.0 	 45.0 	 0.022727272727272728 
13.0 	 124 	 561 	 43.0 	 44.0 	 0.011494252873563218 
14.0 	 124 	 562 	 43.0 	 46.0 	 0.033707865168539325 
15.0 	 124 	 562 	 43.0 	 46.0 	 0.033707865168539325 
16.0 	 124 	 562 	 43.0 	 44.0 	 0.011494252873563218 
17.0 	 124 	 561 	 43.0 	 45.0 	 0.022727272727272728 
18.0 	 124 	 561 	 43.0 	 45.0 	 0.022727272727272728 
19.0 	 124 	 561 	 43.0 	 43.0 	 0.0 
20.0 	 124 	 561 	 43.0 	 45.0 	 0.022727272727272728 
21.0 	 125 	 561 	 43.0 	 45.0 	 0.022727272727272728 
22.0 	 125 	 562 	 43.0 	 43.0 	 0.0 
23.0 	 125 	 562 	 43.0 	 44.0 	 0.011494252873563218 
24.0 	 125 	 561 	 43.0 	 44.0 	 0.011494252873563218 
25.0 	 125 	 562 	 43.0 	 44.0 	 0.011494252873563218 
26.0 	 125 	 562 	 43.0 	 45.0 	 0.022727272727272728 
27.0 	 125 	 562 	 43.0 	 46.0 	 0.033707865168539325 
28.0 	 125 	 562 	 43.0 	 44.0 	 0.011494252873563218 
29.0 	 126 	 562 	 43.0 	 45.0 	 0.022727272727272728 
30.0 	 126 	 562 	 43.0 	 45.0 	 0.022727272727272728 
31.0 	 126 	 562 	 43.0 	 43.0 	 0.0 
32.0 	 126 	 562 	 43.0 	 44.0 	 0.011494252873563218 
33.0 	 126 	 562 	 43.0 	 44.0 	 0.011494252873563218 
34.0 	 126 	 562 	 43.0 	 44.0 	 0.011494252873563218 
35.0 	 126 	 562 	 43.0 	 43.0 	 0.0 
36.0 	 126 	 562 	 43.0 	 44.0 	 0.011494252873563218 
37.0 	 126 	 562 	 43.0 	 44.0 	 0.011494252873563218 
38.0 	 126 	 562 	 43.0 	 42.0 	 0.011764705882352941 
39.0 	 126 	 562 	 44.0 	 44.0 	 0.0 
40.0 	 127 	 562 	 43.0 	 43.0 	 0.0 
41.0 	 127 	 561 	 43.0 	 42.0 	 0.011764705882352941 
42.0 	 127 	 561 	 44.0 	 44.0 	 0.0 
43.0 	 128 	 562 	 44.0 	 43.0 	 0.011494252873563218 
44.0 	 128 	 561 	 43.0 	 43.0 	 0.0 
45.0 	 128 	 561 	 44.0 	 45.0 	 0.011235955056179775 
46.0 	 129 	 561 	 44.0 	 45.0 	 0.011235955056179775 
47.0 	 129 	 561 	 43.0 	 42.0 	 0.011764705882352941 
48.0 	 129 	 561 	 44.0 	 45.0 	 0.011235955056179775 
49.0 	 130 	 562 	 43.0 	 44.0 	 0.011494252873563218 
50.0 	 130 	 562 	 43.0 	 43.0 	 0.0 
51.0 	 131 	 562 	 43.0 	 44.0 	 0.011494252873563218 
52.0 	 131 	 562 	 43.0 	 46.0 	 0.033707865168539325 
53.0 	 132 	 562 	 43.28411865234375 	 42.687095642089844 	 0.0069444524560188965 
54.0 	 133 	 562 	 43.0 	 44.0 	 0.011494252873563218 
55.0 	 134 	 562 	 43.0 	 44.0 	 0.011494252873563218 
56.0 	 135 	 562 	 42.0 	 42.0 	 0.0 
57.0 	 136 	 562 	 43.0 	 43.0 	 0.0 
58.0 	 138 	 562 	 43.0 	 43.0 	 0.0 
59.0 	 139 	 562 	 43.0 	 43.0 	 0.0 
60.0 	 140 	 562 	 42.0 	 42.0 	 0.0 
61.0 	 142 	 562 	 42.0 	 43.0 	 0.011764705882352941 
62.0 	 143 	 562 	 42.0 	 43.0 	 0.011764705882352941 
63.0 	 144 	 562 	 41.0 	 43.0 	 0.023809523809523808 
64.0 	 146 	 562 	 42.0 	 44.0 	 0.023255813953488372 
65.0 	 147 	 562 	 42.0 	 44.0 	 0.023255813953488372 
66.0 	 149 	 562 	 42.0 	 43.0 	 0.011764705882352941 
67.0 	 151 	 562 	 42.0 	 45.0 	 0.034482758620689655 
68.0 	 152 	 562 	 42.0 	 44.0 	 0.023255813953488372 
69.0 	 154 	 562 	 42.0 	 44.0 	 0.023255813953488372 
70.0 	 155 	 562 	 42.0 	 45.0 	 0.034482758620689655 
71.0 	 157 	 562 	 42.0 	 45.0 	 0.034482758620689655 
72.0 	 158 	 562 	 42.0 	 44.0 	 0.023255813953488372 
73.0 	 160 	 562 	 41.0 	 45.0 	 0.046511627906976744 
74.0 	 162 	 562 	 46.0 	 42.0 	 0.045454545454545456 
75.0 	 163 	 562 	 40.0 	 43.0 	 0.03614457831325301 
76.0 	 165 	 562 	 42.0 	 45.0 	 0.034482758620689655 
77.0 	 167 	 562 	 42.0 	 47.0 	 0.056179775280898875 
78.0 	 169 	 562 	 40.0 	 45.0 	 0.058823529411764705 
79.0 	 170 	 562 	 40.0 	 46.0 	 0.06976744186046512 
80.0 	 172 	 562 	 42.0 	 46.0 	 0.045454545454545456 
81.0 	 174 	 562 	 40.0 	 45.0 	 0.058823529411764705 
82.0 	 176 	 562 	 40.0 	 44.0 	 0.047619047619047616 
83.0 	 178 	 562 	 41.89326477050781 	 45.954345703125 	 0.04622870116468459 
84.0 	 179 	 562 	 40.0 	 45.0 	 0.058823529411764705 
85.0 	 181 	 562 	 40.0 	 45.0 	 0.058823529411764705 
86.0 	 183 	 562 	 41.0 	 47.0 	 0.06818181818181818 
87.0 	 185 	 562 	 40.0 	 46.0 	 0.06976744186046512 
88.0 	 187 	 562 	 39.0 	 45.0 	 0.07142857142857142 
89.0 	 188 	 562 	 40.0 	 47.0 	 0.08045977011494253 
90.0 	 190 	 562 	 40.0 	 47.0 	 0.08045977011494253 
91.0 	 192 	 562 	 39.0 	 45.0 	 0.07142857142857142 
92.0 	 194 	 562 	 40.0 	 47.0 	 0.08045977011494253 
93.0 	 196 	 562 	 40.0 	 48.0 	 0.09090909090909091 
94.0 	 197 	 562 	 39.0 	 46.0 	 0.08235294117647059 
95.0 	 200 	 562 	 40.0 	 48.0 	 0.09090909090909091 
96.0 	 202 	 562 	 40.0 	 48.0 	 0.09090909090909091 
97.0 	 204 	 562 	 40.0 	 47.0 	 0.08045977011494253 
98.0 	 206 	 562 	 40.0 	 48.0 	 0.09090909090909091 
99.0 	 207 	 562 	 40.0 	 50.0 	 0.1111111111111111 
100.0 	 209 	 562 	 39.0 	 48.0 	 0.10344827586206896 
101.0 	 211 	 562 	 39.0 	 49.0 	 0.11363636363636363 
102.0 	 213 	 562 	 39.0 	 49.0 	 0.11363636363636363 
103.0 	 215 	 562 	 39.0 	 47.0 	 0.09302325581395349 
104.0 	 217 	 562 	 39.0 	 49.0 	 0.11363636363636363 
105.0 	 220 	 562 	 39.0 	 50.0 	 0.12359550561797752 
106.0 	 222 	 562 	 38.0 	 48.0 	 0.11627906976744186 
107.0 	 223 	 562 	 38.0 	 49.0 	 0.12643678160919541 
108.0 	 226 	 562 	 39.0 	 50.0 	 0.12359550561797752 
109.0 	 228 	 562 	 38.0 	 50.0 	 0.13636363636363635 
110.0 	 230 	 562 	 38.0 	 50.0 	 0.13636363636363635 
111.0 	 232 	 562 	 39.0 	 50.0 	 0.12359550561797752 
112.0 	 234 	 562 	 39.0 	 49.0 	 0.11363636363636363 
113.0 	 236 	 562 	 39.0 	 49.0 	 0.11363636363636363 
114.0 	 238 	 562 	 39.0 	 51.0 	 0.13333333333333333 
115.0 	 241 	 562 	 39.0 	 50.0 	 0.12359550561797752 
116.0 	 243 	 562 	 39.0 	 49.0 	 0.11363636363636363 
117.0 	 245 	 562 	 39.0 	 50.0 	 0.12359550561797752 
118.0 	 247 	 562 	 39.0 	 50.0 	 0.12359550561797752 
119.0 	 249 	 562 	 39.0 	 49.0 	 0.11363636363636363 
120.0 	 251 	 562 	 39.0 	 50.0 	 0.12359550561797752 
121.0 	 253 	 562 	 39.0 	 50.0 	 0.12359550561797752 
122.0 	 255 	 562 	 39.0 	 49.0 	 0.11363636363636363 
123.0 	 257 	 562 	 39.0 	 51.0 	 0.13333333333333333 
124.0 	 259 	 562 	 39.0 	 51.0 	 0.13333333333333333 
125.0 	 262 	 562 	 39.0 	 49.0 	 0.11363636363636363 
126.0 	 264 	 562 	 39.0 	 50.0 	 0.12359550561797752 
127.0 	 266 	 562 	 39.0 	 52.0 	 0.14285714285714285 
128.0 	 268 	 562 	 39.0 	 51.0 	 0.13333333333333333 
129.0 	 270 	 562 	 39.0 	 51.0 	 0.13333333333333333 
130.0 	 272 	 562 	 39.0 	 51.0 	 0.13333333333333333 
131.0 	 274 	 562 	 39.0 	 49.0 	 0.11363636363636363 
132.0 	 276 	 563 	 39.0 	 51.0 	 0.13333333333333333 
133.0 	 278 	 563 	 39.0 	 49.0 	 0.11363636363636363 
134.0 	 281 	 563 	 38.0 	 50.0 	 0.13636363636363635 
135.0 	 283 	 563 	 38.0 	 51.0 	 0.14606741573033707 
136.0 	 285 	 563 	 38.0 	 51.0 	 0.14606741573033707 
137.0 	 287 	 563 	 38.0 	 50.0 	 0.13636363636363635 
138.0 	 289 	 563 	 38.0 	 51.0 	 0.14606741573033707 
139.0 	 291 	 563 	 38.0 	 52.0 	 0.15555555555555556 
140.0 	 294 	 563 	 38.0 	 51.0 	 0.14606741573033707 
141.0 	 296 	 563 	 38.0 	 51.0 	 0.14606741573033707 
142.0 	 298 	 563 	 38.0 	 51.0 	 0.14606741573033707 
143.0 	 300 	 563 	 38.0 	 51.0 	 0.14606741573033707 
144.0 	 303 	 563 	 38.0 	 51.0 	 0.14606741573033707 
145.0 	 305 	 563 	 38.0 	 51.0 	 0.14606741573033707 
146.0 	 307 	 563 	 38.0 	 51.0 	 0.14606741573033707 
147.0 	 309 	 563 	 38.0 	 51.0 	 0.14606741573033707 
148.0 	 311 	 563 	 38.0 	 52.0 	 0.15555555555555556 
149.0 	 313 	 563 	 38.0 	 51.0 	 0.14606741573033707 
150.0 	 316 	 563 	 39.0 	 50.0 	 0.12359550561797752 
151.0 	 318 	 562 	 39.0 	 51.0 	 0.13333333333333333 
152.0 	 320 	 562 	 39.0 	 51.0 	 0.13333333333333333 
153.0 	 323 	 562 	 39.0 	 50.0 	 0.12359550561797752 
154.0 	 325 	 562 	 39.0 	 51.0 	 0.13333333333333333 
155.0 	 327 	 562 	 39.0 	 51.0 	 0.13333333333333333 
156.0 	 329 	 562 	 39.0 	 51.0 	 0.13333333333333333 
157.0 	 331 	 563 	 39.0 	 52.0 	 0.14285714285714285 
158.0 	 333 	 563 	 39.0 	 52.0 	 0.14285714285714285 
159.0 	 336 	 562 	 39.0 	 51.0 	 0.13333333333333333 
160.0 	 338 	 563 	 39.0 	 52.0 	 0.14285714285714285 
161.0 	 340 	 563 	 39.0 	 53.0 	 0.15217391304347827 
162.0 	 342 	 563 	 39.0 	 51.0 	 0.13333333333333333 
163.0 	 344 	 563 	 39.0 	 52.0 	 0.14285714285714285 
164.0 	 347 	 563 	 39.0 	 52.0 	 0.14285714285714285 
165.0 	 349 	 563 	 39.0 	 50.0 	 0.12359550561797752 
166.0 	 351 	 563 	 39.0 	 51.0 	 0.13333333333333333 
167.0 	 353 	 563 	 39.0 	 53.0 	 0.15217391304347827 
168.0 	 355 	 563 	 39.0 	 51.0 	 0.13333333333333333 
169.0 	 358 	 563 	 39.0 	 52.0 	 0.14285714285714285 
170.0 	 360 	 563 	 39.0 	 53.0 	 0.15217391304347827 
171.0 	 362 	 563 	 38.0 	 51.0 	 0.14606741573033707 
172.0 	 365 	 563 	 38.0 	 52.0 	 0.15555555555555556 
173.0 	 367 	 563 	 39.0 	 53.0 	 0.15217391304347827 
174.0 	 369 	 563 	 39.0 	 51.0 	 0.13333333333333333 
175.0 	 371 	 563 	 39.0 	 51.0 	 0.13333333333333333 
176.0 	 373 	 563 	 38.0 	 53.0 	 0.16483516483516483 
177.0 	 375 	 563 	 51.0 	 39.0 	 0.13333333333333333 
178.0 	 377 	 563 	 38.0 	 51.0 	 0.14606741573033707 
179.0 	 380 	 563 	 39.0 	 53.0 	 0.15217391304347827 
180.0 	 382 	 563 	 38.0 	 51.0 	 0.14606741573033707 
181.0 	 384 	 563 	 38.0 	 51.0 	 0.14606741573033707 
182.0 	 386 	 563 	 38.0 	 52.0 	 0.15555555555555556 
183.0 	 389 	 563 	 38.0 	 52.0 	 0.15555555555555556 
184.0 	 391 	 563 	 38.0 	 50.0 	 0.13636363636363635 
185.0 	 393 	 563 	 53.0 	 39.0 	 0.15217391304347827 
186.0 	 395 	 563 	 39.0 	 53.0 	 0.15217391304347827 
187.0 	 398 	 563 	 38.0 	 50.0 	 0.13636363636363635 
188.0 	 400 	 563 	 38.0 	 53.0 	 0.16483516483516483 
189.0 	 402 	 563 	 38.0 	 53.0 	 0.16483516483516483 
190.0 	 404 	 563 	 38.0 	 51.0 	 0.14606741573033707 
191.0 	 406 	 563 	 38.0 	 52.0 	 0.15555555555555556 
192.0 	 409 	 563 	 39.0 	 53.0 	 0.15217391304347827 
193.0 	 411 	 563 	 38.0 	 52.0 	 0.15555555555555556 
194.0 	 413 	 563 	 38.0 	 52.0 	 0.15555555555555556 
195.0 	 415 	 563 	 39.0 	 54.0 	 0.16129032258064516 
196.0 	 418 	 563 	 38.0 	 52.0 	 0.15555555555555556 
197.0 	 420 	 563 	 38.0 	 52.0 	 0.15555555555555556 
198.0 	 423 	 563 	 39.0 	 54.0 	 0.16129032258064516 
199.0 	 425 	 563 	 39.0 	 53.0 	 0.15217391304347827 
200.0 	 427 	 563 	 38.0 	 52.0 	 0.15555555555555556 
201.0 	 430 	 563 	 38.0 	 54.0 	 0.17391304347826086 
202.0 	 432 	 563 	 38.0 	 53.0 	 0.16483516483516483 
203.0 	 434 	 563 	 37.0 	 51.0 	 0.1590909090909091 
204.0 	 436 	 563 	 38.0 	 52.0 	 0.15555555555555556 
205.0 	 438 	 563 	 37.0 	 52.0 	 0.16853932584269662 
206.0 	 441 	 563 	 37.0 	 51.0 	 0.1590909090909091 
207.0 	 443 	 563 	 38.0 	 53.0 	 0.16483516483516483 
208.0 	 445 	 563 	 38.0 	 54.0 	 0.17391304347826086 
209.0 	 448 	 563 	 38.0 	 52.0 	 0.15555555555555556 
210.0 	 450 	 563 	 38.0 	 53.0 	 0.16483516483516483 
211.0 	 452 	 563 	 39.0 	 54.0 	 0.16129032258064516 
212.0 	 455 	 563 	 38.0 	 52.0 	 0.15555555555555556 
213.0 	 457 	 563 	 38.0 	 54.0 	 0.17391304347826086 
214.0 	 459 	 563 	 39.0 	 54.0 	 0.16129032258064516 
215.0 	 461 	 563 	 37.0 	 53.0 	 0.17777777777777778 
216.0 	 463 	 563 	 54.0 	 38.0 	 0.17391304347826086 
217.0 	 466 	 563 	 38.0 	 53.0 	 0.16483516483516483 
218.0 	 468 	 563 	 37.0 	 52.0 	 0.16853932584269662 
219.0 	 470 	 563 	 37.0 	 52.0 	 0.16853932584269662 
220.0 	 473 	 563 	 37.0 	 54.0 	 0.18681318681318682 
221.0 	 475 	 563 	 37.0 	 52.0 	 0.16853932584269662 
222.0 	 477 	 563 	 37.0 	 52.0 	 0.16853932584269662 
223.0 	 479 	 563 	 38.0 	 53.0 	 0.16483516483516483 
224.0 	 481 	 563 	 38.0 	 51.0 	 0.14606741573033707 
225.0 	 484 	 563 	 38.0 	 50.0 	 0.13636363636363635 
226.0 	 486 	 563 	 38.0 	 52.0 	 0.15555555555555556 
227.0 	 489 	 563 	 38.0 	 52.0 	 0.15555555555555556 
228.0 	 491 	 563 	 37.0 	 51.0 	 0.1590909090909091 
229.0 	 493 	 563 	 38.0 	 52.0 	 0.15555555555555556 
230.0 	 496 	 563 	 38.0 	 52.0 	 0.15555555555555556 
231.0 	 498 	 563 	 37.0 	 51.0 	 0.1590909090909091 
232.0 	 500 	 563 	 37.0 	 53.0 	 0.17777777777777778 
233.0 	 502 	 563 	 37.0 	 54.0 	 0.18681318681318682 
234.0 	 505 	 563 	 37.0 	 52.0 	 0.16853932584269662 
235.0 	 507 	 563 	 39.0 	 53.0 	 0.15217391304347827 
236.0 	 510 	 563 	 39.18587875366211 	 53.72027587890625 	 0.1564417038109668 
237.0 	 512 	 563 	 38.0 	 53.0 	 0.16483516483516483 
238.0 	 514 	 563 	 38.0 	 54.0 	 0.17391304347826086 
239.0 	 517 	 563 	 38.0 	 55.0 	 0.1827956989247312 
240.0 	 519 	 563 	 38.0 	 54.0 	 0.17391304347826086 
241.0 	 521 	 563 	 38.0 	 53.0 	 0.16483516483516483 
242.0 	 523 	 563 	 39.0 	 54.0 	 0.16129032258064516 
243.0 	 526 	 563 	 39.0 	 53.0 	 0.15217391304347827 
244.0 	 528 	 563 	 38.0 	 53.0 	 0.16483516483516483 
245.0 	 530 	 563 	 39.0 	 53.0 	 0.15217391304347827 
246.0 	 533 	 563 	 39.0 	 52.0 	 0.14285714285714285 
247.0 	 535 	 563 	 39.0 	 52.0 	 0.14285714285714285 
248.0 	 537 	 563 	 39.0 	 53.0 	 0.15217391304347827 
249.0 	 539 	 563 	 39.0 	 52.0 	 0.14285714285714285 
250.0 	 542 	 563 	 38.0 	 52.0 	 0.15555555555555556 
251.0 	 544 	 563 	 38.0 	 53.0 	 0.16483516483516483 
252.0 	 547 	 563 	 38.0 	 54.0 	 0.17391304347826086 
253.0 	 549 	 563 	 37.0 	 53.0 	 0.17777777777777778 
254.0 	 551 	 563 	 37.0 	 54.0 	 0.18681318681318682 
255.0 	 554 	 563 	 37.0 	 55.0 	 0.1956521739130435 
256.0 	 557 	 563 	 37.0 	 54.0 	 0.18681318681318682 
257.0 	 558 	 563 	 37.0 	 55.0 	 0.1956521739130435 
258.0 	 561 	 563 	 37.0 	 55.0 	 0.1956521739130435 
259.0 	 563 	 563 	 37.0 	 54.0 	 0.18681318681318682 
260.0 	 565 	 564 	 37.0 	 55.0 	 0.1956521739130435 
261.0 	 567 	 563 	 37.0 	 54.0 	 0.18681318681318682 
262.0 	 570 	 563 	 37.0 	 54.0 	 0.18681318681318682 
263.0 	 572 	 563 	 55.0 	 38.0 	 0.1827956989247312 
264.0 	 574 	 563 	 37.0 	 55.0 	 0.1956521739130435 
265.0 	 577 	 564 	 37.0 	 54.0 	 0.18681318681318682 
266.0 	 579 	 564 	 37.0 	 55.0 	 0.1956521739130435 
267.0 	 582 	 564 	 37.0 	 54.0 	 0.18681318681318682 
268.0 	 584 	 564 	 37.0 	 53.0 	 0.17777777777777778 
269.0 	 586 	 564 	 37.0 	 55.0 	 0.1956521739130435 
270.0 	 588 	 564 	 38.0 	 54.0 	 0.17391304347826086 
271.0 	 591 	 564 	 38.0 	 53.0 	 0.16483516483516483 
272.0 	 593 	 564 	 38.0 	 55.0 	 0.1827956989247312 
273.0 	 595 	 564 	 38.0 	 55.0 	 0.1827956989247312 
274.0 	 598 	 564 	 38.0 	 55.0 	 0.1827956989247312 
275.0 	 600 	 564 	 38.0 	 55.0 	 0.1827956989247312 
276.0 	 602 	 564 	 38.0 	 55.0 	 0.1827956989247312 
277.0 	 604 	 563 	 37.0 	 54.0 	 0.18681318681318682 
278.0 	 606 	 563 	 38.0 	 55.0 	 0.1827956989247312 
279.0 	 609 	 563 	 38.0 	 55.0 	 0.1827956989247312 
280.0 	 611 	 563 	 37.0 	 55.0 	 0.1956521739130435 
281.0 	 613 	 563 	 38.0 	 55.0 	 0.1827956989247312 
282.0 	 616 	 564 	 38.0 	 55.0 	 0.1827956989247312 
283.0 	 618 	 563 	 38.0 	 55.0 	 0.1827956989247312 
284.0 	 621 	 563 	 38.0 	 55.0 	 0.1827956989247312 
285.0 	 623 	 563 	 38.0 	 56.0 	 0.19148936170212766 
286.0 	 625 	 564 	 37.0 	 55.0 	 0.1956521739130435 
287.0 	 628 	 564 	 37.0 	 55.0 	 0.1956521739130435 
288.0 	 630 	 564 	 37.0 	 55.0 	 0.1956521739130435 
289.0 	 632 	 564 	 37.0 	 55.0 	 0.1956521739130435 
290.0 	 635 	 564 	 37.0 	 55.0 	 0.1956521739130435 
291.0 	 637 	 564 	 38.0 	 56.0 	 0.19148936170212766 
292.0 	 639 	 564 	 37.0 	 55.0 	 0.1956521739130435 
293.0 	 642 	 564 	 37.0 	 55.0 	 0.1956521739130435 
294.0 	 644 	 564 	 37.0 	 56.0 	 0.20430107526881722 
295.0 	 647 	 564 	 37.0 	 56.0 	 0.20430107526881722 
296.0 	 649 	 564 	 37.0 	 55.0 	 0.1956521739130435 
297.0 	 651 	 564 	 37.0 	 56.0 	 0.20430107526881722 
298.0 	 654 	 564 	 37.0 	 56.0 	 0.20430107526881722 
299.0 	 656 	 564 	 37.0 	 55.0 	 0.1956521739130435 
300.0 	 658 	 564 	 37.0 	 55.0 	 0.1956521739130435 
301.0 	 660 	 564 	 38.0 	 56.0 	 0.19148936170212766 
302.0 	 663 	 564 	 37.0 	 55.0 	 0.1956521739130435 
303.0 	 665 	 564 	 38.0 	 56.0 	 0.19148936170212766 
304.0 	 668 	 564 	 38.0 	 56.0 	 0.19148936170212766 
305.0 	 670 	 564 	 38.0 	 55.0 	 0.1827956989247312 
306.0 	 672 	 564 	 38.0 	 55.0 	 0.1827956989247312 
307.0 	 674 	 564 	 38.0 	 56.0 	 0.19148936170212766 
308.0 	 677 	 564 	 37.0 	 55.0 	 0.1956521739130435 
309.0 	 679 	 564 	 38.0 	 56.0 	 0.19148936170212766 
310.0 	 681 	 564 	 38.0 	 56.0 	 0.19148936170212766 
311.0 	 684 	 564 	 38.0 	 55.0 	 0.1827956989247312 
312.0 	 687 	 564 	 38.0 	 55.0 	 0.1827956989247312 
313.0 	 689 	 564 	 38.0 	 55.0 	 0.1827956989247312 
314.0 	 691 	 564 	 38.0 	 55.0 	 0.1827956989247312 
315.0 	 693 	 564 	 37.0 	 56.0 	 0.20430107526881722 
316.0 	 696 	 564 	 37.0 	 57.0 	 0.2127659574468085 
317.0 	 698 	 564 	 37.0 	 56.0 	 0.20430107526881722 
318.0 	 700 	 564 	 37.0 	 55.0 	 0.1956521739130435 
319.0 	 703 	 564 	 38.0 	 56.0 	 0.19148936170212766 
320.0 	 705 	 564 	 38.0 	 56.0 	 0.19148936170212766 
321.0 	 708 	 564 	 37.0 	 55.0 	 0.1956521739130435 
322.0 	 710 	 564 	 37.0 	 56.0 	 0.20430107526881722 
323.0 	 712 	 564 	 37.0 	 56.0 	 0.20430107526881722 
324.0 	 714 	 564 	 37.0 	 55.0 	 0.1956521739130435 
325.0 	 717 	 564 	 36.0 	 55.0 	 0.2087912087912088 
326.0 	 719 	 564 	 36.0 	 56.0 	 0.21739130434782608 
327.0 	 721 	 564 	 37.0 	 54.0 	 0.18681318681318682 
328.0 	 723 	 564 	 37.0 	 56.0 	 0.20430107526881722 
329.0 	 726 	 564 	 37.0 	 56.0 	 0.20430107526881722 
330.0 	 728 	 564 	 36.0 	 56.0 	 0.21739130434782608 
331.0 	 731 	 564 	 36.0 	 56.0 	 0.21739130434782608 
332.0 	 733 	 564 	 37.0 	 57.0 	 0.2127659574468085 
333.0 	 736 	 564 	 56.0 	 37.0 	 0.20430107526881722 
334.0 	 738 	 564 	 36.0 	 55.0 	 0.2087912087912088 
335.0 	 740 	 564 	 36.0 	 56.0 	 0.21739130434782608 
336.0 	 743 	 564 	 36.0 	 56.0 	 0.21739130434782608 
337.0 	 744 	 564 	 36.0 	 54.0 	 0.2 
338.0 	 747 	 564 	 37.0 	 56.0 	 0.20430107526881722 
339.0 	 749 	 564 	 37.0 	 55.0 	 0.1956521739130435 
340.0 	 752 	 564 	 37.0 	 54.0 	 0.18681318681318682 
341.0 	 754 	 564 	 37.0 	 55.0 	 0.1956521739130435 
342.0 	 757 	 564 	 37.0 	 56.0 	 0.20430107526881722 
343.0 	 759 	 564 	 37.0 	 55.0 	 0.1956521739130435 
344.0 	 761 	 564 	 37.0 	 55.0 	 0.1956521739130435 
345.0 	 763 	 564 	 37.0 	 56.0 	 0.20430107526881722 
346.0 	 766 	 564 	 36.0 	 54.0 	 0.2 
347.0 	 768 	 564 	 56.0 	 38.0 	 0.19148936170212766 
348.0 	 770 	 564 	 37.0 	 56.0 	 0.20430107526881722 
349.0 	 773 	 564 	 36.0 	 54.0 	 0.2 
350.0 	 775 	 564 	 36.0 	 55.0 	 0.2087912087912088 
351.0 	 777 	 564 	 36.0 	 56.0 	 0.21739130434782608 
352.0 	 780 	 564 	 36.0 	 54.0 	 0.2 
353.0 	 782 	 564 	 36.0 	 55.0 	 0.2087912087912088 
354.0 	 784 	 564 	 36.0 	 56.0 	 0.21739130434782608 
355.0 	 786 	 564 	 36.0 	 55.0 	 0.2087912087912088 
356.0 	 789 	 564 	 36.0 	 56.0 	 0.21739130434782608 
357.0 	 791 	 564 	 36.0 	 56.0 	 0.21739130434782608 
358.0 	 793 	 564 	 36.0 	 55.0 	 0.2087912087912088 
359.0 	 795 	 564 	 36.0 	 55.0 	 0.2087912087912088 
360.0 	 798 	 564 	 36.0 	 55.0 	 0.2087912087912088 
361.0 	 800 	 565 	 36.0 	 55.0 	 0.2087912087912088 
362.0 	 802 	 564 	 36.0 	 54.0 	 0.2 
363.0 	 805 	 564 	 36.0 	 55.0 	 0.2087912087912088 
364.0 	 807 	 564 	 36.0 	 55.0 	 0.2087912087912088 
365.0 	 809 	 564 	 36.0 	 54.0 	 0.2 
366.0 	 812 	 565 	 36.0 	 56.0 	 0.21739130434782608 
367.0 	 814 	 565 	 36.0 	 55.0 	 0.2087912087912088 
368.0 	 817 	 565 	 36.0 	 56.0 	 0.21739130434782608 
369.0 	 819 	 564 	 36.0 	 55.0 	 0.2087912087912088 
370.0 	 821 	 565 	 35.0 	 56.0 	 0.23076923076923078 
371.0 	 824 	 565 	 35.0 	 55.0 	 0.2222222222222222 
372.0 	 826 	 564 	 34.692161560058594 	 55.4289436340332 	 0.2300990653556042 
373.0 	 828 	 564 	 35.0 	 55.0 	 0.2222222222222222 
374.0 	 830 	 565 	 35.0 	 55.0 	 0.2222222222222222 
375.0 	 833 	 564 	 35.0 	 56.0 	 0.23076923076923078 
376.0 	 835 	 564 	 36.0 	 56.0 	 0.21739130434782608 
377.0 	 838 	 564 	 36.0 	 56.0 	 0.21739130434782608 
378.0 	 840 	 564 	 36.0 	 56.0 	 0.21739130434782608 
379.0 	 842 	 564 	 36.0 	 56.0 	 0.21739130434782608 
380.0 	 844 	 564 	 36.0 	 55.0 	 0.2087912087912088 
381.0 	 847 	 564 	 36.0 	 55.0 	 0.2087912087912088 
382.0 	 849 	 564 	 36.0 	 56.0 	 0.21739130434782608 
383.0 	 851 	 564 	 36.0 	 55.0 	 0.2087912087912088 
384.0 	 853 	 564 	 36.0 	 55.0 	 0.2087912087912088 
385.0 	 855 	 564 	 36.0 	 55.0 	 0.2087912087912088 
386.0 	 857 	 564 	 36.0 	 55.0 	 0.2087912087912088 
387.0 	 860 	 564 	 36.0 	 56.0 	 0.21739130434782608 
388.0 	 862 	 564 	 36.0 	 56.0 	 0.21739130434782608 
389.0 	 865 	 564 	 35.0 	 56.0 	 0.23076923076923078 
390.0 	 867 	 564 	 36.0 	 56.0 	 0.21739130434782608 
391.0 	 869 	 564 	 37.0 	 55.0 	 0.1956521739130435 
392.0 	 871 	 565 	 37.0 	 56.0 	 0.20430107526881722 
393.0 	 873 	 564 	 37.0 	 56.0 	 0.20430107526881722 
394.0 	 875 	 564 	 37.0 	 56.0 	 0.20430107526881722 
395.0 	 878 	 564 	 37.0 	 56.0 	 0.20430107526881722 
396.0 	 880 	 564 	 37.0 	 56.0 	 0.20430107526881722 
397.0 	 882 	 564 	 36.0 	 55.0 	 0.2087912087912088 
398.0 	 884 	 564 	 36.0 	 55.0 	 0.2087912087912088 
399.0 	 886 	 564 	 36.0 	 54.0 	 0.2 
400.0 	 889 	 564 	 36.0 	 55.0 	 0.2087912087912088 
401.0 	 891 	 564 	 36.0 	 55.0 	 0.2087912087912088 
402.0 	 893 	 564 	 36.0 	 55.0 	 0.2087912087912088 
403.0 	 895 	 564 	 37.0 	 56.0 	 0.20430107526881722 
404.0 	 897 	 564 	 37.0 	 56.0 	 0.20430107526881722 
405.0 	 900 	 564 	 37.0 	 55.0 	 0.1956521739130435 
406.0 	 902 	 564 	 37.0 	 56.0 	 0.20430107526881722 
407.0 	 904 	 564 	 55.942481994628906 	 36.91804504394531 	 0.20487108524358097 
408.0 	 907 	 564 	 37.0 	 55.0 	 0.1956521739130435 
409.0 	 909 	 564 	 35.0 	 56.0 	 0.23076923076923078 
410.0 	 911 	 564 	 35.0 	 56.0 	 0.23076923076923078 
411.0 	 913 	 564 	 35.0 	 56.0 	 0.23076923076923078 
412.0 	 915 	 564 	 35.0 	 56.0 	 0.23076923076923078 
413.0 	 917 	 564 	 35.0 	 56.0 	 0.23076923076923078 
414.0 	 920 	 564 	 35.0 	 55.0 	 0.2222222222222222 
415.0 	 922 	 564 	 35.0 	 56.0 	 0.23076923076923078 
416.0 	 924 	 564 	 35.0 	 56.0 	 0.23076923076923078 
417.0 	 926 	 564 	 35.0 	 56.0 	 0.23076923076923078 
418.0 	 929 	 564 	 35.0 	 56.0 	 0.23076923076923078 
419.0 	 931 	 564 	 35.0 	 56.0 	 0.23076923076923078 
420.0 	 933 	 564 	 35.0 	 55.0 	 0.2222222222222222 
421.0 	 935 	 564 	 35.0 	 56.0 	 0.23076923076923078 
422.0 	 937 	 564 	 35.0 	 56.0 	 0.23076923076923078 
423.0 	 939 	 565 	 35.0 	 56.0 	 0.23076923076923078 
424.0 	 941 	 564 	 35.0 	 57.0 	 0.2391304347826087 
425.0 	 944 	 564 	 35.0 	 57.0 	 0.2391304347826087 
426.0 	 946 	 564 	 35.0 	 56.0 	 0.23076923076923078 
427.0 	 948 	 564 	 35.0 	 56.0 	 0.23076923076923078 
428.0 	 951 	 564 	 35.0 	 57.0 	 0.2391304347826087 
429.0 	 953 	 564 	 35.0 	 56.0 	 0.23076923076923078 
430.0 	 955 	 564 	 35.0 	 56.0 	 0.23076923076923078 
431.0 	 956 	 564 	 35.0 	 57.0 	 0.2391304347826087 
432.0 	 959 	 564 	 35.0 	 57.0 	 0.2391304347826087 
433.0 	 961 	 565 	 35.0 	 55.0 	 0.2222222222222222 
434.0 	 963 	 565 	 35.0 	 56.0 	 0.23076923076923078 
435.0 	 966 	 565 	 35.0 	 56.0 	 0.23076923076923078 
436.0 	 968 	 565 	 35.0 	 56.0 	 0.23076923076923078 
437.0 	 970 	 564 	 35.0 	 56.0 	 0.23076923076923078 
438.0 	 972 	 565 	 35.0 	 56.0 	 0.23076923076923078 
439.0 	 974 	 565 	 35.0 	 55.0 	 0.2222222222222222 
440.0 	 976 	 565 	 35.0 	 56.0 	 0.23076923076923078 
441.0 	 978 	 565 	 35.0 	 56.0 	 0.23076923076923078 
442.0 	 980 	 565 	 35.0 	 56.0 	 0.23076923076923078 
443.0 	 983 	 565 	 35.0 	 56.0 	 0.23076923076923078 
444.0 	 985 	 565 	 35.0 	 56.0 	 0.23076923076923078 
445.0 	 987 	 565 	 35.0 	 56.0 	 0.23076923076923078 
446.0 	 989 	 565 	 35.0 	 56.0 	 0.23076923076923078 
447.0 	 991 	 565 	 35.0 	 57.0 	 0.2391304347826087 
448.0 	 993 	 565 	 35.0 	 56.0 	 0.23076923076923078 
449.0 	 996 	 565 	 35.0 	 56.0 	 0.23076923076923078 
450.0 	 998 	 565 	 35.0 	 57.0 	 0.2391304347826087 
451.0 	 999 	 565 	 35.0 	 56.0 	 0.23076923076923078 
452.0 	 1002 	 565 	 35.0 	 56.0 	 0.23076923076923078 
453.0 	 1004 	 565 	 35.0 	 57.0 	 0.2391304347826087 
454.0 	 1006 	 565 	 35.0 	 56.0 	 0.23076923076923078 
455.0 	 1008 	 565 	 35.0 	 55.0 	 0.2222222222222222 
456.0 	 1011 	 565 	 35.0 	 56.0 	 0.23076923076923078 
457.0 	 1013 	 565 	 34.0 	 56.0 	 0.24444444444444444 
458.0 	 1015 	 565 	 34.0 	 56.0 	 0.24444444444444444 
459.0 	 1017 	 565 	 34.0 	 56.0 	 0.24444444444444444 
460.0 	 1019 	 565 	 34.0 	 56.0 	 0.24444444444444444 
461.0 	 1021 	 565 	 34.0 	 55.0 	 0.23595505617977527 
462.0 	 1023 	 565 	 34.0 	 56.0 	 0.24444444444444444 
463.0 	 1025 	 565 	 34.0 	 56.0 	 0.24444444444444444 
464.0 	 1028 	 565 	 34.0 	 55.0 	 0.23595505617977527 
465.0 	 1030 	 565 	 34.0 	 56.0 	 0.24444444444444444 
466.0 	 1032 	 565 	 34.0 	 56.0 	 0.24444444444444444 
467.0 	 1035 	 565 	 34.0 	 55.0 	 0.23595505617977527 
468.0 	 1037 	 565 	 34.0 	 56.0 	 0.24444444444444444 
469.0 	 1039 	 565 	 34.0 	 56.0 	 0.24444444444444444 
470.0 	 1041 	 565 	 34.0 	 55.0 	 0.23595505617977527 
471.0 	 1043 	 565 	 34.0 	 55.0 	 0.23595505617977527 
472.0 	 1045 	 565 	 34.0 	 56.0 	 0.24444444444444444 
473.0 	 1047 	 565 	 34.0 	 56.0 	 0.24444444444444444 
474.0 	 1049 	 565 	 34.0 	 56.0 	 0.24444444444444444 
475.0 	 1051 	 565 	 34.0 	 57.0 	 0.25274725274725274 
476.0 	 1054 	 565 	 34.0 	 56.0 	 0.24444444444444444 
477.0 	 1056 	 565 	 34.0 	 56.0 	 0.24444444444444444 
478.0 	 1058 	 565 	 34.0 	 56.0 	 0.24444444444444444 
479.0 	 1060 	 565 	 34.0 	 55.0 	 0.23595505617977527 
480.0 	 1062 	 565 	 34.0 	 55.0 	 0.23595505617977527 
481.0 	 1064 	 565 	 34.0 	 56.0 	 0.24444444444444444 
482.0 	 1066 	 565 	 34.0 	 56.0 	 0.24444444444444444 
483.0 	 1068 	 565 	 34.0 	 54.0 	 0.22727272727272727 
484.0 	 1070 	 565 	 34.0 	 55.0 	 0.23595505617977527 
485.0 	 1073 	 565 	 34.0 	 55.0 	 0.23595505617977527 
486.0 	 1075 	 565 	 34.0 	 55.0 	 0.23595505617977527 
487.0 	 1077 	 565 	 34.0 	 56.0 	 0.24444444444444444 
488.0 	 1079 	 565 	 34.0 	 56.0 	 0.24444444444444444 
489.0 	 1082 	 565 	 34.0 	 55.0 	 0.23595505617977527 
490.0 	 1083 	 565 	 34.0 	 57.0 	 0.25274725274725274 
491.0 	 1086 	 565 	 34.0 	 57.0 	 0.25274725274725274 
492.0 	 1088 	 565 	 34.0 	 55.0 	 0.23595505617977527 
493.0 	 1090 	 565 	 34.0 	 55.0 	 0.23595505617977527 
494.0 	 1092 	 565 	 34.0 	 56.0 	 0.24444444444444444 
495.0 	 1094 	 565 	 34.0 	 55.0 	 0.23595505617977527 
496.0 	 1096 	 565 	 34.0 	 55.0 	 0.23595505617977527 
497.0 	 1099 	 565 	 34.0 	 57.0 	 0.25274725274725274 
498.0 	 1101 	 565 	 34.0 	 56.0 	 0.24444444444444444 
499.0 	 1103 	 565 	 34.0 	 56.0 	 0.24444444444444444 
500.0 	 1105 	 565 	 34.0 	 56.0 	 0.24444444444444444 
501.0 	 1108 	 565 	 34.0 	 56.0 	 0.24444444444444444 
502.0 	 1110 	 565 	 34.0 	 55.0 	 0.23595505617977527 
503.0 	 1112 	 565 	 34.0 	 56.0 	 0.24444444444444444 
504.0 	 1114 	 565 	 34.0 	 56.0 	 0.24444444444444444 
505.0 	 1116 	 565 	 34.0 	 56.0 	 0.24444444444444444 
506.0 	 1118 	 565 	 34.0 	 56.0 	 0.24444444444444444 
507.0 	 1121 	 565 	 35.0 	 55.0 	 0.2222222222222222 
508.0 	 1123 	 565 	 34.0 	 55.0 	 0.23595505617977527 
509.0 	 1125 	 565 	 34.0 	 55.0 	 0.23595505617977527 
510.0 	 1127 	 565 	 34.0 	 56.0 	 0.24444444444444444 
511.0 	 1129 	 565 	 34.0 	 56.0 	 0.24444444444444444 
512.0 	 1131 	 565 	 35.0 	 56.0 	 0.23076923076923078 
513.0 	 1133 	 566 	 35.0 	 56.0 	 0.23076923076923078 
514.0 	 1136 	 566 	 34.0 	 56.0 	 0.24444444444444444 
515.0 	 1138 	 565 	 34.0 	 56.0 	 0.24444444444444444 
516.0 	 1140 	 566 	 34.0 	 57.0 	 0.25274725274725274 
517.0 	 1142 	 566 	 34.0 	 55.0 	 0.23595505617977527 
518.0 	 1144 	 566 	 34.0 	 55.0 	 0.23595505617977527 
519.0 	 1146 	 566 	 34.0 	 56.0 	 0.24444444444444444 
520.0 	 1148 	 566 	 34.0 	 56.0 	 0.24444444444444444 
521.0 	 1150 	 566 	 56.0 	 35.0 	 0.23076923076923078 
522.0 	 1152 	 566 	 56.0 	 35.0 	 0.23076923076923078 
523.0 	 1155 	 566 	 57.467472076416016 	 34.46387481689453 	 0.25022582652050057 
524.0 	 1157 	 566 	 34.0 	 57.0 	 0.25274725274725274 
525.0 	 1160 	 566 	 34.0 	 56.0 	 0.24444444444444444 
526.0 	 1162 	 566 	 34.0 	 57.0 	 0.25274725274725274 
527.0 	 1164 	 566 	 34.0 	 57.0 	 0.25274725274725274 
528.0 	 1166 	 566 	 34.0 	 57.0 	 0.25274725274725274 
529.0 	 1168 	 566 	 34.0 	 56.0 	 0.24444444444444444 
530.0 	 1171 	 566 	 35.0 	 57.0 	 0.2391304347826087 
531.0 	 1173 	 566 	 35.0 	 56.0 	 0.23076923076923078 
532.0 	 1175 	 566 	 35.0 	 57.0 	 0.2391304347826087 
533.0 	 1177 	 566 	 35.0 	 56.0 	 0.23076923076923078 
534.0 	 1180 	 566 	 35.0 	 56.0 	 0.23076923076923078 
535.0 	 1182 	 566 	 35.0 	 56.0 	 0.23076923076923078 
536.0 	 1184 	 566 	 35.0 	 56.0 	 0.23076923076923078 
537.0 	 1186 	 566 	 34.0 	 56.0 	 0.24444444444444444 
538.0 	 1188 	 566 	 34.0 	 56.0 	 0.24444444444444444 
539.0 	 1191 	 566 	 33.0 	 57.0 	 0.26666666666666666 
540.0 	 1193 	 566 	 34.0 	 57.0 	 0.25274725274725274 
541.0 	 1194 	 565 	 33.0 	 56.0 	 0.25842696629213485 
542.0 	 1197 	 565 	 34.0 	 57.0 	 0.25274725274725274 
543.0 	 1199 	 566 	 34.0 	 57.0 	 0.25274725274725274 
544.0 	 1201 	 565 	 33.0 	 55.0 	 0.25 
545.0 	 1204 	 565 	 33.0 	 56.0 	 0.25842696629213485 
546.0 	 1206 	 565 	 34.0 	 57.0 	 0.25274725274725274 
547.0 	 1208 	 565 	 33.0 	 55.0 	 0.25 
548.0 	 1211 	 565 	 33.0 	 56.0 	 0.25842696629213485 
549.0 	 1213 	 565 	 33.0 	 56.0 	 0.25842696629213485 
550.0 	 1214 	 565 	 33.0 	 56.0 	 0.25842696629213485 
551.0 	 1216 	 565 	 33.0 	 55.0 	 0.25 
552.0 	 1219 	 565 	 33.0 	 56.0 	 0.25842696629213485 
553.0 	 1221 	 566 	 33.0 	 56.0 	 0.25842696629213485 
554.0 	 1223 	 566 	 33.0 	 56.0 	 0.25842696629213485 
555.0 	 1226 	 566 	 33.0 	 56.0 	 0.25842696629213485 
556.0 	 1228 	 566 	 33.0 	 56.0 	 0.25842696629213485 
557.0 	 1230 	 566 	 32.0 	 57.0 	 0.2808988764044944 
558.0 	 1232 	 566 	 57.0 	 33.0 	 0.26666666666666666 
559.0 	 1235 	 566 	 58.0 	 33.0 	 0.27472527472527475 
560.0 	 1237 	 566 	 32.0 	 55.0 	 0.26436781609195403 
561.0 	 1239 	 566 	 33.0 	 56.0 	 0.25842696629213485 
562.0 	 1241 	 566 	 33.77299499511719 	 56.27500534057617 	 0.24988906207325967 
563.0 	 1243 	 566 	 32.0 	 55.0 	 0.26436781609195403 
564.0 	 1246 	 566 	 33.0 	 56.0 	 0.25842696629213485 
565.0 	 1248 	 566 	 33.0 	 56.0 	 0.25842696629213485 
566.0 	 1250 	 566 	 33.0 	 55.0 	 0.25 
567.0 	 1253 	 566 	 33.0 	 56.0 	 0.25842696629213485 
568.0 	 1254 	 566 	 33.0 	 57.0 	 0.26666666666666666 
569.0 	 1257 	 566 	 33.0 	 55.0 	 0.25 
570.0 	 1259 	 565 	 33.0 	 56.0 	 0.25842696629213485 
571.0 	 1261 	 566 	 34.0 	 56.0 	 0.24444444444444444 
572.0 	 1263 	 565 	 33.0 	 56.0 	 0.25842696629213485 
573.0 	 1266 	 566 	 33.0 	 54.0 	 0.2413793103448276 
574.0 	 1268 	 566 	 33.0 	 56.0 	 0.25842696629213485 
575.0 	 1270 	 566 	 33.0 	 55.0 	 0.25 
576.0 	 1272 	 565 	 33.0 	 55.0 	 0.25 
577.0 	 1275 	 566 	 33.0 	 56.0 	 0.25842696629213485 
578.0 	 1277 	 566 	 33.0 	 56.0 	 0.25842696629213485 
579.0 	 1279 	 565 	 33.0 	 54.0 	 0.2413793103448276 
580.0 	 1281 	 566 	 33.0 	 56.0 	 0.25842696629213485 
581.0 	 1283 	 566 	 33.0 	 56.0 	 0.25842696629213485 
582.0 	 1286 	 566 	 32.0 	 55.0 	 0.26436781609195403 
583.0 	 1288 	 566 	 33.0 	 56.0 	 0.25842696629213485 
584.0 	 1290 	 566 	 33.0 	 57.0 	 0.26666666666666666 
585.0 	 1293 	 566 	 32.0 	 56.0 	 0.2727272727272727 
586.0 	 1295 	 566 	 32.0 	 57.0 	 0.2808988764044944 
587.0 	 1297 	 566 	 33.0 	 57.0 	 0.26666666666666666 
588.0 	 1300 	 566 	 33.0 	 56.0 	 0.25842696629213485 
589.0 	 1302 	 566 	 34.0 	 56.0 	 0.24444444444444444 
590.0 	 1304 	 566 	 34.0 	 57.0 	 0.25274725274725274 
591.0 	 1306 	 566 	 34.0 	 56.0 	 0.24444444444444444 
592.0 	 1308 	 566 	 34.0 	 56.0 	 0.24444444444444444 
593.0 	 1311 	 566 	 34.0 	 57.0 	 0.25274725274725274 
594.0 	 1313 	 566 	 34.0 	 56.0 	 0.24444444444444444 
595.0 	 1315 	 566 	 34.0 	 55.0 	 0.23595505617977527 
596.0 	 1317 	 566 	 34.0 	 57.0 	 0.25274725274725274 
597.0 	 1320 	 566 	 34.0 	 56.0 	 0.24444444444444444 
598.0 	 1322 	 566 	 34.0 	 55.0 	 0.23595505617977527 
599.0 	 1324 	 566 	 34.0 	 57.0 	 0.25274725274725274 
600.0 	 1326 	 566 	 34.0 	 57.0 	 0.25274725274725274 
601.0 	 1329 	 566 	 33.0 	 56.0 	 0.25842696629213485 
602.0 	 1331 	 566 	 34.0 	 58.0 	 0.2608695652173913 
603.0 	 1333 	 566 	 34.0 	 57.0 	 0.25274725274725274 
604.0 	 1336 	 566 	 33.0 	 56.0 	 0.25842696629213485 
605.0 	 1338 	 566 	 34.0 	 57.0 	 0.25274725274725274 
606.0 	 1340 	 566 	 58.66669845581055 	 34.10115432739258 	 0.2648066479001861 
607.0 	 1342 	 566 	 57.12575149536133 	 33.248043060302734 	 0.2642105330694238 
608.0 	 1344 	 566 	 33.0 	 57.0 	 0.26666666666666666 
609.0 	 1347 	 566 	 34.0 	 58.0 	 0.2608695652173913 
610.0 	 1349 	 566 	 32.0 	 56.0 	 0.2727272727272727 
611.0 	 1352 	 566 	 32.0 	 57.0 	 0.2808988764044944 
612.0 	 1354 	 566 	 58.0 	 34.0 	 0.2608695652173913 
613.0 	 1356 	 566 	 32.0 	 57.0 	 0.2808988764044944 
614.0 	 1359 	 566 	 32.0 	 57.0 	 0.2808988764044944 
615.0 	 1361 	 566 	 33.0 	 57.0 	 0.26666666666666666 
616.0 	 1363 	 566 	 32.0 	 57.0 	 0.2808988764044944 
617.0 	 1365 	 566 	 32.0 	 57.0 	 0.2808988764044944 
618.0 	 1368 	 566 	 33.0 	 58.0 	 0.27472527472527475 
619.0 	 1370 	 566 	 33.0 	 58.0 	 0.27472527472527475 
620.0 	 1372 	 566 	 32.0 	 56.0 	 0.2727272727272727 
621.0 	 1374 	 566 	 57.538936614990234 	 32.46126937866211 	 0.27864010931371463 
622.0 	 1377 	 566 	 57.17856979370117 	 32.6092643737793 	 0.2736373546341809 
623.0 	 1379 	 566 	 31.0 	 56.0 	 0.28735632183908044 
624.0 	 1381 	 566 	 32.0 	 57.0 	 0.2808988764044944 
625.0 	 1383 	 566 	 31.0 	 57.0 	 0.29545454545454547 
626.0 	 1386 	 566 	 30.0 	 55.0 	 0.29411764705882354 
627.0 	 1388 	 566 	 31.0 	 55.0 	 0.27906976744186046 
628.0 	 1390 	 566 	 32.0 	 57.0 	 0.2808988764044944 
629.0 	 1392 	 566 	 31.0 	 57.0 	 0.29545454545454547 
630.0 	 1395 	 566 	 31.0 	 56.0 	 0.28735632183908044 
631.0 	 1397 	 566 	 33.0 	 57.0 	 0.26666666666666666 
632.0 	 1400 	 566 	 32.0 	 56.0 	 0.2727272727272727 
633.0 	 1402 	 566 	 31.0 	 56.0 	 0.28735632183908044 
634.0 	 1404 	 566 	 58.0 	 33.0 	 0.27472527472527475 
635.0 	 1406 	 566 	 32.0 	 58.0 	 0.28888888888888886 
636.0 	 1408 	 566 	 56.0 	 32.0 	 0.2727272727272727 
637.0 	 1411 	 566 	 32.0 	 58.0 	 0.28888888888888886 
638.0 	 1414 	 566 	 32.0 	 57.0 	 0.2808988764044944 
639.0 	 1416 	 566 	 32.0 	 57.0 	 0.2808988764044944 
640.0 	 1418 	 566 	 32.0 	 57.0 	 0.2808988764044944 
641.0 	 1420 	 566 	 32.0 	 58.0 	 0.28888888888888886 
642.0 	 1423 	 566 	 32.0 	 60.0 	 0.30434782608695654 
643.0 	 1426 	 566 	 32.0 	 61.0 	 0.3118279569892473 
644.0 	 1428 	 566 	 33.0 	 61.0 	 0.2978723404255319 
645.0 	 1430 	 566 	 33.0 	 59.0 	 0.2826086956521739 
646.0 	 1432 	 566 	 32.0 	 58.0 	 0.28888888888888886 
647.0 	 1435 	 566 	 32.0 	 59.0 	 0.2967032967032967 
648.0 	 1437 	 566 	 32.0 	 59.0 	 0.2967032967032967 
649.0 	 1440 	 566 	 56.0 	 32.0 	 0.2727272727272727 
650.0 	 1442 	 566 	 32.0 	 57.0 	 0.2808988764044944 
651.0 	 1444 	 567 	 32.0 	 57.0 	 0.2808988764044944 
652.0 	 1447 	 566 	 32.0 	 57.0 	 0.2808988764044944 
653.0 	 1449 	 566 	 32.0 	 57.0 	 0.2808988764044944 
654.0 	 1451 	 567 	 32.0 	 58.0 	 0.28888888888888886 
655.0 	 1453 	 566 	 32.0 	 56.0 	 0.2727272727272727 
656.0 	 1455 	 567 	 32.0 	 57.0 	 0.2808988764044944 
657.0 	 1458 	 567 	 32.0 	 57.0 	 0.2808988764044944 
658.0 	 1460 	 567 	 32.0 	 56.0 	 0.2727272727272727 
659.0 	 1462 	 567 	 32.0 	 57.0 	 0.2808988764044944 
660.0 	 1465 	 567 	 32.0 	 56.0 	 0.2727272727272727 
661.0 	 1467 	 566 	 32.0 	 56.0 	 0.2727272727272727 
662.0 	 1468 	 566 	 32.0 	 56.0 	 0.2727272727272727 
663.0 	 1471 	 566 	 33.0 	 56.0 	 0.25842696629213485 
664.0 	 1473 	 567 	 33.0 	 58.0 	 0.27472527472527475 
665.0 	 1475 	 566 	 33.0 	 57.0 	 0.26666666666666666 
666.0 	 1477 	 566 	 33.0 	 59.0 	 0.2826086956521739 
667.0 	 1480 	 567 	 33.0 	 58.0 	 0.27472527472527475 
668.0 	 1483 	 567 	 33.0 	 55.0 	 0.25 
669.0 	 1485 	 567 	 33.0 	 56.0 	 0.25842696629213485 
670.0 	 1487 	 567 	 33.0 	 57.0 	 0.26666666666666666 
671.0 	 1489 	 567 	 33.0 	 55.0 	 0.25 
672.0 	 1491 	 567 	 33.0 	 57.0 	 0.26666666666666666 
673.0 	 1493 	 567 	 33.0 	 56.0 	 0.25842696629213485 
674.0 	 1495 	 567 	 33.0 	 54.0 	 0.2413793103448276 
675.0 	 1497 	 567 	 33.0 	 54.0 	 0.2413793103448276 
676.0 	 1499 	 567 	 34.0 	 56.0 	 0.24444444444444444 
677.0 	 1502 	 567 	 34.0 	 55.0 	 0.23595505617977527 
678.0 	 1504 	 567 	 33.0 	 54.0 	 0.2413793103448276 
679.0 	 1507 	 567 	 34.0 	 55.0 	 0.23595505617977527 
680.0 	 1509 	 567 	 34.0 	 56.0 	 0.24444444444444444 
681.0 	 1511 	 567 	 34.0 	 54.0 	 0.22727272727272727 
682.0 	 1513 	 567 	 34.0 	 55.0 	 0.23595505617977527 
683.0 	 1515 	 567 	 34.0 	 56.0 	 0.24444444444444444 
684.0 	 1517 	 567 	 33.0 	 54.0 	 0.2413793103448276 
685.0 	 1519 	 567 	 33.0 	 54.0 	 0.2413793103448276 
686.0 	 1522 	 567 	 56.10968017578125 	 33.754634857177734 	 0.24876443236010304 
687.0 	 1524 	 567 	 55.33902359008789 	 33.533538818359375 	 0.24535676907247497 
688.0 	 1527 	 567 	 56.12089157104492 	 33.7072868347168 	 0.2495164115995308 
689.0 	 1529 	 567 	 34.0 	 57.0 	 0.25274725274725274 
690.0 	 1531 	 567 	 54.531883239746094 	 33.657955169677734 	 0.23669312073303225 
691.0 	 1533 	 567 	 54.62754440307617 	 33.433250427246094 	 0.24067797726181978 
692.0 	 1536 	 567 	 55.60975646972656 	 33.823883056640625 	 0.24359819781976935 
693.0 	 1537 	 567 	 34.0 	 54.0 	 0.22727272727272727 
694.0 	 1540 	 567 	 34.0 	 54.0 	 0.22727272727272727 
695.0 	 1542 	 568 	 56.607669830322266 	 34.45684051513672 	 0.24324327041517024 
696.0 	 1544 	 568 	 55.64142990112305 	 34.49519348144531 	 0.234602047715127 
697.0 	 1547 	 567 	 33.0 	 55.0 	 0.25 
698.0 	 1549 	 567 	 34.0 	 56.0 	 0.24444444444444444 
699.0 	 1551 	 567 	 34.0 	 56.0 	 0.24444444444444444 
700.0 	 1553 	 567 	 32.0 	 54.0 	 0.2558139534883721 
701.0 	 1555 	 567 	 34.0 	 55.0 	 0.23595505617977527 
702.0 	 1558 	 568 	 33.0 	 56.0 	 0.25842696629213485 
703.0 	 1559 	 568 	 32.0 	 54.0 	 0.2558139534883721 
704.0 	 1562 	 568 	 32.0 	 55.0 	 0.26436781609195403 
705.0 	 1564 	 568 	 33.0 	 56.0 	 0.25842696629213485 
706.0 	 1566 	 568 	 32.0 	 54.0 	 0.2558139534883721 
707.0 	 1569 	 568 	 32.0 	 55.0 	 0.26436781609195403 
708.0 	 1571 	 568 	 32.0 	 56.0 	 0.2727272727272727 
709.0 	 1574 	 568 	 31.0 	 55.0 	 0.27906976744186046 
710.0 	 1576 	 567 	 31.0 	 54.0 	 0.27058823529411763 
711.0 	 1578 	 568 	 32.0 	 55.0 	 0.26436781609195403 
712.0 	 1579 	 568 	 31.0 	 54.0 	 0.27058823529411763 
713.0 	 1582 	 568 	 31.0 	 54.0 	 0.27058823529411763 
714.0 	 1584 	 567 	 33.0 	 56.0 	 0.25842696629213485 
715.0 	 1586 	 568 	 32.0 	 55.0 	 0.26436781609195403 
716.0 	 1589 	 568 	 31.0 	 54.0 	 0.27058823529411763 
717.0 	 1592 	 568 	 33.0 	 56.0 	 0.25842696629213485 
718.0 	 1594 	 568 	 33.0 	 56.0 	 0.25842696629213485 
719.0 	 1596 	 568 	 31.0 	 55.0 	 0.27906976744186046 
720.0 	 1598 	 568 	 32.0 	 57.0 	 0.2808988764044944 
721.0 	 1600 	 568 	 32.0 	 55.0 	 0.26436781609195403 
722.0 	 1603 	 567 	 30.0 	 53.0 	 0.27710843373493976 
723.0 	 1605 	 567 	 31.0 	 53.0 	 0.2619047619047619 
724.0 	 1607 	 568 	 31.0 	 54.0 	 0.27058823529411763 
725.0 	 1609 	 567 	 30.0 	 53.0 	 0.27710843373493976 
726.0 	 1611 	 568 	 31.0 	 55.0 	 0.27906976744186046 
727.0 	 1613 	 567 	 32.0 	 57.0 	 0.2808988764044944 
728.0 	 1615 	 567 	 32.0 	 55.0 	 0.26436781609195403 
729.0 	 1618 	 567 	 32.0 	 56.0 	 0.2727272727272727 
730.0 	 1620 	 567 	 33.0 	 57.0 	 0.26666666666666666 
731.0 	 1623 	 567 	 32.0 	 56.0 	 0.2727272727272727 
732.0 	 1625 	 567 	 32.0 	 55.0 	 0.26436781609195403 
733.0 	 1627 	 567 	 32.0 	 57.0 	 0.2808988764044944 
734.0 	 1629 	 567 	 32.0 	 55.0 	 0.26436781609195403 
735.0 	 1631 	 567 	 54.32657241821289 	 31.564224243164062 	 0.2650149848392839 
736.0 	 1633 	 567 	 32.0 	 57.0 	 0.2808988764044944 
737.0 	 1636 	 567 	 32.0 	 56.0 	 0.2727272727272727 
738.0 	 1637 	 567 	 32.0 	 56.0 	 0.2727272727272727 
739.0 	 1640 	 567 	 32.0 	 57.0 	 0.2808988764044944 
740.0 	 1642 	 567 	 33.0 	 58.0 	 0.27472527472527475 
741.0 	 1644 	 567 	 31.0 	 55.0 	 0.27906976744186046 
742.0 	 1646 	 567 	 32.0 	 57.0 	 0.2808988764044944 
743.0 	 1648 	 568 	 33.0 	 58.0 	 0.27472527472527475 
744.0 	 1650 	 568 	 31.0 	 55.0 	 0.27906976744186046 
745.0 	 1652 	 567 	 32.0 	 55.0 	 0.26436781609195403 
746.0 	 1654 	 567 	 33.0 	 56.0 	 0.25842696629213485 
747.0 	 1657 	 567 	 53.0 	 32.0 	 0.24705882352941178 
748.0 	 1659 	 567 	 31.0 	 54.0 	 0.27058823529411763 
749.0 	 1661 	 567 	 33.0 	 58.0 	 0.27472527472527475 
750.0 	 1664 	 567 	 31.0 	 56.0 	 0.28735632183908044 
751.0 	 1665 	 567 	 31.0 	 55.0 	 0.27906976744186046 
752.0 	 1668 	 567 	 33.0 	 56.0 	 0.25842696629213485 
753.0 	 1670 	 567 	 32.0 	 56.0 	 0.2727272727272727 
754.0 	 1672 	 567 	 31.0 	 55.0 	 0.27906976744186046 
755.0 	 1674 	 567 	 32.0 	 56.0 	 0.2727272727272727 
756.0 	 1676 	 567 	 32.0 	 57.0 	 0.2808988764044944 
757.0 	 1679 	 567 	 31.0 	 53.0 	 0.2619047619047619 
758.0 	 1681 	 567 	 31.0 	 55.0 	 0.27906976744186046 
759.0 	 1683 	 567 	 32.0 	 56.0 	 0.2727272727272727 
760.0 	 1685 	 567 	 30.0 	 54.0 	 0.2857142857142857 
761.0 	 1687 	 567 	 31.0 	 54.0 	 0.27058823529411763 
762.0 	 1688 	 567 	 32.0 	 56.0 	 0.2727272727272727 
763.0 	 1691 	 567 	 30.0 	 54.0 	 0.2857142857142857 
764.0 	 1693 	 567 	 30.0 	 54.0 	 0.2857142857142857 
765.0 	 1695 	 567 	 56.53253936767578 	 31.60373306274414 	 0.28284389182231345 
766.0 	 1697 	 567 	 31.0 	 54.0 	 0.27058823529411763 
767.0 	 1699 	 567 	 30.0 	 53.0 	 0.27710843373493976 
768.0 	 1702 	 567 	 32.0 	 56.0 	 0.2727272727272727 
769.0 	 1704 	 567 	 30.0 	 55.0 	 0.29411764705882354 
770.0 	 1707 	 568 	 30.0 	 53.0 	 0.27710843373493976 
771.0 	 1708 	 568 	 32.0 	 56.0 	 0.2727272727272727 
772.0 	 1710 	 568 	 32.0 	 56.0 	 0.2727272727272727 
773.0 	 1712 	 568 	 54.0 	 31.0 	 0.27058823529411763 
774.0 	 1714 	 568 	 31.0 	 56.0 	 0.28735632183908044 
775.0 	 1716 	 568 	 31.0 	 57.0 	 0.29545454545454547 
776.0 	 1718 	 568 	 31.0 	 55.0 	 0.27906976744186046 
777.0 	 1721 	 568 	 30.0 	 54.0 	 0.2857142857142857 
778.0 	 1723 	 568 	 31.0 	 56.0 	 0.28735632183908044 
779.0 	 1725 	 568 	 54.817779541015625 	 30.66668128967285 	 0.28252033196041 
780.0 	 1727 	 568 	 30.0 	 55.0 	 0.29411764705882354 
781.0 	 1729 	 568 	 31.0 	 55.0 	 0.27906976744186046 
782.0 	 1731 	 568 	 31.0 	 54.0 	 0.27058823529411763 
783.0 	 1733 	 567 	 53.395816802978516 	 30.75249671936035 	 0.26908822216154143 
784.0 	 1735 	 568 	 31.0 	 54.0 	 0.27058823529411763 
785.0 	 1736 	 568 	 31.0 	 53.0 	 0.2619047619047619 
786.0 	 1739 	 568 	 31.0 	 53.0 	 0.2619047619047619 
787.0 	 1741 	 568 	 32.0 	 54.0 	 0.2558139534883721 
788.0 	 1743 	 568 	 32.0 	 55.0 	 0.26436781609195403 
789.0 	 1745 	 567 	 30.0 	 52.0 	 0.2682926829268293 
790.0 	 1747 	 568 	 31.0 	 54.0 	 0.27058823529411763 
791.0 	 1750 	 568 	 31.0 	 56.0 	 0.28735632183908044 
792.0 	 1752 	 568 	 29.0 	 53.0 	 0.2926829268292683 
793.0 	 1754 	 567 	 29.0 	 54.0 	 0.30120481927710846 
794.0 	 1755 	 568 	 30.0 	 55.0 	 0.29411764705882354 
795.0 	 1757 	 568 	 30.0 	 54.0 	 0.2857142857142857 
796.0 	 1760 	 568 	 28.737022399902344 	 53.277400970458984 	 0.2992202781178747 
797.0 	 1762 	 567 	 31.0 	 55.0 	 0.27906976744186046 
798.0 	 1764 	 568 	 30.0 	 55.0 	 0.29411764705882354 
799.0 	 1766 	 567 	 30.0 	 53.0 	 0.27710843373493976 
800.0 	 1768 	 567 	 30.0 	 55.0 	 0.29411764705882354 
801.0 	 1770 	 568 	 31.0 	 56.0 	 0.28735632183908044 
802.0 	 1772 	 568 	 54.2004280090332 	 29.713342666625977 	 0.2918124778000255 
803.0 	 1774 	 567 	 31.0 	 54.0 	 0.27058823529411763 
804.0 	 1776 	 568 	 31.0 	 56.0 	 0.28735632183908044 
805.0 	 1778 	 568 	 29.0 	 52.0 	 0.2839506172839506 
806.0 	 1780 	 568 	 30.0 	 54.0 	 0.2857142857142857 
807.0 	 1782 	 568 	 30.0 	 54.0 	 0.2857142857142857 
808.0 	 1784 	 568 	 29.0 	 53.0 	 0.2926829268292683 
809.0 	 1787 	 568 	 29.0 	 52.0 	 0.2839506172839506 
810.0 	 1789 	 568 	 31.0 	 54.0 	 0.27058823529411763 
811.0 	 1791 	 568 	 30.0 	 52.0 	 0.2682926829268293 
812.0 	 1792 	 568 	 29.0 	 52.0 	 0.2839506172839506 
813.0 	 1795 	 568 	 31.0 	 55.0 	 0.27906976744186046 
814.0 	 1797 	 568 	 30.0 	 54.0 	 0.2857142857142857 
815.0 	 1799 	 568 	 29.0 	 52.0 	 0.2839506172839506 
816.0 	 1801 	 568 	 30.0 	 55.0 	 0.29411764705882354 
817.0 	 1804 	 568 	 28.0 	 53.0 	 0.30864197530864196 
818.0 	 1806 	 568 	 26.0 	 52.0 	 0.3333333333333333 
819.0 	 1808 	 568 	 28.0 	 56.0 	 0.3333333333333333 
820.0 	 1810 	 568 	 29.5379581451416 	 55.98418426513672 	 0.3092325025386259 
821.0 	 1812 	 568 	 28.0 	 54.0 	 0.3170731707317073 
822.0 	 1814 	 568 	 28.0 	 56.0 	 0.3333333333333333 
823.0 	 1816 	 568 	 30.0 	 55.0 	 0.29411764705882354 
824.0 	 1818 	 568 	 53.05445098876953 	 29.31956672668457 	 0.2881355665335246 
825.0 	 1820 	 568 	 54.42853546142578 	 29.453102111816406 	 0.29774613457923726 
826.0 	 1823 	 568 	 30.0 	 56.0 	 0.3023255813953488 
827.0 	 1824 	 568 	 29.0 	 53.0 	 0.2926829268292683 
828.0 	 1827 	 568 	 52.0858039855957 	 27.645946502685547 	 0.30652603678257706 
829.0 	 1829 	 569 	 29.0 	 54.0 	 0.30120481927710846 
830.0 	 1832 	 569 	 28.0 	 53.0 	 0.30864197530864196 
831.0 	 1834 	 568 	 28.0 	 53.0 	 0.30864197530864196 
832.0 	 1835 	 568 	 29.0 	 56.0 	 0.3176470588235294 
833.0 	 1838 	 568 	 29.0 	 54.0 	 0.30120481927710846 
834.0 	 1840 	 568 	 28.0 	 52.0 	 0.3 
835.0 	 1842 	 569 	 30.0 	 56.0 	 0.3023255813953488 
836.0 	 1844 	 569 	 30.0 	 54.0 	 0.2857142857142857 
837.0 	 1847 	 569 	 53.0 	 28.0 	 0.30864197530864196 
838.0 	 1849 	 569 	 30.0 	 55.0 	 0.29411764705882354 
839.0 	 1851 	 569 	 31.0 	 57.0 	 0.29545454545454547 
840.0 	 1853 	 569 	 29.0 	 53.0 	 0.2926829268292683 
841.0 	 1855 	 568 	 30.0 	 53.0 	 0.27710843373493976 
842.0 	 1857 	 569 	 31.0 	 56.0 	 0.28735632183908044 
843.0 	 1859 	 569 	 30.0 	 53.0 	 0.27710843373493976 
844.0 	 1861 	 569 	 31.0 	 54.0 	 0.27058823529411763 
845.0 	 1864 	 569 	 31.0 	 56.0 	 0.28735632183908044 
846.0 	 1865 	 569 	 31.0 	 54.0 	 0.27058823529411763 
847.0 	 1867 	 569 	 31.0 	 53.0 	 0.2619047619047619 
848.0 	 1870 	 569 	 31.0 	 57.0 	 0.29545454545454547 
849.0 	 1872 	 569 	 31.0 	 54.0 	 0.27058823529411763 
850.0 	 1874 	 569 	 30.0 	 53.0 	 0.27710843373493976 
851.0 	 1876 	 569 	 31.0 	 57.0 	 0.29545454545454547 
852.0 	 1878 	 569 	 31.0 	 56.0 	 0.28735632183908044 
853.0 	 1880 	 568 	 30.0 	 52.0 	 0.2682926829268293 
854.0 	 1883 	 568 	 31.0 	 55.0 	 0.27906976744186046 
855.0 	 1885 	 569 	 55.0 	 31.0 	 0.27906976744186046 
856.0 	 1887 	 568 	 28.0 	 49.0 	 0.2727272727272727 
857.0 	 1889 	 569 	 30.0 	 55.0 	 0.29411764705882354 
858.0 	 1891 	 569 	 31.0 	 54.0 	 0.27058823529411763 
859.0 	 1893 	 568 	 28.0 	 50.0 	 0.28205128205128205 
860.0 	 1894 	 569 	 31.0 	 49.0 	 0.225 
861.0 	 1895 	 569 	 32.0 	 47.0 	 0.189873417721519 
862.0 	 1897 	 569 	 30.0 	 44.0 	 0.1891891891891892 
863.0 	 1898 	 568 	 30.0 	 42.0 	 0.16666666666666666 
864.0 	 1899 	 569 	 31.0 	 40.0 	 0.1267605633802817 
865.0 	 1900 	 569 	 29.0 	 38.0 	 0.13432835820895522 
866.0 	 1901 	 569 	 28.0 	 35.0 	 0.1111111111111111 
867.0 	 1902 	 569 	 31.0 	 35.0 	 0.06060606060606061 
868.0 	 1904 	 569 	 29.0 	 32.0 	 0.04918032786885246 
869.0 	 1905 	 569 	 27.0 	 28.0 	 0.01818181818181818 
870.0 	 1906 	 569 	 30.0 	 29.0 	 0.01694915254237288 
871.0 	 1907 	 569 	 30.0 	 25.0 	 0.09090909090909091 
872.0 	 1908 	 568 	 27.0 	 22.0 	 0.10204081632653061 
873.0 	 1909 	 569 	 29.0 	 21.0 	 0.16 
