frame 	 x 	 y 	 width 	 height 	 deformation 
1.0 	 149 	 566 	 38.0 	 38.0 	 0.0 
2.0 	 149 	 566 	 39.0 	 38.0 	 0.012987012987012988 
3.0 	 149 	 566 	 40.0 	 38.0 	 0.02564102564102564 
4.0 	 149 	 566 	 37.0 	 39.0 	 0.02631578947368421 
5.0 	 149 	 566 	 37.0 	 39.0 	 0.02631578947368421 
6.0 	 149 	 566 	 38.0 	 40.0 	 0.02564102564102564 
7.0 	 150 	 566 	 39.0 	 38.0 	 0.012987012987012988 
8.0 	 150 	 566 	 37.0 	 38.0 	 0.013333333333333334 
9.0 	 150 	 566 	 39.0 	 40.0 	 0.012658227848101266 
10.0 	 150 	 566 	 39.0 	 38.0 	 0.012987012987012988 
11.0 	 150 	 566 	 38.0 	 38.0 	 0.0 
12.0 	 150 	 566 	 39.0 	 40.0 	 0.012658227848101266 
13.0 	 150 	 566 	 37.0 	 39.0 	 0.02631578947368421 
14.0 	 151 	 566 	 37.0 	 37.0 	 0.0 
15.0 	 151 	 566 	 38.0 	 39.0 	 0.012987012987012988 
16.0 	 151 	 566 	 38.0 	 38.0 	 0.0 
17.0 	 151 	 566 	 37.0 	 37.0 	 0.0 
18.0 	 151 	 566 	 38.0 	 39.0 	 0.012987012987012988 
19.0 	 151 	 566 	 38.0 	 39.0 	 0.012987012987012988 
20.0 	 151 	 566 	 38.0 	 37.0 	 0.013333333333333334 
21.0 	 151 	 566 	 39.0 	 39.0 	 0.0 
22.0 	 151 	 566 	 39.0 	 40.0 	 0.012658227848101266 
23.0 	 151 	 566 	 38.0 	 38.0 	 0.0 
24.0 	 151 	 566 	 39.0 	 39.0 	 0.0 
25.0 	 151 	 566 	 37.0 	 39.0 	 0.02631578947368421 
26.0 	 151 	 566 	 37.0 	 38.0 	 0.013333333333333334 
27.0 	 151 	 566 	 39.0 	 39.0 	 0.0 
28.0 	 151 	 566 	 39.0 	 40.0 	 0.012658227848101266 
29.0 	 151 	 566 	 38.0 	 39.0 	 0.012987012987012988 
30.0 	 152 	 566 	 38.0 	 40.0 	 0.02564102564102564 
31.0 	 152 	 566 	 39.0 	 40.0 	 0.012658227848101266 
32.0 	 152 	 566 	 38.0 	 39.0 	 0.012987012987012988 
33.0 	 152 	 566 	 38.0 	 39.0 	 0.012987012987012988 
34.0 	 152 	 566 	 39.0 	 40.0 	 0.012658227848101266 
35.0 	 152 	 566 	 38.0 	 39.0 	 0.012987012987012988 
36.0 	 152 	 566 	 38.0 	 38.0 	 0.0 
37.0 	 152 	 566 	 38.0 	 39.0 	 0.012987012987012988 
38.0 	 152 	 566 	 37.0 	 38.0 	 0.013333333333333334 
39.0 	 152 	 565 	 37.0 	 38.0 	 0.013333333333333334 
40.0 	 152 	 566 	 38.0 	 39.0 	 0.012987012987012988 
41.0 	 152 	 566 	 38.0 	 38.0 	 0.0 
42.0 	 153 	 566 	 37.0 	 38.0 	 0.013333333333333334 
43.0 	 152 	 566 	 38.0 	 39.0 	 0.012987012987012988 
44.0 	 153 	 566 	 38.0 	 39.0 	 0.012987012987012988 
45.0 	 152 	 566 	 37.0 	 37.0 	 0.0 
46.0 	 152 	 566 	 38.0 	 39.0 	 0.012987012987012988 
47.0 	 153 	 566 	 38.0 	 40.0 	 0.02564102564102564 
48.0 	 153 	 566 	 37.0 	 37.0 	 0.0 
49.0 	 153 	 566 	 37.0 	 39.0 	 0.02631578947368421 
50.0 	 153 	 566 	 39.0 	 41.0 	 0.025 
51.0 	 153 	 566 	 38.0 	 39.0 	 0.012987012987012988 
52.0 	 153 	 566 	 39.0 	 39.0 	 0.0 
53.0 	 153 	 566 	 39.0 	 40.0 	 0.012658227848101266 
54.0 	 153 	 566 	 38.0 	 39.0 	 0.012987012987012988 
55.0 	 153 	 565 	 39.1737174987793 	 39.45656204223633 	 0.003597145337751115 
56.0 	 153 	 566 	 38.0 	 40.0 	 0.02564102564102564 
57.0 	 153 	 566 	 37.0 	 39.0 	 0.02631578947368421 
58.0 	 154 	 566 	 37.0 	 38.0 	 0.013333333333333334 
59.0 	 154 	 566 	 38.0 	 40.0 	 0.02564102564102564 
60.0 	 154 	 566 	 38.0 	 39.0 	 0.012987012987012988 
61.0 	 155 	 566 	 38.0 	 38.0 	 0.0 
62.0 	 155 	 566 	 39.0 	 39.0 	 0.0 
63.0 	 156 	 566 	 39.0 	 39.0 	 0.0 
64.0 	 157 	 566 	 38.0 	 38.0 	 0.0 
65.0 	 158 	 566 	 39.0 	 40.0 	 0.012658227848101266 
66.0 	 159 	 566 	 39.0 	 39.0 	 0.0 
67.0 	 160 	 565 	 38.0 	 38.0 	 0.0 
68.0 	 161 	 566 	 38.0 	 40.0 	 0.02564102564102564 
69.0 	 163 	 566 	 39.0 	 39.0 	 0.0 
70.0 	 165 	 566 	 37.0 	 35.0 	 0.027777777777777776 
71.0 	 166 	 566 	 39.0 	 38.0 	 0.012987012987012988 
72.0 	 168 	 566 	 39.0 	 39.0 	 0.0 
73.0 	 170 	 566 	 37.0 	 36.0 	 0.0136986301369863 
74.0 	 171 	 566 	 39.0 	 38.0 	 0.012987012987012988 
75.0 	 173 	 566 	 38.0 	 39.0 	 0.012987012987012988 
76.0 	 175 	 566 	 38.0 	 36.0 	 0.02702702702702703 
77.0 	 177 	 566 	 39.0 	 38.0 	 0.012987012987012988 
78.0 	 179 	 566 	 38.0 	 38.0 	 0.0 
79.0 	 180 	 566 	 38.0 	 38.0 	 0.0 
80.0 	 182 	 565 	 37.0 	 39.0 	 0.02631578947368421 
81.0 	 183 	 566 	 38.0 	 40.0 	 0.02564102564102564 
82.0 	 185 	 565 	 37.0 	 38.0 	 0.013333333333333334 
83.0 	 187 	 565 	 37.0 	 38.0 	 0.013333333333333334 
84.0 	 189 	 565 	 38.0 	 40.0 	 0.02564102564102564 
85.0 	 191 	 566 	 37.0 	 38.0 	 0.013333333333333334 
86.0 	 193 	 565 	 37.0 	 37.0 	 0.0 
87.0 	 195 	 565 	 37.0 	 39.0 	 0.02631578947368421 
88.0 	 197 	 566 	 37.0 	 38.0 	 0.013333333333333334 
89.0 	 199 	 566 	 37.0 	 37.0 	 0.0 
90.0 	 201 	 566 	 38.0 	 39.0 	 0.012987012987012988 
91.0 	 202 	 566 	 38.0 	 39.0 	 0.012987012987012988 
92.0 	 204 	 565 	 37.0 	 38.0 	 0.013333333333333334 
93.0 	 206 	 565 	 37.0 	 40.0 	 0.03896103896103896 
94.0 	 208 	 566 	 37.0 	 40.0 	 0.03896103896103896 
95.0 	 210 	 565 	 37.0 	 39.0 	 0.02631578947368421 
96.0 	 212 	 565 	 37.0 	 40.0 	 0.03896103896103896 
97.0 	 214 	 566 	 36.0 	 39.0 	 0.04 
98.0 	 217 	 566 	 36.0 	 39.0 	 0.04 
99.0 	 218 	 565 	 37.0 	 40.0 	 0.03896103896103896 
100.0 	 220 	 565 	 37.0 	 41.0 	 0.05128205128205128 
101.0 	 223 	 565 	 36.0 	 39.0 	 0.04 
102.0 	 225 	 565 	 37.0 	 41.0 	 0.05128205128205128 
103.0 	 226 	 565 	 37.0 	 42.0 	 0.06329113924050633 
104.0 	 229 	 566 	 36.0 	 40.0 	 0.05263157894736842 
105.0 	 231 	 566 	 36.0 	 41.0 	 0.06493506493506493 
106.0 	 233 	 565 	 37.0 	 41.0 	 0.05128205128205128 
107.0 	 235 	 566 	 40.0 	 37.0 	 0.03896103896103896 
108.0 	 237 	 566 	 42.0 	 37.0 	 0.06329113924050633 
109.0 	 239 	 565 	 37.0 	 41.0 	 0.05128205128205128 
110.0 	 241 	 566 	 36.0 	 40.0 	 0.05263157894736842 
111.0 	 243 	 565 	 36.0 	 41.0 	 0.06493506493506493 
112.0 	 245 	 565 	 37.0 	 41.0 	 0.05128205128205128 
113.0 	 248 	 565 	 36.0 	 41.0 	 0.06493506493506493 
114.0 	 250 	 565 	 36.0 	 42.0 	 0.07692307692307693 
115.0 	 252 	 565 	 36.0 	 42.0 	 0.07692307692307693 
116.0 	 254 	 565 	 36.0 	 42.0 	 0.07692307692307693 
117.0 	 256 	 565 	 36.0 	 41.0 	 0.06493506493506493 
118.0 	 258 	 565 	 43.0 	 37.0 	 0.075 
119.0 	 261 	 565 	 37.0 	 42.0 	 0.06329113924050633 
120.0 	 263 	 565 	 36.0 	 40.0 	 0.05263157894736842 
121.0 	 265 	 565 	 37.0 	 42.0 	 0.06329113924050633 
122.0 	 267 	 565 	 37.0 	 41.0 	 0.05128205128205128 
123.0 	 269 	 566 	 36.0 	 41.0 	 0.06493506493506493 
124.0 	 271 	 565 	 37.0 	 43.0 	 0.075 
125.0 	 274 	 566 	 37.0 	 42.0 	 0.06329113924050633 
126.0 	 276 	 566 	 36.0 	 40.0 	 0.05263157894736842 
127.0 	 278 	 566 	 36.0 	 42.0 	 0.07692307692307693 
128.0 	 280 	 566 	 36.0 	 40.0 	 0.05263157894736842 
129.0 	 282 	 566 	 36.0 	 40.0 	 0.05263157894736842 
130.0 	 284 	 566 	 36.0 	 40.0 	 0.05263157894736842 
131.0 	 286 	 566 	 36.0 	 41.0 	 0.06493506493506493 
132.0 	 289 	 566 	 36.0 	 40.0 	 0.05263157894736842 
133.0 	 291 	 566 	 36.0 	 42.0 	 0.07692307692307693 
134.0 	 293 	 566 	 36.0 	 41.0 	 0.06493506493506493 
135.0 	 296 	 566 	 36.0 	 41.0 	 0.06493506493506493 
136.0 	 298 	 566 	 36.0 	 42.0 	 0.07692307692307693 
137.0 	 300 	 566 	 36.0 	 43.0 	 0.08860759493670886 
138.0 	 302 	 566 	 35.0 	 41.0 	 0.07894736842105263 
139.0 	 305 	 566 	 36.0 	 42.0 	 0.07692307692307693 
140.0 	 307 	 566 	 36.0 	 42.0 	 0.07692307692307693 
141.0 	 309 	 566 	 35.0 	 41.0 	 0.07894736842105263 
142.0 	 311 	 566 	 35.0 	 42.0 	 0.09090909090909091 
143.0 	 313 	 565 	 35.0 	 43.0 	 0.10256410256410256 
144.0 	 316 	 566 	 36.0 	 42.0 	 0.07692307692307693 
145.0 	 318 	 566 	 35.0 	 41.0 	 0.07894736842105263 
146.0 	 320 	 565 	 35.0 	 43.0 	 0.10256410256410256 
147.0 	 322 	 566 	 35.0 	 41.0 	 0.07894736842105263 
148.0 	 325 	 566 	 35.0 	 42.0 	 0.09090909090909091 
149.0 	 327 	 566 	 35.0 	 43.0 	 0.10256410256410256 
150.0 	 329 	 566 	 35.0 	 42.0 	 0.09090909090909091 
151.0 	 332 	 566 	 35.0 	 41.0 	 0.07894736842105263 
152.0 	 334 	 566 	 35.0 	 42.0 	 0.09090909090909091 
153.0 	 336 	 565 	 36.0 	 41.0 	 0.06493506493506493 
154.0 	 338 	 565 	 35.0 	 41.0 	 0.07894736842105263 
155.0 	 341 	 566 	 35.0 	 42.0 	 0.09090909090909091 
156.0 	 343 	 566 	 35.0 	 41.0 	 0.07894736842105263 
157.0 	 346 	 565 	 35.0 	 41.0 	 0.07894736842105263 
158.0 	 348 	 566 	 35.0 	 42.0 	 0.09090909090909091 
159.0 	 350 	 566 	 35.0 	 42.0 	 0.09090909090909091 
160.0 	 352 	 566 	 35.0 	 40.0 	 0.06666666666666667 
161.0 	 354 	 566 	 36.0 	 41.0 	 0.06493506493506493 
162.0 	 357 	 566 	 42.0 	 35.0 	 0.09090909090909091 
163.0 	 359 	 565 	 35.0 	 41.0 	 0.07894736842105263 
164.0 	 362 	 566 	 35.0 	 43.0 	 0.10256410256410256 
165.0 	 364 	 566 	 35.0 	 43.0 	 0.10256410256410256 
166.0 	 366 	 566 	 35.0 	 42.0 	 0.09090909090909091 
167.0 	 369 	 566 	 35.0 	 43.0 	 0.10256410256410256 
168.0 	 371 	 566 	 35.48102951049805 	 43.318206787109375 	 0.09945752833202634 
169.0 	 373 	 565 	 35.0 	 41.0 	 0.07894736842105263 
170.0 	 376 	 566 	 35.0 	 42.0 	 0.09090909090909091 
171.0 	 378 	 566 	 36.0 	 43.0 	 0.08860759493670886 
172.0 	 380 	 566 	 35.0 	 42.0 	 0.09090909090909091 
173.0 	 382 	 566 	 35.0 	 41.0 	 0.07894736842105263 
174.0 	 385 	 566 	 36.0 	 44.0 	 0.1 
175.0 	 387 	 566 	 36.0 	 41.0 	 0.06493506493506493 
176.0 	 390 	 566 	 35.0 	 40.0 	 0.06666666666666667 
177.0 	 392 	 565 	 36.0 	 42.0 	 0.07692307692307693 
178.0 	 394 	 565 	 36.0 	 42.0 	 0.07692307692307693 
179.0 	 396 	 565 	 36.0 	 40.0 	 0.05263157894736842 
180.0 	 399 	 565 	 36.0 	 42.0 	 0.07692307692307693 
181.0 	 401 	 565 	 37.0 	 43.0 	 0.075 
182.0 	 404 	 565 	 35.0 	 41.0 	 0.07894736842105263 
183.0 	 406 	 566 	 35.0 	 42.0 	 0.09090909090909091 
184.0 	 408 	 566 	 35.0 	 44.0 	 0.11392405063291139 
185.0 	 411 	 565 	 35.0 	 41.0 	 0.07894736842105263 
186.0 	 413 	 566 	 35.0 	 43.0 	 0.10256410256410256 
187.0 	 415 	 566 	 35.0 	 43.0 	 0.10256410256410256 
188.0 	 417 	 565 	 35.0 	 41.0 	 0.07894736842105263 
189.0 	 420 	 565 	 35.0 	 42.0 	 0.09090909090909091 
190.0 	 422 	 565 	 35.0 	 44.0 	 0.11392405063291139 
191.0 	 424 	 565 	 35.0 	 42.0 	 0.09090909090909091 
192.0 	 427 	 565 	 35.0 	 43.0 	 0.10256410256410256 
193.0 	 429 	 566 	 43.0 	 35.0 	 0.10256410256410256 
194.0 	 432 	 566 	 34.0 	 42.0 	 0.10526315789473684 
195.0 	 434 	 565 	 34.835174560546875 	 41.71345138549805 	 0.08985500052998084 
196.0 	 436 	 566 	 34.0 	 43.0 	 0.11688311688311688 
197.0 	 438 	 566 	 42.0 	 35.0 	 0.09090909090909091 
198.0 	 441 	 566 	 35.0 	 41.0 	 0.07894736842105263 
199.0 	 443 	 566 	 35.0 	 42.0 	 0.09090909090909091 
200.0 	 446 	 566 	 35.0 	 43.0 	 0.10256410256410256 
201.0 	 448 	 566 	 36.0 	 42.0 	 0.07692307692307693 
202.0 	 450 	 566 	 35.0 	 44.0 	 0.11392405063291139 
203.0 	 452 	 565 	 35.0 	 43.0 	 0.10256410256410256 
204.0 	 455 	 565 	 35.0 	 42.0 	 0.09090909090909091 
205.0 	 457 	 565 	 35.0 	 42.0 	 0.09090909090909091 
206.0 	 459 	 565 	 35.0 	 42.0 	 0.09090909090909091 
207.0 	 461 	 565 	 35.0 	 40.0 	 0.06666666666666667 
208.0 	 463 	 565 	 35.0 	 42.0 	 0.09090909090909091 
209.0 	 466 	 565 	 35.0 	 42.0 	 0.09090909090909091 
210.0 	 468 	 565 	 34.436729431152344 	 41.262718200683594 	 0.09017224012953738 
211.0 	 470 	 565 	 34.0 	 42.0 	 0.10526315789473684 
212.0 	 473 	 565 	 34.0 	 43.0 	 0.11688311688311688 
213.0 	 475 	 565 	 34.0 	 41.0 	 0.09333333333333334 
214.0 	 477 	 565 	 34.0 	 42.0 	 0.10526315789473684 
215.0 	 480 	 565 	 34.0 	 43.0 	 0.11688311688311688 
216.0 	 481 	 565 	 33.0 	 41.0 	 0.10810810810810811 
217.0 	 484 	 565 	 34.0 	 41.0 	 0.09333333333333334 
218.0 	 486 	 565 	 35.0 	 42.0 	 0.09090909090909091 
219.0 	 488 	 565 	 35.0 	 40.0 	 0.06666666666666667 
220.0 	 490 	 565 	 34.0 	 41.0 	 0.09333333333333334 
221.0 	 492 	 565 	 34.0 	 41.0 	 0.09333333333333334 
222.0 	 495 	 565 	 34.0 	 41.0 	 0.09333333333333334 
223.0 	 497 	 565 	 34.0 	 40.0 	 0.08108108108108109 
224.0 	 499 	 565 	 35.0 	 42.0 	 0.09090909090909091 
225.0 	 502 	 565 	 35.0 	 41.0 	 0.07894736842105263 
226.0 	 504 	 565 	 35.0 	 41.0 	 0.07894736842105263 
227.0 	 506 	 565 	 35.0 	 42.0 	 0.09090909090909091 
228.0 	 509 	 565 	 35.0 	 41.0 	 0.07894736842105263 
229.0 	 511 	 565 	 34.0 	 41.0 	 0.09333333333333334 
230.0 	 513 	 565 	 34.0 	 42.0 	 0.10526315789473684 
231.0 	 515 	 565 	 34.0 	 42.0 	 0.10526315789473684 
232.0 	 518 	 565 	 34.0 	 41.0 	 0.09333333333333334 
233.0 	 520 	 565 	 34.0 	 41.0 	 0.09333333333333334 
234.0 	 522 	 565 	 34.0 	 42.0 	 0.10526315789473684 
235.0 	 525 	 565 	 34.0 	 41.0 	 0.09333333333333334 
236.0 	 526 	 565 	 41.0 	 35.0 	 0.07894736842105263 
237.0 	 529 	 565 	 34.0 	 41.0 	 0.09333333333333334 
238.0 	 531 	 565 	 35.0 	 40.0 	 0.06666666666666667 
239.0 	 533 	 565 	 34.0 	 41.0 	 0.09333333333333334 
240.0 	 535 	 565 	 34.0 	 40.0 	 0.08108108108108109 
241.0 	 538 	 565 	 34.0 	 39.0 	 0.0684931506849315 
242.0 	 540 	 565 	 34.0 	 41.0 	 0.09333333333333334 
243.0 	 542 	 565 	 34.0 	 41.0 	 0.09333333333333334 
244.0 	 544 	 565 	 34.0 	 39.0 	 0.0684931506849315 
245.0 	 546 	 565 	 34.0 	 40.0 	 0.08108108108108109 
246.0 	 548 	 565 	 34.0 	 40.0 	 0.08108108108108109 
247.0 	 550 	 565 	 34.0 	 40.0 	 0.08108108108108109 
248.0 	 553 	 565 	 35.0 	 41.0 	 0.07894736842105263 
249.0 	 555 	 565 	 35.0 	 40.0 	 0.06666666666666667 
250.0 	 557 	 565 	 35.0 	 41.0 	 0.07894736842105263 
251.0 	 560 	 565 	 35.0 	 42.0 	 0.09090909090909091 
252.0 	 562 	 565 	 35.0 	 42.0 	 0.09090909090909091 
253.0 	 564 	 565 	 35.0 	 42.0 	 0.09090909090909091 
254.0 	 567 	 565 	 35.0 	 42.0 	 0.09090909090909091 
255.0 	 569 	 565 	 35.0 	 42.0 	 0.09090909090909091 
256.0 	 571 	 565 	 35.0 	 41.0 	 0.07894736842105263 
257.0 	 573 	 565 	 35.0 	 41.0 	 0.07894736842105263 
258.0 	 576 	 565 	 35.0 	 41.0 	 0.07894736842105263 
259.0 	 578 	 565 	 35.0 	 40.0 	 0.06666666666666667 
260.0 	 581 	 565 	 35.0 	 41.0 	 0.07894736842105263 
261.0 	 583 	 565 	 36.0 	 41.0 	 0.06493506493506493 
262.0 	 585 	 565 	 35.0 	 41.0 	 0.07894736842105263 
263.0 	 588 	 565 	 35.0 	 41.0 	 0.07894736842105263 
264.0 	 590 	 565 	 35.0 	 42.0 	 0.09090909090909091 
265.0 	 591 	 565 	 35.0 	 41.0 	 0.07894736842105263 
266.0 	 594 	 565 	 35.0 	 41.0 	 0.07894736842105263 
267.0 	 596 	 565 	 35.0 	 43.0 	 0.10256410256410256 
268.0 	 598 	 565 	 35.0 	 42.0 	 0.09090909090909091 
269.0 	 600 	 565 	 35.0 	 42.0 	 0.09090909090909091 
270.0 	 602 	 565 	 43.0 	 36.0 	 0.08860759493670886 
271.0 	 604 	 565 	 36.0 	 42.0 	 0.07692307692307693 
272.0 	 607 	 565 	 35.0 	 41.0 	 0.07894736842105263 
273.0 	 609 	 565 	 35.0 	 42.0 	 0.09090909090909091 
274.0 	 611 	 565 	 36.0 	 42.0 	 0.07692307692307693 
275.0 	 613 	 565 	 35.0 	 42.0 	 0.09090909090909091 
276.0 	 615 	 565 	 35.0 	 43.0 	 0.10256410256410256 
277.0 	 618 	 566 	 36.0 	 43.0 	 0.08860759493670886 
278.0 	 619 	 565 	 36.0 	 42.0 	 0.07692307692307693 
279.0 	 622 	 565 	 36.0 	 42.0 	 0.07692307692307693 
280.0 	 624 	 565 	 35.0 	 43.0 	 0.10256410256410256 
281.0 	 626 	 565 	 36.0 	 41.0 	 0.06493506493506493 
282.0 	 629 	 565 	 36.0 	 43.0 	 0.08860759493670886 
283.0 	 631 	 565 	 36.0 	 44.0 	 0.1 
284.0 	 633 	 565 	 36.0 	 42.0 	 0.07692307692307693 
285.0 	 635 	 565 	 36.0 	 43.0 	 0.08860759493670886 
286.0 	 638 	 566 	 35.0 	 44.0 	 0.11392405063291139 
287.0 	 640 	 565 	 35.0 	 42.0 	 0.09090909090909091 
288.0 	 642 	 565 	 35.0 	 43.0 	 0.10256410256410256 
289.0 	 644 	 566 	 35.0 	 43.0 	 0.10256410256410256 
290.0 	 647 	 565 	 36.0 	 42.0 	 0.07692307692307693 
291.0 	 649 	 565 	 35.0 	 42.0 	 0.09090909090909091 
292.0 	 651 	 566 	 35.0 	 44.0 	 0.11392405063291139 
293.0 	 653 	 566 	 35.0 	 43.0 	 0.10256410256410256 
294.0 	 655 	 565 	 36.0 	 43.0 	 0.08860759493670886 
295.0 	 658 	 566 	 35.0 	 43.0 	 0.10256410256410256 
296.0 	 660 	 566 	 35.0 	 42.0 	 0.09090909090909091 
297.0 	 662 	 565 	 36.0 	 42.0 	 0.07692307692307693 
298.0 	 664 	 566 	 35.0 	 43.0 	 0.10256410256410256 
299.0 	 667 	 566 	 35.0 	 42.0 	 0.09090909090909091 
300.0 	 669 	 565 	 36.0 	 42.0 	 0.07692307692307693 
301.0 	 671 	 566 	 36.0 	 43.0 	 0.08860759493670886 
302.0 	 673 	 566 	 35.0 	 44.0 	 0.11392405063291139 
303.0 	 676 	 565 	 36.0 	 42.0 	 0.07692307692307693 
304.0 	 678 	 565 	 35.0 	 44.0 	 0.11392405063291139 
305.0 	 680 	 565 	 36.0 	 43.0 	 0.08860759493670886 
306.0 	 682 	 565 	 36.0 	 43.0 	 0.08860759493670886 
307.0 	 685 	 565 	 36.0 	 43.0 	 0.08860759493670886 
308.0 	 687 	 565 	 36.0 	 44.0 	 0.1 
309.0 	 689 	 565 	 36.0 	 42.0 	 0.07692307692307693 
310.0 	 691 	 565 	 36.0 	 42.0 	 0.07692307692307693 
311.0 	 693 	 565 	 35.0 	 43.0 	 0.10256410256410256 
312.0 	 696 	 565 	 36.0 	 42.0 	 0.07692307692307693 
313.0 	 698 	 565 	 36.0 	 42.0 	 0.07692307692307693 
314.0 	 700 	 565 	 36.0 	 43.0 	 0.08860759493670886 
315.0 	 703 	 565 	 36.0 	 42.0 	 0.07692307692307693 
316.0 	 705 	 565 	 36.0 	 41.0 	 0.06493506493506493 
317.0 	 707 	 565 	 36.0 	 43.0 	 0.08860759493670886 
318.0 	 709 	 565 	 36.0 	 43.0 	 0.08860759493670886 
319.0 	 711 	 565 	 36.0 	 41.0 	 0.06493506493506493 
320.0 	 714 	 565 	 36.0 	 43.0 	 0.08860759493670886 
321.0 	 716 	 565 	 36.0 	 43.0 	 0.08860759493670886 
322.0 	 718 	 565 	 42.79664611816406 	 35.89396286010742 	 0.08771927613322512 
323.0 	 720 	 565 	 43.0 	 36.0 	 0.08860759493670886 
324.0 	 723 	 565 	 44.0 	 36.0 	 0.1 
325.0 	 725 	 565 	 35.0 	 42.0 	 0.09090909090909091 
326.0 	 727 	 565 	 35.0 	 43.0 	 0.10256410256410256 
327.0 	 729 	 565 	 35.0 	 44.0 	 0.11392405063291139 
328.0 	 732 	 566 	 35.0 	 42.0 	 0.09090909090909091 
329.0 	 734 	 565 	 35.0 	 43.0 	 0.10256410256410256 
330.0 	 736 	 566 	 35.0 	 43.0 	 0.10256410256410256 
331.0 	 739 	 566 	 35.0 	 42.0 	 0.09090909090909091 
332.0 	 741 	 566 	 35.0 	 43.0 	 0.10256410256410256 
333.0 	 743 	 566 	 34.0 	 43.0 	 0.11688311688311688 
334.0 	 746 	 566 	 35.0 	 42.0 	 0.09090909090909091 
335.0 	 748 	 566 	 34.68232727050781 	 43.352909088134766 	 0.1111111111111111 
336.0 	 750 	 566 	 35.0 	 43.0 	 0.10256410256410256 
337.0 	 753 	 566 	 34.6132926940918 	 43.43302536010742 	 0.11300639012708795 
338.0 	 755 	 565 	 35.0 	 42.0 	 0.09090909090909091 
339.0 	 757 	 566 	 43.43279266357422 	 34.54692459106445 	 0.11395101682009734 
340.0 	 760 	 566 	 42.32615661621094 	 33.733028411865234 	 0.11297949355062997 
341.0 	 762 	 566 	 42.296630859375 	 33.72073745727539 	 0.11281492101090268 
342.0 	 764 	 566 	 43.20545196533203 	 33.693058013916016 	 0.12370062767123895 
343.0 	 766 	 566 	 34.6132926940918 	 43.43302536010742 	 0.11300639012708795 
344.0 	 769 	 566 	 35.0 	 42.0 	 0.09090909090909091 
345.0 	 771 	 566 	 35.0 	 42.0 	 0.09090909090909091 
346.0 	 774 	 566 	 35.0 	 42.0 	 0.09090909090909091 
347.0 	 776 	 566 	 36.0 	 42.0 	 0.07692307692307693 
348.0 	 779 	 566 	 36.0 	 43.0 	 0.08860759493670886 
349.0 	 781 	 566 	 35.0 	 42.0 	 0.09090909090909091 
350.0 	 783 	 566 	 35.0 	 41.0 	 0.07894736842105263 
351.0 	 785 	 566 	 35.0 	 42.0 	 0.09090909090909091 
352.0 	 788 	 566 	 42.0 	 35.0 	 0.09090909090909091 
353.0 	 790 	 565 	 35.0 	 42.0 	 0.09090909090909091 
354.0 	 793 	 565 	 35.0 	 42.0 	 0.09090909090909091 
355.0 	 795 	 565 	 35.0 	 43.0 	 0.10256410256410256 
356.0 	 797 	 565 	 41.0 	 36.0 	 0.06493506493506493 
357.0 	 799 	 565 	 35.0 	 42.0 	 0.09090909090909091 
358.0 	 802 	 565 	 35.0 	 42.0 	 0.09090909090909091 
359.0 	 804 	 565 	 34.0 	 41.0 	 0.09333333333333334 
360.0 	 806 	 565 	 36.0 	 42.0 	 0.07692307692307693 
361.0 	 809 	 565 	 34.0 	 42.0 	 0.10526315789473684 
362.0 	 811 	 565 	 34.0 	 42.0 	 0.10526315789473684 
363.0 	 814 	 565 	 34.0 	 42.0 	 0.10526315789473684 
364.0 	 816 	 565 	 34.0 	 42.0 	 0.10526315789473684 
365.0 	 819 	 565 	 33.0 	 42.0 	 0.12 
366.0 	 821 	 565 	 34.0 	 43.0 	 0.11688311688311688 
367.0 	 824 	 565 	 34.0 	 43.0 	 0.11688311688311688 
368.0 	 826 	 565 	 34.0 	 43.0 	 0.11688311688311688 
369.0 	 829 	 565 	 34.0 	 42.0 	 0.10526315789473684 
370.0 	 831 	 565 	 34.0 	 42.0 	 0.10526315789473684 
371.0 	 834 	 565 	 34.0 	 42.0 	 0.10526315789473684 
372.0 	 836 	 565 	 34.0 	 42.0 	 0.10526315789473684 
373.0 	 838 	 566 	 43.0 	 34.0 	 0.11688311688311688 
374.0 	 841 	 566 	 42.0 	 34.0 	 0.10526315789473684 
375.0 	 844 	 566 	 32.0 	 42.0 	 0.13513513513513514 
376.0 	 846 	 566 	 33.0 	 43.0 	 0.13157894736842105 
377.0 	 848 	 566 	 33.0 	 42.0 	 0.12 
378.0 	 851 	 566 	 42.519691467285156 	 31.58016014099121 	 0.14763229735094485 
379.0 	 853 	 566 	 44.19192123413086 	 32.60727310180664 	 0.15084335496607268 
380.0 	 855 	 566 	 43.448516845703125 	 32.302581787109375 	 0.14713892286396166 
381.0 	 858 	 566 	 43.04456329345703 	 32.644283294677734 	 0.13740835628494938 
382.0 	 860 	 566 	 43.82693099975586 	 32.440185546875 	 0.1493008516444808 
383.0 	 862 	 566 	 43.118587493896484 	 32.75532150268555 	 0.13658537075871208 
384.0 	 865 	 566 	 33.0 	 42.0 	 0.12 
385.0 	 867 	 566 	 43.0 	 33.0 	 0.13157894736842105 
386.0 	 869 	 566 	 43.00754928588867 	 33.754634857177734 	 0.12054000979786755 
387.0 	 872 	 566 	 42.19329071044922 	 33.754634857177734 	 0.11111107762591067 
388.0 	 874 	 566 	 43.15559768676758 	 33.79164505004883 	 0.12169315369423167 
389.0 	 876 	 566 	 44.0237922668457 	 34.513427734375 	 0.12109372514487887 
390.0 	 879 	 566 	 43.170875549316406 	 33.84563064575195 	 0.12108112097353985 
391.0 	 881 	 566 	 43.0 	 34.0 	 0.11688311688311688 
392.0 	 884 	 566 	 43.0 	 34.0 	 0.11688311688311688 
393.0 	 886 	 566 	 43.18013000488281 	 33.66976547241211 	 0.12375247192470824 
394.0 	 889 	 566 	 42.0 	 34.0 	 0.10526315789473684 
395.0 	 891 	 566 	 43.51731872558594 	 32.50898361206055 	 0.14479640302162 
396.0 	 893 	 566 	 42.50564193725586 	 32.527793884277344 	 0.13297869068278836 
397.0 	 896 	 565 	 42.0 	 33.0 	 0.12 
398.0 	 898 	 565 	 43.448516845703125 	 32.50898361206055 	 0.14402176437764075 
399.0 	 901 	 565 	 42.516143798828125 	 32.79816818237305 	 0.12903225643063343 
400.0 	 903 	 565 	 43.620460510253906 	 33.35032272338867 	 0.133429040934799 
401.0 	 906 	 565 	 44.09090805053711 	 32.68340301513672 	 0.14858492218370087 
402.0 	 908 	 565 	 43.547359466552734 	 32.46660614013672 	 0.1457725989951625 
403.0 	 910 	 565 	 42.0 	 33.0 	 0.12 
404.0 	 913 	 565 	 43.0 	 33.0 	 0.13157894736842105 
405.0 	 915 	 565 	 43.318206787109375 	 32.41740798950195 	 0.1439322679265265 
406.0 	 918 	 566 	 43.53194808959961 	 32.48865509033203 	 0.14526710572302917 
407.0 	 920 	 565 	 44.10213851928711 	 32.440185546875 	 0.1523595359128589 
408.0 	 922 	 565 	 31.0 	 43.0 	 0.16216216216216217 
409.0 	 924 	 566 	 42.0 	 33.0 	 0.12 
410.0 	 927 	 565 	 43.0 	 34.0 	 0.11688311688311688 
411.0 	 929 	 565 	 42.0 	 33.0 	 0.12 
412.0 	 931 	 565 	 42.0 	 33.0 	 0.12 
413.0 	 934 	 565 	 43.0 	 33.0 	 0.13157894736842105 
414.0 	 936 	 565 	 31.0 	 43.0 	 0.16216216216216217 
415.0 	 938 	 566 	 32.0 	 42.0 	 0.13513513513513514 
416.0 	 941 	 565 	 43.72895050048828 	 31.692975997924805 	 0.15958190225778335 
417.0 	 943 	 565 	 31.0 	 43.0 	 0.16216216216216217 
418.0 	 945 	 565 	 32.0 	 42.0 	 0.13513513513513514 
419.0 	 948 	 565 	 32.0 	 43.0 	 0.14666666666666667 
420.0 	 950 	 565 	 32.0 	 43.0 	 0.14666666666666667 
421.0 	 952 	 565 	 42.0 	 34.0 	 0.10526315789473684 
422.0 	 955 	 565 	 33.0 	 42.0 	 0.12 
423.0 	 957 	 565 	 33.0 	 43.0 	 0.13157894736842105 
424.0 	 959 	 565 	 43.125518798828125 	 31.89449691772461 	 0.14970700517495966 
425.0 	 962 	 565 	 32.0 	 42.0 	 0.13513513513513514 
426.0 	 964 	 565 	 43.0 	 32.0 	 0.14666666666666667 
427.0 	 966 	 565 	 42.0 	 32.0 	 0.13513513513513514 
428.0 	 969 	 565 	 31.0 	 42.0 	 0.1506849315068493 
429.0 	 971 	 565 	 31.0 	 43.0 	 0.16216216216216217 
430.0 	 973 	 565 	 32.0 	 43.0 	 0.14666666666666667 
431.0 	 976 	 565 	 42.74822998046875 	 30.921218872070312 	 0.16054159889362077 
432.0 	 978 	 565 	 44.0 	 32.0 	 0.15789473684210525 
433.0 	 980 	 565 	 32.55508041381836 	 43.379024505615234 	 0.14254390834370306 
434.0 	 982 	 565 	 32.0 	 41.0 	 0.1232876712328767 
435.0 	 985 	 565 	 32.55508041381836 	 42.46315383911133 	 0.1320755350210876 
436.0 	 987 	 565 	 32.0 	 42.0 	 0.13513513513513514 
437.0 	 989 	 565 	 32.49104309082031 	 42.26441955566406 	 0.13073795705153562 
438.0 	 992 	 565 	 32.471824645996094 	 43.170875549316406 	 0.14144194847215835 
439.0 	 994 	 565 	 32.494014739990234 	 42.44606399536133 	 0.13280009073004087 
440.0 	 996 	 565 	 32.0 	 42.0 	 0.13513513513513514 
441.0 	 998 	 565 	 31.0 	 43.0 	 0.16216216216216217 
442.0 	 1001 	 565 	 32.55508041381836 	 44.253265380859375 	 0.1523035660514331 
443.0 	 1003 	 566 	 32.57792282104492 	 43.437225341796875 	 0.14285708550470558 
444.0 	 1005 	 565 	 32.0 	 43.0 	 0.14666666666666667 
445.0 	 1008 	 565 	 43.03321838378906 	 32.13241958618164 	 0.14502369822181754 
446.0 	 1010 	 565 	 42.402347564697266 	 32.244991302490234 	 0.13607124401686968 
447.0 	 1012 	 565 	 43.125518798828125 	 32.573951721191406 	 0.13938759419520966 
448.0 	 1014 	 565 	 43.0 	 32.0 	 0.14666666666666667 
449.0 	 1017 	 565 	 32.0 	 42.0 	 0.13513513513513514 
450.0 	 1019 	 565 	 31.361675262451172 	 42.481605529785156 	 0.15058824781391758 
451.0 	 1021 	 566 	 31.0 	 43.0 	 0.16216216216216217 
452.0 	 1023 	 566 	 31.496923446655273 	 42.526397705078125 	 0.1489999919865062 
453.0 	 1025 	 566 	 31.260948181152344 	 42.496910095214844 	 0.15233579413276732 
454.0 	 1028 	 566 	 43.0 	 32.0 	 0.14666666666666667 
455.0 	 1030 	 566 	 43.0 	 32.0 	 0.14666666666666667 
456.0 	 1032 	 566 	 32.0 	 42.0 	 0.13513513513513514 
457.0 	 1034 	 566 	 31.479928970336914 	 42.972599029541016 	 0.15436238859777796 
458.0 	 1037 	 566 	 31.515621185302734 	 43.32951736450195 	 0.15784453617301838 
459.0 	 1039 	 566 	 32.0 	 43.0 	 0.14666666666666667 
460.0 	 1041 	 566 	 30.921218872070312 	 43.60319519042969 	 0.17017210370448024 
461.0 	 1043 	 566 	 30.921218872070312 	 43.10446548461914 	 0.16458134387308598 
462.0 	 1046 	 566 	 32.471824645996094 	 42.46315383911133 	 0.133333316364412 
463.0 	 1048 	 566 	 32.43019104003906 	 43.420658111572266 	 0.14489576839891882 
464.0 	 1050 	 566 	 32.471824645996094 	 43.50392150878906 	 0.14520550861477965 
465.0 	 1053 	 566 	 31.39554214477539 	 43.274940490722656 	 0.1590909543726432 
466.0 	 1055 	 566 	 31.39554214477539 	 43.133514404296875 	 0.1574952482028648 
467.0 	 1057 	 566 	 31.39554214477539 	 43.98204803466797 	 0.16697941470308655 
468.0 	 1059 	 566 	 31.573482513427734 	 43.170284271240234 	 0.15515409855141696 
469.0 	 1061 	 566 	 32.01770782470703 	 42.6636962890625 	 0.14255206621634198 
470.0 	 1063 	 566 	 31.905744552612305 	 43.486915588378906 	 0.15361138622922638 
471.0 	 1066 	 566 	 31.44521713256836 	 43.09866714477539 	 0.15633006148230572 
472.0 	 1068 	 566 	 32.51345443725586 	 42.46315383911133 	 0.1327040477101928 
473.0 	 1070 	 566 	 33.0 	 43.0 	 0.13157894736842105 
474.0 	 1072 	 566 	 33.0 	 42.0 	 0.12 
475.0 	 1075 	 566 	 32.59671401977539 	 42.50478744506836 	 0.1319290990464565 
476.0 	 1077 	 566 	 32.09745407104492 	 42.9826774597168 	 0.14498141075061913 
477.0 	 1079 	 566 	 32.57792282104492 	 42.39472961425781 	 0.13093850189819886 
478.0 	 1081 	 565 	 32.55729293823242 	 43.27349853515625 	 0.14131733809852784 
479.0 	 1083 	 565 	 32.534481048583984 	 43.13316345214844 	 0.1400688824595546 
480.0 	 1086 	 565 	 34.0 	 42.0 	 0.10526315789473684 
481.0 	 1088 	 565 	 34.0 	 42.0 	 0.10526315789473684 
482.0 	 1090 	 565 	 34.0 	 43.0 	 0.11688311688311688 
483.0 	 1092 	 565 	 34.0 	 43.0 	 0.11688311688311688 
484.0 	 1095 	 565 	 34.0 	 43.0 	 0.11688311688311688 
485.0 	 1097 	 565 	 34.0 	 43.0 	 0.11688311688311688 
486.0 	 1099 	 565 	 34.0 	 42.0 	 0.10526315789473684 
487.0 	 1102 	 565 	 34.0 	 42.0 	 0.10526315789473684 
488.0 	 1104 	 565 	 34.0 	 42.0 	 0.10526315789473684 
489.0 	 1106 	 565 	 34.0 	 42.0 	 0.10526315789473684 
490.0 	 1108 	 565 	 34.0 	 43.0 	 0.11688311688311688 
491.0 	 1110 	 565 	 34.0 	 43.0 	 0.11688311688311688 
492.0 	 1112 	 565 	 34.0 	 43.0 	 0.11688311688311688 
493.0 	 1114 	 565 	 34.0 	 41.0 	 0.09333333333333334 
494.0 	 1116 	 565 	 34.0 	 42.0 	 0.10526315789473684 
495.0 	 1119 	 565 	 34.0 	 42.0 	 0.10526315789473684 
496.0 	 1121 	 565 	 34.0 	 43.0 	 0.11688311688311688 
497.0 	 1123 	 565 	 34.0 	 43.0 	 0.11688311688311688 
498.0 	 1125 	 565 	 34.0 	 42.0 	 0.10526315789473684 
499.0 	 1128 	 565 	 34.0 	 42.0 	 0.10526315789473684 
500.0 	 1130 	 565 	 34.0 	 43.0 	 0.11688311688311688 
501.0 	 1132 	 565 	 34.0 	 43.0 	 0.11688311688311688 
502.0 	 1134 	 565 	 34.0 	 42.0 	 0.10526315789473684 
503.0 	 1137 	 565 	 34.0 	 44.0 	 0.1282051282051282 
504.0 	 1139 	 565 	 34.0 	 43.0 	 0.11688311688311688 
505.0 	 1141 	 565 	 34.0 	 42.0 	 0.10526315789473684 
506.0 	 1143 	 565 	 34.0 	 43.0 	 0.11688311688311688 
507.0 	 1145 	 565 	 35.0 	 43.0 	 0.10256410256410256 
508.0 	 1147 	 565 	 34.0 	 42.0 	 0.10526315789473684 
509.0 	 1149 	 565 	 35.0 	 42.0 	 0.09090909090909091 
510.0 	 1151 	 565 	 42.0 	 34.0 	 0.10526315789473684 
511.0 	 1154 	 565 	 34.0 	 42.0 	 0.10526315789473684 
512.0 	 1156 	 565 	 34.0 	 42.0 	 0.10526315789473684 
513.0 	 1158 	 565 	 34.0 	 43.0 	 0.11688311688311688 
514.0 	 1160 	 565 	 42.18710708618164 	 33.716468811035156 	 0.11159735460443679 
515.0 	 1163 	 565 	 33.0 	 42.0 	 0.12 
516.0 	 1165 	 565 	 33.0 	 42.0 	 0.12 
517.0 	 1167 	 565 	 34.0 	 41.0 	 0.09333333333333334 
518.0 	 1169 	 565 	 34.0 	 42.0 	 0.10526315789473684 
519.0 	 1171 	 565 	 35.0 	 43.0 	 0.10256410256410256 
520.0 	 1174 	 565 	 35.0 	 42.0 	 0.09090909090909091 
521.0 	 1176 	 565 	 35.0 	 43.0 	 0.10256410256410256 
522.0 	 1178 	 565 	 35.0 	 44.0 	 0.11392405063291139 
523.0 	 1180 	 565 	 35.0 	 43.0 	 0.10256410256410256 
524.0 	 1182 	 564 	 35.0 	 42.0 	 0.09090909090909091 
525.0 	 1184 	 564 	 35.0 	 43.0 	 0.10256410256410256 
526.0 	 1186 	 564 	 35.0 	 43.0 	 0.10256410256410256 
527.0 	 1188 	 564 	 35.0 	 42.0 	 0.09090909090909091 
528.0 	 1190 	 564 	 35.0 	 42.0 	 0.09090909090909091 
529.0 	 1193 	 564 	 34.0 	 42.0 	 0.10526315789473684 
530.0 	 1195 	 564 	 34.0 	 41.0 	 0.09333333333333334 
531.0 	 1197 	 564 	 34.0 	 42.0 	 0.10526315789473684 
532.0 	 1199 	 564 	 35.0 	 43.0 	 0.10256410256410256 
533.0 	 1201 	 564 	 33.0 	 42.0 	 0.12 
534.0 	 1203 	 564 	 33.0 	 43.0 	 0.13157894736842105 
535.0 	 1205 	 564 	 33.0 	 43.0 	 0.13157894736842105 
536.0 	 1208 	 564 	 34.0 	 42.0 	 0.10526315789473684 
537.0 	 1210 	 565 	 34.0 	 43.0 	 0.11688311688311688 
538.0 	 1212 	 565 	 34.0 	 44.0 	 0.1282051282051282 
539.0 	 1214 	 564 	 33.0 	 42.0 	 0.12 
540.0 	 1217 	 565 	 34.0 	 43.0 	 0.11688311688311688 
541.0 	 1219 	 564 	 33.0 	 42.0 	 0.12 
542.0 	 1221 	 564 	 33.0 	 42.0 	 0.12 
543.0 	 1223 	 564 	 42.14356994628906 	 33.2340202331543 	 0.11819891949218268 
544.0 	 1225 	 565 	 35.0 	 43.0 	 0.10256410256410256 
545.0 	 1227 	 565 	 34.0 	 42.0 	 0.10526315789473684 
546.0 	 1229 	 565 	 34.0 	 42.0 	 0.10526315789473684 
547.0 	 1231 	 565 	 35.0 	 42.0 	 0.09090909090909091 
548.0 	 1233 	 565 	 41.91804885864258 	 35.03733444213867 	 0.08941173601345773 
549.0 	 1235 	 565 	 34.0 	 42.0 	 0.10526315789473684 
550.0 	 1238 	 565 	 34.0 	 43.0 	 0.11688311688311688 
551.0 	 1240 	 565 	 34.0 	 43.0 	 0.11688311688311688 
552.0 	 1242 	 565 	 34.0 	 41.0 	 0.09333333333333334 
553.0 	 1244 	 565 	 33.0 	 42.0 	 0.12 
554.0 	 1246 	 565 	 33.0 	 42.0 	 0.12 
555.0 	 1249 	 564 	 33.0 	 41.0 	 0.10810810810810811 
556.0 	 1251 	 564 	 33.0 	 41.0 	 0.10810810810810811 
557.0 	 1253 	 565 	 34.0 	 43.0 	 0.11688311688311688 
558.0 	 1255 	 564 	 33.0 	 41.0 	 0.10810810810810811 
559.0 	 1257 	 565 	 33.0 	 42.0 	 0.12 
560.0 	 1260 	 565 	 33.0 	 42.0 	 0.12 
561.0 	 1262 	 564 	 33.0 	 42.0 	 0.12 
562.0 	 1264 	 565 	 34.0 	 42.0 	 0.10526315789473684 
563.0 	 1266 	 565 	 35.0 	 42.0 	 0.09090909090909091 
564.0 	 1268 	 565 	 34.0 	 41.0 	 0.09333333333333334 
565.0 	 1271 	 565 	 34.0 	 42.0 	 0.10526315789473684 
566.0 	 1273 	 565 	 34.0 	 42.0 	 0.10526315789473684 
567.0 	 1275 	 565 	 34.0 	 41.0 	 0.09333333333333334 
568.0 	 1277 	 564 	 34.0 	 40.0 	 0.08108108108108109 
569.0 	 1279 	 565 	 34.0 	 42.0 	 0.10526315789473684 
570.0 	 1282 	 565 	 33.0 	 42.0 	 0.12 
571.0 	 1284 	 565 	 33.0 	 40.0 	 0.0958904109589041 
572.0 	 1286 	 565 	 34.0 	 42.0 	 0.10526315789473684 
573.0 	 1288 	 565 	 34.0 	 42.0 	 0.10526315789473684 
574.0 	 1290 	 565 	 34.0 	 40.0 	 0.08108108108108109 
575.0 	 1292 	 565 	 34.0 	 42.0 	 0.10526315789473684 
576.0 	 1294 	 565 	 34.0 	 42.0 	 0.10526315789473684 
577.0 	 1297 	 565 	 34.0 	 42.0 	 0.10526315789473684 
578.0 	 1299 	 565 	 34.0 	 43.0 	 0.11688311688311688 
579.0 	 1301 	 565 	 35.0 	 44.0 	 0.11392405063291139 
580.0 	 1304 	 565 	 34.0 	 42.0 	 0.10526315789473684 
581.0 	 1306 	 565 	 34.0 	 42.0 	 0.10526315789473684 
582.0 	 1308 	 565 	 34.0 	 43.0 	 0.11688311688311688 
583.0 	 1310 	 565 	 34.0 	 41.0 	 0.09333333333333334 
584.0 	 1312 	 565 	 34.0 	 42.0 	 0.10526315789473684 
585.0 	 1314 	 565 	 35.0 	 43.0 	 0.10256410256410256 
586.0 	 1316 	 565 	 34.0 	 42.0 	 0.10526315789473684 
587.0 	 1318 	 565 	 34.0 	 41.0 	 0.09333333333333334 
588.0 	 1320 	 565 	 36.0 	 42.0 	 0.07692307692307693 
589.0 	 1323 	 565 	 34.0 	 42.0 	 0.10526315789473684 
590.0 	 1325 	 565 	 33.0 	 41.0 	 0.10810810810810811 
591.0 	 1327 	 565 	 34.0 	 42.0 	 0.10526315789473684 
592.0 	 1329 	 565 	 35.0 	 43.0 	 0.10256410256410256 
593.0 	 1331 	 564 	 34.0 	 41.0 	 0.09333333333333334 
594.0 	 1334 	 564 	 34.0 	 42.0 	 0.10526315789473684 
595.0 	 1336 	 564 	 34.0 	 43.0 	 0.11688311688311688 
596.0 	 1338 	 565 	 33.0 	 43.0 	 0.13157894736842105 
597.0 	 1340 	 564 	 33.0 	 43.0 	 0.13157894736842105 
598.0 	 1342 	 565 	 33.0 	 44.0 	 0.14285714285714285 
599.0 	 1345 	 564 	 33.0 	 43.0 	 0.13157894736842105 
600.0 	 1347 	 565 	 43.0 	 34.0 	 0.11688311688311688 
601.0 	 1349 	 565 	 34.0 	 43.0 	 0.11688311688311688 
602.0 	 1352 	 565 	 34.0 	 42.0 	 0.10526315789473684 
603.0 	 1353 	 565 	 34.0 	 42.0 	 0.10526315789473684 
604.0 	 1356 	 565 	 34.0 	 43.0 	 0.11688311688311688 
605.0 	 1358 	 565 	 34.0 	 42.0 	 0.10526315789473684 
606.0 	 1360 	 565 	 34.0 	 41.0 	 0.09333333333333334 
607.0 	 1362 	 565 	 34.0 	 42.0 	 0.10526315789473684 
608.0 	 1364 	 565 	 34.0 	 42.0 	 0.10526315789473684 
609.0 	 1366 	 565 	 33.0 	 42.0 	 0.12 
610.0 	 1369 	 565 	 33.0 	 43.0 	 0.13157894736842105 
611.0 	 1371 	 565 	 33.0 	 43.0 	 0.13157894736842105 
612.0 	 1373 	 565 	 33.0 	 43.0 	 0.13157894736842105 
613.0 	 1375 	 565 	 33.0 	 41.0 	 0.10810810810810811 
614.0 	 1377 	 565 	 34.0 	 43.0 	 0.11688311688311688 
615.0 	 1379 	 565 	 34.0 	 42.0 	 0.10526315789473684 
616.0 	 1382 	 565 	 34.0 	 42.0 	 0.10526315789473684 
617.0 	 1384 	 564 	 33.0 	 42.0 	 0.12 
618.0 	 1386 	 565 	 33.21819305419922 	 43.68192672729492 	 0.13606914661287406 
619.0 	 1388 	 564 	 41.0 	 33.0 	 0.10810810810810811 
620.0 	 1391 	 564 	 33.0 	 42.0 	 0.12 
621.0 	 1393 	 565 	 33.0 	 43.0 	 0.13157894736842105 
622.0 	 1395 	 564 	 33.20958709716797 	 41.64619827270508 	 0.11270486487918893 
623.0 	 1397 	 564 	 33.0 	 43.0 	 0.13157894736842105 
624.0 	 1399 	 564 	 33.0 	 43.0 	 0.13157894736842105 
625.0 	 1401 	 564 	 33.0 	 42.0 	 0.12 
626.0 	 1403 	 564 	 33.0 	 42.0 	 0.12 
627.0 	 1405 	 564 	 33.0 	 43.0 	 0.13157894736842105 
628.0 	 1408 	 564 	 34.0 	 43.0 	 0.11688311688311688 
629.0 	 1410 	 564 	 34.0 	 42.0 	 0.10526315789473684 
630.0 	 1412 	 564 	 34.40358352661133 	 43.728763580322266 	 0.11935108055756084 
631.0 	 1414 	 564 	 35.0 	 42.0 	 0.09090909090909091 
632.0 	 1416 	 564 	 33.0 	 41.0 	 0.10810810810810811 
633.0 	 1419 	 565 	 34.0 	 42.0 	 0.10526315789473684 
634.0 	 1421 	 564 	 34.0 	 42.0 	 0.10526315789473684 
635.0 	 1423 	 564 	 33.0 	 41.0 	 0.10810810810810811 
636.0 	 1424 	 564 	 33.0 	 41.0 	 0.10810810810810811 
637.0 	 1427 	 565 	 33.36297607421875 	 41.4928092956543 	 0.10860661178377715 
638.0 	 1429 	 564 	 33.0 	 42.0 	 0.12 
639.0 	 1432 	 564 	 32.0 	 45.0 	 0.16883116883116883 
640.0 	 1435 	 565 	 33.0 	 46.0 	 0.16455696202531644 
641.0 	 1437 	 564 	 33.0 	 44.0 	 0.14285714285714285 
642.0 	 1439 	 565 	 33.0 	 43.0 	 0.13157894736842105 
643.0 	 1441 	 564 	 33.0 	 44.0 	 0.14285714285714285 
644.0 	 1443 	 564 	 33.0 	 43.0 	 0.13157894736842105 
645.0 	 1445 	 564 	 33.0 	 41.0 	 0.10810810810810811 
646.0 	 1447 	 564 	 34.85258483886719 	 42.90813446044922 	 0.10359407287083632 
647.0 	 1449 	 565 	 35.01698684692383 	 42.90813446044922 	 0.1012657725921147 
648.0 	 1451 	 565 	 35.0 	 42.0 	 0.09090909090909091 
649.0 	 1453 	 565 	 34.0 	 42.0 	 0.10526315789473684 
650.0 	 1455 	 565 	 34.0 	 42.0 	 0.10526315789473684 
651.0 	 1458 	 565 	 41.0 	 34.0 	 0.09333333333333334 
652.0 	 1460 	 565 	 34.0 	 43.0 	 0.11688311688311688 
653.0 	 1462 	 565 	 35.0 	 43.0 	 0.10256410256410256 
654.0 	 1464 	 564 	 34.0 	 41.0 	 0.09333333333333334 
655.0 	 1466 	 565 	 35.0 	 43.0 	 0.10256410256410256 
656.0 	 1468 	 565 	 35.0 	 44.0 	 0.11392405063291139 
657.0 	 1470 	 565 	 33.0 	 45.0 	 0.15384615384615385 
658.0 	 1474 	 565 	 33.0 	 43.0 	 0.13157894736842105 
659.0 	 1476 	 565 	 35.0 	 42.0 	 0.09090909090909091 
660.0 	 1478 	 565 	 40.77532958984375 	 34.87910461425781 	 0.07793627746496684 
661.0 	 1480 	 564 	 34.0 	 40.0 	 0.08108108108108109 
662.0 	 1483 	 565 	 35.0 	 42.0 	 0.09090909090909091 
663.0 	 1484 	 564 	 34.0 	 41.0 	 0.09333333333333334 
664.0 	 1487 	 564 	 34.0 	 40.0 	 0.08108108108108109 
665.0 	 1489 	 565 	 35.0 	 41.0 	 0.07894736842105263 
666.0 	 1491 	 565 	 35.0 	 41.0 	 0.07894736842105263 
667.0 	 1494 	 564 	 34.0 	 40.0 	 0.08108108108108109 
668.0 	 1496 	 565 	 35.0 	 41.0 	 0.07894736842105263 
669.0 	 1498 	 565 	 35.0 	 41.0 	 0.07894736842105263 
670.0 	 1500 	 564 	 34.0 	 39.0 	 0.0684931506849315 
671.0 	 1503 	 565 	 35.0 	 41.0 	 0.07894736842105263 
672.0 	 1505 	 565 	 36.0 	 42.0 	 0.07692307692307693 
673.0 	 1507 	 565 	 35.0 	 39.0 	 0.05405405405405406 
674.0 	 1509 	 565 	 35.0 	 41.0 	 0.07894736842105263 
675.0 	 1512 	 565 	 35.0 	 41.0 	 0.07894736842105263 
676.0 	 1514 	 564 	 34.0 	 39.0 	 0.0684931506849315 
677.0 	 1516 	 564 	 35.0 	 40.0 	 0.06666666666666667 
678.0 	 1518 	 564 	 35.0 	 42.0 	 0.09090909090909091 
679.0 	 1521 	 564 	 34.0 	 40.0 	 0.08108108108108109 
680.0 	 1523 	 564 	 34.0 	 40.0 	 0.08108108108108109 
681.0 	 1526 	 565 	 42.605735778808594 	 34.83980941772461 	 0.10027595959685517 
682.0 	 1528 	 564 	 40.69228744506836 	 34.13169860839844 	 0.08768029054188503 
683.0 	 1530 	 564 	 39.50297546386719 	 33.433250427246094 	 0.08321962046243804 
684.0 	 1532 	 565 	 35.0 	 41.0 	 0.07894736842105263 
685.0 	 1535 	 565 	 34.0 	 41.0 	 0.09333333333333334 
686.0 	 1537 	 565 	 35.0 	 39.0 	 0.05405405405405406 
687.0 	 1539 	 565 	 35.0 	 40.0 	 0.06666666666666667 
688.0 	 1541 	 565 	 35.0 	 40.0 	 0.06666666666666667 
689.0 	 1544 	 565 	 35.0 	 38.0 	 0.0410958904109589 
690.0 	 1546 	 565 	 36.0 	 40.0 	 0.05263157894736842 
691.0 	 1549 	 565 	 36.0 	 40.0 	 0.05263157894736842 
692.0 	 1551 	 565 	 35.0 	 39.0 	 0.05405405405405406 
693.0 	 1553 	 565 	 35.0 	 40.0 	 0.06666666666666667 
694.0 	 1556 	 565 	 35.0 	 41.0 	 0.07894736842105263 
695.0 	 1558 	 565 	 34.0 	 39.0 	 0.0684931506849315 
696.0 	 1560 	 565 	 34.0 	 40.0 	 0.08108108108108109 
697.0 	 1563 	 565 	 33.0 	 41.0 	 0.10810810810810811 
698.0 	 1565 	 565 	 32.0 	 39.0 	 0.09859154929577464 
699.0 	 1568 	 565 	 32.0 	 39.0 	 0.09859154929577464 
700.0 	 1570 	 565 	 33.0 	 41.0 	 0.10810810810810811 
701.0 	 1572 	 565 	 39.0 	 33.0 	 0.08333333333333333 
702.0 	 1574 	 565 	 32.0 	 38.0 	 0.08571428571428572 
703.0 	 1577 	 565 	 32.0 	 40.0 	 0.1111111111111111 
704.0 	 1579 	 565 	 32.0 	 39.0 	 0.09859154929577464 
705.0 	 1582 	 565 	 31.0 	 38.0 	 0.10144927536231885 
706.0 	 1584 	 565 	 32.0 	 39.0 	 0.09859154929577464 
707.0 	 1586 	 565 	 32.0 	 40.0 	 0.1111111111111111 
708.0 	 1588 	 565 	 32.0 	 39.0 	 0.09859154929577464 
709.0 	 1590 	 565 	 32.0 	 38.0 	 0.08571428571428572 
710.0 	 1593 	 565 	 32.0 	 39.0 	 0.09859154929577464 
711.0 	 1595 	 565 	 31.0 	 37.0 	 0.08823529411764706 
712.0 	 1597 	 565 	 32.0 	 38.0 	 0.08571428571428572 
713.0 	 1599 	 565 	 32.0 	 40.0 	 0.1111111111111111 
714.0 	 1601 	 565 	 32.0 	 39.0 	 0.09859154929577464 
715.0 	 1604 	 565 	 32.0 	 39.0 	 0.09859154929577464 
716.0 	 1606 	 565 	 33.0 	 40.0 	 0.0958904109589041 
717.0 	 1608 	 565 	 32.18719482421875 	 38.42502212524414 	 0.08833920772505696 
718.0 	 1610 	 565 	 31.0 	 38.0 	 0.10144927536231885 
719.0 	 1613 	 565 	 33.0 	 40.0 	 0.0958904109589041 
720.0 	 1615 	 565 	 33.0 	 38.0 	 0.07042253521126761 
721.0 	 1617 	 565 	 32.0 	 39.0 	 0.09859154929577464 
722.0 	 1619 	 565 	 33.0 	 40.0 	 0.0958904109589041 
723.0 	 1622 	 565 	 32.0 	 39.0 	 0.09859154929577464 
724.0 	 1624 	 565 	 32.0 	 38.0 	 0.08571428571428572 
725.0 	 1626 	 565 	 32.0 	 39.0 	 0.09859154929577464 
726.0 	 1629 	 565 	 32.0 	 39.0 	 0.09859154929577464 
727.0 	 1631 	 565 	 32.0 	 38.0 	 0.08571428571428572 
728.0 	 1633 	 565 	 32.0 	 39.0 	 0.09859154929577464 
729.0 	 1635 	 565 	 32.0 	 40.0 	 0.1111111111111111 
730.0 	 1637 	 565 	 32.0 	 38.0 	 0.08571428571428572 
731.0 	 1640 	 565 	 32.0 	 39.0 	 0.09859154929577464 
732.0 	 1642 	 565 	 32.0 	 40.0 	 0.1111111111111111 
733.0 	 1644 	 565 	 31.0 	 38.0 	 0.10144927536231885 
734.0 	 1646 	 565 	 31.0 	 37.0 	 0.08823529411764706 
735.0 	 1648 	 565 	 32.0 	 38.0 	 0.08571428571428572 
736.0 	 1651 	 565 	 38.0 	 32.0 	 0.08571428571428572 
737.0 	 1653 	 565 	 31.0 	 37.0 	 0.08823529411764706 
738.0 	 1655 	 565 	 31.0 	 39.0 	 0.11428571428571428 
739.0 	 1657 	 565 	 31.0 	 40.0 	 0.1267605633802817 
740.0 	 1660 	 565 	 31.0 	 37.0 	 0.08823529411764706 
741.0 	 1662 	 565 	 31.0 	 39.0 	 0.11428571428571428 
742.0 	 1664 	 565 	 32.0 	 39.0 	 0.09859154929577464 
743.0 	 1666 	 565 	 31.0 	 37.0 	 0.08823529411764706 
744.0 	 1668 	 565 	 31.0 	 37.0 	 0.08823529411764706 
745.0 	 1671 	 565 	 30.0 	 38.0 	 0.11764705882352941 
746.0 	 1673 	 565 	 36.0 	 31.0 	 0.07462686567164178 
747.0 	 1675 	 565 	 30.0 	 36.0 	 0.09090909090909091 
748.0 	 1677 	 565 	 31.0 	 38.0 	 0.10144927536231885 
749.0 	 1679 	 565 	 31.0 	 37.0 	 0.08823529411764706 
750.0 	 1682 	 565 	 31.0 	 37.0 	 0.08823529411764706 
751.0 	 1684 	 565 	 31.0 	 39.0 	 0.11428571428571428 
752.0 	 1687 	 565 	 31.0 	 38.0 	 0.10144927536231885 
753.0 	 1689 	 565 	 31.0 	 37.0 	 0.08823529411764706 
754.0 	 1691 	 565 	 31.0 	 39.0 	 0.11428571428571428 
755.0 	 1693 	 565 	 31.0 	 39.0 	 0.11428571428571428 
756.0 	 1696 	 565 	 37.0 	 31.0 	 0.08823529411764706 
757.0 	 1698 	 565 	 30.0 	 38.0 	 0.11764705882352941 
758.0 	 1700 	 564 	 31.0 	 38.0 	 0.10144927536231885 
759.0 	 1702 	 565 	 31.0 	 37.0 	 0.08823529411764706 
760.0 	 1705 	 565 	 31.0 	 38.0 	 0.10144927536231885 
761.0 	 1707 	 565 	 31.0 	 40.0 	 0.1267605633802817 
762.0 	 1709 	 565 	 31.0 	 38.0 	 0.10144927536231885 
763.0 	 1711 	 565 	 31.0 	 37.0 	 0.08823529411764706 
764.0 	 1713 	 565 	 31.0 	 39.0 	 0.11428571428571428 
765.0 	 1715 	 565 	 31.0 	 38.0 	 0.10144927536231885 
766.0 	 1717 	 565 	 37.48297119140625 	 31.235807418823242 	 0.09090912118820828 
767.0 	 1720 	 565 	 31.0 	 40.0 	 0.1267605633802817 
768.0 	 1721 	 565 	 31.0 	 38.0 	 0.10144927536231885 
769.0 	 1724 	 565 	 28.0 	 37.0 	 0.13846153846153847 
770.0 	 1726 	 565 	 30.0 	 38.0 	 0.11764705882352941 
771.0 	 1728 	 565 	 30.0 	 39.0 	 0.13043478260869565 
772.0 	 1730 	 565 	 37.0 	 30.0 	 0.1044776119402985 
773.0 	 1733 	 565 	 30.0 	 39.0 	 0.13043478260869565 
774.0 	 1735 	 565 	 30.0 	 40.0 	 0.14285714285714285 
775.0 	 1737 	 565 	 29.0 	 38.0 	 0.13432835820895522 
776.0 	 1739 	 565 	 29.0 	 39.0 	 0.14705882352941177 
777.0 	 1741 	 565 	 30.0 	 40.0 	 0.14285714285714285 
778.0 	 1743 	 565 	 38.0 	 29.0 	 0.13432835820895522 
779.0 	 1745 	 565 	 29.0 	 38.0 	 0.13432835820895522 
780.0 	 1747 	 565 	 40.0 	 30.0 	 0.14285714285714285 
781.0 	 1749 	 565 	 29.0 	 37.0 	 0.12121212121212122 
782.0 	 1752 	 565 	 28.0 	 36.0 	 0.125 
783.0 	 1754 	 565 	 38.0 	 29.0 	 0.13432835820895522 
784.0 	 1756 	 565 	 28.0 	 36.0 	 0.125 
785.0 	 1757 	 565 	 35.0 	 29.0 	 0.09375 
786.0 	 1760 	 565 	 30.0 	 38.0 	 0.11764705882352941 
787.0 	 1762 	 565 	 30.12871551513672 	 37.80124282836914 	 0.11294762282105712 
788.0 	 1764 	 564 	 29.0 	 36.0 	 0.1076923076923077 
789.0 	 1766 	 565 	 38.325191497802734 	 30.40559196472168 	 0.11522638232982213 
790.0 	 1768 	 565 	 30.0 	 39.0 	 0.13043478260869565 
791.0 	 1770 	 564 	 29.0 	 36.0 	 0.1076923076923077 
792.0 	 1772 	 565 	 30.0 	 38.0 	 0.11764705882352941 
793.0 	 1774 	 565 	 29.0 	 38.0 	 0.13432835820895522 
794.0 	 1777 	 565 	 28.0 	 36.0 	 0.125 
795.0 	 1778 	 564 	 29.0 	 37.0 	 0.12121212121212122 
796.0 	 1780 	 565 	 30.0 	 38.0 	 0.11764705882352941 
797.0 	 1783 	 564 	 29.0 	 36.0 	 0.1076923076923077 
798.0 	 1784 	 565 	 29.0 	 35.0 	 0.09375 
799.0 	 1787 	 565 	 29.0 	 38.0 	 0.13432835820895522 
800.0 	 1789 	 565 	 29.0 	 36.0 	 0.1076923076923077 
801.0 	 1791 	 564 	 27.0 	 35.0 	 0.12903225806451613 
802.0 	 1793 	 565 	 29.0 	 37.0 	 0.12121212121212122 
803.0 	 1795 	 564 	 27.0 	 36.0 	 0.14285714285714285 
804.0 	 1797 	 565 	 35.65273666381836 	 26.92145347595215 	 0.13953489718945378 
805.0 	 1800 	 565 	 26.0 	 37.0 	 0.1746031746031746 
806.0 	 1802 	 565 	 26.0 	 38.0 	 0.1875 
807.0 	 1804 	 564 	 26.0 	 36.0 	 0.16129032258064516 
808.0 	 1806 	 565 	 28.0 	 37.0 	 0.13846153846153847 
809.0 	 1808 	 565 	 28.0 	 37.0 	 0.13846153846153847 
810.0 	 1810 	 565 	 27.0 	 35.0 	 0.12903225806451613 
811.0 	 1813 	 565 	 26.743375778198242 	 37.74482727050781 	 0.1705963412253943 
812.0 	 1814 	 565 	 27.0 	 38.0 	 0.16923076923076924 
813.0 	 1816 	 565 	 26.0 	 36.0 	 0.16129032258064516 
814.0 	 1819 	 564 	 26.797035217285156 	 36.003379821777344 	 0.14659687517615524 
815.0 	 1821 	 565 	 28.0 	 37.0 	 0.13846153846153847 
816.0 	 1823 	 565 	 36.0 	 26.0 	 0.16129032258064516 
817.0 	 1825 	 565 	 26.0 	 37.0 	 0.1746031746031746 
818.0 	 1827 	 565 	 27.0 	 39.0 	 0.18181818181818182 
819.0 	 1829 	 565 	 26.0 	 37.0 	 0.1746031746031746 
820.0 	 1831 	 565 	 35.63113784790039 	 27.872745513916016 	 0.12217193537252777 
821.0 	 1834 	 565 	 28.0 	 38.0 	 0.15151515151515152 
822.0 	 1836 	 565 	 36.673709869384766 	 27.064023971557617 	 0.1507691804953112 
823.0 	 1839 	 565 	 24.80694580078125 	 36.218143463134766 	 0.1869919044772447 
824.0 	 1840 	 565 	 27.0 	 37.0 	 0.15625 
825.0 	 1842 	 565 	 27.0 	 38.0 	 0.16923076923076924 
826.0 	 1845 	 565 	 27.0 	 36.0 	 0.14285714285714285 
827.0 	 1847 	 565 	 28.0 	 38.0 	 0.15151515151515152 
828.0 	 1849 	 565 	 28.0 	 39.0 	 0.16417910447761194 
829.0 	 1850 	 565 	 28.0 	 36.0 	 0.125 
830.0 	 1852 	 565 	 30.0 	 38.0 	 0.11764705882352941 
831.0 	 1854 	 565 	 30.0 	 38.0 	 0.11764705882352941 
832.0 	 1856 	 565 	 36.0 	 29.0 	 0.1076923076923077 
833.0 	 1858 	 565 	 28.0 	 36.0 	 0.125 
834.0 	 1860 	 565 	 30.0 	 38.0 	 0.11764705882352941 
835.0 	 1863 	 565 	 29.0 	 36.0 	 0.1076923076923077 
836.0 	 1865 	 565 	 29.0 	 36.0 	 0.1076923076923077 
837.0 	 1867 	 564 	 30.0 	 37.0 	 0.1044776119402985 
838.0 	 1869 	 564 	 30.0 	 36.0 	 0.09090909090909091 
839.0 	 1871 	 565 	 30.0 	 35.0 	 0.07692307692307693 
840.0 	 1873 	 564 	 31.0 	 38.0 	 0.10144927536231885 
841.0 	 1875 	 564 	 31.0 	 37.0 	 0.08823529411764706 
842.0 	 1878 	 564 	 31.0 	 37.0 	 0.08823529411764706 
843.0 	 1880 	 564 	 32.0 	 39.0 	 0.09859154929577464 
844.0 	 1882 	 564 	 33.0 	 40.0 	 0.0958904109589041 
845.0 	 1883 	 564 	 32.0 	 38.0 	 0.08571428571428572 
846.0 	 1886 	 564 	 34.0 	 40.0 	 0.08108108108108109 
847.0 	 1888 	 564 	 34.0 	 41.0 	 0.09333333333333334 
848.0 	 1890 	 564 	 32.0 	 39.0 	 0.09859154929577464 
849.0 	 1892 	 564 	 32.0 	 40.0 	 0.1111111111111111 
850.0 	 1894 	 564 	 41.0 	 34.0 	 0.09333333333333334 
851.0 	 1896 	 564 	 33.0 	 39.0 	 0.08333333333333333 
852.0 	 1898 	 564 	 32.0 	 39.0 	 0.09859154929577464 
853.0 	 1900 	 564 	 32.0 	 38.0 	 0.08571428571428572 
854.0 	 1901 	 564 	 31.0 	 36.0 	 0.07462686567164178 
855.0 	 1903 	 564 	 31.0 	 32.0 	 0.015873015873015872 
856.0 	 1903 	 564 	 33.0 	 31.0 	 0.03125 
857.0 	 1904 	 564 	 33.0 	 30.0 	 0.047619047619047616 
858.0 	 1906 	 564 	 31.0 	 27.0 	 0.06896551724137931 
859.0 	 1907 	 564 	 32.0 	 25.0 	 0.12280701754385964 
860.0 	 1908 	 564 	 32.0 	 23.0 	 0.16363636363636364 
861.0 	 1910 	 564 	 30.0 	 21.0 	 0.17647058823529413 
862.0 	 1910 	 564 	 32.0 	 19.0 	 0.2549019607843137 
