frame 	 x 	 y 	 width 	 height 	 deformation 
1.0 	 96 	 518 	 31.0 	 32.0 	 0.015873015873015872 
2.0 	 96 	 517 	 32.24600601196289 	 32.46687316894531 	 0.0034130324562592295 
3.0 	 96 	 517 	 31.0 	 33.0 	 0.03125 
4.0 	 96 	 517 	 31.0 	 33.0 	 0.03125 
5.0 	 96 	 517 	 32.0 	 33.0 	 0.015384615384615385 
6.0 	 96 	 517 	 32.0 	 33.0 	 0.015384615384615385 
7.0 	 96 	 517 	 31.0 	 33.0 	 0.03125 
8.0 	 96 	 517 	 32.0 	 33.0 	 0.015384615384615385 
9.0 	 96 	 517 	 31.0 	 33.0 	 0.03125 
10.0 	 96 	 517 	 33.0 	 32.0 	 0.015384615384615385 
11.0 	 96 	 517 	 33.0 	 32.0 	 0.015384615384615385 
12.0 	 96 	 517 	 32.49977493286133 	 32.7423095703125 	 0.0037174569037470486 
13.0 	 96 	 517 	 32.52690887451172 	 31.819805145263672 	 0.010988964083398818 
14.0 	 96 	 517 	 32.52690887451172 	 31.819805145263672 	 0.010988964083398818 
15.0 	 96 	 517 	 32.52690887451172 	 31.819805145263672 	 0.010988964083398818 
16.0 	 96 	 517 	 32.52690887451172 	 32.526912689208984 	 5.86390956584845e-08 
17.0 	 96 	 517 	 32.52690887451172 	 32.526912689208984 	 5.86390956584845e-08 
18.0 	 96 	 517 	 32.52690887451172 	 32.526912689208984 	 5.86390956584845e-08 
19.0 	 96 	 517 	 32.52690887451172 	 32.526912689208984 	 5.86390956584845e-08 
20.0 	 96 	 517 	 32.52690887451172 	 32.526912689208984 	 5.86390956584845e-08 
21.0 	 96 	 517 	 31.0 	 34.0 	 0.046153846153846156 
22.0 	 97 	 517 	 31.0 	 33.0 	 0.03125 
23.0 	 97 	 517 	 31.304948806762695 	 32.64659118652344 	 0.020979047258308285 
24.0 	 97 	 517 	 30.990318298339844 	 32.88768768310547 	 0.029703015233705873 
25.0 	 97 	 517 	 32.199378967285156 	 32.64659118652344 	 0.006896530627539931 
26.0 	 97 	 517 	 31.0 	 34.0 	 0.046153846153846156 
27.0 	 97 	 517 	 31.0 	 34.0 	 0.046153846153846156 
28.0 	 97 	 517 	 31.0 	 34.0 	 0.046153846153846156 
29.0 	 97 	 517 	 31.0 	 34.0 	 0.046153846153846156 
30.0 	 97 	 517 	 31.0 	 34.0 	 0.046153846153846156 
31.0 	 97 	 517 	 31.0 	 34.0 	 0.046153846153846156 
32.0 	 97 	 517 	 31.0 	 34.0 	 0.046153846153846156 
33.0 	 97 	 517 	 31.0 	 34.0 	 0.046153846153846156 
34.0 	 97 	 517 	 30.0 	 34.0 	 0.0625 
35.0 	 97 	 517 	 30.0 	 34.0 	 0.0625 
36.0 	 97 	 517 	 31.752164840698242 	 33.09380340576172 	 0.020689621904700584 
37.0 	 97 	 517 	 31.0 	 33.0 	 0.03125 
38.0 	 97 	 517 	 31.0 	 33.0 	 0.03125 
39.0 	 97 	 517 	 31.0 	 33.0 	 0.03125 
40.0 	 97 	 517 	 32.3033561706543 	 32.4203987121582 	 0.0018083397929526967 
41.0 	 97 	 517 	 32.3033561706543 	 32.4203987121582 	 0.0018083397929526967 
42.0 	 97 	 517 	 31.0 	 33.0 	 0.03125 
43.0 	 97 	 517 	 31.0 	 33.0 	 0.03125 
44.0 	 97 	 517 	 31.0 	 33.0 	 0.03125 
45.0 	 97 	 517 	 31.0 	 33.0 	 0.03125 
46.0 	 97 	 517 	 31.622774124145508 	 32.57145690917969 	 0.014778318390350207 
47.0 	 97 	 517 	 31.0 	 33.0 	 0.03125 
48.0 	 97 	 517 	 31.0 	 33.0 	 0.03125 
49.0 	 97 	 517 	 31.0 	 34.0 	 0.046153846153846156 
50.0 	 97 	 517 	 31.0 	 34.0 	 0.046153846153846156 
51.0 	 97 	 517 	 31.0 	 34.0 	 0.046153846153846156 
52.0 	 97 	 517 	 31.0 	 34.0 	 0.046153846153846156 
53.0 	 97 	 517 	 31.0 	 34.0 	 0.046153846153846156 
54.0 	 97 	 517 	 31.0 	 34.0 	 0.046153846153846156 
55.0 	 97 	 517 	 32.31098937988281 	 32.49668502807617 	 0.0028653342353317686 
56.0 	 97 	 517 	 32.27663040161133 	 32.93871307373047 	 0.01015225308702816 
57.0 	 97 	 517 	 31.752164840698242 	 32.64659118652344 	 0.013888876136786195 
58.0 	 97 	 517 	 31.752164840698242 	 32.64659118652344 	 0.013888876136786195 
59.0 	 97 	 517 	 31.752164840698242 	 32.64659118652344 	 0.013888876136786195 
60.0 	 97 	 517 	 31.752164840698242 	 32.64659118652344 	 0.013888876136786195 
61.0 	 98 	 517 	 31.304948806762695 	 32.64659118652344 	 0.020979047258308285 
62.0 	 98 	 517 	 31.304948806762695 	 32.64659118652344 	 0.020979047258308285 
63.0 	 98 	 517 	 31.304948806762695 	 32.64659118652344 	 0.020979047258308285 
64.0 	 98 	 517 	 31.752164840698242 	 32.199378967285156 	 0.006993015335637387 
65.0 	 98 	 517 	 31.384241104125977 	 32.92772674560547 	 0.023999975324747236 
66.0 	 98 	 517 	 31.340560913085938 	 32.72731018066406 	 0.021645003086631455 
67.0 	 98 	 517 	 31.384241104125977 	 32.58473205566406 	 0.018766769141961105 
68.0 	 98 	 517 	 31.304948806762695 	 32.64659118652344 	 0.020979047258308285 
69.0 	 98 	 517 	 31.304948806762695 	 32.64659118652344 	 0.020979047258308285 
70.0 	 98 	 517 	 31.304948806762695 	 32.64659118652344 	 0.020979047258308285 
71.0 	 98 	 517 	 31.304948806762695 	 32.64659118652344 	 0.020979047258308285 
72.0 	 98 	 517 	 31.340559005737305 	 33.00465774536133 	 0.025862042645083023 
73.0 	 98 	 517 	 31.78620147705078 	 33.01504898071289 	 0.018963330105227688 
74.0 	 98 	 517 	 32.52690887451172 	 31.819805145263672 	 0.010988964083398818 
75.0 	 98 	 517 	 31.78620147705078 	 33.01504898071289 	 0.018963330105227688 
76.0 	 98 	 517 	 31.78620147705078 	 33.01504898071289 	 0.018963330105227688 
77.0 	 98 	 517 	 31.78620147705078 	 33.01504898071289 	 0.018963330105227688 
78.0 	 98 	 517 	 31.78620147705078 	 33.01504898071289 	 0.018963330105227688 
79.0 	 98 	 517 	 32.52690887451172 	 31.819805145263672 	 0.010988964083398818 
80.0 	 98 	 517 	 31.78620147705078 	 33.01504898071289 	 0.018963330105227688 
81.0 	 98 	 517 	 32.199378967285156 	 32.64659118652344 	 0.006896530627539931 
82.0 	 98 	 517 	 31.982439041137695 	 33.056190490722656 	 0.016509441501361345 
83.0 	 98 	 517 	 31.0 	 34.0 	 0.046153846153846156 
84.0 	 99 	 517 	 32.038414001464844 	 33.66168975830078 	 0.024707354538913567 
85.0 	 99 	 517 	 31.304948806762695 	 33.541019439697266 	 0.034482801219590714 
86.0 	 99 	 517 	 31.304948806762695 	 33.98823165893555 	 0.041095912820214256 
87.0 	 100 	 517 	 30.0 	 35.0 	 0.07692307692307693 
88.0 	 100 	 517 	 31.0 	 35.0 	 0.06060606060606061 
89.0 	 101 	 517 	 30.857738494873047 	 33.98823165893555 	 0.04827583204688375 
90.0 	 102 	 517 	 30.857738494873047 	 33.541019439697266 	 0.041666656794071326 
91.0 	 103 	 517 	 30.410520553588867 	 33.541019439697266 	 0.048951110269386 
92.0 	 103 	 517 	 30.674089431762695 	 33.203914642333984 	 0.039604011541073875 
93.0 	 105 	 516 	 30.726348876953125 	 33.519649505615234 	 0.04347820407473045 
94.0 	 106 	 517 	 31.0 	 33.0 	 0.03125 
95.0 	 107 	 516 	 31.0 	 33.0 	 0.03125 
96.0 	 108 	 517 	 31.31096839904785 	 32.36343765258789 	 0.01652892141132115 
97.0 	 109 	 517 	 31.254119873046875 	 31.678386688232422 	 0.006741616350088095 
98.0 	 110 	 517 	 31.132715225219727 	 32.24903106689453 	 0.017612576285448496 
99.0 	 111 	 517 	 32.52690887451172 	 33.2340202331543 	 0.010752758031822688 
100.0 	 113 	 517 	 31.0 	 34.0 	 0.046153846153846156 
101.0 	 115 	 517 	 31.0 	 35.0 	 0.06060606060606061 
102.0 	 116 	 517 	 31.0 	 36.0 	 0.07462686567164178 
103.0 	 118 	 517 	 31.0 	 35.0 	 0.06060606060606061 
104.0 	 119 	 517 	 31.080148696899414 	 34.36277389526367 	 0.050160125317467996 
105.0 	 120 	 517 	 31.24998664855957 	 34.05897521972656 	 0.04301076744769128 
106.0 	 121 	 517 	 30.89886474609375 	 34.1760139465332 	 0.05035966668364696 
107.0 	 123 	 517 	 30.89886474609375 	 33.23968505859375 	 0.03649630868842818 
108.0 	 124 	 517 	 30.74622344970703 	 32.56609344482422 	 0.028744327871444285 
109.0 	 126 	 517 	 31.04348373413086 	 31.867647171020508 	 0.013100439064308146 
110.0 	 127 	 517 	 30.0 	 32.0 	 0.03225806451612903 
111.0 	 129 	 517 	 30.53865623474121 	 31.44902229309082 	 0.014686242168931385 
112.0 	 130 	 517 	 29.0 	 32.0 	 0.04918032786885246 
113.0 	 132 	 517 	 29.613445281982422 	 31.01030731201172 	 0.02304149727227016 
114.0 	 134 	 517 	 29.525558471679688 	 31.382511138916016 	 0.030487793803159517 
115.0 	 135 	 517 	 30.042091369628906 	 31.44902229309082 	 0.02288023162466962 
116.0 	 137 	 517 	 30.410520553588867 	 32.199378967285156 	 0.02857149472185125 
117.0 	 139 	 517 	 30.10234832763672 	 33.10559844970703 	 0.04751380601951141 
118.0 	 140 	 517 	 30.410520553588867 	 33.09380340576172 	 0.04225354566234629 
119.0 	 143 	 517 	 29.0 	 34.0 	 0.07936507936507936 
120.0 	 145 	 517 	 29.0 	 34.0 	 0.07936507936507936 
121.0 	 147 	 517 	 30.0 	 31.0 	 0.01639344262295082 
122.0 	 148 	 517 	 30.0 	 31.0 	 0.01639344262295082 
123.0 	 150 	 517 	 30.0 	 32.0 	 0.03225806451612903 
124.0 	 152 	 517 	 31.0 	 33.0 	 0.03125 
125.0 	 154 	 517 	 32.49977493286133 	 32.01470184326172 	 0.007518825445688742 
126.0 	 155 	 517 	 32.49977493286133 	 32.25723648071289 	 0.0037453620365438473 
127.0 	 157 	 517 	 32.88768768310547 	 33.203914642333984 	 0.00478467684398682 
128.0 	 159 	 517 	 32.0 	 34.0 	 0.030303030303030304 
129.0 	 161 	 517 	 32.0 	 33.0 	 0.015384615384615385 
130.0 	 162 	 517 	 33.35032272338867 	 33.46075439453125 	 0.0016528946382299587 
131.0 	 165 	 517 	 31.535171508789062 	 34.0120735168457 	 0.037788041390419275 
132.0 	 167 	 517 	 32.947513580322266 	 33.14362716674805 	 0.0029673203429231862 
133.0 	 169 	 517 	 31.416702270507812 	 33.33235549926758 	 0.02958580857764984 
134.0 	 170 	 517 	 31.704051971435547 	 33.61970901489258 	 0.02932557792956788 
135.0 	 172 	 517 	 31.749496459960938 	 33.15278625488281 	 0.021621578413311027 
136.0 	 175 	 516 	 31.366262435913086 	 33.18699645996094 	 0.028205144948371078 
137.0 	 177 	 516 	 31.772165298461914 	 32.49977493286133 	 0.011320797719512596 
138.0 	 179 	 517 	 31.568206787109375 	 32.12529373168945 	 0.008746370352429549 
139.0 	 180 	 517 	 31.776161193847656 	 32.43269348144531 	 0.010224949361233263 
140.0 	 182 	 517 	 31.776161193847656 	 32.43269348144531 	 0.010224949361233263 
141.0 	 184 	 517 	 31.622774124145508 	 32.25522994995117 	 0.009900995420458554 
142.0 	 186 	 517 	 32.41708755493164 	 33.1038932800293 	 0.010482225942673737 
143.0 	 188 	 517 	 31.0 	 33.0 	 0.03125 
144.0 	 189 	 517 	 31.0 	 33.0 	 0.03125 
145.0 	 191 	 517 	 30.0 	 34.0 	 0.0625 
146.0 	 193 	 517 	 30.410520553588867 	 33.541019439697266 	 0.048951110269386 
147.0 	 196 	 516 	 30.268341064453125 	 33.61085510253906 	 0.052325549453502505 
148.0 	 198 	 517 	 30.069177627563477 	 33.74576187133789 	 0.0576132214908346 
149.0 	 200 	 516 	 29.937870025634766 	 32.95792007446289 	 0.048016728051619405 
150.0 	 202 	 516 	 31.12935447692871 	 32.37453079223633 	 0.01960787611702595 
151.0 	 204 	 516 	 30.990318298339844 	 32.25522994995117 	 0.0200000108568196 
152.0 	 206 	 516 	 30.0 	 33.0 	 0.047619047619047616 
153.0 	 207 	 516 	 30.68843650817871 	 31.254119873046875 	 0.009132386487032674 
154.0 	 209 	 516 	 30.790233612060547 	 31.574697494506836 	 0.01257860577294345 
155.0 	 211 	 516 	 29.0 	 33.0 	 0.06451612903225806 
156.0 	 213 	 516 	 32.0 	 30.0 	 0.03225806451612903 
157.0 	 215 	 516 	 29.0 	 33.0 	 0.06451612903225806 
158.0 	 217 	 516 	 29.274221420288086 	 32.668338775634766 	 0.05479459267765437 
159.0 	 219 	 516 	 29.613536834716797 	 32.16304397583008 	 0.041269800103245824 
160.0 	 221 	 516 	 29.591815948486328 	 32.386600494384766 	 0.0450928679095011 
161.0 	 223 	 516 	 29.613536834716797 	 32.359161376953125 	 0.04430377604116173 
162.0 	 225 	 516 	 29.0 	 33.0 	 0.06451612903225806 
163.0 	 227 	 516 	 29.221303939819336 	 32.55527877807617 	 0.0539682625936356 
164.0 	 229 	 516 	 30.316951751708984 	 32.49977493286133 	 0.034749075546601366 
165.0 	 231 	 516 	 29.0 	 33.0 	 0.06451612903225806 
166.0 	 233 	 517 	 29.0 	 32.0 	 0.04918032786885246 
167.0 	 235 	 516 	 29.0 	 34.0 	 0.07936507936507936 
168.0 	 237 	 516 	 30.4138126373291 	 32.87979507446289 	 0.03896100295566437 
169.0 	 239 	 516 	 29.0 	 32.0 	 0.04918032786885246 
170.0 	 241 	 516 	 29.0 	 32.0 	 0.04918032786885246 
171.0 	 243 	 517 	 29.0 	 32.0 	 0.04918032786885246 
172.0 	 245 	 516 	 30.04163360595703 	 31.939001083374023 	 0.030612262796715 
173.0 	 247 	 516 	 29.0 	 33.0 	 0.06451612903225806 
174.0 	 249 	 516 	 30.34620475769043 	 32.36343765258789 	 0.03216782646757414 
175.0 	 251 	 516 	 29.0 	 34.0 	 0.07936507936507936 
176.0 	 253 	 516 	 29.0 	 34.0 	 0.07936507936507936 
177.0 	 255 	 516 	 29.0 	 33.0 	 0.06451612903225806 
178.0 	 257 	 516 	 29.0 	 34.0 	 0.07936507936507936 
179.0 	 259 	 516 	 29.809654235839844 	 32.947513580322266 	 0.05000001519626123 
180.0 	 261 	 516 	 29.0 	 33.0 	 0.06451612903225806 
181.0 	 263 	 516 	 29.827939987182617 	 32.43111038208008 	 0.04181191938293114 
182.0 	 265 	 516 	 30.398000717163086 	 32.359161376953125 	 0.03124998955256945 
183.0 	 267 	 516 	 29.0 	 34.0 	 0.07936507936507936 
184.0 	 269 	 516 	 30.990318298339844 	 32.25522994995117 	 0.0200000108568196 
185.0 	 271 	 516 	 30.84231185913086 	 32.03841018676758 	 0.019021701544133865 
186.0 	 273 	 516 	 30.872438430786133 	 32.53884506225586 	 0.02627933925438646 
187.0 	 276 	 516 	 30.041635513305664 	 32.57146072387695 	 0.04040409055939577 
188.0 	 278 	 516 	 30.35786247253418 	 32.57146072387695 	 0.03517594245267547 
189.0 	 280 	 516 	 30.60932159423828 	 32.62655258178711 	 0.03190010439222521 
190.0 	 282 	 516 	 30.784732818603516 	 32.36343765258789 	 0.025000009061301152 
191.0 	 284 	 516 	 30.93779182434082 	 31.799835205078125 	 0.01374045244543717 
192.0 	 286 	 516 	 30.731977462768555 	 31.83479881286621 	 0.01762630929295818 
193.0 	 288 	 516 	 30.67144012451172 	 32.46559143066406 	 0.028416782701993607 
194.0 	 290 	 516 	 30.041635513305664 	 32.57145690917969 	 0.040404032096097595 
195.0 	 292 	 516 	 29.725406646728516 	 32.25522994995117 	 0.04081634913956626 
196.0 	 294 	 516 	 30.04163360595703 	 32.25522994995117 	 0.035533030358864744 
197.0 	 296 	 516 	 30.04163360595703 	 32.57145690917969 	 0.04040406378936161 
198.0 	 298 	 516 	 30.35786247253418 	 32.57145690917969 	 0.035175883966238136 
199.0 	 300 	 516 	 30.26731300354004 	 32.470314025878906 	 0.035114509850776396 
200.0 	 302 	 516 	 29.809654235839844 	 32.947513580322266 	 0.05000001519626123 
201.0 	 305 	 516 	 29.725406646728516 	 32.57145690917969 	 0.045685289756152644 
202.0 	 306 	 516 	 30.04163360595703 	 32.25522994995117 	 0.035533030358864744 
203.0 	 309 	 516 	 30.04163360595703 	 32.25522994995117 	 0.035533030358864744 
204.0 	 311 	 516 	 30.39800262451172 	 32.359161376953125 	 0.031249958210279066 
205.0 	 313 	 516 	 29.64455795288086 	 33.065086364746094 	 0.05454549215014067 
206.0 	 315 	 516 	 29.179096221923828 	 33.16630172729492 	 0.06395348552620887 
207.0 	 317 	 516 	 29.2597713470459 	 33.21070098876953 	 0.06324475378519741 
208.0 	 319 	 516 	 29.381441116333008 	 33.065086364746094 	 0.05898879244373047 
209.0 	 322 	 516 	 29.408588409423828 	 33.4522705078125 	 0.06432750312420409 
210.0 	 324 	 516 	 29.408588409423828 	 33.08466720581055 	 0.05882360840696189 
211.0 	 326 	 516 	 29.381441116333008 	 33.32819747924805 	 0.0629369974266309 
212.0 	 328 	 516 	 29.118322372436523 	 32.62655258178711 	 0.056818160405240355 
213.0 	 330 	 516 	 29.556854248046875 	 32.62655258178711 	 0.049365232466926735 
214.0 	 333 	 516 	 29.556854248046875 	 32.62655258178711 	 0.049365232466926735 
215.0 	 335 	 516 	 29.725406646728516 	 32.8876838684082 	 0.050505049274244124 
216.0 	 337 	 516 	 29.725406646728516 	 32.8876838684082 	 0.050505049274244124 
217.0 	 339 	 516 	 29.589345932006836 	 32.7423095703125 	 0.050583665922178875 
218.0 	 341 	 516 	 29.409177780151367 	 32.57146072387695 	 0.05102049640098592 
219.0 	 343 	 516 	 29.560775756835938 	 32.6364631652832 	 0.04945054574365458 
220.0 	 346 	 516 	 30.075746536254883 	 32.470314025878906 	 0.03828486507547889 
221.0 	 348 	 516 	 30.04163360595703 	 31.939001083374023 	 0.030612262796715 
222.0 	 350 	 516 	 29.409177780151367 	 32.57146072387695 	 0.05102049640098592 
223.0 	 352 	 516 	 29.556854248046875 	 32.62655258178711 	 0.049365232466926735 
224.0 	 354 	 516 	 29.4091796875 	 32.57145690917969 	 0.051020405651159305 
225.0 	 357 	 516 	 29.817081451416016 	 32.72189712524414 	 0.0464480830985656 
226.0 	 359 	 516 	 29.560775756835938 	 32.38015365600586 	 0.045517203663162975 
227.0 	 361 	 516 	 29.09295082092285 	 32.25522994995117 	 0.05154642059947864 
228.0 	 363 	 516 	 29.405269622802734 	 32.18296432495117 	 0.04510106109723477 
229.0 	 366 	 516 	 29.4091796875 	 32.25522994995117 	 0.046153855671110744 
230.0 	 368 	 516 	 29.50807762145996 	 32.81068801879883 	 0.052995439871250195 
231.0 	 370 	 516 	 29.409177780151367 	 33.203914642333984 	 0.060606124300288784 
232.0 	 372 	 516 	 29.381441116333008 	 32.62655258178711 	 0.05233376008345974 
233.0 	 375 	 516 	 29.117919921875 	 32.470314025878906 	 0.054432379191905154 
234.0 	 377 	 516 	 28.776723861694336 	 32.8876838684082 	 0.06666665841837043 
235.0 	 379 	 516 	 28.776723861694336 	 33.203914642333984 	 0.07142860879614706 
236.0 	 381 	 516 	 29.022136688232422 	 32.18296432495117 	 0.05164320594843732 
237.0 	 384 	 516 	 29.09295082092285 	 32.8876838684082 	 0.06122449482013052 
238.0 	 386 	 516 	 29.335065841674805 	 32.79058074951172 	 0.05562139144523821 
239.0 	 388 	 515 	 29.09295082092285 	 32.57145690917969 	 0.05641027322409104 
240.0 	 390 	 515 	 29.928258895874023 	 33.04079818725586 	 0.0494296633229358 
241.0 	 392 	 515 	 29.118322372436523 	 33.065086364746094 	 0.06346972725458841 
242.0 	 394 	 516 	 29.409177780151367 	 33.203914642333984 	 0.060606124300288784 
243.0 	 397 	 515 	 29.206029891967773 	 32.80196762084961 	 0.05799151517735331 
244.0 	 399 	 516 	 29.64455795288086 	 32.80196762084961 	 0.05056181491219722 
245.0 	 401 	 515 	 29.4091796875 	 32.25522994995117 	 0.046153855671110744 
246.0 	 404 	 515 	 29.692617416381836 	 32.18296432495117 	 0.040247652441961275 
247.0 	 406 	 515 	 29.0 	 33.0 	 0.06451612903225806 
248.0 	 408 	 515 	 29.613445281982422 	 33.17544174194336 	 0.05672972764437813 
249.0 	 410 	 515 	 29.09295082092285 	 32.88768768310547 	 0.06122455259856649 
250.0 	 413 	 515 	 29.0 	 32.0 	 0.04918032786885246 
251.0 	 415 	 515 	 29.0 	 32.0 	 0.04918032786885246 
252.0 	 417 	 516 	 29.0 	 33.0 	 0.06451612903225806 
253.0 	 420 	 516 	 29.0 	 33.0 	 0.06451612903225806 
254.0 	 422 	 516 	 29.0 	 32.0 	 0.04918032786885246 
255.0 	 425 	 516 	 29.0 	 32.0 	 0.04918032786885246 
256.0 	 427 	 516 	 29.0 	 33.0 	 0.06451612903225806 
257.0 	 429 	 516 	 29.0 	 34.0 	 0.07936507936507936 
258.0 	 432 	 516 	 30.35786247253418 	 33.203914642333984 	 0.04477615792045036 
259.0 	 434 	 516 	 30.04163360595703 	 31.30654525756836 	 0.020618568880834087 
260.0 	 436 	 516 	 29.711254119873047 	 31.568206787109375 	 0.03030301898469769 
261.0 	 438 	 516 	 30.001203536987305 	 31.750152587890625 	 0.02832243954880072 
262.0 	 441 	 516 	 29.923080444335938 	 31.615388870239258 	 0.0275000084459771 
263.0 	 443 	 516 	 29.4091796875 	 32.57145690917969 	 0.051020405651159305 
264.0 	 445 	 516 	 29.725406646728516 	 32.8876838684082 	 0.050505049274244124 
265.0 	 447 	 516 	 30.041635513305664 	 32.8876838684082 	 0.04522611054855218 
266.0 	 449 	 516 	 29.601980209350586 	 33.10588836669922 	 0.05587669038853109 
267.0 	 452 	 516 	 29.381441116333008 	 33.065086364746094 	 0.05898879244373047 
268.0 	 454 	 516 	 29.179096221923828 	 33.52877426147461 	 0.06936414848758633 
269.0 	 457 	 516 	 29.346811294555664 	 33.22737503051758 	 0.062015408651138734 
270.0 	 459 	 515 	 29.0 	 33.0 	 0.06451612903225806 
271.0 	 461 	 515 	 29.0 	 32.0 	 0.04918032786885246 
272.0 	 463 	 515 	 28.284271240234375 	 32.526912689208984 	 0.06976745353119858 
273.0 	 466 	 515 	 30.81039810180664 	 30.147809982299805 	 0.0108695471919489 
274.0 	 468 	 515 	 30.499969482421875 	 30.052757263183594 	 0.007385500922478888 
275.0 	 470 	 515 	 29.0 	 31.0 	 0.03333333333333333 
276.0 	 472 	 515 	 30.074417114257812 	 29.589345932006836 	 0.008130080261193738 
277.0 	 475 	 516 	 29.525558471679688 	 29.896949768066406 	 0.006250010431877146 
278.0 	 477 	 515 	 29.15416717529297 	 30.454036712646484 	 0.021806889866992262 
279.0 	 479 	 515 	 28.782777786254883 	 30.639728546142578 	 0.031249956868198876 
280.0 	 482 	 515 	 28.411386489868164 	 30.268341064453125 	 0.031645589575478715 
281.0 	 484 	 515 	 28.279237747192383 	 29.902517318725586 	 0.027900147901933896 
282.0 	 487 	 515 	 28.0 	 31.0 	 0.05084745762711865 
283.0 	 489 	 515 	 29.516094207763672 	 30.4105224609375 	 0.014925392136162017 
284.0 	 491 	 515 	 29.80656623840332 	 30.463096618652344 	 0.010893214747295779 
285.0 	 493 	 515 	 29.346811294555664 	 30.074417114257812 	 0.01224488014108824 
286.0 	 496 	 515 	 29.206029891967773 	 29.293733596801758 	 0.001499214690856336 
287.0 	 498 	 515 	 29.4753360748291 	 28.791852951049805 	 0.01173015440088818 
288.0 	 501 	 515 	 29.092952728271484 	 29.09295082092285 	 3.2780252887194525e-08 
289.0 	 503 	 516 	 30.041635513305664 	 29.4091796875 	 0.010638303674548993 
290.0 	 506 	 516 	 30.21932029724121 	 29.53251838684082 	 0.011494238930982982 
291.0 	 508 	 516 	 29.309486389160156 	 29.117919921875 	 0.0032787090747339095 
292.0 	 510 	 516 	 29.092952728271484 	 29.409177780151367 	 0.005405359584884764 
293.0 	 513 	 515 	 28.0 	 31.0 	 0.05084745762711865 
294.0 	 515 	 515 	 28.791852951049805 	 29.560775756835938 	 0.013177175095836274 
295.0 	 517 	 516 	 28.30942726135254 	 29.39407730102539 	 0.018796952592373944 
296.0 	 520 	 516 	 27.72724151611328 	 29.516094207763672 	 0.031249972927490256 
297.0 	 522 	 515 	 27.72724151611328 	 29.96331024169922 	 0.03875970427485342 
298.0 	 524 	 515 	 27.280027389526367 	 30.4105224609375 	 0.054263567941811905 
299.0 	 527 	 515 	 28.144268035888672 	 29.725406646728516 	 0.02732240365116108 
300.0 	 529 	 516 	 26.832815170288086 	 29.96331024169922 	 0.055118109707364214 
301.0 	 532 	 516 	 28.174455642700195 	 29.96331024169922 	 0.030769235311793115 
302.0 	 534 	 516 	 26.82369041442871 	 31.72337532043457 	 0.08368796701434385 
303.0 	 537 	 515 	 26.01529312133789 	 31.738658905029297 	 0.0990991193308891 
304.0 	 540 	 516 	 26.870054244995117 	 31.819805145263672 	 0.08433741282893759 
305.0 	 542 	 515 	 29.12043571472168 	 28.845714569091797 	 0.004739337428564688 
306.0 	 545 	 515 	 28.675081253051758 	 29.02620506286621 	 0.006085199000452597 
307.0 	 547 	 515 	 27.280027389526367 	 29.06888198852539 	 0.03174603765615725 
308.0 	 550 	 515 	 27.968273162841797 	 29.281339645385742 	 0.022935814202663742 
309.0 	 553 	 515 	 27.51588249206543 	 29.241971969604492 	 0.03041146452610777 
310.0 	 555 	 515 	 26.16295051574707 	 31.11269760131836 	 0.08641974815290653 
311.0 	 558 	 516 	 27.280027389526367 	 29.068883895874023 	 0.03174607043048827 
312.0 	 560 	 516 	 27.390260696411133 	 28.94431495666504 	 0.027586153658531135 
313.0 	 563 	 516 	 28.225692749023438 	 29.1541690826416 	 0.01618122288865089 
314.0 	 566 	 516 	 28.558040618896484 	 28.20691680908203 	 0.006185573384071455 
315.0 	 568 	 516 	 27.72724151611328 	 29.516096115112305 	 0.0312500052062517 
316.0 	 571 	 516 	 26.0 	 30.0 	 0.07142857142857142 
317.0 	 573 	 516 	 26.0 	 30.0 	 0.07142857142857142 
318.0 	 576 	 516 	 27.0 	 31.0 	 0.06896551724137931 
319.0 	 578 	 516 	 30.26731300354004 	 28.44744110107422 	 0.03099513793795827 
320.0 	 581 	 516 	 29.133596420288086 	 29.048160552978516 	 0.0014684305142044173 
321.0 	 584 	 516 	 25.455841064453125 	 31.819805145263672 	 0.11111117031327186 
322.0 	 586 	 515 	 24.799999237060547 	 31.400001525878906 	 0.11743776155196545 
323.0 	 589 	 515 	 27.280029296875 	 29.96331024169922 	 0.046874989587496946 
324.0 	 591 	 515 	 25.770023345947266 	 31.21547508239746 	 0.0955585523797334 
325.0 	 594 	 516 	 26.155717849731445 	 31.73560333251953 	 0.09638552668752765 
326.0 	 596 	 516 	 25.456327438354492 	 31.859447479248047 	 0.11171653964547655 
327.0 	 599 	 516 	 25.45584487915039 	 31.819805145263672 	 0.11111109631057191 
328.0 	 601 	 516 	 26.162948608398438 	 31.819805145263672 	 0.09756101893501316 
329.0 	 604 	 515 	 28.0 	 30.0 	 0.034482758620689655 
330.0 	 606 	 515 	 28.0 	 30.0 	 0.034482758620689655 
331.0 	 609 	 515 	 26.832813262939453 	 29.96331024169922 	 0.05511814514073466 
332.0 	 611 	 515 	 25.45584487915039 	 31.819805145263672 	 0.11111109631057191 
333.0 	 614 	 515 	 25.45584487915039 	 31.819805145263672 	 0.11111109631057191 
334.0 	 616 	 515 	 25.45584487915039 	 30.405588150024414 	 0.08860752405490414 
335.0 	 618 	 515 	 28.0 	 28.0 	 0.0 
336.0 	 621 	 515 	 26.16295051574707 	 30.405588150024414 	 0.07499995110965242 
337.0 	 623 	 515 	 28.174455642700195 	 29.516096115112305 	 0.023255809340225687 
338.0 	 626 	 515 	 28.174457550048828 	 29.96331024169922 	 0.030769201494941067 
339.0 	 628 	 515 	 26.162948608398438 	 31.11269760131836 	 0.08641978433200459 
340.0 	 631 	 515 	 26.162948608398438 	 31.11269760131836 	 0.08641978433200459 
341.0 	 633 	 515 	 27.954267501831055 	 29.84075164794922 	 0.03264094681289393 
342.0 	 636 	 515 	 29.15392303466797 	 28.270471572875977 	 0.015384602098633732 
343.0 	 638 	 515 	 25.455841064453125 	 32.52690887451172 	 0.12195123234930917 
344.0 	 641 	 515 	 25.455841064453125 	 31.819805145263672 	 0.11111117031327186 
345.0 	 643 	 515 	 24.987802505493164 	 33.10883712768555 	 0.13978492858568878 
346.0 	 646 	 515 	 24.748735427856445 	 31.819805145263672 	 0.12500003793216494 
347.0 	 648 	 515 	 26.400001525878906 	 31.800003051757812 	 0.09278352407473607 
348.0 	 650 	 515 	 25.805805206298828 	 31.458507537841797 	 0.09871248008859343 
349.0 	 653 	 515 	 28.0 	 30.0 	 0.034482758620689655 
350.0 	 655 	 515 	 28.0 	 30.0 	 0.034482758620689655 
351.0 	 657 	 515 	 26.162948608398438 	 31.819805145263672 	 0.09756101893501316 
352.0 	 660 	 515 	 28.0 	 31.0 	 0.05084745762711865 
353.0 	 662 	 515 	 26.345252990722656 	 32.751609802246094 	 0.10840434684268309 
354.0 	 664 	 515 	 28.0 	 30.0 	 0.034482758620689655 
355.0 	 667 	 515 	 28.0 	 30.0 	 0.034482758620689655 
356.0 	 669 	 515 	 25.45584487915039 	 31.819805145263672 	 0.11111109631057191 
357.0 	 672 	 515 	 25.45584487915039 	 32.526912689208984 	 0.12195121630291703 
358.0 	 674 	 515 	 25.516212463378906 	 33.004661560058594 	 0.12796201734240295 
359.0 	 677 	 515 	 25.735414505004883 	 33.67369842529297 	 0.13362064384973618 
360.0 	 679 	 515 	 26.162948608398438 	 31.819805145263672 	 0.09756101893501316 
361.0 	 681 	 515 	 26.17132568359375 	 32.62113571166992 	 0.10970471170978682 
362.0 	 684 	 515 	 26.22471809387207 	 32.34381866455078 	 0.10447760707968706 
363.0 	 686 	 515 	 26.345252990722656 	 32.751609802246094 	 0.10840434684268309 
364.0 	 689 	 515 	 25.793560028076172 	 32.4499626159668 	 0.11428571428571428 
365.0 	 691 	 515 	 25.51620864868164 	 32.72731018066406 	 0.1238095100866252 
366.0 	 694 	 515 	 26.16295051574707 	 32.52690887451172 	 0.10843369578460643 
367.0 	 696 	 515 	 28.0 	 30.0 	 0.034482758620689655 
368.0 	 699 	 515 	 26.16295051574707 	 31.11269760131836 	 0.08641974815290653 
369.0 	 701 	 515 	 28.0 	 30.0 	 0.034482758620689655 
370.0 	 703 	 515 	 29.39407730102539 	 29.285614013671875 	 0.0018483956701788114 
371.0 	 706 	 515 	 28.0 	 30.0 	 0.034482758620689655 
372.0 	 708 	 515 	 28.619203567504883 	 29.346811294555664 	 0.012552315848902859 
373.0 	 711 	 515 	 28.0 	 31.0 	 0.05084745762711865 
374.0 	 713 	 515 	 28.0 	 31.0 	 0.05084745762711865 
375.0 	 715 	 515 	 28.0 	 30.0 	 0.034482758620689655 
376.0 	 718 	 515 	 28.0 	 30.0 	 0.034482758620689655 
377.0 	 720 	 515 	 28.0 	 30.0 	 0.034482758620689655 
378.0 	 723 	 515 	 30.122751235961914 	 28.567115783691406 	 0.026506031300932684 
379.0 	 725 	 515 	 28.0 	 30.0 	 0.034482758620689655 
380.0 	 727 	 515 	 28.0 	 31.0 	 0.05084745762711865 
381.0 	 729 	 515 	 28.174455642700195 	 30.4105224609375 	 0.038167921037397495 
382.0 	 732 	 515 	 28.0 	 30.0 	 0.034482758620689655 
383.0 	 734 	 515 	 28.619203567504883 	 29.346811294555664 	 0.012552315848902859 
384.0 	 736 	 515 	 28.0 	 31.0 	 0.05084745762711865 
385.0 	 739 	 515 	 28.0 	 30.0 	 0.034482758620689655 
386.0 	 741 	 515 	 28.0 	 31.0 	 0.05084745762711865 
387.0 	 744 	 515 	 28.0 	 30.0 	 0.034482758620689655 
388.0 	 746 	 515 	 28.0 	 30.0 	 0.034482758620689655 
389.0 	 749 	 515 	 28.0 	 30.0 	 0.034482758620689655 
390.0 	 751 	 515 	 28.0 	 30.0 	 0.034482758620689655 
391.0 	 753 	 515 	 28.0 	 30.0 	 0.034482758620689655 
392.0 	 756 	 515 	 28.0 	 30.0 	 0.034482758620689655 
393.0 	 758 	 515 	 28.0 	 30.0 	 0.034482758620689655 
394.0 	 761 	 515 	 28.0 	 30.0 	 0.034482758620689655 
395.0 	 763 	 515 	 28.0 	 30.0 	 0.034482758620689655 
396.0 	 765 	 515 	 28.0 	 30.0 	 0.034482758620689655 
397.0 	 767 	 515 	 28.0 	 30.0 	 0.034482758620689655 
398.0 	 770 	 515 	 25.821304321289062 	 32.27663040161133 	 0.1111111111111111 
399.0 	 772 	 515 	 25.49026107788086 	 32.607669830322266 	 0.12250709519564776 
400.0 	 775 	 515 	 26.162948608398438 	 31.819805145263672 	 0.09756101893501316 
401.0 	 777 	 515 	 25.043960571289062 	 33.09380340576172 	 0.1384615142345385 
402.0 	 779 	 515 	 28.0 	 30.0 	 0.034482758620689655 
403.0 	 782 	 515 	 28.0 	 31.0 	 0.05084745762711865 
404.0 	 783 	 515 	 28.0 	 29.0 	 0.017543859649122806 
405.0 	 786 	 515 	 25.491172790527344 	 32.199378967285156 	 0.11627911282456026 
406.0 	 788 	 515 	 25.407501220703125 	 32.607669830322266 	 0.12410837508841373 
407.0 	 791 	 515 	 26.07692527770996 	 32.69231033325195 	 0.11256544324200908 
408.0 	 793 	 515 	 28.0 	 30.0 	 0.034482758620689655 
409.0 	 795 	 515 	 28.440998077392578 	 30.313657760620117 	 0.03187253259368049 
410.0 	 798 	 515 	 28.0 	 30.0 	 0.034482758620689655 
411.0 	 800 	 515 	 28.0 	 30.0 	 0.034482758620689655 
412.0 	 803 	 515 	 28.0 	 31.0 	 0.05084745762711865 
413.0 	 805 	 515 	 28.0 	 31.0 	 0.05084745762711865 
414.0 	 807 	 515 	 28.0 	 30.0 	 0.034482758620689655 
415.0 	 810 	 515 	 28.0 	 31.0 	 0.05084745762711865 
416.0 	 812 	 515 	 28.0 	 30.0 	 0.034482758620689655 
417.0 	 815 	 515 	 28.0 	 29.0 	 0.017543859649122806 
418.0 	 817 	 515 	 28.63295555114746 	 30.005767822265625 	 0.023411360141250958 
419.0 	 819 	 515 	 28.0 	 30.0 	 0.034482758620689655 
420.0 	 821 	 515 	 28.0 	 30.0 	 0.034482758620689655 
421.0 	 823 	 515 	 29.427419662475586 	 29.42742156982422 	 3.2407676121055246e-08 
422.0 	 825 	 515 	 28.776723861694336 	 29.725406646728516 	 0.01621620916690535 
423.0 	 828 	 515 	 28.0 	 30.0 	 0.034482758620689655 
424.0 	 830 	 515 	 28.0 	 30.0 	 0.034482758620689655 
425.0 	 833 	 515 	 28.0 	 30.0 	 0.034482758620689655 
426.0 	 835 	 515 	 28.0 	 30.0 	 0.034482758620689655 
427.0 	 838 	 515 	 28.0 	 30.0 	 0.034482758620689655 
428.0 	 840 	 515 	 28.0 	 31.0 	 0.05084745762711865 
429.0 	 842 	 515 	 28.0 	 30.0 	 0.034482758620689655 
430.0 	 844 	 515 	 28.0 	 30.0 	 0.034482758620689655 
431.0 	 847 	 515 	 28.0 	 29.0 	 0.017543859649122806 
432.0 	 849 	 515 	 28.174455642700195 	 29.516096115112305 	 0.023255809340225687 
433.0 	 851 	 515 	 27.0 	 30.0 	 0.05263157894736842 
434.0 	 853 	 516 	 27.0 	 30.0 	 0.05263157894736842 
435.0 	 856 	 515 	 27.0 	 30.0 	 0.05263157894736842 
436.0 	 858 	 515 	 28.0 	 29.0 	 0.017543859649122806 
437.0 	 860 	 516 	 27.0 	 30.0 	 0.05263157894736842 
438.0 	 863 	 516 	 27.0 	 29.0 	 0.03571428571428571 
439.0 	 865 	 516 	 27.0 	 29.0 	 0.03571428571428571 
440.0 	 867 	 516 	 27.65863609313965 	 28.7432861328125 	 0.01923072826006935 
441.0 	 869 	 516 	 28.63295555114746 	 28.829071044921875 	 0.00341295818111346 
442.0 	 872 	 516 	 27.0 	 29.0 	 0.03571428571428571 
443.0 	 874 	 516 	 28.0 	 29.0 	 0.017543859649122806 
444.0 	 876 	 516 	 28.0 	 29.0 	 0.017543859649122806 
445.0 	 878 	 516 	 27.0 	 29.0 	 0.03571428571428571 
446.0 	 881 	 516 	 27.0 	 30.0 	 0.05263157894736842 
447.0 	 883 	 516 	 27.0 	 29.0 	 0.03571428571428571 
448.0 	 885 	 516 	 27.0 	 29.0 	 0.03571428571428571 
449.0 	 888 	 516 	 26.0 	 29.0 	 0.05454545454545454 
450.0 	 890 	 515 	 26.0 	 29.0 	 0.05454545454545454 
451.0 	 892 	 515 	 28.0 	 29.0 	 0.017543859649122806 
452.0 	 894 	 515 	 28.0 	 29.0 	 0.017543859649122806 
453.0 	 896 	 515 	 28.0 	 29.0 	 0.017543859649122806 
454.0 	 899 	 515 	 27.0 	 30.0 	 0.05263157894736842 
455.0 	 901 	 515 	 28.0 	 29.0 	 0.017543859649122806 
456.0 	 903 	 515 	 28.0 	 29.0 	 0.017543859649122806 
457.0 	 905 	 515 	 27.0 	 29.0 	 0.03571428571428571 
458.0 	 908 	 515 	 27.0 	 30.0 	 0.05263157894736842 
459.0 	 910 	 515 	 29.0 	 28.0 	 0.017543859649122806 
460.0 	 912 	 515 	 27.0 	 29.0 	 0.03571428571428571 
461.0 	 914 	 515 	 27.0 	 29.0 	 0.03571428571428571 
462.0 	 916 	 515 	 28.609294891357422 	 28.066078186035156 	 0.009584704534374756 
463.0 	 918 	 515 	 27.0 	 29.0 	 0.03571428571428571 
464.0 	 920 	 515 	 27.195585250854492 	 29.72540855407715 	 0.04444446827285493 
465.0 	 923 	 515 	 27.51181411743164 	 29.09295082092285 	 0.02793292588023553 
466.0 	 925 	 515 	 28.0 	 29.0 	 0.017543859649122806 
467.0 	 927 	 515 	 27.0 	 29.0 	 0.03571428571428571 
468.0 	 929 	 515 	 29.0 	 28.0 	 0.017543859649122806 
469.0 	 931 	 515 	 27.0 	 29.0 	 0.03571428571428571 
470.0 	 933 	 515 	 27.0 	 29.0 	 0.03571428571428571 
471.0 	 935 	 515 	 27.0 	 29.0 	 0.03571428571428571 
472.0 	 937 	 515 	 27.0 	 29.0 	 0.03571428571428571 
473.0 	 939 	 515 	 27.0 	 29.0 	 0.03571428571428571 
474.0 	 942 	 515 	 26.832815170288086 	 29.96331024169922 	 0.055118109707364214 
475.0 	 944 	 515 	 28.712200164794922 	 28.1600399017334 	 0.009708783448930699 
476.0 	 946 	 515 	 28.8226318359375 	 28.1600399017334 	 0.011627954850106932 
477.0 	 948 	 515 	 28.42569351196289 	 28.42569351196289 	 0.0 
478.0 	 950 	 516 	 26.385601043701172 	 30.410520553588867 	 0.07086609783721112 
479.0 	 952 	 515 	 25.491174697875977 	 29.96331024169922 	 0.08064515518801067 
480.0 	 954 	 515 	 25.0599308013916 	 30.247495651245117 	 0.09379508652958131 
481.0 	 956 	 515 	 25.93838882446289 	 30.4105224609375 	 0.07936504068062283 
482.0 	 958 	 515 	 27.280029296875 	 30.410520553588867 	 0.054263501818377906 
483.0 	 959 	 515 	 29.0 	 29.0 	 0.0 
484.0 	 962 	 515 	 28.0 	 29.0 	 0.017543859649122806 
485.0 	 964 	 515 	 26.067785263061523 	 30.526748657226562 	 0.07878788083042387 
486.0 	 966 	 515 	 25.544816970825195 	 30.692630767822266 	 0.09153711635208853 
487.0 	 968 	 515 	 24.309232711791992 	 30.59255599975586 	 0.11444660429874583 
488.0 	 970 	 515 	 24.309232711791992 	 30.335041046142578 	 0.11027337212026932 
489.0 	 972 	 515 	 23.96799659729004 	 30.51140594482422 	 0.1201079498343603 
490.0 	 975 	 515 	 23.799999237060547 	 31.200000762939453 	 0.13454548228870739 
491.0 	 977 	 515 	 23.211559295654297 	 31.021059036254883 	 0.14400004980039222 
492.0 	 979 	 515 	 23.426063537597656 	 31.07857894897461 	 0.14040116698797214 
493.0 	 981 	 514 	 24.786602020263672 	 31.53742218017578 	 0.1198568507088213 
494.0 	 983 	 514 	 23.711105346679688 	 31.35309410095215 	 0.13878325356460117 
495.0 	 985 	 514 	 24.041629791259766 	 31.819805145263672 	 0.13924052188853395 
496.0 	 987 	 515 	 25.095230102539062 	 31.36903953552246 	 0.11111114113755116 
497.0 	 989 	 515 	 25.0 	 30.60000228881836 	 0.1007194614800325 
498.0 	 992 	 515 	 24.041629791259766 	 31.11269760131836 	 0.12820513175200313 
499.0 	 994 	 515 	 23.33452033996582 	 31.11269760131836 	 0.14285720291054205 
500.0 	 996 	 515 	 24.041629791259766 	 31.11269760131836 	 0.12820513175200313 
501.0 	 998 	 515 	 23.922313690185547 	 30.958288192749023 	 0.12820512642284546 
502.0 	 1000 	 515 	 23.73841094970703 	 31.07857894897461 	 0.1339031569014356 
503.0 	 1002 	 514 	 23.852108001708984 	 30.508512496948242 	 0.1224490161109121 
504.0 	 1004 	 515 	 24.006004333496094 	 30.37181282043457 	 0.11706627481788 
505.0 	 1006 	 514 	 24.74080467224121 	 30.63927459716797 	 0.1065088747206787 
506.0 	 1008 	 514 	 24.000003814697266 	 30.40000343322754 	 0.11764703613664342 
507.0 	 1010 	 514 	 23.20720863342285 	 31.144746780395508 	 0.1460396058713764 
508.0 	 1012 	 514 	 23.473865509033203 	 31.034278869628906 	 0.13870245349161658 
509.0 	 1014 	 514 	 23.852108001708984 	 30.785863876342773 	 0.12690361000421943 
510.0 	 1017 	 514 	 24.12946128845215 	 30.785863876342773 	 0.12121211279211193 
511.0 	 1019 	 514 	 24.12946128845215 	 30.785863876342773 	 0.12121211279211193 
512.0 	 1021 	 514 	 23.558786392211914 	 31.497074127197266 	 0.14418606230279188 
513.0 	 1023 	 514 	 24.61957550048828 	 31.06208038330078 	 0.11570246575027136 
514.0 	 1025 	 514 	 24.312789916992188 	 30.678600311279297 	 0.11576012841032701 
515.0 	 1027 	 514 	 23.911945343017578 	 30.594188690185547 	 0.12259617134279589 
516.0 	 1029 	 514 	 24.12946128845215 	 30.785863876342773 	 0.12121211279211193 
517.0 	 1032 	 513 	 25.305391311645508 	 31.514150619506836 	 0.10927154807732202 
518.0 	 1034 	 513 	 28.0 	 28.0 	 0.0 
568.0 	 1146 	 514 	 26.0 	 30.0 	 0.07142857142857142 
571.0 	 1153 	 514 	 25.0 	 28.0 	 0.05660377358490566 
573.0 	 1158 	 514 	 25.0 	 28.0 	 0.05660377358490566 
574.0 	 1159 	 514 	 24.0 	 29.0 	 0.09433962264150944 
578.0 	 1171 	 513 	 25.0 	 30.0 	 0.09090909090909091 
580.0 	 1174 	 514 	 25.0 	 29.0 	 0.07407407407407407 
581.0 	 1177 	 514 	 25.0 	 29.0 	 0.07407407407407407 
582.0 	 1179 	 514 	 25.0 	 28.0 	 0.05660377358490566 
583.0 	 1181 	 514 	 26.0 	 29.0 	 0.05454545454545454 
584.0 	 1183 	 513 	 25.0 	 27.0 	 0.038461538461538464 
585.0 	 1185 	 514 	 25.0 	 28.0 	 0.05660377358490566 
586.0 	 1187 	 513 	 25.0 	 28.0 	 0.05660377358490566 
587.0 	 1189 	 513 	 29.0 	 26.0 	 0.05454545454545454 
588.0 	 1191 	 512 	 24.676923751831055 	 29.254093170166016 	 0.08487081608261036 
608.0 	 1239 	 513 	 25.0 	 30.0 	 0.09090909090909091 
609.0 	 1241 	 513 	 25.0 	 30.0 	 0.09090909090909091 
610.0 	 1244 	 514 	 25.0 	 30.0 	 0.09090909090909091 
611.0 	 1246 	 513 	 25.0 	 29.0 	 0.07407407407407407 
612.0 	 1248 	 513 	 25.0 	 30.0 	 0.09090909090909091 
613.0 	 1251 	 513 	 24.659847259521484 	 29.59181785583496 	 0.09090911008586602 
614.0 	 1253 	 513 	 25.0 	 30.0 	 0.09090909090909091 
615.0 	 1256 	 513 	 24.0 	 29.0 	 0.09433962264150944 
622.0 	 1273 	 512 	 24.253122329711914 	 30.107324600219727 	 0.10769231309031797 
624.0 	 1278 	 511 	 23.853212356567383 	 29.706083297729492 	 0.10927834038259153 
625.0 	 1280 	 513 	 26.0 	 30.0 	 0.07142857142857142 
626.0 	 1282 	 513 	 26.0 	 29.0 	 0.05454545454545454 
627.0 	 1285 	 513 	 26.0 	 30.0 	 0.07142857142857142 
628.0 	 1287 	 513 	 26.162952423095703 	 30.547012329101562 	 0.07730669424963796 
629.0 	 1290 	 513 	 25.0 	 30.0 	 0.09090909090909091 
630.0 	 1292 	 513 	 25.0 	 30.0 	 0.09090909090909091 
631.0 	 1294 	 513 	 26.0 	 29.0 	 0.05454545454545454 
632.0 	 1297 	 513 	 27.0 	 29.0 	 0.03571428571428571 
633.0 	 1299 	 514 	 26.0 	 29.0 	 0.05454545454545454 
634.0 	 1301 	 514 	 26.0 	 29.0 	 0.05454545454545454 
635.0 	 1304 	 514 	 26.393136978149414 	 29.485219955444336 	 0.0553359681096131 
636.0 	 1306 	 514 	 26.0 	 29.0 	 0.05454545454545454 
637.0 	 1308 	 514 	 26.0 	 30.0 	 0.07142857142857142 
638.0 	 1311 	 514 	 26.0 	 30.0 	 0.07142857142857142 
639.0 	 1313 	 514 	 26.0 	 30.0 	 0.07142857142857142 
640.0 	 1315 	 513 	 26.0 	 29.0 	 0.05454545454545454 
641.0 	 1317 	 513 	 26.0 	 28.0 	 0.037037037037037035 
644.0 	 1324 	 513 	 25.0 	 28.0 	 0.05660377358490566 
646.0 	 1329 	 513 	 26.0 	 29.0 	 0.05454545454545454 
647.0 	 1332 	 513 	 26.0 	 29.0 	 0.05454545454545454 
648.0 	 1335 	 513 	 25.938392639160156 	 29.516101837158203 	 0.06451612681323593 
656.0 	 1354 	 512 	 23.837852478027344 	 30.4138126373291 	 0.12121213506201435 
658.0 	 1358 	 512 	 29.0 	 25.0 	 0.07407407407407407 
659.0 	 1360 	 512 	 24.0 	 29.0 	 0.09433962264150944 
660.0 	 1362 	 513 	 25.0 	 29.0 	 0.07407407407407407 
661.0 	 1365 	 513 	 30.249414443969727 	 25.153045654296875 	 0.09198813158537528 
662.0 	 1367 	 513 	 26.0 	 29.0 	 0.05454545454545454 
664.0 	 1372 	 512 	 26.0 	 30.0 	 0.07142857142857142 
665.0 	 1374 	 512 	 25.494964599609375 	 28.89982795715332 	 0.06259539190246681 
666.0 	 1377 	 512 	 26.0 	 29.0 	 0.05454545454545454 
667.0 	 1378 	 512 	 26.0 	 29.0 	 0.05454545454545454 
668.0 	 1380 	 512 	 26.0 	 30.0 	 0.07142857142857142 
670.0 	 1386 	 513 	 26.0 	 29.0 	 0.05454545454545454 
671.0 	 1387 	 512 	 25.938386917114258 	 28.621667861938477 	 0.04918031984554407 
673.0 	 1392 	 513 	 26.0 	 29.0 	 0.05454545454545454 
674.0 	 1394 	 513 	 26.385601043701172 	 28.174455642700195 	 0.032786890403742566 
675.0 	 1396 	 512 	 28.441024780273438 	 26.468236923217773 	 0.03592814392057709 
676.0 	 1399 	 513 	 26.0 	 29.0 	 0.05454545454545454 
677.0 	 1401 	 513 	 26.0 	 29.0 	 0.05454545454545454 
678.0 	 1404 	 513 	 26.0 	 29.0 	 0.05454545454545454 
679.0 	 1406 	 513 	 28.657072067260742 	 27.065013885498047 	 0.02857140314367346 
680.0 	 1408 	 513 	 27.195587158203125 	 28.460494995117188 	 0.022727216648658784 
681.0 	 1410 	 512 	 27.0 	 28.0 	 0.01818181818181818 
682.0 	 1412 	 513 	 27.0 	 28.0 	 0.01818181818181818 
683.0 	 1415 	 513 	 27.0 	 28.0 	 0.01818181818181818 
684.0 	 1417 	 513 	 27.0 	 28.0 	 0.01818181818181818 
685.0 	 1419 	 513 	 27.0 	 29.0 	 0.03571428571428571 
686.0 	 1422 	 513 	 27.0 	 29.0 	 0.03571428571428571 
687.0 	 1424 	 513 	 27.0 	 29.0 	 0.03571428571428571 
688.0 	 1426 	 513 	 28.0 	 29.0 	 0.017543859649122806 
689.0 	 1428 	 512 	 25.45584487915039 	 31.11269760131836 	 0.09999997302601694 
690.0 	 1431 	 512 	 24.748737335205078 	 31.819805145263672 	 0.125 
691.0 	 1433 	 512 	 24.748737335205078 	 31.819805145263672 	 0.125 
692.0 	 1436 	 512 	 25.29249382019043 	 31.212013244628906 	 0.1047618983322495 
693.0 	 1437 	 512 	 24.583080291748047 	 31.75314712524414 	 0.12727275435794358 
694.0 	 1440 	 512 	 25.188791275024414 	 32.22476577758789 	 0.12254900869695098 
695.0 	 1442 	 512 	 24.75435447692871 	 31.682886123657227 	 0.12276524459731616 
696.0 	 1445 	 512 	 24.041629791259766 	 31.819805145263672 	 0.13924052188853395 
697.0 	 1447 	 512 	 25.45584487915039 	 31.819805145263672 	 0.11111109631057191 
698.0 	 1449 	 512 	 26.832815170288086 	 29.516094207763672 	 0.04761900571088496 
699.0 	 1451 	 512 	 25.458232879638672 	 30.689376831054688 	 0.09316770523928003 
700.0 	 1454 	 512 	 27.0 	 28.0 	 0.01818181818181818 
701.0 	 1456 	 512 	 25.359764099121094 	 31.212013244628906 	 0.10344821075617777 
702.0 	 1458 	 513 	 28.0 	 29.0 	 0.017543859649122806 
703.0 	 1461 	 513 	 28.0 	 29.0 	 0.017543859649122806 
704.0 	 1463 	 513 	 25.732511520385742 	 32.57000732421875 	 0.1172761647238123 
705.0 	 1466 	 513 	 28.0 	 29.0 	 0.017543859649122806 
706.0 	 1468 	 513 	 25.64196014404297 	 31.376583099365234 	 0.10057470130097078 
707.0 	 1470 	 513 	 28.0 	 28.0 	 0.0 
708.0 	 1472 	 512 	 24.556167602539062 	 31.173099517822266 	 0.11873351754280707 
709.0 	 1474 	 512 	 24.200002670288086 	 30.20000457763672 	 0.11029413801369511 
710.0 	 1477 	 512 	 24.558874130249023 	 30.760610580444336 	 0.11210763228596209 
711.0 	 1479 	 512 	 28.0 	 27.0 	 0.01818181818181818 
712.0 	 1481 	 513 	 28.0 	 28.0 	 0.0 
713.0 	 1484 	 513 	 28.0 	 28.0 	 0.0 
714.0 	 1486 	 513 	 29.0 	 27.0 	 0.03571428571428571 
715.0 	 1489 	 513 	 28.0 	 27.0 	 0.01818181818181818 
716.0 	 1491 	 513 	 28.0 	 28.0 	 0.0 
717.0 	 1494 	 513 	 28.0 	 27.0 	 0.01818181818181818 
718.0 	 1495 	 512 	 28.0 	 27.0 	 0.01818181818181818 
719.0 	 1497 	 513 	 28.0 	 27.0 	 0.01818181818181818 
720.0 	 1500 	 512 	 28.0 	 28.0 	 0.0 
721.0 	 1502 	 512 	 27.0 	 27.0 	 0.0 
722.0 	 1504 	 512 	 27.0 	 27.0 	 0.0 
723.0 	 1507 	 513 	 28.0 	 28.0 	 0.0 
724.0 	 1511 	 513 	 28.0 	 28.0 	 0.0 
725.0 	 1512 	 512 	 28.0 	 28.0 	 0.0 
726.0 	 1515 	 513 	 28.0 	 27.0 	 0.01818181818181818 
727.0 	 1517 	 513 	 28.0 	 27.0 	 0.01818181818181818 
728.0 	 1519 	 513 	 29.0 	 28.0 	 0.017543859649122806 
729.0 	 1521 	 512 	 28.0 	 28.0 	 0.0 
730.0 	 1523 	 512 	 28.0 	 27.0 	 0.01818181818181818 
731.0 	 1526 	 513 	 28.0 	 28.0 	 0.0 
732.0 	 1528 	 513 	 28.0 	 28.0 	 0.0 
733.0 	 1531 	 513 	 29.0 	 28.0 	 0.017543859649122806 
734.0 	 1533 	 512 	 29.0 	 28.0 	 0.017543859649122806 
735.0 	 1535 	 512 	 26.16295051574707 	 30.405588150024414 	 0.07499995110965242 
736.0 	 1537 	 512 	 29.0 	 27.0 	 0.03571428571428571 
737.0 	 1540 	 513 	 27.0 	 29.0 	 0.03571428571428571 
738.0 	 1542 	 513 	 29.0 	 27.0 	 0.03571428571428571 
739.0 	 1545 	 513 	 27.0 	 29.0 	 0.03571428571428571 
740.0 	 1547 	 513 	 29.0 	 27.0 	 0.03571428571428571 
741.0 	 1550 	 513 	 28.0 	 27.0 	 0.01818181818181818 
742.0 	 1552 	 513 	 29.0 	 27.0 	 0.03571428571428571 
743.0 	 1554 	 513 	 26.797035217285156 	 28.934221267700195 	 0.03834806866396098 
744.0 	 1556 	 513 	 26.436382293701172 	 29.346811294555664 	 0.052173940099893804 
745.0 	 1558 	 512 	 24.81476593017578 	 30.703014373779297 	 0.1060605883622483 
746.0 	 1560 	 512 	 25.491174697875977 	 29.516094207763672 	 0.07317068434704706 
747.0 	 1562 	 512 	 28.0 	 27.0 	 0.01818181818181818 
748.0 	 1565 	 512 	 28.0 	 27.0 	 0.01818181818181818 
749.0 	 1567 	 512 	 28.0 	 27.0 	 0.01818181818181818 
750.0 	 1569 	 512 	 23.33452033996582 	 30.405588150024414 	 0.1315789641804625 
751.0 	 1571 	 512 	 24.59674835205078 	 30.410520553588867 	 0.10569098079584943 
752.0 	 1574 	 512 	 24.353357315063477 	 29.870914459228516 	 0.1017543797938277 
753.0 	 1576 	 512 	 24.259201049804688 	 29.20895004272461 	 0.09257378255616386 
754.0 	 1578 	 513 	 24.32365608215332 	 29.96546745300293 	 0.10392157772074026 
755.0 	 1580 	 513 	 24.59674835205078 	 29.516094207763672 	 0.09090902682251846 
756.0 	 1582 	 513 	 24.5072078704834 	 29.94689178466797 	 0.09989484627664715 
757.0 	 1584 	 512 	 24.862258911132812 	 29.669878005981445 	 0.0881612085393965 
758.0 	 1587 	 513 	 25.0 	 30.0 	 0.09090909090909091 
759.0 	 1590 	 513 	 29.0 	 26.0 	 0.05454545454545454 
760.0 	 1592 	 513 	 26.5269718170166 	 29.514650344848633 	 0.05331177814951016 
761.0 	 1595 	 513 	 29.0 	 27.0 	 0.03571428571428571 
762.0 	 1596 	 513 	 29.0 	 27.0 	 0.03571428571428571 
763.0 	 1599 	 513 	 29.0 	 27.0 	 0.03571428571428571 
764.0 	 1601 	 513 	 28.0 	 26.0 	 0.037037037037037035 
765.0 	 1603 	 513 	 28.0 	 27.0 	 0.01818181818181818 
766.0 	 1605 	 513 	 29.0 	 27.0 	 0.03571428571428571 
767.0 	 1607 	 513 	 24.369640350341797 	 31.005229949951172 	 0.11983034115701159 
768.0 	 1609 	 513 	 28.0 	 26.0 	 0.037037037037037035 
769.0 	 1612 	 513 	 29.0 	 27.0 	 0.03571428571428571 
770.0 	 1614 	 513 	 26.832815170288086 	 29.96331024169922 	 0.055118109707364214 
771.0 	 1616 	 513 	 29.0 	 27.0 	 0.03571428571428571 
772.0 	 1618 	 512 	 27.0 	 26.0 	 0.018867924528301886 
773.0 	 1621 	 512 	 27.0 	 26.0 	 0.018867924528301886 
774.0 	 1623 	 512 	 27.0 	 26.0 	 0.018867924528301886 
775.0 	 1625 	 512 	 27.0 	 26.0 	 0.018867924528301886 
776.0 	 1627 	 512 	 27.0 	 26.0 	 0.018867924528301886 
777.0 	 1629 	 512 	 25.298219680786133 	 28.776723861694336 	 0.06432746764082227 
778.0 	 1631 	 512 	 28.0 	 27.0 	 0.01818181818181818 
779.0 	 1634 	 512 	 26.162948608398438 	 29.698484420776367 	 0.06329117641023319 
780.0 	 1636 	 512 	 24.82272720336914 	 30.229660034179688 	 0.0982143209790313 
781.0 	 1638 	 512 	 25.8876895904541 	 30.296512603759766 	 0.07847086620658124 
782.0 	 1641 	 512 	 25.133028030395508 	 30.476730346679688 	 0.09609288859070264 
783.0 	 1643 	 512 	 28.376667022705078 	 27.163990020751953 	 0.02183404134027947 
784.0 	 1645 	 512 	 25.45584487915039 	 30.40559196472168 	 0.08860758629258693 
785.0 	 1647 	 512 	 24.947002410888672 	 30.044870376586914 	 0.09270220684063124 
786.0 	 1649 	 512 	 25.41191864013672 	 30.145511627197266 	 0.08520179864841139 
787.0 	 1652 	 512 	 28.0 	 26.0 	 0.037037037037037035 
788.0 	 1654 	 512 	 28.0 	 26.0 	 0.037037037037037035 
789.0 	 1655 	 512 	 28.0 	 26.0 	 0.037037037037037035 
790.0 	 1657 	 512 	 28.0 	 26.0 	 0.037037037037037035 
793.0 	 1664 	 512 	 29.0 	 26.0 	 0.05454545454545454 
794.0 	 1667 	 513 	 26.320682525634766 	 29.408584594726562 	 0.05540898398004585 
795.0 	 1669 	 513 	 25.88772964477539 	 29.738122940063477 	 0.0692194926705273 
796.0 	 1671 	 513 	 29.557065963745117 	 27.29432487487793 	 0.039800980336438 
797.0 	 1673 	 512 	 29.0 	 27.0 	 0.03571428571428571 
798.0 	 1675 	 513 	 30.0 	 27.0 	 0.05263157894736842 
799.0 	 1678 	 513 	 28.63295555114746 	 27.45625877380371 	 0.02097902050341787 
800.0 	 1680 	 513 	 28.63295555114746 	 27.45625877380371 	 0.02097902050341787 
801.0 	 1682 	 513 	 29.0 	 27.0 	 0.03571428571428571 
802.0 	 1684 	 513 	 29.0 	 27.0 	 0.03571428571428571 
803.0 	 1686 	 513 	 29.0 	 26.0 	 0.05454545454545454 
804.0 	 1688 	 513 	 29.0 	 26.0 	 0.05454545454545454 
805.0 	 1690 	 513 	 30.0 	 26.0 	 0.07142857142857142 
806.0 	 1692 	 513 	 30.0 	 26.0 	 0.07142857142857142 
807.0 	 1695 	 513 	 25.77146339416504 	 30.249130249023438 	 0.0799289433342668 
808.0 	 1697 	 513 	 30.0 	 26.0 	 0.07142857142857142 
809.0 	 1699 	 513 	 29.69498634338379 	 27.01170539855957 	 0.04731859437392497 
810.0 	 1701 	 513 	 29.0 	 26.0 	 0.05454545454545454 
811.0 	 1703 	 513 	 28.0 	 26.0 	 0.037037037037037035 
812.0 	 1706 	 513 	 25.455841064453125 	 30.405588150024414 	 0.08860759839435811 
813.0 	 1708 	 513 	 29.0 	 26.0 	 0.05454545454545454 
814.0 	 1710 	 513 	 28.30942726135254 	 26.899377822875977 	 0.025540299891028993 
815.0 	 1712 	 513 	 29.0 	 27.0 	 0.03571428571428571 
816.0 	 1714 	 513 	 29.0 	 27.0 	 0.03571428571428571 
817.0 	 1716 	 513 	 29.0 	 26.0 	 0.05454545454545454 
818.0 	 1718 	 513 	 29.0 	 26.0 	 0.05454545454545454 
819.0 	 1721 	 513 	 29.0 	 26.0 	 0.05454545454545454 
820.0 	 1723 	 513 	 29.0 	 25.0 	 0.07407407407407407 
821.0 	 1725 	 513 	 29.0 	 26.0 	 0.05454545454545454 
822.0 	 1727 	 513 	 29.061973571777344 	 25.89322280883789 	 0.05766062122666148 
823.0 	 1729 	 513 	 29.0 	 26.0 	 0.05454545454545454 
824.0 	 1732 	 513 	 29.0 	 26.0 	 0.05454545454545454 
825.0 	 1734 	 513 	 29.0 	 26.0 	 0.05454545454545454 
826.0 	 1736 	 513 	 28.71111488342285 	 27.101146697998047 	 0.02884613774477005 
827.0 	 1738 	 513 	 28.829072952270508 	 26.867910385131836 	 0.035211288827947836 
828.0 	 1740 	 513 	 24.748737335205078 	 30.405588150024414 	 0.10256404670082057 
829.0 	 1743 	 513 	 28.0 	 27.0 	 0.01818181818181818 
830.0 	 1745 	 513 	 27.510316848754883 	 27.766624450683594 	 0.004636790602075419 
831.0 	 1747 	 513 	 28.0 	 27.0 	 0.01818181818181818 
832.0 	 1749 	 513 	 28.0 	 27.0 	 0.01818181818181818 
833.0 	 1751 	 513 	 27.195585250854492 	 27.51181411743164 	 0.005780367376784249 
834.0 	 1754 	 513 	 26.879358291625977 	 27.51181411743164 	 0.011627913093124333 
835.0 	 1756 	 513 	 27.51181411743164 	 27.51181411743164 	 0.0 
836.0 	 1758 	 513 	 28.039995193481445 	 27.11151885986328 	 0.01683501077994169 
837.0 	 1760 	 513 	 27.9374942779541 	 27.1685733795166 	 0.01395347066346618 
838.0 	 1762 	 513 	 27.68118667602539 	 27.1685733795166 	 0.009345770993158517 
839.0 	 1764 	 513 	 27.828041076660156 	 26.87936019897461 	 0.01734099693212926 
840.0 	 1767 	 513 	 26.832815170288086 	 28.174455642700195 	 0.024390238828124557 
841.0 	 1769 	 513 	 27.828041076660156 	 27.828041076660156 	 0.0 
842.0 	 1771 	 513 	 26.832815170288086 	 29.06888198852539 	 0.03999998089297305 
843.0 	 1774 	 513 	 28.620981216430664 	 28.108366012573242 	 0.00903615551555894 
844.0 	 1776 	 513 	 29.0 	 28.0 	 0.017543859649122806 
845.0 	 1778 	 513 	 28.305767059326172 	 26.908859252929688 	 0.025299597220789595 
846.0 	 1780 	 513 	 28.376667022705078 	 26.19384765625 	 0.039999977630719954 
847.0 	 1782 	 513 	 28.971437454223633 	 24.806793212890625 	 0.07744107959058823 
848.0 	 1784 	 513 	 28.849960327148438 	 24.890159606933594 	 0.07368425535841677 
849.0 	 1786 	 513 	 29.0 	 23.0 	 0.11538461538461539 
850.0 	 1788 	 513 	 29.0 	 24.0 	 0.09433962264150944 
851.0 	 1790 	 513 	 29.0 	 24.0 	 0.09433962264150944 
852.0 	 1792 	 513 	 29.0 	 24.0 	 0.09433962264150944 
853.0 	 1795 	 513 	 28.0 	 25.0 	 0.05660377358490566 
854.0 	 1797 	 513 	 28.0 	 24.0 	 0.07692307692307693 
855.0 	 1800 	 513 	 29.0 	 25.0 	 0.07407407407407407 
856.0 	 1802 	 513 	 29.0 	 24.0 	 0.09433962264150944 
857.0 	 1804 	 513 	 24.0 	 29.0 	 0.09433962264150944 
858.0 	 1806 	 513 	 29.0 	 24.0 	 0.09433962264150944 
859.0 	 1808 	 513 	 28.53110122680664 	 23.699220657348633 	 0.09251102415518178 
860.0 	 1810 	 513 	 28.15087127685547 	 24.18596076965332 	 0.07575755643136284 
861.0 	 1812 	 513 	 27.715103149414062 	 23.155288696289062 	 0.08963592155837019 
862.0 	 1815 	 513 	 27.287639617919922 	 23.69063377380371 	 0.07055958558024031 
863.0 	 1817 	 513 	 27.0 	 24.0 	 0.058823529411764705 
864.0 	 1820 	 513 	 27.411672592163086 	 24.0627384185791 	 0.0650601747125401 
865.0 	 1822 	 513 	 26.205469131469727 	 26.42085838317871 	 0.004092804151097779 
866.0 	 1824 	 512 	 27.0 	 26.0 	 0.018867924528301886 
868.0 	 1828 	 512 	 27.0 	 25.0 	 0.038461538461538464 
869.0 	 1830 	 513 	 28.0 	 22.0 	 0.12 
870.0 	 1833 	 513 	 22.135942459106445 	 31.30654525756836 	 0.17159760314826358 
872.0 	 1837 	 513 	 28.0 	 22.0 	 0.12 
877.0 	 1848 	 513 	 29.0 	 22.0 	 0.13725490196078433 
878.0 	 1850 	 513 	 29.0 	 22.0 	 0.13725490196078433 
879.0 	 1853 	 513 	 30.0 	 22.0 	 0.15384615384615385 
880.0 	 1855 	 513 	 28.619203567504883 	 23.768489837646484 	 0.0925926188875004 
