frame 	 x 	 y 	 width 	 height 	 deformation 
1.0 	 105 	 572 	 47.0 	 61.0 	 0.12962962962962962 
2.0 	 106 	 572 	 48.0 	 61.0 	 0.11926605504587157 
3.0 	 106 	 572 	 48.0 	 62.0 	 0.12727272727272726 
4.0 	 106 	 572 	 47.0 	 61.0 	 0.12962962962962962 
5.0 	 107 	 572 	 48.0 	 60.0 	 0.1111111111111111 
6.0 	 107 	 572 	 48.0 	 62.0 	 0.12727272727272726 
7.0 	 107 	 572 	 48.0 	 61.0 	 0.11926605504587157 
8.0 	 107 	 572 	 48.0 	 59.0 	 0.102803738317757 
9.0 	 107 	 572 	 48.0 	 60.0 	 0.1111111111111111 
10.0 	 107 	 572 	 48.0 	 60.0 	 0.1111111111111111 
11.0 	 107 	 572 	 48.0 	 59.0 	 0.102803738317757 
12.0 	 108 	 572 	 48.0 	 60.0 	 0.1111111111111111 
13.0 	 107 	 572 	 48.0 	 61.0 	 0.11926605504587157 
14.0 	 108 	 572 	 48.0 	 60.0 	 0.1111111111111111 
15.0 	 108 	 572 	 48.0 	 60.0 	 0.1111111111111111 
16.0 	 108 	 572 	 48.0 	 60.0 	 0.1111111111111111 
17.0 	 108 	 572 	 48.0 	 59.0 	 0.102803738317757 
18.0 	 108 	 572 	 48.0 	 59.0 	 0.102803738317757 
19.0 	 108 	 572 	 48.0 	 59.0 	 0.102803738317757 
20.0 	 108 	 572 	 48.0 	 59.0 	 0.102803738317757 
21.0 	 109 	 572 	 48.0 	 60.0 	 0.1111111111111111 
22.0 	 109 	 572 	 48.0 	 60.0 	 0.1111111111111111 
23.0 	 109 	 572 	 48.0 	 60.0 	 0.1111111111111111 
24.0 	 109 	 572 	 48.0 	 59.0 	 0.102803738317757 
25.0 	 109 	 572 	 48.0 	 60.0 	 0.1111111111111111 
26.0 	 109 	 572 	 48.0 	 59.0 	 0.102803738317757 
27.0 	 109 	 572 	 48.0 	 59.0 	 0.102803738317757 
28.0 	 109 	 572 	 48.0 	 60.0 	 0.1111111111111111 
29.0 	 109 	 572 	 48.0 	 59.0 	 0.102803738317757 
30.0 	 110 	 572 	 48.0 	 59.0 	 0.102803738317757 
31.0 	 109 	 572 	 49.0 	 60.0 	 0.10091743119266056 
32.0 	 109 	 572 	 49.0 	 59.0 	 0.09259259259259259 
33.0 	 110 	 572 	 48.0 	 58.0 	 0.09433962264150944 
34.0 	 110 	 572 	 49.0 	 60.0 	 0.10091743119266056 
35.0 	 110 	 572 	 59.0 	 49.0 	 0.09259259259259259 
36.0 	 110 	 572 	 48.0 	 58.0 	 0.09433962264150944 
37.0 	 110 	 572 	 49.0 	 60.0 	 0.10091743119266056 
38.0 	 110 	 572 	 48.0 	 60.0 	 0.1111111111111111 
39.0 	 110 	 572 	 48.0 	 58.0 	 0.09433962264150944 
40.0 	 110 	 572 	 49.0 	 59.0 	 0.09259259259259259 
41.0 	 110 	 572 	 48.0 	 60.0 	 0.1111111111111111 
42.0 	 110 	 572 	 48.0 	 59.0 	 0.102803738317757 
43.0 	 111 	 572 	 60.1248893737793 	 48.73911666870117 	 0.10458711854343497 
44.0 	 111 	 572 	 48.0 	 60.0 	 0.1111111111111111 
45.0 	 111 	 572 	 48.0 	 59.0 	 0.102803738317757 
46.0 	 111 	 572 	 48.0 	 59.0 	 0.102803738317757 
47.0 	 111 	 572 	 49.0 	 60.0 	 0.10091743119266056 
48.0 	 111 	 572 	 48.0 	 59.0 	 0.102803738317757 
49.0 	 111 	 572 	 48.0 	 59.0 	 0.102803738317757 
50.0 	 111 	 572 	 49.0 	 60.0 	 0.10091743119266056 
51.0 	 111 	 572 	 49.0 	 59.0 	 0.09259259259259259 
52.0 	 111 	 572 	 48.0 	 59.0 	 0.102803738317757 
53.0 	 111 	 572 	 48.0 	 60.0 	 0.1111111111111111 
54.0 	 111 	 572 	 48.0 	 59.0 	 0.102803738317757 
55.0 	 112 	 572 	 48.0 	 58.0 	 0.09433962264150944 
56.0 	 111 	 572 	 50.0 	 60.0 	 0.09090909090909091 
57.0 	 111 	 572 	 49.0 	 59.0 	 0.09259259259259259 
58.0 	 112 	 572 	 49.0 	 58.0 	 0.08411214953271028 
59.0 	 112 	 572 	 49.0 	 59.0 	 0.09259259259259259 
60.0 	 112 	 572 	 49.0 	 59.0 	 0.09259259259259259 
61.0 	 112 	 572 	 49.0 	 58.0 	 0.08411214953271028 
62.0 	 112 	 572 	 49.0 	 59.0 	 0.09259259259259259 
63.0 	 112 	 572 	 49.0 	 59.0 	 0.09259259259259259 
64.0 	 112 	 572 	 49.0 	 58.0 	 0.08411214953271028 
65.0 	 112 	 572 	 59.0 	 50.0 	 0.08256880733944955 
66.0 	 112 	 572 	 59.0 	 50.0 	 0.08256880733944955 
67.0 	 112 	 572 	 58.0 	 50.0 	 0.07407407407407407 
68.0 	 113 	 572 	 59.0 	 50.0 	 0.08256880733944955 
69.0 	 113 	 572 	 58.0 	 50.0 	 0.07407407407407407 
70.0 	 112 	 572 	 49.0 	 57.0 	 0.07547169811320754 
71.0 	 113 	 572 	 49.0 	 57.0 	 0.07547169811320754 
72.0 	 113 	 572 	 49.0 	 58.0 	 0.08411214953271028 
73.0 	 113 	 572 	 50.0 	 58.0 	 0.07407407407407407 
74.0 	 113 	 572 	 49.0 	 58.0 	 0.08411214953271028 
75.0 	 113 	 572 	 49.0 	 58.0 	 0.08411214953271028 
76.0 	 113 	 572 	 49.0 	 58.0 	 0.08411214953271028 
77.0 	 113 	 572 	 57.0 	 50.0 	 0.06542056074766354 
78.0 	 113 	 572 	 58.0 	 50.0 	 0.07407407407407407 
79.0 	 113 	 572 	 49.0 	 58.0 	 0.08411214953271028 
80.0 	 113 	 572 	 50.0 	 57.0 	 0.06542056074766354 
81.0 	 113 	 572 	 49.0 	 58.0 	 0.08411214953271028 
82.0 	 114 	 572 	 49.0 	 58.0 	 0.08411214953271028 
83.0 	 114 	 572 	 49.0 	 57.0 	 0.07547169811320754 
84.0 	 113 	 572 	 49.0 	 57.0 	 0.07547169811320754 
85.0 	 114 	 572 	 49.0 	 58.0 	 0.08411214953271028 
86.0 	 114 	 572 	 49.0 	 56.0 	 0.06666666666666667 
87.0 	 114 	 572 	 49.0 	 57.0 	 0.07547169811320754 
88.0 	 114 	 572 	 49.0 	 57.0 	 0.07547169811320754 
89.0 	 115 	 572 	 49.0 	 57.0 	 0.07547169811320754 
90.0 	 115 	 572 	 49.0 	 57.0 	 0.07547169811320754 
91.0 	 115 	 572 	 49.0 	 57.0 	 0.07547169811320754 
92.0 	 115 	 572 	 49.0 	 56.0 	 0.06666666666666667 
93.0 	 116 	 572 	 49.0 	 57.0 	 0.07547169811320754 
94.0 	 116 	 572 	 49.0 	 57.0 	 0.07547169811320754 
95.0 	 116 	 572 	 49.0 	 56.0 	 0.06666666666666667 
96.0 	 117 	 572 	 49.0 	 55.0 	 0.057692307692307696 
97.0 	 117 	 572 	 49.0 	 58.0 	 0.08411214953271028 
98.0 	 118 	 572 	 49.0 	 58.0 	 0.08411214953271028 
99.0 	 119 	 572 	 49.0 	 57.0 	 0.07547169811320754 
100.0 	 119 	 572 	 49.0 	 58.0 	 0.08411214953271028 
101.0 	 120 	 572 	 49.0 	 57.0 	 0.07547169811320754 
102.0 	 120 	 572 	 48.0 	 57.0 	 0.08571428571428572 
103.0 	 121 	 572 	 49.0 	 58.0 	 0.08411214953271028 
104.0 	 122 	 572 	 49.0 	 58.0 	 0.08411214953271028 
105.0 	 123 	 572 	 48.0 	 57.0 	 0.08571428571428572 
106.0 	 124 	 572 	 48.0 	 58.0 	 0.09433962264150944 
107.0 	 125 	 572 	 48.0 	 59.0 	 0.102803738317757 
108.0 	 127 	 572 	 48.0 	 58.0 	 0.09433962264150944 
109.0 	 128 	 572 	 48.0 	 58.0 	 0.09433962264150944 
110.0 	 129 	 572 	 48.0 	 59.0 	 0.102803738317757 
111.0 	 130 	 572 	 48.0 	 58.0 	 0.09433962264150944 
112.0 	 131 	 572 	 48.0 	 58.0 	 0.09433962264150944 
113.0 	 132 	 572 	 48.0 	 59.0 	 0.102803738317757 
114.0 	 134 	 572 	 48.0 	 59.0 	 0.102803738317757 
115.0 	 135 	 572 	 48.0 	 58.0 	 0.09433962264150944 
116.0 	 136 	 572 	 48.0 	 58.0 	 0.09433962264150944 
117.0 	 138 	 572 	 48.0 	 58.0 	 0.09433962264150944 
118.0 	 139 	 572 	 48.0 	 59.0 	 0.102803738317757 
119.0 	 141 	 572 	 48.0 	 61.0 	 0.11926605504587157 
120.0 	 142 	 572 	 48.0 	 60.0 	 0.1111111111111111 
121.0 	 144 	 572 	 47.0 	 60.0 	 0.12149532710280374 
122.0 	 146 	 572 	 47.0 	 61.0 	 0.12962962962962962 
123.0 	 147 	 572 	 47.0 	 61.0 	 0.12962962962962962 
124.0 	 148 	 572 	 47.0 	 62.0 	 0.13761467889908258 
125.0 	 150 	 572 	 47.0 	 62.0 	 0.13761467889908258 
126.0 	 151 	 572 	 47.0 	 62.0 	 0.13761467889908258 
127.0 	 153 	 572 	 47.0 	 61.0 	 0.12962962962962962 
128.0 	 155 	 572 	 47.0 	 63.0 	 0.14545454545454545 
129.0 	 156 	 572 	 46.0 	 63.0 	 0.1559633027522936 
130.0 	 158 	 572 	 46.0 	 64.0 	 0.16363636363636364 
131.0 	 160 	 572 	 46.0 	 64.0 	 0.16363636363636364 
132.0 	 162 	 572 	 46.0 	 65.0 	 0.17117117117117117 
133.0 	 164 	 572 	 45.0 	 64.0 	 0.1743119266055046 
134.0 	 165 	 572 	 45.0 	 65.0 	 0.18181818181818182 
135.0 	 167 	 572 	 45.54388427734375 	 65.38703155517578 	 0.17887842292576647 
136.0 	 169 	 572 	 45.0 	 64.0 	 0.1743119266055046 
137.0 	 170 	 572 	 44.0 	 65.0 	 0.1926605504587156 
138.0 	 172 	 572 	 44.0 	 65.0 	 0.1926605504587156 
139.0 	 174 	 572 	 44.0 	 65.0 	 0.1926605504587156 
140.0 	 176 	 572 	 44.0 	 66.0 	 0.2 
141.0 	 178 	 572 	 44.0 	 66.0 	 0.2 
142.0 	 179 	 572 	 45.0 	 66.0 	 0.1891891891891892 
143.0 	 181 	 572 	 45.0 	 66.0 	 0.1891891891891892 
144.0 	 183 	 572 	 44.0 	 67.0 	 0.2072072072072072 
145.0 	 185 	 572 	 44.0 	 67.0 	 0.2072072072072072 
146.0 	 187 	 572 	 44.0 	 68.0 	 0.21428571428571427 
147.0 	 189 	 572 	 44.0 	 68.0 	 0.21428571428571427 
148.0 	 191 	 572 	 44.0 	 68.0 	 0.21428571428571427 
149.0 	 193 	 572 	 44.0 	 68.0 	 0.21428571428571427 
150.0 	 195 	 572 	 44.0 	 69.0 	 0.22123893805309736 
151.0 	 197 	 572 	 44.0 	 69.0 	 0.22123893805309736 
152.0 	 198 	 572 	 43.0 	 70.0 	 0.23893805309734514 
153.0 	 200 	 572 	 43.0 	 70.0 	 0.23893805309734514 
154.0 	 202 	 572 	 43.0 	 70.0 	 0.23893805309734514 
155.0 	 204 	 572 	 43.0 	 70.0 	 0.23893805309734514 
156.0 	 206 	 572 	 43.0 	 70.0 	 0.23893805309734514 
157.0 	 208 	 572 	 43.0 	 70.0 	 0.23893805309734514 
158.0 	 211 	 572 	 42.0 	 70.0 	 0.25 
159.0 	 213 	 572 	 42.0 	 70.0 	 0.25 
160.0 	 214 	 572 	 42.0 	 71.0 	 0.25663716814159293 
161.0 	 216 	 572 	 42.0 	 71.0 	 0.25663716814159293 
162.0 	 218 	 572 	 42.0 	 71.0 	 0.25663716814159293 
163.0 	 220 	 572 	 42.0 	 71.0 	 0.25663716814159293 
164.0 	 222 	 572 	 42.0 	 71.0 	 0.25663716814159293 
165.0 	 224 	 572 	 43.0 	 72.0 	 0.25217391304347825 
166.0 	 226 	 572 	 42.0 	 72.0 	 0.2631578947368421 
167.0 	 228 	 572 	 42.0 	 73.0 	 0.26956521739130435 
168.0 	 230 	 572 	 42.0 	 72.0 	 0.2631578947368421 
169.0 	 233 	 572 	 42.0 	 72.0 	 0.2631578947368421 
170.0 	 235 	 572 	 42.0 	 72.0 	 0.2631578947368421 
171.0 	 237 	 572 	 42.0 	 73.0 	 0.26956521739130435 
172.0 	 238 	 572 	 42.0 	 73.0 	 0.26956521739130435 
173.0 	 241 	 572 	 42.0 	 73.0 	 0.26956521739130435 
174.0 	 242 	 572 	 42.0 	 73.0 	 0.26956521739130435 
175.0 	 244 	 572 	 42.0 	 73.0 	 0.26956521739130435 
176.0 	 247 	 572 	 42.0 	 73.0 	 0.26956521739130435 
177.0 	 249 	 572 	 42.0 	 74.0 	 0.27586206896551724 
178.0 	 251 	 572 	 42.0 	 74.0 	 0.27586206896551724 
179.0 	 253 	 572 	 42.0 	 74.0 	 0.27586206896551724 
180.0 	 256 	 572 	 42.0 	 75.0 	 0.28205128205128205 
181.0 	 258 	 572 	 42.0 	 74.0 	 0.27586206896551724 
182.0 	 259 	 572 	 42.0 	 74.0 	 0.27586206896551724 
183.0 	 262 	 572 	 42.0 	 75.0 	 0.28205128205128205 
184.0 	 263 	 572 	 42.0 	 74.0 	 0.27586206896551724 
185.0 	 265 	 572 	 42.0 	 74.0 	 0.27586206896551724 
186.0 	 268 	 572 	 42.0 	 73.0 	 0.26956521739130435 
187.0 	 270 	 572 	 42.0 	 75.0 	 0.28205128205128205 
188.0 	 272 	 572 	 42.0 	 75.0 	 0.28205128205128205 
189.0 	 274 	 572 	 42.0 	 75.0 	 0.28205128205128205 
190.0 	 276 	 572 	 42.0 	 76.0 	 0.288135593220339 
191.0 	 278 	 572 	 42.0 	 76.0 	 0.288135593220339 
192.0 	 280 	 572 	 42.0 	 75.0 	 0.28205128205128205 
193.0 	 282 	 572 	 42.0 	 76.0 	 0.288135593220339 
194.0 	 284 	 572 	 41.0 	 76.0 	 0.29914529914529914 
195.0 	 286 	 572 	 41.0 	 75.0 	 0.29310344827586204 
196.0 	 289 	 572 	 42.0 	 76.0 	 0.288135593220339 
197.0 	 291 	 572 	 42.0 	 76.0 	 0.288135593220339 
198.0 	 293 	 572 	 42.0 	 76.0 	 0.288135593220339 
199.0 	 295 	 572 	 42.0 	 76.0 	 0.288135593220339 
200.0 	 297 	 572 	 42.0 	 76.0 	 0.288135593220339 
201.0 	 299 	 572 	 42.0 	 76.0 	 0.288135593220339 
202.0 	 302 	 572 	 42.0 	 77.0 	 0.29411764705882354 
203.0 	 303 	 572 	 42.0 	 76.0 	 0.288135593220339 
204.0 	 306 	 572 	 42.0 	 76.0 	 0.288135593220339 
205.0 	 308 	 572 	 41.56942367553711 	 76.66670227050781 	 0.29684056640173373 
206.0 	 310 	 572 	 42.0 	 77.0 	 0.29411764705882354 
207.0 	 313 	 572 	 41.0 	 76.0 	 0.29914529914529914 
208.0 	 315 	 572 	 41.0 	 77.0 	 0.3050847457627119 
209.0 	 317 	 572 	 41.0 	 78.0 	 0.31092436974789917 
210.0 	 319 	 572 	 41.0 	 78.0 	 0.31092436974789917 
211.0 	 321 	 572 	 41.0 	 77.0 	 0.3050847457627119 
212.0 	 323 	 572 	 41.0 	 77.0 	 0.3050847457627119 
213.0 	 325 	 572 	 41.0 	 77.0 	 0.3050847457627119 
214.0 	 328 	 572 	 41.0 	 78.0 	 0.31092436974789917 
215.0 	 330 	 572 	 41.0 	 79.0 	 0.31666666666666665 
216.0 	 332 	 572 	 41.0 	 79.0 	 0.31666666666666665 
217.0 	 334 	 572 	 41.0 	 77.0 	 0.3050847457627119 
218.0 	 336 	 572 	 41.0 	 78.0 	 0.31092436974789917 
219.0 	 338 	 572 	 41.0 	 77.0 	 0.3050847457627119 
220.0 	 340 	 572 	 41.0 	 76.0 	 0.29914529914529914 
221.0 	 342 	 572 	 41.0 	 78.0 	 0.31092436974789917 
222.0 	 345 	 572 	 41.0 	 78.0 	 0.31092436974789917 
223.0 	 347 	 572 	 41.0 	 77.0 	 0.3050847457627119 
224.0 	 349 	 572 	 41.0 	 79.0 	 0.31666666666666665 
225.0 	 351 	 572 	 41.0 	 78.0 	 0.31092436974789917 
226.0 	 354 	 572 	 41.0 	 78.0 	 0.31092436974789917 
227.0 	 356 	 572 	 41.0 	 79.0 	 0.31666666666666665 
228.0 	 358 	 572 	 41.0 	 79.0 	 0.31666666666666665 
229.0 	 360 	 572 	 41.0 	 79.0 	 0.31666666666666665 
230.0 	 362 	 572 	 41.0 	 79.0 	 0.31666666666666665 
231.0 	 365 	 572 	 41.0 	 80.0 	 0.32231404958677684 
232.0 	 367 	 572 	 41.0 	 79.0 	 0.31666666666666665 
233.0 	 369 	 572 	 41.0 	 79.0 	 0.31666666666666665 
234.0 	 371 	 572 	 41.0 	 80.0 	 0.32231404958677684 
235.0 	 374 	 572 	 41.0 	 79.0 	 0.31666666666666665 
236.0 	 376 	 572 	 41.0 	 79.0 	 0.31666666666666665 
237.0 	 378 	 572 	 41.0 	 79.0 	 0.31666666666666665 
238.0 	 380 	 572 	 41.0 	 79.0 	 0.31666666666666665 
239.0 	 382 	 571 	 40.0 	 79.0 	 0.3277310924369748 
240.0 	 385 	 572 	 41.0 	 79.0 	 0.31666666666666665 
241.0 	 387 	 572 	 40.0 	 80.0 	 0.3333333333333333 
242.0 	 389 	 572 	 41.0 	 78.0 	 0.31092436974789917 
243.0 	 392 	 572 	 41.0 	 79.0 	 0.31666666666666665 
244.0 	 394 	 572 	 40.7994499206543 	 81.1142807006836 	 0.33068326737737624 
245.0 	 396 	 571 	 41.0 	 80.0 	 0.32231404958677684 
246.0 	 398 	 571 	 41.0 	 80.0 	 0.32231404958677684 
247.0 	 400 	 571 	 41.0 	 80.0 	 0.32231404958677684 
248.0 	 402 	 571 	 41.0 	 78.0 	 0.31092436974789917 
249.0 	 404 	 571 	 41.0 	 78.0 	 0.31092436974789917 
250.0 	 406 	 571 	 41.0 	 79.0 	 0.31666666666666665 
251.0 	 409 	 571 	 40.0 	 78.0 	 0.3220338983050847 
252.0 	 411 	 571 	 40.0 	 78.0 	 0.3220338983050847 
253.0 	 413 	 571 	 40.0 	 78.0 	 0.3220338983050847 
254.0 	 415 	 571 	 40.0 	 78.0 	 0.3220338983050847 
255.0 	 417 	 571 	 40.0 	 77.0 	 0.3162393162393162 
256.0 	 419 	 571 	 40.0 	 78.0 	 0.3220338983050847 
257.0 	 421 	 571 	 39.0 	 77.0 	 0.3275862068965517 
258.0 	 423 	 571 	 39.0 	 77.0 	 0.3275862068965517 
259.0 	 426 	 571 	 39.0 	 78.0 	 0.3333333333333333 
260.0 	 429 	 571 	 39.0 	 78.0 	 0.3333333333333333 
261.0 	 431 	 570 	 39.0 	 79.0 	 0.3389830508474576 
262.0 	 434 	 571 	 38.0 	 80.0 	 0.3559322033898305 
263.0 	 437 	 570 	 38.0 	 80.0 	 0.3559322033898305 
264.0 	 439 	 570 	 37.0 	 81.0 	 0.3728813559322034 
265.0 	 441 	 570 	 36.0 	 81.0 	 0.38461538461538464 
266.0 	 444 	 571 	 37.0 	 81.0 	 0.3728813559322034 
267.0 	 446 	 571 	 37.0 	 80.0 	 0.36752136752136755 
268.0 	 449 	 571 	 81.50827026367188 	 36.64414978027344 	 0.37971393617423826 
269.0 	 452 	 571 	 81.57423400878906 	 37.6240348815918 	 0.36871507897162076 
270.0 	 455 	 571 	 80.836669921875 	 37.35601043701172 	 0.3678794604948143 
271.0 	 457 	 571 	 82.8101577758789 	 37.85923767089844 	 0.372513013250378 
272.0 	 460 	 571 	 82.3403549194336 	 38.4754638671875 	 0.36307241462906514 
273.0 	 462 	 571 	 38.0 	 81.0 	 0.36134453781512604 
274.0 	 465 	 571 	 38.0 	 82.0 	 0.36666666666666664 
275.0 	 467 	 571 	 38.0 	 82.0 	 0.36666666666666664 
276.0 	 469 	 571 	 38.0 	 81.0 	 0.36134453781512604 
277.0 	 471 	 571 	 38.0 	 81.0 	 0.36134453781512604 
278.0 	 473 	 571 	 39.0 	 82.0 	 0.35537190082644626 
279.0 	 476 	 571 	 39.0 	 82.0 	 0.35537190082644626 
280.0 	 478 	 571 	 38.70113754272461 	 82.22699737548828 	 0.35993162271295626 
281.0 	 481 	 571 	 39.0 	 81.0 	 0.35 
282.0 	 484 	 571 	 38.79966735839844 	 81.09629821777344 	 0.35277776575812514 
283.0 	 486 	 571 	 39.0 	 82.0 	 0.35537190082644626 
284.0 	 489 	 571 	 39.0 	 82.0 	 0.35537190082644626 
285.0 	 491 	 571 	 39.0 	 81.0 	 0.35 
286.0 	 494 	 571 	 39.0 	 81.0 	 0.35 
287.0 	 496 	 571 	 39.0 	 80.0 	 0.3445378151260504 
288.0 	 498 	 571 	 40.0 	 81.0 	 0.33884297520661155 
289.0 	 501 	 571 	 39.0 	 81.0 	 0.35 
290.0 	 503 	 571 	 39.0 	 82.0 	 0.35537190082644626 
291.0 	 506 	 571 	 39.0 	 82.0 	 0.35537190082644626 
292.0 	 508 	 571 	 39.0 	 82.0 	 0.35537190082644626 
293.0 	 510 	 571 	 39.0 	 82.0 	 0.35537190082644626 
294.0 	 512 	 571 	 40.0 	 82.0 	 0.3442622950819672 
295.0 	 515 	 571 	 82.0 	 40.0 	 0.3442622950819672 
296.0 	 517 	 571 	 82.0 	 40.0 	 0.3442622950819672 
297.0 	 519 	 571 	 40.0 	 81.0 	 0.33884297520661155 
298.0 	 521 	 571 	 40.0 	 81.0 	 0.33884297520661155 
299.0 	 524 	 571 	 40.0 	 82.0 	 0.3442622950819672 
300.0 	 526 	 571 	 40.0 	 80.0 	 0.3333333333333333 
301.0 	 529 	 571 	 40.0 	 80.0 	 0.3333333333333333 
302.0 	 531 	 571 	 40.0 	 81.0 	 0.33884297520661155 
303.0 	 534 	 571 	 40.0 	 81.0 	 0.33884297520661155 
304.0 	 537 	 571 	 40.0 	 81.0 	 0.33884297520661155 
305.0 	 539 	 571 	 40.0 	 83.0 	 0.34959349593495936 
306.0 	 541 	 571 	 40.0 	 82.0 	 0.3442622950819672 
307.0 	 544 	 571 	 40.0 	 83.0 	 0.34959349593495936 
308.0 	 546 	 571 	 40.0 	 84.0 	 0.3548387096774194 
309.0 	 549 	 571 	 40.0 	 85.0 	 0.36 
310.0 	 551 	 571 	 40.0 	 84.0 	 0.3548387096774194 
311.0 	 553 	 571 	 40.0 	 84.0 	 0.3548387096774194 
312.0 	 556 	 571 	 40.0 	 85.0 	 0.36 
313.0 	 558 	 571 	 40.0 	 84.0 	 0.3548387096774194 
314.0 	 561 	 571 	 40.0 	 84.0 	 0.3548387096774194 
315.0 	 563 	 571 	 40.0 	 85.0 	 0.36 
316.0 	 565 	 571 	 41.0 	 85.0 	 0.3492063492063492 
317.0 	 568 	 571 	 41.0 	 85.0 	 0.3492063492063492 
318.0 	 570 	 571 	 41.0 	 86.0 	 0.3543307086614173 
319.0 	 573 	 571 	 41.0 	 85.0 	 0.3492063492063492 
320.0 	 575 	 571 	 41.0 	 86.0 	 0.3543307086614173 
321.0 	 578 	 571 	 41.0 	 85.0 	 0.3492063492063492 
322.0 	 580 	 571 	 41.0 	 86.0 	 0.3543307086614173 
323.0 	 582 	 571 	 41.0 	 85.0 	 0.3492063492063492 
324.0 	 584 	 571 	 41.0 	 86.0 	 0.3543307086614173 
325.0 	 586 	 571 	 41.0 	 85.0 	 0.3492063492063492 
326.0 	 589 	 571 	 41.0 	 84.0 	 0.344 
327.0 	 591 	 571 	 42.0 	 84.0 	 0.3333333333333333 
328.0 	 594 	 571 	 42.0 	 84.0 	 0.3333333333333333 
329.0 	 597 	 571 	 41.0 	 85.0 	 0.3492063492063492 
330.0 	 599 	 571 	 42.0 	 85.0 	 0.33858267716535434 
331.0 	 601 	 571 	 42.0 	 86.0 	 0.34375 
332.0 	 604 	 571 	 42.0 	 85.0 	 0.33858267716535434 
333.0 	 606 	 571 	 42.0 	 85.0 	 0.33858267716535434 
334.0 	 608 	 571 	 42.0 	 86.0 	 0.34375 
335.0 	 611 	 571 	 41.0 	 85.0 	 0.3492063492063492 
336.0 	 613 	 571 	 41.0 	 86.0 	 0.3543307086614173 
337.0 	 615 	 571 	 40.0 	 86.0 	 0.36507936507936506 
338.0 	 618 	 571 	 40.0 	 86.0 	 0.36507936507936506 
339.0 	 620 	 571 	 40.0 	 87.0 	 0.3700787401574803 
340.0 	 623 	 571 	 41.0 	 86.0 	 0.3543307086614173 
341.0 	 625 	 571 	 41.0 	 85.0 	 0.3492063492063492 
342.0 	 628 	 571 	 41.0 	 86.0 	 0.3543307086614173 
343.0 	 630 	 571 	 40.0 	 87.0 	 0.3700787401574803 
344.0 	 632 	 571 	 41.0 	 86.0 	 0.3543307086614173 
345.0 	 635 	 571 	 41.0 	 86.0 	 0.3543307086614173 
346.0 	 637 	 571 	 42.0 	 86.0 	 0.34375 
347.0 	 640 	 571 	 41.731712341308594 	 87.14254760742188 	 0.3523654396477535 
348.0 	 642 	 571 	 41.0 	 86.0 	 0.3543307086614173 
349.0 	 644 	 571 	 40.0 	 87.0 	 0.3700787401574803 
350.0 	 647 	 571 	 40.0 	 87.0 	 0.3700787401574803 
351.0 	 650 	 571 	 40.0 	 86.0 	 0.36507936507936506 
352.0 	 652 	 571 	 40.0 	 87.0 	 0.3700787401574803 
353.0 	 654 	 571 	 40.0 	 86.0 	 0.36507936507936506 
354.0 	 657 	 571 	 41.0 	 85.0 	 0.3492063492063492 
355.0 	 659 	 571 	 40.0 	 85.0 	 0.36 
356.0 	 661 	 571 	 40.0 	 86.0 	 0.36507936507936506 
357.0 	 664 	 571 	 42.0 	 85.0 	 0.33858267716535434 
358.0 	 666 	 571 	 42.0 	 86.0 	 0.34375 
359.0 	 669 	 571 	 41.0 	 87.0 	 0.359375 
360.0 	 671 	 571 	 42.0 	 86.0 	 0.34375 
361.0 	 673 	 571 	 41.0 	 86.0 	 0.3543307086614173 
362.0 	 676 	 571 	 41.0 	 87.0 	 0.359375 
363.0 	 678 	 571 	 41.0 	 86.0 	 0.3543307086614173 
364.0 	 680 	 571 	 41.0 	 86.0 	 0.3543307086614173 
365.0 	 682 	 571 	 41.0 	 87.0 	 0.359375 
366.0 	 685 	 571 	 41.0 	 86.0 	 0.3543307086614173 
367.0 	 688 	 571 	 41.0 	 86.0 	 0.3543307086614173 
368.0 	 690 	 571 	 41.0 	 86.0 	 0.3543307086614173 
369.0 	 692 	 571 	 87.33944702148438 	 41.57437515258789 	 0.35500515846237135 
370.0 	 695 	 571 	 41.0 	 86.0 	 0.3543307086614173 
371.0 	 697 	 571 	 41.0 	 86.0 	 0.3543307086614173 
372.0 	 700 	 571 	 41.0 	 86.0 	 0.3543307086614173 
373.0 	 702 	 571 	 40.0 	 87.0 	 0.3700787401574803 
374.0 	 704 	 571 	 87.19109344482422 	 40.799034118652344 	 0.3624659199059223 
375.0 	 706 	 571 	 41.0 	 87.0 	 0.359375 
376.0 	 709 	 571 	 86.14238739013672 	 40.64922332763672 	 0.35880263532390666 
377.0 	 711 	 571 	 41.0 	 86.0 	 0.3543307086614173 
378.0 	 714 	 571 	 41.0 	 87.0 	 0.359375 
379.0 	 716 	 571 	 41.0 	 86.0 	 0.3543307086614173 
380.0 	 718 	 571 	 40.0 	 87.0 	 0.3700787401574803 
381.0 	 721 	 571 	 40.0 	 87.0 	 0.3700787401574803 
382.0 	 723 	 571 	 40.0 	 86.0 	 0.36507936507936506 
383.0 	 726 	 571 	 40.0 	 87.0 	 0.3700787401574803 
384.0 	 728 	 571 	 40.0 	 86.0 	 0.36507936507936506 
385.0 	 730 	 571 	 40.0 	 85.0 	 0.36 
386.0 	 732 	 571 	 40.0 	 86.0 	 0.36507936507936506 
387.0 	 735 	 571 	 40.0 	 86.0 	 0.36507936507936506 
388.0 	 737 	 571 	 39.0 	 86.0 	 0.376 
389.0 	 740 	 571 	 39.0 	 87.0 	 0.38095238095238093 
390.0 	 742 	 571 	 39.0 	 87.0 	 0.38095238095238093 
391.0 	 745 	 571 	 39.0 	 86.0 	 0.376 
392.0 	 747 	 571 	 39.0 	 85.0 	 0.3709677419354839 
393.0 	 749 	 571 	 39.0 	 85.0 	 0.3709677419354839 
394.0 	 751 	 571 	 39.0 	 86.0 	 0.376 
395.0 	 753 	 571 	 86.0 	 40.0 	 0.36507936507936506 
396.0 	 756 	 571 	 39.0 	 86.0 	 0.376 
397.0 	 757 	 571 	 39.0 	 86.0 	 0.376 
398.0 	 760 	 571 	 39.0 	 85.0 	 0.3709677419354839 
399.0 	 762 	 571 	 39.0 	 86.0 	 0.376 
400.0 	 765 	 571 	 39.0 	 86.0 	 0.376 
401.0 	 767 	 571 	 39.0 	 86.0 	 0.376 
402.0 	 770 	 571 	 40.0 	 86.0 	 0.36507936507936506 
403.0 	 772 	 571 	 40.0 	 87.0 	 0.3700787401574803 
404.0 	 774 	 571 	 40.0 	 85.0 	 0.36 
405.0 	 776 	 571 	 39.0 	 85.0 	 0.3709677419354839 
406.0 	 778 	 571 	 39.0 	 85.0 	 0.3709677419354839 
407.0 	 780 	 571 	 39.0 	 85.0 	 0.3709677419354839 
408.0 	 782 	 571 	 39.0 	 85.0 	 0.3709677419354839 
409.0 	 784 	 571 	 39.0 	 85.0 	 0.3709677419354839 
410.0 	 787 	 570 	 39.0 	 84.0 	 0.36585365853658536 
411.0 	 790 	 570 	 39.0 	 85.0 	 0.3709677419354839 
412.0 	 792 	 571 	 39.0 	 86.0 	 0.376 
413.0 	 794 	 570 	 39.0 	 85.0 	 0.3709677419354839 
414.0 	 796 	 570 	 39.0 	 86.0 	 0.376 
415.0 	 799 	 570 	 39.0 	 86.0 	 0.376 
416.0 	 801 	 570 	 39.0 	 86.0 	 0.376 
417.0 	 804 	 570 	 39.0 	 86.0 	 0.376 
418.0 	 806 	 570 	 39.0 	 86.0 	 0.376 
419.0 	 808 	 570 	 39.0 	 86.0 	 0.376 
420.0 	 811 	 570 	 39.0 	 86.0 	 0.376 
421.0 	 813 	 570 	 38.0 	 86.0 	 0.3870967741935484 
422.0 	 816 	 570 	 38.0 	 86.0 	 0.3870967741935484 
423.0 	 818 	 570 	 39.0 	 85.0 	 0.3709677419354839 
424.0 	 821 	 570 	 39.0 	 87.0 	 0.38095238095238093 
425.0 	 823 	 570 	 40.0 	 86.0 	 0.36507936507936506 
426.0 	 825 	 570 	 39.0 	 86.0 	 0.376 
427.0 	 827 	 570 	 40.0 	 86.0 	 0.36507936507936506 
428.0 	 830 	 570 	 40.0 	 87.0 	 0.3700787401574803 
429.0 	 832 	 570 	 40.0 	 85.0 	 0.36 
430.0 	 834 	 570 	 40.0 	 86.0 	 0.36507936507936506 
431.0 	 837 	 570 	 40.0 	 85.0 	 0.36 
432.0 	 840 	 570 	 40.0 	 84.0 	 0.3548387096774194 
433.0 	 841 	 570 	 40.0 	 85.0 	 0.36 
434.0 	 843 	 570 	 40.0 	 85.0 	 0.36 
435.0 	 846 	 570 	 39.0 	 85.0 	 0.3709677419354839 
436.0 	 848 	 570 	 38.0 	 85.0 	 0.3821138211382114 
437.0 	 850 	 570 	 39.0 	 86.0 	 0.376 
438.0 	 853 	 570 	 38.0 	 86.0 	 0.3870967741935484 
439.0 	 855 	 570 	 38.0 	 86.0 	 0.3870967741935484 
440.0 	 858 	 570 	 39.0 	 85.0 	 0.3709677419354839 
441.0 	 860 	 570 	 39.0 	 86.0 	 0.376 
442.0 	 863 	 570 	 39.0 	 85.0 	 0.3709677419354839 
443.0 	 865 	 570 	 39.0 	 86.0 	 0.376 
444.0 	 867 	 570 	 39.0 	 86.0 	 0.376 
445.0 	 869 	 570 	 40.0 	 85.0 	 0.36 
446.0 	 871 	 570 	 40.0 	 85.0 	 0.36 
447.0 	 874 	 570 	 40.0 	 84.0 	 0.3548387096774194 
448.0 	 876 	 570 	 40.0 	 85.0 	 0.36 
449.0 	 878 	 570 	 40.0 	 86.0 	 0.36507936507936506 
450.0 	 881 	 570 	 40.0 	 85.0 	 0.36 
451.0 	 883 	 570 	 40.0 	 86.0 	 0.36507936507936506 
452.0 	 885 	 570 	 40.0 	 86.0 	 0.36507936507936506 
453.0 	 888 	 570 	 40.0 	 86.0 	 0.36507936507936506 
454.0 	 890 	 570 	 40.0 	 86.0 	 0.36507936507936506 
455.0 	 892 	 570 	 41.0 	 86.0 	 0.3543307086614173 
456.0 	 894 	 570 	 41.0 	 85.0 	 0.3492063492063492 
457.0 	 897 	 570 	 39.0 	 85.0 	 0.3709677419354839 
458.0 	 899 	 570 	 39.0 	 86.0 	 0.376 
459.0 	 901 	 570 	 39.0 	 86.0 	 0.376 
460.0 	 904 	 570 	 40.0 	 85.0 	 0.36 
461.0 	 906 	 570 	 39.0 	 86.0 	 0.376 
462.0 	 908 	 570 	 39.0 	 86.0 	 0.376 
463.0 	 911 	 570 	 40.0 	 85.0 	 0.36 
464.0 	 913 	 570 	 41.0 	 86.0 	 0.3543307086614173 
465.0 	 915 	 570 	 39.0 	 86.0 	 0.376 
466.0 	 918 	 570 	 39.0 	 86.0 	 0.376 
467.0 	 920 	 570 	 39.0 	 86.0 	 0.376 
468.0 	 922 	 570 	 39.0 	 86.0 	 0.376 
469.0 	 924 	 570 	 39.0 	 85.0 	 0.3709677419354839 
470.0 	 927 	 570 	 39.0 	 86.0 	 0.376 
471.0 	 929 	 570 	 39.0 	 86.0 	 0.376 
472.0 	 931 	 570 	 39.0 	 86.0 	 0.376 
473.0 	 934 	 570 	 39.0 	 86.0 	 0.376 
474.0 	 936 	 570 	 39.0 	 87.0 	 0.38095238095238093 
475.0 	 938 	 570 	 39.0 	 86.0 	 0.376 
476.0 	 940 	 570 	 39.0 	 87.0 	 0.38095238095238093 
477.0 	 943 	 570 	 39.0 	 87.0 	 0.38095238095238093 
478.0 	 945 	 570 	 39.0 	 87.0 	 0.38095238095238093 
479.0 	 947 	 570 	 39.0 	 87.0 	 0.38095238095238093 
480.0 	 949 	 570 	 40.0 	 87.0 	 0.3700787401574803 
481.0 	 951 	 570 	 39.0 	 86.0 	 0.376 
482.0 	 954 	 570 	 39.0 	 86.0 	 0.376 
483.0 	 956 	 570 	 40.0 	 87.0 	 0.3700787401574803 
484.0 	 958 	 570 	 40.0 	 87.0 	 0.3700787401574803 
485.0 	 961 	 570 	 40.0 	 87.0 	 0.3700787401574803 
486.0 	 963 	 570 	 40.0 	 87.0 	 0.3700787401574803 
487.0 	 965 	 570 	 40.0 	 86.0 	 0.36507936507936506 
488.0 	 967 	 570 	 40.0 	 86.0 	 0.36507936507936506 
489.0 	 969 	 570 	 40.0 	 87.0 	 0.3700787401574803 
490.0 	 971 	 570 	 40.0 	 87.0 	 0.3700787401574803 
491.0 	 974 	 570 	 40.0 	 87.0 	 0.3700787401574803 
492.0 	 976 	 570 	 40.0 	 87.0 	 0.3700787401574803 
493.0 	 978 	 570 	 38.0 	 87.0 	 0.392 
494.0 	 981 	 570 	 39.0 	 86.0 	 0.376 
495.0 	 983 	 570 	 39.0 	 87.0 	 0.38095238095238093 
496.0 	 985 	 570 	 39.0 	 87.0 	 0.38095238095238093 
497.0 	 988 	 570 	 39.0 	 86.0 	 0.376 
498.0 	 990 	 570 	 39.0 	 87.0 	 0.38095238095238093 
499.0 	 992 	 570 	 39.0 	 87.0 	 0.38095238095238093 
500.0 	 994 	 570 	 39.0 	 87.0 	 0.38095238095238093 
501.0 	 996 	 570 	 39.0 	 89.0 	 0.390625 
502.0 	 998 	 570 	 39.0 	 89.0 	 0.390625 
503.0 	 1000 	 570 	 39.0 	 89.0 	 0.390625 
504.0 	 1003 	 570 	 39.0 	 88.0 	 0.3858267716535433 
505.0 	 1005 	 570 	 39.0 	 88.0 	 0.3858267716535433 
506.0 	 1007 	 570 	 39.0 	 88.0 	 0.3858267716535433 
507.0 	 1010 	 570 	 39.0 	 88.0 	 0.3858267716535433 
508.0 	 1012 	 570 	 39.0 	 88.0 	 0.3858267716535433 
509.0 	 1014 	 570 	 39.0 	 88.0 	 0.3858267716535433 
510.0 	 1016 	 570 	 39.0 	 88.0 	 0.3858267716535433 
511.0 	 1019 	 570 	 39.0 	 89.0 	 0.390625 
512.0 	 1020 	 570 	 39.0 	 89.0 	 0.390625 
513.0 	 1022 	 570 	 39.0 	 93.0 	 0.4090909090909091 
514.0 	 1024 	 570 	 39.0 	 94.0 	 0.41353383458646614 
515.0 	 1026 	 570 	 39.0 	 94.0 	 0.41353383458646614 
516.0 	 1029 	 570 	 39.0 	 90.0 	 0.3953488372093023 
517.0 	 1030 	 570 	 39.0 	 97.0 	 0.4264705882352941 
518.0 	 1033 	 570 	 39.0 	 90.0 	 0.3953488372093023 
519.0 	 1035 	 570 	 39.0 	 96.0 	 0.4222222222222222 
520.0 	 1037 	 570 	 39.0 	 96.0 	 0.4222222222222222 
521.0 	 1040 	 570 	 39.0 	 97.0 	 0.4264705882352941 
522.0 	 1042 	 570 	 39.0 	 96.0 	 0.4222222222222222 
523.0 	 1044 	 570 	 39.0 	 96.0 	 0.4222222222222222 
524.0 	 1046 	 570 	 39.0 	 97.0 	 0.4264705882352941 
525.0 	 1048 	 570 	 39.0 	 95.0 	 0.417910447761194 
526.0 	 1050 	 570 	 39.0 	 96.0 	 0.4222222222222222 
527.0 	 1053 	 570 	 39.0 	 95.0 	 0.417910447761194 
528.0 	 1055 	 570 	 39.0 	 95.0 	 0.417910447761194 
529.0 	 1057 	 570 	 40.0 	 96.0 	 0.4117647058823529 
530.0 	 1059 	 570 	 40.0 	 96.0 	 0.4117647058823529 
531.0 	 1062 	 570 	 40.0 	 96.0 	 0.4117647058823529 
532.0 	 1064 	 570 	 40.0 	 95.0 	 0.4074074074074074 
533.0 	 1066 	 570 	 40.0 	 97.0 	 0.41605839416058393 
534.0 	 1068 	 570 	 40.0 	 96.0 	 0.4117647058823529 
535.0 	 1070 	 570 	 40.0 	 96.0 	 0.4117647058823529 
536.0 	 1072 	 570 	 40.0 	 95.0 	 0.4074074074074074 
537.0 	 1075 	 570 	 40.0 	 95.0 	 0.4074074074074074 
538.0 	 1077 	 570 	 40.0 	 95.0 	 0.4074074074074074 
539.0 	 1080 	 570 	 40.0 	 95.0 	 0.4074074074074074 
540.0 	 1082 	 570 	 40.0 	 96.0 	 0.4117647058823529 
541.0 	 1084 	 570 	 39.0 	 94.0 	 0.41353383458646614 
542.0 	 1086 	 570 	 39.0 	 94.0 	 0.41353383458646614 
543.0 	 1088 	 570 	 39.0 	 95.0 	 0.417910447761194 
544.0 	 1091 	 570 	 40.0 	 94.0 	 0.40298507462686567 
545.0 	 1092 	 570 	 40.0 	 95.0 	 0.4074074074074074 
546.0 	 1094 	 570 	 39.92210388183594 	 97.18537139892578 	 0.4176524102703302 
547.0 	 1097 	 570 	 39.0 	 96.0 	 0.4222222222222222 
548.0 	 1099 	 570 	 39.0 	 96.0 	 0.4222222222222222 
549.0 	 1102 	 570 	 39.0 	 96.0 	 0.4222222222222222 
550.0 	 1104 	 570 	 40.0 	 96.0 	 0.4117647058823529 
551.0 	 1106 	 570 	 40.0 	 95.0 	 0.4074074074074074 
552.0 	 1109 	 570 	 40.0 	 94.0 	 0.40298507462686567 
553.0 	 1110 	 570 	 39.0 	 96.0 	 0.4222222222222222 
554.0 	 1112 	 570 	 39.0 	 97.0 	 0.4264705882352941 
555.0 	 1114 	 570 	 39.0 	 96.0 	 0.4222222222222222 
556.0 	 1117 	 570 	 39.565467834472656 	 96.0452651977539 	 0.41648471400755116 
557.0 	 1119 	 570 	 39.52823257446289 	 96.97684478759766 	 0.42085329954987966 
558.0 	 1122 	 570 	 39.0 	 96.0 	 0.4222222222222222 
559.0 	 1124 	 570 	 39.54621505737305 	 97.00956726074219 	 0.42080497235558045 
560.0 	 1126 	 570 	 39.0 	 97.0 	 0.4264705882352941 
561.0 	 1128 	 570 	 39.0 	 96.0 	 0.4222222222222222 
562.0 	 1130 	 570 	 39.0 	 96.0 	 0.4222222222222222 
563.0 	 1133 	 570 	 39.0 	 97.0 	 0.4264705882352941 
564.0 	 1135 	 570 	 39.0 	 96.0 	 0.4222222222222222 
565.0 	 1137 	 570 	 39.0 	 95.0 	 0.417910447761194 
566.0 	 1139 	 570 	 39.0 	 96.0 	 0.4222222222222222 
567.0 	 1141 	 570 	 39.0 	 96.0 	 0.4222222222222222 
568.0 	 1144 	 570 	 39.0 	 97.0 	 0.4264705882352941 
569.0 	 1146 	 570 	 39.0 	 96.0 	 0.4222222222222222 
570.0 	 1148 	 570 	 39.54768753051758 	 97.15894317626953 	 0.4214225407201972 
571.0 	 1151 	 570 	 39.465755462646484 	 96.20818328857422 	 0.4182264357340861 
572.0 	 1153 	 570 	 39.669334411621094 	 97.08047485351562 	 0.41982610981623536 
573.0 	 1155 	 570 	 40.19614028930664 	 97.97809600830078 	 0.41818183524850555 
574.0 	 1158 	 570 	 40.13507843017578 	 97.12689208984375 	 0.4152046881139286 
575.0 	 1160 	 570 	 40.30503463745117 	 96.09288787841797 	 0.40900808613471507 
576.0 	 1162 	 570 	 40.741085052490234 	 97.95967102050781 	 0.41253261761531784 
577.0 	 1164 	 570 	 39.0 	 97.0 	 0.4264705882352941 
578.0 	 1166 	 570 	 39.0 	 97.0 	 0.4264705882352941 
579.0 	 1169 	 570 	 40.0 	 97.0 	 0.41605839416058393 
580.0 	 1171 	 570 	 40.0 	 97.0 	 0.41605839416058393 
581.0 	 1174 	 570 	 40.0 	 97.0 	 0.41605839416058393 
582.0 	 1176 	 570 	 40.0 	 98.0 	 0.42028985507246375 
583.0 	 1179 	 570 	 40.0 	 97.0 	 0.41605839416058393 
584.0 	 1181 	 570 	 97.0 	 41.0 	 0.4057971014492754 
585.0 	 1183 	 570 	 41.0 	 97.0 	 0.4057971014492754 
586.0 	 1185 	 570 	 41.0 	 97.0 	 0.4057971014492754 
587.0 	 1188 	 570 	 40.0 	 97.0 	 0.41605839416058393 
588.0 	 1190 	 570 	 41.0 	 99.0 	 0.4142857142857143 
589.0 	 1192 	 570 	 40.0 	 99.0 	 0.4244604316546763 
590.0 	 1194 	 570 	 40.0 	 97.0 	 0.41605839416058393 
591.0 	 1197 	 570 	 40.0 	 97.0 	 0.41605839416058393 
592.0 	 1199 	 570 	 40.0 	 97.0 	 0.41605839416058393 
593.0 	 1201 	 570 	 40.0 	 97.0 	 0.41605839416058393 
594.0 	 1204 	 570 	 40.0 	 97.0 	 0.41605839416058393 
595.0 	 1206 	 570 	 40.0 	 99.0 	 0.4244604316546763 
596.0 	 1208 	 570 	 40.0 	 98.0 	 0.42028985507246375 
597.0 	 1210 	 570 	 40.0 	 98.0 	 0.42028985507246375 
598.0 	 1212 	 570 	 39.0 	 98.0 	 0.4306569343065693 
599.0 	 1215 	 570 	 39.0 	 98.0 	 0.4306569343065693 
600.0 	 1218 	 570 	 39.0 	 97.0 	 0.4264705882352941 
601.0 	 1220 	 570 	 40.0 	 98.0 	 0.42028985507246375 
602.0 	 1222 	 570 	 40.0 	 98.0 	 0.42028985507246375 
603.0 	 1225 	 569 	 39.0 	 97.0 	 0.4264705882352941 
604.0 	 1227 	 570 	 40.0 	 98.0 	 0.42028985507246375 
605.0 	 1230 	 570 	 40.0 	 98.0 	 0.42028985507246375 
606.0 	 1232 	 570 	 40.0 	 97.0 	 0.41605839416058393 
607.0 	 1234 	 570 	 40.0 	 98.0 	 0.42028985507246375 
608.0 	 1236 	 570 	 40.0 	 99.0 	 0.4244604316546763 
609.0 	 1239 	 570 	 40.0 	 98.0 	 0.42028985507246375 
610.0 	 1242 	 570 	 40.0 	 99.0 	 0.4244604316546763 
611.0 	 1244 	 570 	 40.0 	 99.0 	 0.4244604316546763 
612.0 	 1247 	 570 	 40.0 	 97.0 	 0.41605839416058393 
613.0 	 1249 	 570 	 40.0 	 97.0 	 0.41605839416058393 
614.0 	 1251 	 570 	 40.0 	 98.0 	 0.42028985507246375 
615.0 	 1254 	 570 	 40.0 	 98.0 	 0.42028985507246375 
616.0 	 1256 	 570 	 40.0 	 98.0 	 0.42028985507246375 
617.0 	 1258 	 570 	 40.0 	 99.0 	 0.4244604316546763 
618.0 	 1261 	 570 	 40.0 	 98.0 	 0.42028985507246375 
619.0 	 1264 	 570 	 39.92210388183594 	 98.18343353271484 	 0.4218609242002812 
620.0 	 1266 	 570 	 40.0 	 98.0 	 0.42028985507246375 
621.0 	 1269 	 570 	 40.0 	 96.0 	 0.4117647058823529 
622.0 	 1272 	 570 	 40.0 	 96.0 	 0.4117647058823529 
623.0 	 1274 	 570 	 40.0 	 97.0 	 0.41605839416058393 
624.0 	 1277 	 570 	 40.0 	 98.0 	 0.42028985507246375 
625.0 	 1279 	 570 	 39.0 	 97.0 	 0.4264705882352941 
626.0 	 1282 	 570 	 40.0 	 98.0 	 0.42028985507246375 
627.0 	 1284 	 570 	 40.0 	 98.0 	 0.42028985507246375 
628.0 	 1287 	 570 	 41.0 	 96.0 	 0.40145985401459855 
629.0 	 1289 	 570 	 41.0 	 98.0 	 0.41007194244604317 
630.0 	 1292 	 570 	 41.0 	 99.0 	 0.4142857142857143 
631.0 	 1295 	 570 	 97.12698364257812 	 40.77607727050781 	 0.4086269441661323 
632.0 	 1297 	 570 	 41.0 	 98.0 	 0.41007194244604317 
633.0 	 1299 	 570 	 97.88961029052734 	 40.87052917480469 	 0.41091830359516435 
634.0 	 1302 	 570 	 97.0 	 41.0 	 0.4057971014492754 
635.0 	 1304 	 570 	 41.0 	 98.0 	 0.41007194244604317 
636.0 	 1307 	 570 	 41.91804885864258 	 99.04610443115234 	 0.40526654641812077 
637.0 	 1309 	 570 	 40.0 	 98.0 	 0.42028985507246375 
638.0 	 1312 	 570 	 40.0 	 98.0 	 0.42028985507246375 
639.0 	 1314 	 570 	 40.0 	 98.0 	 0.42028985507246375 
640.0 	 1316 	 570 	 40.0 	 97.0 	 0.41605839416058393 
641.0 	 1319 	 570 	 40.0 	 98.0 	 0.42028985507246375 
642.0 	 1321 	 570 	 40.0 	 98.0 	 0.42028985507246375 
643.0 	 1324 	 570 	 40.0 	 98.0 	 0.42028985507246375 
644.0 	 1327 	 570 	 40.0 	 98.0 	 0.42028985507246375 
645.0 	 1329 	 570 	 41.0 	 99.0 	 0.4142857142857143 
646.0 	 1331 	 570 	 40.0 	 98.0 	 0.42028985507246375 
647.0 	 1333 	 570 	 40.0 	 97.0 	 0.41605839416058393 
648.0 	 1336 	 570 	 40.753082275390625 	 99.12277221679688 	 0.41729639581695194 
649.0 	 1338 	 570 	 39.0 	 98.0 	 0.4306569343065693 
650.0 	 1341 	 570 	 40.0 	 97.0 	 0.41605839416058393 
651.0 	 1343 	 570 	 40.879234313964844 	 99.1685791015625 	 0.41621031679124393 
652.0 	 1346 	 570 	 100.0 	 41.0 	 0.41843971631205673 
653.0 	 1349 	 570 	 40.0 	 99.0 	 0.4244604316546763 
654.0 	 1351 	 569 	 40.0 	 99.0 	 0.4244604316546763 
655.0 	 1353 	 570 	 40.0 	 101.0 	 0.4326241134751773 
656.0 	 1356 	 570 	 40.0 	 100.0 	 0.42857142857142855 
657.0 	 1358 	 569 	 40.0 	 98.0 	 0.42028985507246375 
658.0 	 1360 	 570 	 40.0 	 100.0 	 0.42857142857142855 
659.0 	 1363 	 570 	 40.0 	 99.0 	 0.4244604316546763 
660.0 	 1366 	 570 	 40.0 	 99.0 	 0.4244604316546763 
661.0 	 1368 	 570 	 38.0 	 99.0 	 0.44525547445255476 
662.0 	 1370 	 570 	 38.0 	 99.0 	 0.44525547445255476 
663.0 	 1373 	 570 	 38.0 	 98.0 	 0.4411764705882353 
664.0 	 1375 	 570 	 38.8607292175293 	 100.02951049804688 	 0.44041094180398094 
665.0 	 1378 	 570 	 38.0 	 99.0 	 0.44525547445255476 
666.0 	 1380 	 570 	 38.71803283691406 	 99.17333984375 	 0.4384270446479741 
667.0 	 1382 	 570 	 38.0 	 100.0 	 0.4492753623188406 
668.0 	 1384 	 570 	 38.832881927490234 	 99.21062469482422 	 0.43738198372870113 
669.0 	 1387 	 570 	 38.0 	 98.0 	 0.4411764705882353 
670.0 	 1390 	 570 	 38.0 	 98.0 	 0.4411764705882353 
671.0 	 1392 	 570 	 38.89353561401367 	 99.17852020263672 	 0.4366197362098896 
672.0 	 1395 	 570 	 38.0 	 98.0 	 0.4411764705882353 
673.0 	 1397 	 570 	 38.0 	 98.0 	 0.4411764705882353 
674.0 	 1400 	 570 	 38.0 	 98.0 	 0.4411764705882353 
675.0 	 1402 	 570 	 38.0 	 99.0 	 0.44525547445255476 
676.0 	 1405 	 570 	 38.0 	 102.0 	 0.45714285714285713 
677.0 	 1407 	 570 	 38.0 	 103.0 	 0.46099290780141844 
678.0 	 1410 	 570 	 38.0 	 102.0 	 0.45714285714285713 
679.0 	 1412 	 570 	 39.0 	 100.0 	 0.43884892086330934 
680.0 	 1415 	 570 	 39.0 	 101.0 	 0.44285714285714284 
681.0 	 1417 	 570 	 39.0 	 101.0 	 0.44285714285714284 
682.0 	 1420 	 570 	 38.60713195800781 	 100.06791687011719 	 0.44320002359100935 
683.0 	 1422 	 570 	 39.0 	 100.0 	 0.43884892086330934 
684.0 	 1424 	 570 	 39.0 	 100.0 	 0.43884892086330934 
685.0 	 1426 	 569 	 38.0 	 100.0 	 0.4492753623188406 
686.0 	 1428 	 569 	 38.0 	 100.0 	 0.4492753623188406 
687.0 	 1430 	 570 	 38.0 	 100.0 	 0.4492753623188406 
688.0 	 1433 	 569 	 99.0 	 39.0 	 0.43478260869565216 
689.0 	 1436 	 569 	 39.0 	 99.0 	 0.43478260869565216 
690.0 	 1438 	 569 	 39.0 	 100.0 	 0.43884892086330934 
691.0 	 1441 	 569 	 39.0 	 100.0 	 0.43884892086330934 
692.0 	 1443 	 569 	 39.0 	 99.0 	 0.43478260869565216 
693.0 	 1446 	 569 	 39.0 	 100.0 	 0.43884892086330934 
694.0 	 1448 	 569 	 39.0 	 101.0 	 0.44285714285714284 
695.0 	 1451 	 569 	 39.0 	 99.0 	 0.43478260869565216 
696.0 	 1453 	 569 	 39.0 	 100.0 	 0.43884892086330934 
697.0 	 1455 	 569 	 39.0 	 100.0 	 0.43884892086330934 
698.0 	 1457 	 569 	 39.0 	 98.0 	 0.4306569343065693 
699.0 	 1459 	 569 	 39.0 	 100.0 	 0.43884892086330934 
700.0 	 1462 	 569 	 39.0 	 101.0 	 0.44285714285714284 
701.0 	 1464 	 569 	 39.0 	 99.0 	 0.43478260869565216 
702.0 	 1467 	 569 	 39.0 	 100.0 	 0.43884892086330934 
703.0 	 1469 	 569 	 39.0 	 100.0 	 0.43884892086330934 
704.0 	 1472 	 570 	 40.0 	 98.0 	 0.42028985507246375 
705.0 	 1474 	 569 	 40.0 	 99.0 	 0.4244604316546763 
706.0 	 1476 	 570 	 40.0 	 100.0 	 0.42857142857142855 
707.0 	 1478 	 570 	 40.0 	 100.0 	 0.42857142857142855 
708.0 	 1480 	 569 	 40.0 	 99.0 	 0.4244604316546763 
709.0 	 1482 	 570 	 39.0 	 98.0 	 0.4306569343065693 
710.0 	 1484 	 570 	 41.0 	 99.0 	 0.4142857142857143 
711.0 	 1487 	 569 	 40.0 	 97.0 	 0.41605839416058393 
712.0 	 1489 	 570 	 41.0 	 98.0 	 0.41007194244604317 
713.0 	 1491 	 569 	 40.89580535888672 	 99.24713897705078 	 0.416370113348623 
714.0 	 1494 	 569 	 41.0 	 100.0 	 0.41843971631205673 
715.0 	 1496 	 569 	 41.0 	 101.0 	 0.4225352112676056 
716.0 	 1498 	 569 	 41.0 	 102.0 	 0.42657342657342656 
717.0 	 1500 	 569 	 40.94333267211914 	 102.06925201416016 	 0.42741636672136496 
718.0 	 1503 	 569 	 40.89077377319336 	 101.17575073242188 	 0.4243432938830409 
719.0 	 1506 	 569 	 41.0 	 99.0 	 0.4142857142857143 
720.0 	 1508 	 569 	 41.0 	 97.0 	 0.4057971014492754 
721.0 	 1510 	 569 	 41.0 	 98.0 	 0.41007194244604317 
722.0 	 1512 	 570 	 41.0 	 100.0 	 0.41843971631205673 
723.0 	 1515 	 569 	 41.0 	 99.0 	 0.4142857142857143 
724.0 	 1517 	 569 	 41.0 	 98.0 	 0.41007194244604317 
725.0 	 1520 	 569 	 41.8558349609375 	 98.99434661865234 	 0.405668711370654 
726.0 	 1522 	 569 	 41.0 	 99.0 	 0.4142857142857143 
727.0 	 1525 	 569 	 41.0 	 97.0 	 0.4057971014492754 
728.0 	 1526 	 570 	 41.810081481933594 	 98.06578063964844 	 0.40218303790554377 
729.0 	 1529 	 570 	 98.0 	 42.0 	 0.4 
730.0 	 1531 	 569 	 39.0 	 97.0 	 0.4264705882352941 
731.0 	 1533 	 569 	 40.0 	 98.0 	 0.42028985507246375 
732.0 	 1535 	 569 	 40.0 	 99.0 	 0.4244604316546763 
733.0 	 1538 	 569 	 39.0 	 96.0 	 0.4222222222222222 
734.0 	 1541 	 569 	 39.0 	 97.0 	 0.4264705882352941 
735.0 	 1543 	 569 	 40.0 	 98.0 	 0.42028985507246375 
736.0 	 1546 	 569 	 40.0 	 95.0 	 0.4074074074074074 
737.0 	 1548 	 569 	 40.0 	 96.0 	 0.4117647058823529 
738.0 	 1550 	 569 	 40.0 	 98.0 	 0.42028985507246375 
739.0 	 1552 	 569 	 39.0 	 97.0 	 0.4264705882352941 
740.0 	 1555 	 569 	 39.8829460144043 	 96.24048614501953 	 0.4140179191530442 
741.0 	 1557 	 569 	 39.0 	 98.0 	 0.4306569343065693 
742.0 	 1559 	 569 	 39.0 	 97.0 	 0.4264705882352941 
743.0 	 1562 	 569 	 39.0 	 96.0 	 0.4222222222222222 
744.0 	 1564 	 569 	 39.0 	 97.0 	 0.4264705882352941 
745.0 	 1567 	 569 	 39.0 	 97.0 	 0.4264705882352941 
746.0 	 1570 	 569 	 39.0 	 96.0 	 0.4222222222222222 
747.0 	 1572 	 569 	 39.0 	 97.0 	 0.4264705882352941 
748.0 	 1574 	 569 	 39.0 	 96.0 	 0.4222222222222222 
749.0 	 1576 	 569 	 40.0 	 95.0 	 0.4074074074074074 
750.0 	 1578 	 569 	 97.0 	 39.0 	 0.4264705882352941 
751.0 	 1580 	 569 	 38.0 	 97.0 	 0.43703703703703706 
752.0 	 1583 	 569 	 37.0 	 96.0 	 0.44360902255639095 
753.0 	 1585 	 569 	 38.0 	 97.0 	 0.43703703703703706 
754.0 	 1588 	 569 	 38.0 	 98.0 	 0.4411764705882353 
755.0 	 1591 	 569 	 39.0 	 95.0 	 0.417910447761194 
756.0 	 1593 	 569 	 38.0 	 96.0 	 0.43283582089552236 
757.0 	 1595 	 569 	 37.0 	 96.0 	 0.44360902255639095 
758.0 	 1597 	 569 	 37.0 	 95.0 	 0.4393939393939394 
759.0 	 1600 	 569 	 37.0 	 93.0 	 0.4307692307692308 
760.0 	 1602 	 569 	 37.0 	 97.0 	 0.44776119402985076 
761.0 	 1604 	 569 	 37.0 	 96.0 	 0.44360902255639095 
762.0 	 1606 	 569 	 37.0 	 94.0 	 0.4351145038167939 
763.0 	 1609 	 569 	 37.0 	 95.0 	 0.4393939393939394 
764.0 	 1611 	 569 	 37.0 	 95.0 	 0.4393939393939394 
765.0 	 1614 	 569 	 37.0 	 95.0 	 0.4393939393939394 
766.0 	 1616 	 569 	 38.0 	 95.0 	 0.42857142857142855 
767.0 	 1618 	 569 	 37.0 	 95.0 	 0.4393939393939394 
768.0 	 1621 	 569 	 37.0 	 93.0 	 0.4307692307692308 
769.0 	 1623 	 569 	 37.0 	 92.0 	 0.4263565891472868 
770.0 	 1625 	 569 	 37.0 	 93.0 	 0.4307692307692308 
771.0 	 1628 	 569 	 37.0 	 92.0 	 0.4263565891472868 
772.0 	 1630 	 569 	 37.0 	 93.0 	 0.4307692307692308 
773.0 	 1632 	 569 	 37.66286849975586 	 95.06253814697266 	 0.43246934477282023 
774.0 	 1634 	 569 	 37.0 	 92.0 	 0.4263565891472868 
775.0 	 1637 	 569 	 38.0 	 92.0 	 0.4153846153846154 
776.0 	 1639 	 569 	 38.0 	 95.0 	 0.42857142857142855 
777.0 	 1641 	 569 	 38.0 	 92.0 	 0.4153846153846154 
778.0 	 1644 	 569 	 38.0 	 91.0 	 0.4108527131782946 
779.0 	 1646 	 569 	 37.0 	 93.0 	 0.4307692307692308 
780.0 	 1648 	 569 	 37.0 	 93.0 	 0.4307692307692308 
781.0 	 1650 	 569 	 35.77816390991211 	 91.41459655761719 	 0.437418233893181 
782.0 	 1653 	 569 	 36.0 	 94.0 	 0.4461538461538462 
783.0 	 1655 	 569 	 36.0 	 94.0 	 0.4461538461538462 
784.0 	 1658 	 569 	 36.692230224609375 	 91.48120880126953 	 0.4274596905026319 
785.0 	 1660 	 569 	 37.0 	 92.0 	 0.4263565891472868 
786.0 	 1663 	 569 	 37.0 	 92.0 	 0.4263565891472868 
787.0 	 1665 	 569 	 35.0 	 92.0 	 0.44881889763779526 
788.0 	 1667 	 569 	 37.0 	 93.0 	 0.4307692307692308 
789.0 	 1669 	 569 	 37.0 	 94.0 	 0.4351145038167939 
790.0 	 1672 	 569 	 37.0 	 92.0 	 0.4263565891472868 
791.0 	 1674 	 569 	 37.0 	 94.0 	 0.4351145038167939 
792.0 	 1676 	 569 	 36.0 	 94.0 	 0.4461538461538462 
793.0 	 1678 	 569 	 35.0 	 92.0 	 0.44881889763779526 
794.0 	 1681 	 569 	 35.0 	 92.0 	 0.44881889763779526 
795.0 	 1683 	 569 	 37.0 	 94.0 	 0.4351145038167939 
796.0 	 1686 	 569 	 36.0 	 94.0 	 0.4461538461538462 
797.0 	 1689 	 569 	 36.0 	 93.0 	 0.4418604651162791 
798.0 	 1691 	 569 	 37.0 	 94.0 	 0.4351145038167939 
799.0 	 1693 	 569 	 37.0 	 94.0 	 0.4351145038167939 
800.0 	 1696 	 569 	 36.70610427856445 	 93.26007843017578 	 0.435143765654418 
801.0 	 1697 	 569 	 37.0 	 96.0 	 0.44360902255639095 
802.0 	 1700 	 569 	 37.0 	 94.0 	 0.4351145038167939 
803.0 	 1702 	 569 	 36.0 	 93.0 	 0.4418604651162791 
804.0 	 1704 	 569 	 37.0 	 95.0 	 0.4393939393939394 
805.0 	 1706 	 569 	 35.0 	 93.0 	 0.453125 
806.0 	 1709 	 569 	 35.0 	 93.0 	 0.453125 
807.0 	 1711 	 569 	 35.0 	 94.0 	 0.4573643410852713 
808.0 	 1713 	 569 	 36.0 	 94.0 	 0.4461538461538462 
809.0 	 1716 	 569 	 92.0 	 36.0 	 0.4375 
810.0 	 1718 	 569 	 36.0 	 92.0 	 0.4375 
811.0 	 1720 	 569 	 35.0 	 94.0 	 0.4573643410852713 
812.0 	 1723 	 569 	 35.0 	 93.0 	 0.453125 
813.0 	 1725 	 569 	 36.0 	 92.0 	 0.4375 
814.0 	 1727 	 569 	 37.0 	 93.0 	 0.4307692307692308 
815.0 	 1729 	 569 	 36.0 	 92.0 	 0.4375 
816.0 	 1732 	 569 	 36.0 	 91.0 	 0.4330708661417323 
817.0 	 1734 	 569 	 36.0 	 93.0 	 0.4418604651162791 
818.0 	 1736 	 569 	 36.0 	 91.0 	 0.4330708661417323 
819.0 	 1739 	 569 	 36.0 	 91.0 	 0.4330708661417323 
820.0 	 1741 	 569 	 37.0 	 93.0 	 0.4307692307692308 
821.0 	 1743 	 569 	 91.34441375732422 	 37.015384674072266 	 0.4232557993014362 
822.0 	 1746 	 569 	 90.0 	 36.0 	 0.42857142857142855 
823.0 	 1747 	 569 	 35.0 	 92.0 	 0.44881889763779526 
824.0 	 1750 	 569 	 35.0 	 92.0 	 0.44881889763779526 
825.0 	 1752 	 569 	 35.0 	 89.0 	 0.43548387096774194 
826.0 	 1754 	 569 	 35.0 	 90.0 	 0.44 
827.0 	 1756 	 569 	 35.0 	 92.0 	 0.44881889763779526 
828.0 	 1759 	 569 	 35.0 	 91.0 	 0.4444444444444444 
829.0 	 1761 	 569 	 35.0 	 89.0 	 0.43548387096774194 
830.0 	 1763 	 569 	 36.0 	 91.0 	 0.4330708661417323 
831.0 	 1765 	 569 	 90.0 	 37.0 	 0.41732283464566927 
832.0 	 1768 	 569 	 36.466209411621094 	 89.8011474609375 	 0.42239688364703204 
833.0 	 1770 	 569 	 36.264747619628906 	 91.40995788574219 	 0.43191961984821964 
834.0 	 1772 	 569 	 37.0 	 91.0 	 0.421875 
835.0 	 1774 	 568 	 35.0 	 91.0 	 0.4444444444444444 
836.0 	 1776 	 569 	 35.0 	 92.0 	 0.44881889763779526 
837.0 	 1779 	 569 	 35.0 	 93.0 	 0.453125 
838.0 	 1782 	 568 	 35.0 	 92.0 	 0.44881889763779526 
839.0 	 1784 	 569 	 35.0 	 93.0 	 0.453125 
840.0 	 1786 	 569 	 35.0 	 94.0 	 0.4573643410852713 
841.0 	 1788 	 569 	 35.0 	 92.0 	 0.44881889763779526 
842.0 	 1791 	 569 	 35.0 	 92.0 	 0.44881889763779526 
843.0 	 1793 	 569 	 35.0 	 93.0 	 0.453125 
844.0 	 1795 	 569 	 35.0 	 93.0 	 0.453125 
845.0 	 1797 	 569 	 35.0 	 91.0 	 0.4444444444444444 
846.0 	 1799 	 569 	 35.0 	 92.0 	 0.44881889763779526 
847.0 	 1802 	 569 	 35.0 	 93.0 	 0.453125 
848.0 	 1805 	 569 	 35.0 	 90.0 	 0.44 
849.0 	 1807 	 569 	 35.0 	 93.0 	 0.453125 
850.0 	 1810 	 569 	 35.0 	 93.0 	 0.453125 
851.0 	 1812 	 569 	 34.0 	 93.0 	 0.4645669291338583 
852.0 	 1814 	 569 	 34.0 	 93.0 	 0.4645669291338583 
853.0 	 1816 	 569 	 34.0 	 92.0 	 0.4603174603174603 
854.0 	 1819 	 569 	 35.0 	 90.0 	 0.44 
855.0 	 1821 	 569 	 35.0 	 93.0 	 0.453125 
856.0 	 1823 	 569 	 35.0 	 94.0 	 0.4573643410852713 
857.0 	 1827 	 568 	 34.0 	 90.0 	 0.45161290322580644 
858.0 	 1829 	 568 	 34.0 	 92.0 	 0.4603174603174603 
859.0 	 1831 	 569 	 35.817264556884766 	 92.41929626464844 	 0.4413876303696004 
860.0 	 1834 	 569 	 36.0 	 93.0 	 0.4418604651162791 
861.0 	 1837 	 568 	 36.0 	 91.0 	 0.4330708661417323 
862.0 	 1838 	 569 	 37.0 	 93.0 	 0.4307692307692308 
863.0 	 1841 	 569 	 37.0 	 92.0 	 0.4263565891472868 
864.0 	 1843 	 568 	 36.910980224609375 	 89.9439926147461 	 0.418060176933669 
865.0 	 1846 	 569 	 35.805137634277344 	 90.32376098632812 	 0.4322452978523366 
866.0 	 1848 	 569 	 35.867515563964844 	 92.13272857666016 	 0.4395711382462726 
867.0 	 1851 	 569 	 90.0 	 37.0 	 0.41732283464566927 
868.0 	 1853 	 569 	 37.0 	 92.0 	 0.4263565891472868 
869.0 	 1855 	 568 	 37.702903747558594 	 91.33590698242188 	 0.4156346678294545 
870.0 	 1858 	 568 	 37.0 	 90.0 	 0.41732283464566927 
871.0 	 1860 	 568 	 38.0 	 91.0 	 0.4108527131782946 
872.0 	 1862 	 568 	 38.0 	 92.0 	 0.4153846153846154 
873.0 	 1865 	 568 	 36.0 	 90.0 	 0.42857142857142855 
874.0 	 1867 	 568 	 37.0 	 91.0 	 0.421875 
875.0 	 1869 	 568 	 37.0 	 92.0 	 0.4263565891472868 
876.0 	 1872 	 568 	 36.0 	 89.0 	 0.424 
877.0 	 1873 	 568 	 36.0 	 90.0 	 0.42857142857142855 
878.0 	 1876 	 568 	 37.0 	 92.0 	 0.4263565891472868 
879.0 	 1878 	 568 	 36.0 	 89.0 	 0.424 
880.0 	 1879 	 568 	 36.0 	 87.0 	 0.4146341463414634 
881.0 	 1880 	 568 	 36.0 	 86.0 	 0.4098360655737705 
882.0 	 1882 	 568 	 36.0 	 83.0 	 0.3949579831932773 
883.0 	 1884 	 568 	 36.0 	 81.0 	 0.38461538461538464 
884.0 	 1884 	 568 	 36.0 	 79.0 	 0.3739130434782609 
885.0 	 1886 	 568 	 76.0 	 37.0 	 0.34513274336283184 
886.0 	 1888 	 568 	 35.0 	 73.0 	 0.35185185185185186 
887.0 	 1888 	 568 	 36.0 	 72.0 	 0.3333333333333333 
888.0 	 1889 	 568 	 36.0 	 69.0 	 0.3142857142857143 
889.0 	 1891 	 568 	 34.0 	 66.0 	 0.32 
890.0 	 1891 	 568 	 34.0 	 64.0 	 0.30612244897959184 
891.0 	 1892 	 568 	 34.0 	 62.0 	 0.2916666666666667 
892.0 	 1894 	 568 	 33.0 	 57.0 	 0.26666666666666666 
893.0 	 1896 	 568 	 35.0 	 56.0 	 0.23076923076923078 
894.0 	 1896 	 568 	 36.0 	 55.0 	 0.2087912087912088 
895.0 	 1897 	 568 	 33.0 	 52.0 	 0.2235294117647059 
896.0 	 1898 	 568 	 33.0 	 50.0 	 0.20481927710843373 
897.0 	 1898 	 568 	 33.0 	 49.0 	 0.1951219512195122 
898.0 	 1899 	 569 	 32.0 	 46.0 	 0.1794871794871795 
899.0 	 1901 	 568 	 30.0 	 42.0 	 0.16666666666666666 
900.0 	 1901 	 568 	 31.0 	 42.0 	 0.1506849315068493 
901.0 	 1903 	 568 	 28.0 	 36.0 	 0.125 
902.0 	 1904 	 568 	 27.0 	 35.0 	 0.12903225806451613 
903.0 	 1904 	 568 	 27.0 	 32.0 	 0.0847457627118644 
904.0 	 1905 	 568 	 27.0 	 30.0 	 0.05263157894736842 
905.0 	 1907 	 568 	 24.0 	 28.0 	 0.07692307692307693 
906.0 	 1906 	 568 	 25.0 	 28.0 	 0.05660377358490566 
907.0 	 1908 	 568 	 24.0 	 26.0 	 0.04 
