frame 	 x 	 y 	 width 	 height 	 deformation 
1.0 	 52 	 566 	 42.0 	 43.0 	 0.011764705882352941 
2.0 	 52 	 566 	 44.0 	 45.0 	 0.011235955056179775 
3.0 	 52 	 566 	 44.0 	 45.0 	 0.011235955056179775 
4.0 	 52 	 566 	 42.0 	 44.0 	 0.023255813953488372 
5.0 	 52 	 566 	 43.0 	 45.0 	 0.022727272727272728 
6.0 	 52 	 566 	 44.0 	 45.0 	 0.011235955056179775 
7.0 	 52 	 566 	 42.0 	 43.0 	 0.011764705882352941 
8.0 	 53 	 566 	 43.0 	 44.0 	 0.011494252873563218 
9.0 	 52 	 566 	 44.0 	 45.0 	 0.011235955056179775 
10.0 	 53 	 566 	 42.0 	 44.0 	 0.023255813953488372 
11.0 	 53 	 566 	 44.0 	 43.0 	 0.011494252873563218 
12.0 	 52 	 566 	 44.0 	 45.0 	 0.011235955056179775 
13.0 	 53 	 566 	 43.0 	 44.0 	 0.011494252873563218 
14.0 	 53 	 566 	 43.0 	 44.0 	 0.011494252873563218 
15.0 	 53 	 566 	 44.0 	 46.0 	 0.022222222222222223 
16.0 	 53 	 566 	 44.0 	 44.0 	 0.0 
17.0 	 53 	 566 	 44.0 	 44.0 	 0.0 
18.0 	 53 	 566 	 44.0 	 45.0 	 0.011235955056179775 
19.0 	 53 	 566 	 44.0 	 44.0 	 0.0 
20.0 	 53 	 566 	 44.0 	 43.0 	 0.011494252873563218 
21.0 	 53 	 566 	 44.0 	 45.0 	 0.011235955056179775 
22.0 	 53 	 566 	 44.0 	 44.0 	 0.0 
23.0 	 53 	 566 	 43.0 	 43.0 	 0.0 
24.0 	 53 	 566 	 44.0 	 45.0 	 0.011235955056179775 
25.0 	 53 	 566 	 43.0 	 44.0 	 0.011494252873563218 
26.0 	 54 	 566 	 42.0 	 44.0 	 0.023255813953488372 
27.0 	 53 	 566 	 44.0 	 45.0 	 0.011235955056179775 
28.0 	 54 	 566 	 44.0 	 44.0 	 0.0 
29.0 	 54 	 566 	 42.0 	 44.0 	 0.023255813953488372 
30.0 	 53 	 566 	 44.0 	 45.0 	 0.011235955056179775 
31.0 	 53 	 566 	 44.0 	 45.0 	 0.011235955056179775 
32.0 	 54 	 566 	 43.0 	 44.0 	 0.011494252873563218 
33.0 	 54 	 566 	 44.0 	 45.0 	 0.011235955056179775 
34.0 	 54 	 566 	 44.0 	 46.0 	 0.022222222222222223 
35.0 	 54 	 566 	 44.0 	 44.0 	 0.0 
36.0 	 54 	 566 	 44.0 	 46.0 	 0.022222222222222223 
37.0 	 54 	 566 	 44.0 	 44.0 	 0.0 
38.0 	 54 	 566 	 43.0 	 44.0 	 0.011494252873563218 
39.0 	 54 	 566 	 44.0 	 45.0 	 0.011235955056179775 
40.0 	 54 	 566 	 44.0 	 46.0 	 0.022222222222222223 
41.0 	 54 	 566 	 43.0 	 44.0 	 0.011494252873563218 
42.0 	 54 	 566 	 44.0 	 44.0 	 0.0 
43.0 	 54 	 566 	 44.0 	 46.0 	 0.022222222222222223 
44.0 	 54 	 566 	 44.0 	 45.0 	 0.011235955056179775 
45.0 	 54 	 566 	 44.0 	 45.0 	 0.011235955056179775 
46.0 	 54 	 566 	 44.0 	 45.0 	 0.011235955056179775 
47.0 	 55 	 566 	 44.0 	 44.0 	 0.0 
48.0 	 55 	 566 	 44.0 	 44.0 	 0.0 
49.0 	 54 	 566 	 44.0 	 45.0 	 0.011235955056179775 
50.0 	 55 	 566 	 43.0 	 44.0 	 0.011494252873563218 
51.0 	 55 	 566 	 43.0 	 43.0 	 0.0 
52.0 	 55 	 566 	 44.0 	 45.0 	 0.011235955056179775 
53.0 	 55 	 566 	 43.0 	 43.0 	 0.0 
54.0 	 56 	 566 	 43.0 	 44.0 	 0.011494252873563218 
55.0 	 56 	 566 	 44.0 	 46.0 	 0.022222222222222223 
56.0 	 56 	 566 	 44.0 	 45.0 	 0.011235955056179775 
57.0 	 57 	 566 	 43.0 	 44.0 	 0.011494252873563218 
58.0 	 57 	 566 	 44.0 	 45.0 	 0.011235955056179775 
59.0 	 58 	 566 	 44.0 	 46.0 	 0.022222222222222223 
60.0 	 58 	 566 	 43.0 	 44.0 	 0.011494252873563218 
61.0 	 59 	 566 	 44.0 	 44.0 	 0.0 
62.0 	 59 	 566 	 44.0 	 45.0 	 0.011235955056179775 
63.0 	 60 	 566 	 43.0 	 44.0 	 0.011494252873563218 
64.0 	 61 	 566 	 44.0 	 44.0 	 0.0 
65.0 	 62 	 566 	 44.0 	 46.0 	 0.022222222222222223 
66.0 	 64 	 566 	 42.0 	 43.0 	 0.011764705882352941 
67.0 	 65 	 566 	 44.0 	 45.0 	 0.011235955056179775 
68.0 	 66 	 566 	 44.0 	 45.0 	 0.011235955056179775 
69.0 	 68 	 566 	 42.0 	 43.0 	 0.011764705882352941 
70.0 	 69 	 566 	 43.0 	 44.0 	 0.011494252873563218 
71.0 	 70 	 566 	 44.0 	 45.0 	 0.011235955056179775 
72.0 	 72 	 566 	 42.0 	 43.0 	 0.011764705882352941 
73.0 	 73 	 566 	 42.0 	 44.0 	 0.023255813953488372 
74.0 	 74 	 566 	 42.0 	 44.0 	 0.023255813953488372 
75.0 	 76 	 566 	 41.0 	 44.0 	 0.03529411764705882 
76.0 	 77 	 566 	 41.0 	 44.0 	 0.03529411764705882 
77.0 	 79 	 566 	 42.0 	 46.0 	 0.045454545454545456 
78.0 	 80 	 566 	 42.0 	 44.0 	 0.023255813953488372 
79.0 	 82 	 566 	 42.02101516723633 	 43.931060791015625 	 0.0222222163046653 
80.0 	 84 	 566 	 42.0 	 46.0 	 0.045454545454545456 
81.0 	 85 	 566 	 42.0 	 45.0 	 0.034482758620689655 
82.0 	 86 	 566 	 43.78163528442383 	 41.99057388305664 	 0.020881605111393673 
83.0 	 88 	 566 	 42.0 	 44.0 	 0.023255813953488372 
84.0 	 89 	 566 	 42.0 	 45.0 	 0.034482758620689655 
85.0 	 91 	 566 	 40.0 	 45.0 	 0.058823529411764705 
86.0 	 93 	 566 	 42.0 	 46.0 	 0.045454545454545456 
87.0 	 94 	 566 	 42.0 	 46.0 	 0.045454545454545456 
88.0 	 96 	 566 	 41.0 	 45.0 	 0.046511627906976744 
89.0 	 98 	 566 	 42.0 	 46.0 	 0.045454545454545456 
90.0 	 100 	 566 	 42.0 	 46.0 	 0.045454545454545456 
91.0 	 101 	 566 	 42.0 	 45.0 	 0.034482758620689655 
92.0 	 103 	 566 	 41.0 	 45.0 	 0.046511627906976744 
93.0 	 105 	 566 	 42.0 	 47.0 	 0.056179775280898875 
94.0 	 106 	 566 	 40.0 	 46.0 	 0.06976744186046512 
95.0 	 108 	 566 	 41.0 	 46.0 	 0.05747126436781609 
96.0 	 110 	 566 	 42.0 	 47.0 	 0.056179775280898875 
97.0 	 112 	 566 	 40.0 	 46.0 	 0.06976744186046512 
98.0 	 113 	 566 	 40.0 	 46.0 	 0.06976744186046512 
99.0 	 115 	 566 	 41.0 	 47.0 	 0.06818181818181818 
100.0 	 117 	 566 	 40.0 	 46.0 	 0.06976744186046512 
101.0 	 119 	 566 	 40.0 	 45.0 	 0.058823529411764705 
102.0 	 120 	 566 	 41.0 	 48.0 	 0.07865168539325842 
103.0 	 122 	 566 	 40.0 	 47.0 	 0.08045977011494253 
104.0 	 124 	 566 	 40.0 	 45.0 	 0.058823529411764705 
105.0 	 126 	 566 	 40.0 	 48.0 	 0.09090909090909091 
106.0 	 128 	 566 	 40.0 	 47.0 	 0.08045977011494253 
107.0 	 130 	 566 	 40.0 	 46.0 	 0.06976744186046512 
108.0 	 132 	 566 	 40.0 	 49.0 	 0.10112359550561797 
109.0 	 133 	 566 	 41.0 	 48.0 	 0.07865168539325842 
110.0 	 135 	 566 	 39.0 	 45.0 	 0.07142857142857142 
111.0 	 137 	 566 	 40.0 	 48.0 	 0.09090909090909091 
112.0 	 139 	 566 	 40.0 	 48.0 	 0.09090909090909091 
113.0 	 141 	 566 	 40.0 	 46.0 	 0.06976744186046512 
114.0 	 142 	 566 	 40.0 	 48.0 	 0.09090909090909091 
115.0 	 144 	 566 	 40.0 	 49.0 	 0.10112359550561797 
116.0 	 146 	 566 	 40.0 	 47.0 	 0.08045977011494253 
117.0 	 148 	 566 	 40.0 	 48.0 	 0.09090909090909091 
118.0 	 150 	 566 	 40.0 	 49.0 	 0.10112359550561797 
119.0 	 152 	 566 	 40.0 	 48.0 	 0.09090909090909091 
120.0 	 154 	 566 	 40.0 	 49.0 	 0.10112359550561797 
121.0 	 157 	 566 	 40.0 	 49.0 	 0.10112359550561797 
122.0 	 159 	 566 	 39.0 	 48.0 	 0.10344827586206896 
123.0 	 161 	 566 	 39.0 	 48.0 	 0.10344827586206896 
124.0 	 162 	 566 	 40.0 	 50.0 	 0.1111111111111111 
125.0 	 165 	 566 	 39.0 	 48.0 	 0.10344827586206896 
126.0 	 167 	 566 	 39.0 	 48.0 	 0.10344827586206896 
127.0 	 168 	 566 	 39.0 	 49.0 	 0.11363636363636363 
128.0 	 170 	 566 	 39.0 	 47.0 	 0.09302325581395349 
129.0 	 173 	 566 	 39.0 	 48.0 	 0.10344827586206896 
130.0 	 175 	 566 	 40.0 	 49.0 	 0.10112359550561797 
131.0 	 177 	 566 	 40.0 	 48.0 	 0.09090909090909091 
132.0 	 179 	 566 	 40.0 	 47.0 	 0.08045977011494253 
133.0 	 181 	 566 	 40.0 	 48.0 	 0.09090909090909091 
134.0 	 183 	 566 	 40.0 	 48.0 	 0.09090909090909091 
135.0 	 185 	 566 	 39.0 	 48.0 	 0.10344827586206896 
136.0 	 187 	 566 	 41.0 	 50.0 	 0.0989010989010989 
137.0 	 189 	 566 	 40.0 	 50.0 	 0.1111111111111111 
138.0 	 191 	 566 	 39.0 	 48.0 	 0.10344827586206896 
139.0 	 193 	 566 	 40.0 	 50.0 	 0.1111111111111111 
140.0 	 195 	 566 	 40.0 	 50.0 	 0.1111111111111111 
141.0 	 197 	 566 	 40.0 	 49.0 	 0.10112359550561797 
142.0 	 199 	 566 	 40.0 	 49.0 	 0.10112359550561797 
143.0 	 201 	 566 	 40.0 	 50.0 	 0.1111111111111111 
144.0 	 204 	 566 	 48.0 	 40.0 	 0.09090909090909091 
145.0 	 206 	 566 	 39.0 	 49.0 	 0.11363636363636363 
146.0 	 208 	 566 	 39.0 	 50.0 	 0.12359550561797752 
147.0 	 210 	 566 	 39.0 	 49.0 	 0.11363636363636363 
148.0 	 212 	 566 	 39.0 	 50.0 	 0.12359550561797752 
149.0 	 214 	 566 	 39.0 	 51.0 	 0.13333333333333333 
150.0 	 216 	 566 	 39.0 	 49.0 	 0.11363636363636363 
151.0 	 219 	 566 	 39.0 	 49.0 	 0.11363636363636363 
152.0 	 221 	 566 	 39.0 	 50.0 	 0.12359550561797752 
153.0 	 223 	 566 	 39.0 	 50.0 	 0.12359550561797752 
154.0 	 225 	 566 	 39.0 	 50.0 	 0.12359550561797752 
155.0 	 227 	 566 	 40.0 	 51.0 	 0.12087912087912088 
156.0 	 230 	 566 	 40.0 	 50.0 	 0.1111111111111111 
157.0 	 232 	 566 	 40.0 	 50.0 	 0.1111111111111111 
158.0 	 234 	 566 	 40.0 	 51.0 	 0.12087912087912088 
159.0 	 236 	 566 	 40.0 	 50.0 	 0.1111111111111111 
160.0 	 238 	 566 	 39.0 	 49.0 	 0.11363636363636363 
161.0 	 240 	 566 	 40.0 	 51.0 	 0.12087912087912088 
162.0 	 243 	 566 	 39.0 	 50.0 	 0.12359550561797752 
163.0 	 245 	 566 	 39.0 	 50.0 	 0.12359550561797752 
164.0 	 247 	 566 	 39.0 	 51.0 	 0.13333333333333333 
165.0 	 249 	 566 	 39.0 	 51.0 	 0.13333333333333333 
166.0 	 252 	 566 	 39.0 	 50.0 	 0.12359550561797752 
167.0 	 254 	 566 	 40.0 	 52.0 	 0.13043478260869565 
168.0 	 256 	 566 	 40.0 	 51.0 	 0.12087912087912088 
169.0 	 258 	 566 	 39.0 	 50.0 	 0.12359550561797752 
170.0 	 260 	 566 	 51.0 	 40.0 	 0.12087912087912088 
171.0 	 262 	 566 	 40.0 	 51.0 	 0.12087912087912088 
172.0 	 265 	 566 	 39.0 	 51.0 	 0.13333333333333333 
173.0 	 267 	 566 	 40.0 	 52.0 	 0.13043478260869565 
174.0 	 269 	 566 	 40.0 	 52.0 	 0.13043478260869565 
175.0 	 271 	 566 	 40.0 	 50.0 	 0.1111111111111111 
176.0 	 274 	 566 	 40.0 	 51.0 	 0.12087912087912088 
177.0 	 276 	 566 	 40.0 	 51.0 	 0.12087912087912088 
178.0 	 278 	 566 	 40.0 	 50.0 	 0.1111111111111111 
179.0 	 280 	 566 	 39.0 	 51.0 	 0.13333333333333333 
180.0 	 283 	 566 	 39.0 	 52.0 	 0.14285714285714285 
181.0 	 285 	 566 	 39.0 	 50.0 	 0.12359550561797752 
182.0 	 287 	 566 	 39.0 	 51.0 	 0.13333333333333333 
183.0 	 290 	 566 	 39.0 	 52.0 	 0.14285714285714285 
184.0 	 292 	 566 	 39.0 	 51.0 	 0.13333333333333333 
185.0 	 295 	 566 	 39.0 	 50.0 	 0.12359550561797752 
186.0 	 296 	 566 	 39.0 	 53.0 	 0.15217391304347827 
187.0 	 299 	 566 	 39.0 	 52.0 	 0.14285714285714285 
188.0 	 301 	 566 	 39.0 	 51.0 	 0.13333333333333333 
189.0 	 303 	 566 	 40.0 	 52.0 	 0.13043478260869565 
190.0 	 306 	 566 	 38.0 	 51.0 	 0.14606741573033707 
191.0 	 308 	 566 	 38.0 	 51.0 	 0.14606741573033707 
192.0 	 310 	 566 	 39.0 	 52.0 	 0.14285714285714285 
193.0 	 313 	 566 	 38.0 	 52.0 	 0.15555555555555556 
194.0 	 315 	 566 	 38.0 	 50.0 	 0.13636363636363635 
195.0 	 317 	 566 	 38.0 	 53.0 	 0.16483516483516483 
196.0 	 320 	 566 	 38.0 	 52.0 	 0.15555555555555556 
197.0 	 322 	 566 	 38.0 	 51.0 	 0.14606741573033707 
198.0 	 324 	 566 	 52.0 	 40.0 	 0.13043478260869565 
199.0 	 327 	 566 	 39.0 	 52.0 	 0.14285714285714285 
200.0 	 329 	 566 	 39.0 	 52.0 	 0.14285714285714285 
201.0 	 331 	 566 	 39.0 	 53.0 	 0.15217391304347827 
202.0 	 333 	 566 	 39.0 	 53.0 	 0.15217391304347827 
203.0 	 336 	 566 	 40.0 	 52.0 	 0.13043478260869565 
204.0 	 338 	 566 	 40.0 	 53.0 	 0.13978494623655913 
205.0 	 340 	 566 	 40.0 	 52.0 	 0.13043478260869565 
206.0 	 343 	 566 	 38.0 	 51.0 	 0.14606741573033707 
207.0 	 345 	 566 	 39.0 	 52.0 	 0.14285714285714285 
208.0 	 347 	 566 	 40.0 	 52.0 	 0.13043478260869565 
209.0 	 350 	 566 	 38.0 	 50.0 	 0.13636363636363635 
210.0 	 352 	 566 	 38.0 	 51.0 	 0.14606741573033707 
211.0 	 355 	 566 	 39.0 	 53.0 	 0.15217391304347827 
212.0 	 357 	 566 	 38.0 	 52.0 	 0.15555555555555556 
213.0 	 359 	 566 	 38.0 	 51.0 	 0.14606741573033707 
214.0 	 361 	 566 	 38.0 	 53.0 	 0.16483516483516483 
215.0 	 364 	 566 	 38.0 	 52.0 	 0.15555555555555556 
216.0 	 366 	 566 	 38.0 	 51.0 	 0.14606741573033707 
217.0 	 369 	 566 	 38.0 	 53.0 	 0.16483516483516483 
218.0 	 371 	 566 	 38.0 	 53.0 	 0.16483516483516483 
219.0 	 374 	 566 	 38.0 	 51.0 	 0.14606741573033707 
220.0 	 376 	 566 	 38.0 	 52.0 	 0.15555555555555556 
221.0 	 378 	 566 	 38.0 	 53.0 	 0.16483516483516483 
222.0 	 381 	 566 	 38.0 	 52.0 	 0.15555555555555556 
223.0 	 383 	 566 	 38.0 	 53.0 	 0.16483516483516483 
224.0 	 385 	 566 	 38.0 	 53.0 	 0.16483516483516483 
225.0 	 387 	 566 	 38.0 	 51.0 	 0.14606741573033707 
226.0 	 390 	 566 	 38.0 	 52.0 	 0.15555555555555556 
227.0 	 392 	 566 	 38.0 	 53.0 	 0.16483516483516483 
228.0 	 395 	 566 	 38.0 	 51.0 	 0.14606741573033707 
229.0 	 397 	 566 	 39.04665756225586 	 52.81608581542969 	 0.14989132423970883 
230.0 	 399 	 566 	 39.0 	 53.0 	 0.15217391304347827 
231.0 	 401 	 566 	 39.0 	 52.0 	 0.14285714285714285 
232.0 	 404 	 566 	 39.0 	 53.0 	 0.15217391304347827 
233.0 	 406 	 566 	 39.0 	 54.0 	 0.16129032258064516 
234.0 	 408 	 566 	 39.0 	 53.0 	 0.15217391304347827 
235.0 	 411 	 566 	 39.0 	 52.0 	 0.14285714285714285 
236.0 	 413 	 566 	 39.0 	 54.0 	 0.16129032258064516 
237.0 	 416 	 566 	 39.0 	 53.0 	 0.15217391304347827 
238.0 	 418 	 566 	 38.0 	 52.0 	 0.15555555555555556 
239.0 	 420 	 566 	 40.0 	 54.0 	 0.14893617021276595 
240.0 	 423 	 566 	 38.0 	 53.0 	 0.16483516483516483 
241.0 	 425 	 566 	 38.0 	 52.0 	 0.15555555555555556 
242.0 	 427 	 566 	 38.0 	 54.0 	 0.17391304347826086 
243.0 	 430 	 566 	 38.0 	 53.0 	 0.16483516483516483 
244.0 	 432 	 566 	 38.0 	 51.0 	 0.14606741573033707 
245.0 	 435 	 566 	 38.0 	 53.0 	 0.16483516483516483 
246.0 	 437 	 566 	 38.0 	 53.0 	 0.16483516483516483 
247.0 	 440 	 566 	 38.0 	 52.0 	 0.15555555555555556 
248.0 	 442 	 566 	 39.0 	 54.0 	 0.16129032258064516 
249.0 	 444 	 566 	 39.0 	 55.0 	 0.1702127659574468 
250.0 	 447 	 566 	 39.0 	 52.0 	 0.14285714285714285 
251.0 	 449 	 566 	 39.0 	 53.0 	 0.15217391304347827 
252.0 	 451 	 566 	 39.0 	 54.0 	 0.16129032258064516 
253.0 	 454 	 566 	 38.0 	 53.0 	 0.16483516483516483 
254.0 	 456 	 566 	 38.0 	 53.0 	 0.16483516483516483 
255.0 	 458 	 566 	 40.0 	 55.0 	 0.15789473684210525 
256.0 	 460 	 566 	 38.0 	 53.0 	 0.16483516483516483 
257.0 	 463 	 566 	 38.0 	 53.0 	 0.16483516483516483 
258.0 	 465 	 566 	 38.0 	 54.0 	 0.17391304347826086 
259.0 	 468 	 566 	 38.0 	 53.0 	 0.16483516483516483 
260.0 	 470 	 566 	 38.0 	 53.0 	 0.16483516483516483 
261.0 	 472 	 566 	 38.0 	 54.0 	 0.17391304347826086 
262.0 	 475 	 566 	 38.0 	 54.0 	 0.17391304347826086 
263.0 	 478 	 566 	 38.0 	 53.0 	 0.16483516483516483 
264.0 	 480 	 566 	 38.0 	 54.0 	 0.17391304347826086 
265.0 	 482 	 566 	 38.0 	 53.0 	 0.16483516483516483 
266.0 	 485 	 566 	 37.0 	 52.0 	 0.16853932584269662 
267.0 	 487 	 566 	 37.0 	 53.0 	 0.17777777777777778 
268.0 	 489 	 566 	 38.0 	 53.0 	 0.16483516483516483 
269.0 	 492 	 566 	 37.0 	 52.0 	 0.16853932584269662 
270.0 	 494 	 566 	 38.0 	 53.0 	 0.16483516483516483 
271.0 	 497 	 566 	 38.0 	 54.0 	 0.17391304347826086 
272.0 	 499 	 566 	 38.0 	 53.0 	 0.16483516483516483 
273.0 	 502 	 566 	 38.0 	 54.0 	 0.17391304347826086 
274.0 	 504 	 566 	 38.0 	 55.0 	 0.1827956989247312 
275.0 	 507 	 565 	 38.0 	 54.0 	 0.17391304347826086 
276.0 	 509 	 565 	 38.0 	 54.0 	 0.17391304347826086 
277.0 	 511 	 566 	 38.0 	 54.0 	 0.17391304347826086 
278.0 	 514 	 566 	 38.0 	 53.0 	 0.16483516483516483 
279.0 	 516 	 566 	 38.0 	 54.0 	 0.17391304347826086 
280.0 	 518 	 566 	 39.0 	 54.0 	 0.16129032258064516 
281.0 	 521 	 566 	 39.0 	 53.0 	 0.15217391304347827 
282.0 	 523 	 566 	 39.0 	 54.0 	 0.16129032258064516 
283.0 	 525 	 566 	 39.0 	 54.0 	 0.16129032258064516 
284.0 	 528 	 566 	 39.0 	 53.0 	 0.15217391304347827 
285.0 	 530 	 566 	 39.0 	 53.0 	 0.15217391304347827 
286.0 	 533 	 566 	 39.0 	 53.0 	 0.15217391304347827 
287.0 	 535 	 566 	 39.0 	 52.0 	 0.14285714285714285 
288.0 	 537 	 565 	 39.0 	 52.0 	 0.14285714285714285 
289.0 	 539 	 565 	 39.0 	 52.0 	 0.14285714285714285 
290.0 	 542 	 565 	 52.0 	 39.0 	 0.14285714285714285 
291.0 	 544 	 566 	 38.0 	 53.0 	 0.16483516483516483 
292.0 	 547 	 566 	 38.0 	 54.0 	 0.17391304347826086 
293.0 	 549 	 565 	 38.0 	 54.0 	 0.17391304347826086 
294.0 	 552 	 565 	 38.0 	 53.0 	 0.16483516483516483 
295.0 	 554 	 565 	 38.0 	 55.0 	 0.1827956989247312 
296.0 	 557 	 565 	 38.0 	 55.0 	 0.1827956989247312 
297.0 	 559 	 565 	 38.0 	 54.0 	 0.17391304347826086 
298.0 	 561 	 565 	 38.0 	 54.0 	 0.17391304347826086 
299.0 	 564 	 565 	 38.0 	 55.0 	 0.1827956989247312 
300.0 	 566 	 566 	 38.0 	 54.0 	 0.17391304347826086 
301.0 	 568 	 566 	 39.0 	 55.0 	 0.1702127659574468 
302.0 	 571 	 566 	 39.0 	 54.0 	 0.16129032258064516 
303.0 	 573 	 565 	 37.0 	 54.0 	 0.18681318681318682 
304.0 	 576 	 566 	 38.0 	 55.0 	 0.1827956989247312 
305.0 	 578 	 565 	 37.0 	 55.0 	 0.1956521739130435 
306.0 	 581 	 565 	 38.0 	 55.0 	 0.1827956989247312 
307.0 	 583 	 566 	 38.0 	 55.0 	 0.1827956989247312 
308.0 	 585 	 566 	 54.0 	 39.0 	 0.16129032258064516 
309.0 	 588 	 566 	 38.0 	 53.0 	 0.16483516483516483 
310.0 	 590 	 566 	 39.0 	 54.0 	 0.16129032258064516 
311.0 	 592 	 566 	 39.0 	 54.0 	 0.16129032258064516 
312.0 	 595 	 565 	 39.0 	 53.0 	 0.15217391304347827 
313.0 	 597 	 565 	 39.0 	 55.0 	 0.1702127659574468 
314.0 	 599 	 565 	 39.0 	 56.0 	 0.17894736842105263 
315.0 	 601 	 565 	 39.0 	 54.0 	 0.16129032258064516 
316.0 	 604 	 565 	 39.0 	 54.0 	 0.16129032258064516 
317.0 	 606 	 565 	 39.0 	 55.0 	 0.1702127659574468 
318.0 	 608 	 565 	 54.0 	 39.0 	 0.16129032258064516 
319.0 	 611 	 565 	 38.0 	 55.0 	 0.1827956989247312 
320.0 	 613 	 565 	 38.0 	 56.0 	 0.19148936170212766 
321.0 	 615 	 565 	 38.0 	 54.0 	 0.17391304347826086 
322.0 	 618 	 565 	 38.0 	 55.0 	 0.1827956989247312 
323.0 	 620 	 565 	 39.0 	 56.0 	 0.17894736842105263 
324.0 	 623 	 565 	 38.0 	 55.0 	 0.1827956989247312 
325.0 	 625 	 565 	 37.0 	 55.0 	 0.1956521739130435 
326.0 	 627 	 566 	 38.0 	 56.0 	 0.19148936170212766 
327.0 	 630 	 565 	 38.0 	 55.0 	 0.1827956989247312 
328.0 	 632 	 565 	 38.0 	 55.0 	 0.1827956989247312 
329.0 	 634 	 566 	 38.0 	 56.0 	 0.19148936170212766 
330.0 	 636 	 565 	 38.0 	 55.0 	 0.1827956989247312 
331.0 	 639 	 565 	 38.0 	 54.0 	 0.17391304347826086 
332.0 	 641 	 565 	 54.0 	 39.0 	 0.16129032258064516 
333.0 	 644 	 566 	 38.0 	 55.0 	 0.1827956989247312 
334.0 	 646 	 565 	 38.0 	 54.0 	 0.17391304347826086 
335.0 	 648 	 565 	 38.0 	 55.0 	 0.1827956989247312 
336.0 	 651 	 566 	 38.0 	 55.0 	 0.1827956989247312 
337.0 	 653 	 565 	 38.0 	 54.0 	 0.17391304347826086 
338.0 	 655 	 565 	 38.0 	 56.0 	 0.19148936170212766 
339.0 	 657 	 565 	 38.0 	 56.0 	 0.19148936170212766 
340.0 	 660 	 565 	 38.0 	 54.0 	 0.17391304347826086 
341.0 	 662 	 565 	 38.0 	 55.0 	 0.1827956989247312 
342.0 	 665 	 565 	 38.0 	 56.0 	 0.19148936170212766 
343.0 	 667 	 565 	 38.0 	 54.0 	 0.17391304347826086 
344.0 	 669 	 565 	 38.0 	 55.0 	 0.1827956989247312 
345.0 	 672 	 565 	 38.0 	 56.0 	 0.19148936170212766 
346.0 	 674 	 565 	 38.0 	 55.0 	 0.1827956989247312 
347.0 	 677 	 565 	 38.0 	 55.0 	 0.1827956989247312 
348.0 	 679 	 565 	 38.0 	 55.0 	 0.1827956989247312 
349.0 	 681 	 565 	 38.0 	 55.0 	 0.1827956989247312 
350.0 	 683 	 565 	 38.0 	 55.0 	 0.1827956989247312 
351.0 	 686 	 565 	 38.0 	 56.0 	 0.19148936170212766 
352.0 	 688 	 565 	 38.0 	 55.0 	 0.1827956989247312 
353.0 	 690 	 565 	 38.0 	 54.0 	 0.17391304347826086 
354.0 	 693 	 565 	 39.0 	 55.0 	 0.1702127659574468 
355.0 	 695 	 565 	 38.0 	 55.0 	 0.1827956989247312 
356.0 	 697 	 565 	 38.0 	 54.0 	 0.17391304347826086 
357.0 	 700 	 565 	 38.0 	 56.0 	 0.19148936170212766 
358.0 	 702 	 565 	 38.0 	 55.0 	 0.1827956989247312 
359.0 	 704 	 565 	 38.0 	 53.0 	 0.16483516483516483 
360.0 	 706 	 565 	 38.0 	 55.0 	 0.1827956989247312 
361.0 	 709 	 565 	 38.0 	 55.0 	 0.1827956989247312 
362.0 	 711 	 565 	 38.0 	 54.0 	 0.17391304347826086 
363.0 	 713 	 565 	 38.0 	 55.0 	 0.1827956989247312 
364.0 	 716 	 565 	 38.0 	 55.0 	 0.1827956989247312 
365.0 	 718 	 565 	 37.0 	 54.0 	 0.18681318681318682 
366.0 	 720 	 565 	 37.0 	 56.0 	 0.20430107526881722 
367.0 	 722 	 565 	 37.0 	 56.0 	 0.20430107526881722 
368.0 	 725 	 565 	 37.0 	 55.0 	 0.1956521739130435 
369.0 	 727 	 565 	 37.0 	 56.0 	 0.20430107526881722 
370.0 	 730 	 565 	 37.0 	 56.0 	 0.20430107526881722 
371.0 	 732 	 565 	 37.0 	 55.0 	 0.1956521739130435 
372.0 	 735 	 565 	 37.0 	 55.0 	 0.1956521739130435 
373.0 	 736 	 565 	 37.0 	 55.0 	 0.1956521739130435 
374.0 	 739 	 565 	 37.0 	 54.0 	 0.18681318681318682 
375.0 	 741 	 565 	 37.0 	 54.0 	 0.18681318681318682 
376.0 	 743 	 565 	 37.0 	 55.0 	 0.1956521739130435 
377.0 	 746 	 565 	 37.0 	 54.0 	 0.18681318681318682 
378.0 	 748 	 565 	 37.0 	 54.0 	 0.18681318681318682 
379.0 	 750 	 565 	 55.0 	 38.0 	 0.1827956989247312 
380.0 	 752 	 565 	 37.0 	 55.0 	 0.1956521739130435 
381.0 	 755 	 565 	 38.0 	 53.0 	 0.16483516483516483 
382.0 	 757 	 565 	 38.0 	 54.0 	 0.17391304347826086 
383.0 	 759 	 565 	 38.0 	 55.0 	 0.1827956989247312 
384.0 	 761 	 565 	 38.0 	 53.0 	 0.16483516483516483 
385.0 	 763 	 565 	 38.0 	 55.0 	 0.1827956989247312 
386.0 	 765 	 565 	 38.0 	 55.0 	 0.1827956989247312 
387.0 	 768 	 565 	 38.0 	 54.0 	 0.17391304347826086 
388.0 	 770 	 565 	 38.0 	 55.0 	 0.1827956989247312 
389.0 	 772 	 565 	 38.0 	 55.0 	 0.1827956989247312 
390.0 	 774 	 565 	 38.0 	 54.0 	 0.17391304347826086 
391.0 	 777 	 565 	 38.0 	 55.0 	 0.1827956989247312 
392.0 	 779 	 565 	 38.0 	 55.0 	 0.1827956989247312 
393.0 	 781 	 565 	 38.0 	 54.0 	 0.17391304347826086 
394.0 	 784 	 565 	 38.0 	 54.0 	 0.17391304347826086 
395.0 	 786 	 565 	 38.0 	 55.0 	 0.1827956989247312 
396.0 	 788 	 565 	 38.0 	 55.0 	 0.1827956989247312 
397.0 	 790 	 565 	 38.0 	 55.0 	 0.1827956989247312 
398.0 	 792 	 565 	 38.0 	 55.0 	 0.1827956989247312 
399.0 	 794 	 565 	 38.0 	 54.0 	 0.17391304347826086 
400.0 	 796 	 565 	 37.0 	 54.0 	 0.18681318681318682 
401.0 	 799 	 565 	 37.229759216308594 	 55.433589935302734 	 0.19645124944933628 
402.0 	 801 	 565 	 37.40592575073242 	 55.198699951171875 	 0.19213699170616666 
403.0 	 803 	 565 	 37.0 	 54.0 	 0.18681318681318682 
404.0 	 805 	 565 	 37.0 	 54.0 	 0.18681318681318682 
405.0 	 807 	 565 	 37.0 	 54.0 	 0.18681318681318682 
406.0 	 810 	 565 	 37.0 	 55.0 	 0.1956521739130435 
407.0 	 812 	 565 	 37.0 	 54.0 	 0.18681318681318682 
408.0 	 814 	 565 	 37.0 	 55.0 	 0.1956521739130435 
409.0 	 816 	 565 	 36.0 	 54.0 	 0.2 
410.0 	 818 	 565 	 36.0 	 54.0 	 0.2 
411.0 	 821 	 565 	 36.0 	 55.0 	 0.2087912087912088 
412.0 	 823 	 565 	 35.0 	 53.0 	 0.20454545454545456 
413.0 	 825 	 565 	 36.0 	 54.0 	 0.2 
414.0 	 827 	 565 	 36.0 	 55.0 	 0.2087912087912088 
415.0 	 830 	 565 	 36.0 	 54.0 	 0.2 
416.0 	 832 	 565 	 36.0 	 55.0 	 0.2087912087912088 
417.0 	 834 	 565 	 37.0 	 55.0 	 0.1956521739130435 
418.0 	 836 	 565 	 37.0 	 54.0 	 0.18681318681318682 
419.0 	 838 	 565 	 37.0 	 55.0 	 0.1956521739130435 
420.0 	 840 	 565 	 37.0 	 55.0 	 0.1956521739130435 
421.0 	 843 	 565 	 37.0 	 54.0 	 0.18681318681318682 
422.0 	 845 	 565 	 37.0 	 54.0 	 0.18681318681318682 
423.0 	 847 	 565 	 37.0 	 54.0 	 0.18681318681318682 
424.0 	 849 	 565 	 37.0 	 54.0 	 0.18681318681318682 
425.0 	 851 	 565 	 37.0 	 54.0 	 0.18681318681318682 
426.0 	 853 	 565 	 37.0 	 55.0 	 0.1956521739130435 
427.0 	 855 	 564 	 37.0 	 54.0 	 0.18681318681318682 
428.0 	 857 	 564 	 37.0 	 54.0 	 0.18681318681318682 
429.0 	 859 	 565 	 37.0 	 55.0 	 0.1956521739130435 
430.0 	 861 	 565 	 37.0 	 55.0 	 0.1956521739130435 
431.0 	 863 	 565 	 37.0 	 54.0 	 0.18681318681318682 
432.0 	 866 	 565 	 37.0 	 54.0 	 0.18681318681318682 
433.0 	 868 	 565 	 37.0 	 54.0 	 0.18681318681318682 
434.0 	 870 	 565 	 37.0 	 54.0 	 0.18681318681318682 
435.0 	 872 	 565 	 38.0 	 55.0 	 0.1827956989247312 
436.0 	 874 	 565 	 38.0 	 54.0 	 0.17391304347826086 
437.0 	 876 	 565 	 38.0 	 55.0 	 0.1827956989247312 
438.0 	 878 	 565 	 38.0 	 55.0 	 0.1827956989247312 
439.0 	 880 	 565 	 38.0 	 54.0 	 0.17391304347826086 
440.0 	 882 	 565 	 38.0 	 54.0 	 0.17391304347826086 
441.0 	 884 	 565 	 38.0 	 54.0 	 0.17391304347826086 
442.0 	 886 	 565 	 38.0 	 54.0 	 0.17391304347826086 
443.0 	 889 	 565 	 37.0 	 53.0 	 0.17777777777777778 
444.0 	 891 	 564 	 37.0 	 54.0 	 0.18681318681318682 
445.0 	 893 	 565 	 37.0 	 54.0 	 0.18681318681318682 
446.0 	 895 	 565 	 37.0 	 54.0 	 0.18681318681318682 
447.0 	 897 	 565 	 37.0 	 54.0 	 0.18681318681318682 
448.0 	 899 	 565 	 37.0 	 54.0 	 0.18681318681318682 
449.0 	 901 	 565 	 37.0 	 54.0 	 0.18681318681318682 
450.0 	 904 	 565 	 37.0 	 55.0 	 0.1956521739130435 
451.0 	 906 	 565 	 37.0 	 55.0 	 0.1956521739130435 
452.0 	 908 	 565 	 37.0 	 54.0 	 0.18681318681318682 
453.0 	 910 	 565 	 37.0 	 55.0 	 0.1956521739130435 
454.0 	 912 	 564 	 37.0 	 55.0 	 0.1956521739130435 
455.0 	 914 	 564 	 37.0 	 54.0 	 0.18681318681318682 
456.0 	 917 	 564 	 37.0 	 54.0 	 0.18681318681318682 
457.0 	 918 	 564 	 37.0 	 55.0 	 0.1956521739130435 
458.0 	 921 	 564 	 37.0 	 54.0 	 0.18681318681318682 
459.0 	 923 	 564 	 37.0 	 55.0 	 0.1956521739130435 
460.0 	 925 	 564 	 37.0 	 55.0 	 0.1956521739130435 
461.0 	 927 	 565 	 37.0 	 54.0 	 0.18681318681318682 
462.0 	 929 	 565 	 37.0 	 55.0 	 0.1956521739130435 
463.0 	 932 	 565 	 37.0 	 56.0 	 0.20430107526881722 
464.0 	 934 	 565 	 54.0 	 37.0 	 0.18681318681318682 
465.0 	 936 	 565 	 37.0 	 54.0 	 0.18681318681318682 
466.0 	 938 	 565 	 37.0 	 56.0 	 0.20430107526881722 
467.0 	 940 	 565 	 37.0 	 54.0 	 0.18681318681318682 
468.0 	 942 	 564 	 37.0 	 55.0 	 0.1956521739130435 
469.0 	 944 	 565 	 37.0 	 55.0 	 0.1956521739130435 
470.0 	 947 	 565 	 37.0 	 54.0 	 0.18681318681318682 
471.0 	 949 	 564 	 37.0 	 54.0 	 0.18681318681318682 
472.0 	 951 	 564 	 37.0 	 55.0 	 0.1956521739130435 
473.0 	 953 	 565 	 37.0 	 55.0 	 0.1956521739130435 
474.0 	 956 	 564 	 37.0 	 54.0 	 0.18681318681318682 
475.0 	 958 	 564 	 37.0 	 56.0 	 0.20430107526881722 
476.0 	 960 	 564 	 37.0 	 56.0 	 0.20430107526881722 
477.0 	 962 	 564 	 36.0 	 54.0 	 0.2 
478.0 	 964 	 564 	 37.0 	 55.0 	 0.1956521739130435 
479.0 	 966 	 564 	 37.0 	 55.0 	 0.1956521739130435 
480.0 	 969 	 564 	 36.0 	 54.0 	 0.2 
481.0 	 971 	 564 	 36.0 	 54.0 	 0.2 
482.0 	 973 	 564 	 36.0 	 55.0 	 0.2087912087912088 
483.0 	 976 	 564 	 36.0 	 53.0 	 0.19101123595505617 
484.0 	 978 	 564 	 36.0 	 54.0 	 0.2 
485.0 	 980 	 564 	 37.0 	 55.0 	 0.1956521739130435 
486.0 	 982 	 564 	 36.0 	 54.0 	 0.2 
487.0 	 984 	 564 	 36.0 	 55.0 	 0.2087912087912088 
488.0 	 987 	 564 	 36.0 	 55.0 	 0.2087912087912088 
489.0 	 989 	 564 	 36.0 	 54.0 	 0.2 
490.0 	 991 	 564 	 36.0 	 54.0 	 0.2 
491.0 	 993 	 564 	 36.0 	 54.0 	 0.2 
492.0 	 995 	 564 	 36.0 	 54.0 	 0.2 
493.0 	 997 	 564 	 36.0 	 55.0 	 0.2087912087912088 
494.0 	 1000 	 564 	 36.0 	 55.0 	 0.2087912087912088 
495.0 	 1002 	 564 	 36.0 	 55.0 	 0.2087912087912088 
496.0 	 1004 	 564 	 36.0 	 55.0 	 0.2087912087912088 
497.0 	 1007 	 564 	 36.0 	 55.0 	 0.2087912087912088 
498.0 	 1009 	 564 	 36.0 	 56.0 	 0.21739130434782608 
499.0 	 1011 	 564 	 36.0 	 55.0 	 0.2087912087912088 
500.0 	 1013 	 564 	 36.0 	 55.0 	 0.2087912087912088 
501.0 	 1016 	 564 	 36.0 	 55.0 	 0.2087912087912088 
502.0 	 1018 	 564 	 36.0 	 54.0 	 0.2 
503.0 	 1020 	 564 	 36.0 	 56.0 	 0.21739130434782608 
504.0 	 1022 	 564 	 36.0 	 56.0 	 0.21739130434782608 
505.0 	 1024 	 564 	 35.0 	 55.0 	 0.2222222222222222 
506.0 	 1027 	 564 	 35.0 	 56.0 	 0.23076923076923078 
507.0 	 1029 	 564 	 35.0 	 56.0 	 0.23076923076923078 
508.0 	 1032 	 564 	 35.0 	 55.0 	 0.2222222222222222 
509.0 	 1034 	 564 	 35.0 	 56.0 	 0.23076923076923078 
510.0 	 1036 	 564 	 35.0 	 56.0 	 0.23076923076923078 
511.0 	 1039 	 564 	 35.0 	 55.0 	 0.2222222222222222 
512.0 	 1040 	 564 	 35.0 	 55.0 	 0.2222222222222222 
513.0 	 1043 	 564 	 35.0 	 56.0 	 0.23076923076923078 
514.0 	 1045 	 564 	 35.0 	 55.0 	 0.2222222222222222 
515.0 	 1048 	 564 	 35.0 	 55.0 	 0.2222222222222222 
516.0 	 1050 	 564 	 35.0 	 56.0 	 0.23076923076923078 
517.0 	 1052 	 564 	 35.0 	 56.0 	 0.23076923076923078 
518.0 	 1054 	 564 	 35.0 	 55.0 	 0.2222222222222222 
519.0 	 1057 	 564 	 35.0 	 56.0 	 0.23076923076923078 
520.0 	 1059 	 564 	 35.0 	 56.0 	 0.23076923076923078 
521.0 	 1061 	 564 	 35.0 	 55.0 	 0.2222222222222222 
522.0 	 1063 	 564 	 35.0 	 57.0 	 0.2391304347826087 
523.0 	 1065 	 564 	 35.0 	 57.0 	 0.2391304347826087 
524.0 	 1068 	 564 	 35.0 	 56.0 	 0.23076923076923078 
525.0 	 1070 	 564 	 35.0 	 56.0 	 0.23076923076923078 
526.0 	 1072 	 564 	 35.0 	 57.0 	 0.2391304347826087 
527.0 	 1075 	 564 	 35.0 	 56.0 	 0.23076923076923078 
528.0 	 1077 	 564 	 35.0 	 56.0 	 0.23076923076923078 
529.0 	 1079 	 564 	 35.0 	 56.0 	 0.23076923076923078 
530.0 	 1081 	 564 	 35.0 	 56.0 	 0.23076923076923078 
531.0 	 1084 	 564 	 35.0 	 56.0 	 0.23076923076923078 
532.0 	 1086 	 564 	 35.0 	 57.0 	 0.2391304347826087 
533.0 	 1088 	 564 	 35.0 	 56.0 	 0.23076923076923078 
534.0 	 1091 	 564 	 35.0 	 56.0 	 0.23076923076923078 
535.0 	 1093 	 564 	 35.0 	 56.0 	 0.23076923076923078 
536.0 	 1096 	 564 	 35.0 	 56.0 	 0.23076923076923078 
537.0 	 1098 	 564 	 35.0 	 56.0 	 0.23076923076923078 
538.0 	 1100 	 564 	 35.0 	 56.0 	 0.23076923076923078 
539.0 	 1103 	 564 	 34.0 	 56.0 	 0.24444444444444444 
540.0 	 1105 	 564 	 35.0 	 56.0 	 0.23076923076923078 
541.0 	 1107 	 564 	 35.0 	 56.0 	 0.23076923076923078 
542.0 	 1109 	 564 	 35.0 	 56.0 	 0.23076923076923078 
543.0 	 1112 	 564 	 35.0 	 55.0 	 0.2222222222222222 
544.0 	 1114 	 564 	 35.0 	 56.0 	 0.23076923076923078 
545.0 	 1116 	 564 	 35.0 	 56.0 	 0.23076923076923078 
546.0 	 1119 	 564 	 34.0 	 56.0 	 0.24444444444444444 
547.0 	 1121 	 564 	 34.0 	 56.0 	 0.24444444444444444 
548.0 	 1123 	 564 	 35.0 	 56.0 	 0.23076923076923078 
549.0 	 1126 	 564 	 56.57931900024414 	 35.00627136230469 	 0.23555067508481228 
550.0 	 1127 	 564 	 35.0 	 57.0 	 0.2391304347826087 
551.0 	 1130 	 564 	 35.0 	 57.0 	 0.2391304347826087 
552.0 	 1132 	 564 	 35.0 	 56.0 	 0.23076923076923078 
553.0 	 1134 	 564 	 35.0 	 56.0 	 0.23076923076923078 
554.0 	 1137 	 564 	 35.0 	 56.0 	 0.23076923076923078 
555.0 	 1139 	 564 	 35.0 	 56.0 	 0.23076923076923078 
556.0 	 1141 	 564 	 35.0 	 57.0 	 0.2391304347826087 
557.0 	 1144 	 565 	 35.0 	 57.0 	 0.2391304347826087 
558.0 	 1146 	 565 	 35.0 	 57.0 	 0.2391304347826087 
559.0 	 1148 	 565 	 35.0 	 56.0 	 0.23076923076923078 
560.0 	 1150 	 565 	 35.0 	 56.0 	 0.23076923076923078 
561.0 	 1152 	 565 	 35.0 	 57.0 	 0.2391304347826087 
562.0 	 1155 	 565 	 56.90323257446289 	 35.02001190185547 	 0.238059707283777 
563.0 	 1157 	 565 	 56.14203643798828 	 34.78943634033203 	 0.23482078806433992 
564.0 	 1160 	 565 	 34.0 	 57.0 	 0.25274725274725274 
565.0 	 1162 	 565 	 33.0 	 57.0 	 0.26666666666666666 
566.0 	 1164 	 565 	 33.0 	 57.0 	 0.26666666666666666 
567.0 	 1167 	 565 	 34.0 	 58.0 	 0.2608695652173913 
568.0 	 1169 	 565 	 34.0 	 58.0 	 0.2608695652173913 
569.0 	 1171 	 565 	 34.0 	 58.0 	 0.2608695652173913 
570.0 	 1174 	 565 	 34.0 	 58.0 	 0.2608695652173913 
571.0 	 1176 	 564 	 34.0 	 57.0 	 0.25274725274725274 
572.0 	 1178 	 564 	 34.0 	 57.0 	 0.25274725274725274 
573.0 	 1180 	 564 	 34.0 	 58.0 	 0.2608695652173913 
574.0 	 1183 	 564 	 34.0 	 58.0 	 0.2608695652173913 
575.0 	 1185 	 564 	 34.0 	 57.0 	 0.25274725274725274 
576.0 	 1187 	 564 	 34.0 	 57.0 	 0.25274725274725274 
577.0 	 1189 	 564 	 34.0 	 57.0 	 0.25274725274725274 
578.0 	 1191 	 564 	 34.0 	 57.0 	 0.25274725274725274 
579.0 	 1194 	 564 	 34.0 	 57.0 	 0.25274725274725274 
580.0 	 1196 	 564 	 34.0 	 58.0 	 0.2608695652173913 
581.0 	 1198 	 564 	 34.0 	 58.0 	 0.2608695652173913 
582.0 	 1200 	 564 	 34.0 	 57.0 	 0.25274725274725274 
583.0 	 1203 	 564 	 34.0 	 58.0 	 0.2608695652173913 
584.0 	 1205 	 564 	 34.0 	 58.0 	 0.2608695652173913 
585.0 	 1208 	 564 	 34.0 	 57.0 	 0.25274725274725274 
586.0 	 1210 	 564 	 34.0 	 57.0 	 0.25274725274725274 
587.0 	 1212 	 564 	 34.0 	 57.0 	 0.25274725274725274 
588.0 	 1215 	 564 	 34.0 	 56.0 	 0.24444444444444444 
589.0 	 1217 	 564 	 34.0 	 57.0 	 0.25274725274725274 
590.0 	 1219 	 564 	 34.0 	 57.0 	 0.25274725274725274 
591.0 	 1221 	 564 	 34.0 	 56.0 	 0.24444444444444444 
592.0 	 1223 	 564 	 34.0 	 57.0 	 0.25274725274725274 
593.0 	 1226 	 564 	 34.0 	 56.0 	 0.24444444444444444 
594.0 	 1228 	 564 	 34.0 	 56.0 	 0.24444444444444444 
595.0 	 1230 	 564 	 34.0 	 56.0 	 0.24444444444444444 
596.0 	 1233 	 564 	 34.0 	 57.0 	 0.25274725274725274 
597.0 	 1235 	 564 	 34.0 	 58.0 	 0.2608695652173913 
598.0 	 1237 	 564 	 34.0 	 56.0 	 0.24444444444444444 
599.0 	 1240 	 564 	 33.0 	 57.0 	 0.26666666666666666 
600.0 	 1242 	 564 	 34.0 	 57.0 	 0.25274725274725274 
601.0 	 1244 	 564 	 56.0 	 34.0 	 0.24444444444444444 
602.0 	 1246 	 564 	 34.0 	 57.0 	 0.25274725274725274 
603.0 	 1249 	 564 	 34.0 	 58.0 	 0.2608695652173913 
604.0 	 1251 	 564 	 34.0 	 58.0 	 0.2608695652173913 
605.0 	 1253 	 564 	 34.0 	 57.0 	 0.25274725274725274 
606.0 	 1256 	 564 	 34.0 	 58.0 	 0.2608695652173913 
607.0 	 1258 	 564 	 34.0 	 56.0 	 0.24444444444444444 
608.0 	 1260 	 564 	 34.0 	 56.0 	 0.24444444444444444 
609.0 	 1262 	 564 	 35.0 	 57.0 	 0.2391304347826087 
610.0 	 1265 	 564 	 57.02317810058594 	 34.89064025878906 	 0.24079663141901672 
611.0 	 1267 	 564 	 56.141841888427734 	 34.74351501464844 	 0.23544306368955936 
612.0 	 1269 	 564 	 35.0 	 57.0 	 0.2391304347826087 
613.0 	 1272 	 564 	 34.0 	 57.0 	 0.25274725274725274 
614.0 	 1274 	 564 	 34.0 	 56.0 	 0.24444444444444444 
615.0 	 1276 	 564 	 34.0 	 57.0 	 0.25274725274725274 
616.0 	 1278 	 564 	 34.0 	 56.0 	 0.24444444444444444 
617.0 	 1281 	 564 	 34.0 	 55.0 	 0.23595505617977527 
618.0 	 1282 	 564 	 34.0 	 58.0 	 0.2608695652173913 
619.0 	 1285 	 564 	 35.0 	 57.0 	 0.2391304347826087 
620.0 	 1287 	 564 	 34.0 	 56.0 	 0.24444444444444444 
621.0 	 1289 	 564 	 34.0 	 57.0 	 0.25274725274725274 
622.0 	 1292 	 564 	 34.0 	 58.0 	 0.2608695652173913 
623.0 	 1294 	 564 	 34.0 	 56.0 	 0.24444444444444444 
624.0 	 1296 	 564 	 34.0 	 57.0 	 0.25274725274725274 
625.0 	 1299 	 564 	 34.0 	 58.0 	 0.2608695652173913 
626.0 	 1301 	 564 	 34.0 	 56.0 	 0.24444444444444444 
627.0 	 1304 	 564 	 34.0 	 56.0 	 0.24444444444444444 
628.0 	 1306 	 564 	 35.0 	 58.0 	 0.24731182795698925 
629.0 	 1308 	 564 	 34.0 	 58.0 	 0.2608695652173913 
630.0 	 1310 	 564 	 35.0 	 56.0 	 0.23076923076923078 
631.0 	 1312 	 564 	 34.0 	 58.0 	 0.2608695652173913 
632.0 	 1315 	 564 	 34.0 	 57.0 	 0.25274725274725274 
633.0 	 1317 	 564 	 35.0 	 55.0 	 0.2222222222222222 
634.0 	 1319 	 564 	 35.0 	 58.0 	 0.24731182795698925 
635.0 	 1321 	 564 	 35.0 	 57.0 	 0.2391304347826087 
636.0 	 1324 	 564 	 35.0 	 56.0 	 0.23076923076923078 
637.0 	 1326 	 564 	 34.0 	 57.0 	 0.25274725274725274 
638.0 	 1328 	 564 	 34.0 	 58.0 	 0.2608695652173913 
639.0 	 1330 	 564 	 34.0 	 56.0 	 0.24444444444444444 
640.0 	 1333 	 564 	 34.0 	 57.0 	 0.25274725274725274 
641.0 	 1335 	 564 	 34.0 	 58.0 	 0.2608695652173913 
642.0 	 1337 	 564 	 34.0 	 57.0 	 0.25274725274725274 
643.0 	 1339 	 564 	 34.0 	 57.0 	 0.25274725274725274 
644.0 	 1342 	 564 	 34.0 	 58.0 	 0.2608695652173913 
645.0 	 1344 	 564 	 34.0 	 56.0 	 0.24444444444444444 
646.0 	 1346 	 564 	 34.0 	 56.0 	 0.24444444444444444 
647.0 	 1348 	 564 	 35.0 	 58.0 	 0.24731182795698925 
648.0 	 1351 	 564 	 34.0 	 57.0 	 0.25274725274725274 
649.0 	 1353 	 564 	 33.0 	 57.0 	 0.26666666666666666 
650.0 	 1355 	 564 	 34.0 	 58.0 	 0.2608695652173913 
651.0 	 1358 	 564 	 34.0 	 57.0 	 0.25274725274725274 
652.0 	 1360 	 564 	 34.0 	 56.0 	 0.24444444444444444 
653.0 	 1362 	 564 	 34.0 	 58.0 	 0.2608695652173913 
654.0 	 1364 	 564 	 34.0 	 57.0 	 0.25274725274725274 
655.0 	 1367 	 564 	 34.0 	 57.0 	 0.25274725274725274 
656.0 	 1369 	 564 	 34.0 	 57.0 	 0.25274725274725274 
657.0 	 1371 	 564 	 34.0 	 58.0 	 0.2608695652173913 
658.0 	 1373 	 564 	 34.0 	 56.0 	 0.24444444444444444 
659.0 	 1376 	 564 	 34.0 	 57.0 	 0.25274725274725274 
660.0 	 1378 	 564 	 34.0 	 58.0 	 0.2608695652173913 
661.0 	 1380 	 564 	 33.0 	 56.0 	 0.25842696629213485 
662.0 	 1383 	 564 	 33.0 	 56.0 	 0.25842696629213485 
663.0 	 1385 	 564 	 34.0 	 58.0 	 0.2608695652173913 
664.0 	 1387 	 564 	 33.0 	 56.0 	 0.25842696629213485 
665.0 	 1389 	 564 	 33.0 	 57.0 	 0.26666666666666666 
666.0 	 1392 	 564 	 34.0 	 57.0 	 0.25274725274725274 
667.0 	 1394 	 564 	 33.0 	 57.0 	 0.26666666666666666 
668.0 	 1396 	 564 	 33.0 	 56.0 	 0.25842696629213485 
669.0 	 1399 	 564 	 34.0 	 57.0 	 0.25274725274725274 
670.0 	 1401 	 564 	 34.0 	 56.0 	 0.24444444444444444 
671.0 	 1403 	 564 	 33.0 	 56.0 	 0.25842696629213485 
672.0 	 1405 	 564 	 34.0 	 57.0 	 0.25274725274725274 
673.0 	 1408 	 564 	 33.0 	 57.0 	 0.26666666666666666 
674.0 	 1410 	 564 	 33.0 	 56.0 	 0.25842696629213485 
675.0 	 1413 	 564 	 33.0 	 57.0 	 0.26666666666666666 
676.0 	 1415 	 564 	 34.0 	 57.0 	 0.25274725274725274 
677.0 	 1417 	 564 	 34.0 	 56.0 	 0.24444444444444444 
678.0 	 1419 	 564 	 34.0 	 57.0 	 0.25274725274725274 
679.0 	 1420 	 564 	 34.0 	 58.0 	 0.2608695652173913 
680.0 	 1424 	 564 	 34.0 	 61.0 	 0.28421052631578947 
681.0 	 1427 	 564 	 33.0 	 60.0 	 0.2903225806451613 
682.0 	 1429 	 564 	 34.0 	 60.0 	 0.2765957446808511 
683.0 	 1431 	 564 	 34.0 	 58.0 	 0.2608695652173913 
684.0 	 1433 	 564 	 34.0 	 58.0 	 0.2608695652173913 
685.0 	 1435 	 564 	 34.0 	 58.0 	 0.2608695652173913 
686.0 	 1437 	 564 	 33.0 	 58.0 	 0.27472527472527475 
687.0 	 1439 	 564 	 34.0 	 57.0 	 0.25274725274725274 
688.0 	 1441 	 564 	 34.0 	 58.0 	 0.2608695652173913 
689.0 	 1443 	 564 	 34.0 	 58.0 	 0.2608695652173913 
690.0 	 1445 	 564 	 34.0 	 57.0 	 0.25274725274725274 
691.0 	 1448 	 564 	 34.0 	 57.0 	 0.25274725274725274 
692.0 	 1450 	 564 	 34.0 	 57.0 	 0.25274725274725274 
693.0 	 1452 	 564 	 34.0 	 56.0 	 0.24444444444444444 
694.0 	 1455 	 564 	 34.0 	 57.0 	 0.25274725274725274 
695.0 	 1457 	 564 	 34.0 	 58.0 	 0.2608695652173913 
696.0 	 1459 	 564 	 34.0 	 58.0 	 0.2608695652173913 
697.0 	 1461 	 564 	 34.0 	 56.0 	 0.24444444444444444 
698.0 	 1463 	 564 	 35.0 	 56.0 	 0.23076923076923078 
699.0 	 1466 	 564 	 35.0 	 57.0 	 0.2391304347826087 
700.0 	 1467 	 564 	 35.0 	 56.0 	 0.23076923076923078 
701.0 	 1470 	 564 	 35.0 	 57.0 	 0.2391304347826087 
702.0 	 1472 	 564 	 35.0 	 57.0 	 0.2391304347826087 
703.0 	 1474 	 564 	 34.75658416748047 	 58.27720260620117 	 0.25281802723926594 
704.0 	 1476 	 564 	 35.0 	 60.0 	 0.2631578947368421 
705.0 	 1478 	 564 	 35.0 	 60.0 	 0.2631578947368421 
706.0 	 1481 	 564 	 35.0 	 55.0 	 0.2222222222222222 
707.0 	 1483 	 564 	 35.0 	 56.0 	 0.23076923076923078 
708.0 	 1485 	 564 	 35.0 	 56.0 	 0.23076923076923078 
709.0 	 1487 	 564 	 35.0 	 55.0 	 0.2222222222222222 
710.0 	 1489 	 564 	 35.0 	 55.0 	 0.2222222222222222 
711.0 	 1491 	 564 	 35.0 	 57.0 	 0.2391304347826087 
712.0 	 1493 	 564 	 35.0 	 56.0 	 0.23076923076923078 
713.0 	 1495 	 564 	 35.0 	 55.0 	 0.2222222222222222 
714.0 	 1497 	 564 	 36.0 	 56.0 	 0.21739130434782608 
715.0 	 1499 	 564 	 36.0 	 56.0 	 0.21739130434782608 
716.0 	 1501 	 564 	 36.0 	 55.0 	 0.2087912087912088 
717.0 	 1503 	 564 	 36.0 	 56.0 	 0.21739130434782608 
718.0 	 1505 	 564 	 36.08637237548828 	 56.73887634277344 	 0.22248800032810623 
719.0 	 1507 	 564 	 35.0 	 55.0 	 0.2222222222222222 
720.0 	 1509 	 564 	 35.0 	 56.0 	 0.23076923076923078 
721.0 	 1511 	 564 	 36.0 	 56.0 	 0.21739130434782608 
722.0 	 1514 	 564 	 35.0 	 54.0 	 0.21348314606741572 
723.0 	 1516 	 564 	 35.0 	 55.0 	 0.2222222222222222 
724.0 	 1518 	 564 	 36.0 	 57.0 	 0.22580645161290322 
725.0 	 1520 	 564 	 35.0 	 55.0 	 0.2222222222222222 
726.0 	 1522 	 564 	 55.0 	 35.0 	 0.2222222222222222 
727.0 	 1524 	 564 	 35.0 	 56.0 	 0.23076923076923078 
728.0 	 1527 	 564 	 34.0 	 55.0 	 0.23595505617977527 
729.0 	 1529 	 564 	 34.0 	 53.0 	 0.21839080459770116 
730.0 	 1531 	 564 	 35.0 	 55.0 	 0.2222222222222222 
731.0 	 1532 	 564 	 35.0 	 53.0 	 0.20454545454545456 
732.0 	 1535 	 564 	 35.0 	 53.0 	 0.20454545454545456 
733.0 	 1537 	 564 	 35.0 	 55.0 	 0.2222222222222222 
734.0 	 1539 	 564 	 36.0 	 55.0 	 0.2087912087912088 
735.0 	 1541 	 564 	 35.0 	 54.0 	 0.21348314606741572 
736.0 	 1543 	 564 	 35.0 	 55.0 	 0.2222222222222222 
737.0 	 1545 	 564 	 36.0 	 55.0 	 0.2087912087912088 
738.0 	 1547 	 564 	 35.0 	 53.0 	 0.20454545454545456 
739.0 	 1549 	 564 	 36.0 	 54.0 	 0.2 
740.0 	 1551 	 564 	 36.0 	 55.0 	 0.2087912087912088 
741.0 	 1553 	 564 	 35.0 	 54.0 	 0.21348314606741572 
742.0 	 1556 	 564 	 35.0 	 54.0 	 0.21348314606741572 
743.0 	 1558 	 564 	 35.0 	 55.0 	 0.2222222222222222 
744.0 	 1559 	 564 	 35.0 	 54.0 	 0.21348314606741572 
745.0 	 1562 	 564 	 34.0 	 53.0 	 0.21839080459770116 
746.0 	 1564 	 564 	 35.0 	 55.0 	 0.2222222222222222 
747.0 	 1566 	 564 	 34.0 	 54.0 	 0.22727272727272727 
748.0 	 1568 	 564 	 34.0 	 53.0 	 0.21839080459770116 
749.0 	 1570 	 565 	 33.0 	 55.0 	 0.25 
750.0 	 1572 	 564 	 54.0 	 34.0 	 0.22727272727272727 
751.0 	 1575 	 564 	 34.0 	 52.0 	 0.20930232558139536 
752.0 	 1576 	 564 	 34.0 	 54.0 	 0.22727272727272727 
753.0 	 1579 	 564 	 34.0 	 54.0 	 0.22727272727272727 
754.0 	 1581 	 564 	 52.0 	 33.0 	 0.2235294117647059 
755.0 	 1583 	 564 	 34.0 	 53.0 	 0.21839080459770116 
756.0 	 1585 	 564 	 34.0 	 54.0 	 0.22727272727272727 
757.0 	 1587 	 564 	 32.0 	 52.0 	 0.23809523809523808 
758.0 	 1589 	 564 	 32.0 	 54.0 	 0.2558139534883721 
759.0 	 1592 	 564 	 34.0 	 54.0 	 0.22727272727272727 
760.0 	 1594 	 564 	 32.0 	 52.0 	 0.23809523809523808 
761.0 	 1596 	 564 	 34.0 	 53.0 	 0.21839080459770116 
762.0 	 1597 	 564 	 34.0 	 54.0 	 0.22727272727272727 
763.0 	 1600 	 564 	 33.0 	 53.0 	 0.23255813953488372 
764.0 	 1602 	 564 	 32.0 	 51.0 	 0.2289156626506024 
765.0 	 1604 	 564 	 34.0 	 53.0 	 0.21839080459770116 
766.0 	 1607 	 564 	 32.0 	 52.0 	 0.23809523809523808 
767.0 	 1609 	 564 	 32.0 	 50.0 	 0.21951219512195122 
768.0 	 1610 	 564 	 33.0 	 54.0 	 0.2413793103448276 
769.0 	 1612 	 564 	 33.0 	 53.0 	 0.23255813953488372 
770.0 	 1615 	 564 	 32.0 	 51.0 	 0.2289156626506024 
771.0 	 1617 	 564 	 33.0 	 54.0 	 0.2413793103448276 
772.0 	 1619 	 564 	 32.0 	 55.0 	 0.26436781609195403 
773.0 	 1621 	 564 	 31.0 	 52.0 	 0.25301204819277107 
774.0 	 1623 	 564 	 32.0 	 54.0 	 0.2558139534883721 
775.0 	 1625 	 564 	 33.0 	 55.0 	 0.25 
776.0 	 1627 	 564 	 32.0 	 52.0 	 0.23809523809523808 
777.0 	 1629 	 564 	 53.0 	 33.0 	 0.23255813953488372 
778.0 	 1631 	 564 	 33.0 	 54.0 	 0.2413793103448276 
779.0 	 1634 	 564 	 32.0 	 52.0 	 0.23809523809523808 
780.0 	 1636 	 564 	 31.75054931640625 	 53.271060943603516 	 0.25311813739335304 
781.0 	 1638 	 564 	 32.0 	 53.0 	 0.24705882352941178 
782.0 	 1640 	 564 	 31.0 	 51.0 	 0.24390243902439024 
783.0 	 1642 	 564 	 31.0 	 50.0 	 0.2345679012345679 
784.0 	 1644 	 564 	 32.0 	 52.0 	 0.23809523809523808 
785.0 	 1646 	 564 	 31.0 	 52.0 	 0.25301204819277107 
786.0 	 1648 	 564 	 31.0 	 50.0 	 0.2345679012345679 
787.0 	 1650 	 564 	 32.0 	 52.0 	 0.23809523809523808 
788.0 	 1652 	 564 	 32.0 	 52.0 	 0.23809523809523808 
789.0 	 1655 	 564 	 30.0 	 49.0 	 0.24050632911392406 
790.0 	 1657 	 564 	 32.0 	 51.0 	 0.2289156626506024 
791.0 	 1659 	 564 	 53.0 	 32.0 	 0.24705882352941178 
792.0 	 1661 	 564 	 30.0 	 51.0 	 0.25925925925925924 
793.0 	 1663 	 564 	 30.0 	 51.0 	 0.25925925925925924 
794.0 	 1665 	 564 	 31.0 	 52.0 	 0.25301204819277107 
795.0 	 1668 	 564 	 30.0 	 49.0 	 0.24050632911392406 
796.0 	 1670 	 564 	 32.0 	 51.0 	 0.2289156626506024 
797.0 	 1672 	 564 	 32.0 	 52.0 	 0.23809523809523808 
798.0 	 1674 	 564 	 32.0 	 50.0 	 0.21951219512195122 
799.0 	 1676 	 564 	 31.0 	 50.0 	 0.2345679012345679 
800.0 	 1678 	 564 	 53.0 	 33.0 	 0.23255813953488372 
801.0 	 1681 	 564 	 32.0 	 51.0 	 0.2289156626506024 
802.0 	 1683 	 564 	 31.0 	 50.0 	 0.2345679012345679 
803.0 	 1685 	 564 	 31.0 	 52.0 	 0.25301204819277107 
804.0 	 1687 	 564 	 30.0 	 51.0 	 0.25925925925925924 
805.0 	 1690 	 564 	 29.0 	 51.0 	 0.275 
806.0 	 1691 	 563 	 31.0 	 53.0 	 0.2619047619047619 
807.0 	 1694 	 563 	 31.0 	 52.0 	 0.25301204819277107 
808.0 	 1696 	 564 	 51.0 	 30.0 	 0.25925925925925924 
809.0 	 1698 	 564 	 31.0 	 52.0 	 0.25301204819277107 
810.0 	 1700 	 564 	 31.0 	 53.0 	 0.2619047619047619 
811.0 	 1703 	 563 	 31.0 	 51.0 	 0.24390243902439024 
812.0 	 1705 	 563 	 31.0 	 53.0 	 0.2619047619047619 
813.0 	 1707 	 564 	 31.0 	 54.0 	 0.27058823529411763 
814.0 	 1709 	 563 	 30.0 	 52.0 	 0.2682926829268293 
815.0 	 1712 	 564 	 30.0 	 51.0 	 0.25925925925925924 
816.0 	 1713 	 564 	 32.0 	 53.0 	 0.24705882352941178 
817.0 	 1716 	 564 	 31.0 	 52.0 	 0.25301204819277107 
818.0 	 1718 	 564 	 30.0 	 51.0 	 0.25925925925925924 
819.0 	 1720 	 564 	 30.0 	 54.0 	 0.2857142857142857 
820.0 	 1722 	 564 	 30.0 	 52.0 	 0.2682926829268293 
821.0 	 1724 	 564 	 29.0 	 51.0 	 0.275 
822.0 	 1726 	 564 	 54.0 	 31.0 	 0.27058823529411763 
823.0 	 1728 	 564 	 52.0 	 31.0 	 0.25301204819277107 
824.0 	 1731 	 564 	 28.0 	 50.0 	 0.28205128205128205 
825.0 	 1733 	 564 	 30.0 	 52.0 	 0.2682926829268293 
826.0 	 1735 	 564 	 29.0 	 53.0 	 0.2926829268292683 
827.0 	 1737 	 564 	 51.0 	 29.0 	 0.275 
828.0 	 1739 	 564 	 28.0 	 53.0 	 0.30864197530864196 
829.0 	 1742 	 564 	 30.0 	 52.0 	 0.2682926829268293 
830.0 	 1744 	 564 	 30.0 	 50.0 	 0.25 
831.0 	 1746 	 564 	 30.0 	 50.0 	 0.25 
832.0 	 1748 	 564 	 30.0 	 53.0 	 0.27710843373493976 
833.0 	 1751 	 564 	 51.15602111816406 	 29.89637565612793 	 0.26229508698229165 
834.0 	 1753 	 564 	 30.0 	 50.0 	 0.25 
835.0 	 1755 	 564 	 30.0 	 52.0 	 0.2682926829268293 
836.0 	 1757 	 564 	 30.0 	 52.0 	 0.2682926829268293 
837.0 	 1759 	 564 	 29.0 	 51.0 	 0.275 
838.0 	 1761 	 564 	 30.0 	 52.0 	 0.2682926829268293 
839.0 	 1763 	 564 	 30.0 	 53.0 	 0.27710843373493976 
840.0 	 1766 	 564 	 29.0 	 52.0 	 0.2839506172839506 
841.0 	 1768 	 564 	 28.0 	 53.0 	 0.30864197530864196 
842.0 	 1770 	 564 	 29.0 	 55.0 	 0.30952380952380953 
843.0 	 1772 	 564 	 29.0 	 53.0 	 0.2926829268292683 
844.0 	 1775 	 564 	 29.0 	 54.0 	 0.30120481927710846 
845.0 	 1776 	 564 	 30.0 	 54.0 	 0.2857142857142857 
846.0 	 1779 	 564 	 28.0 	 52.0 	 0.3 
847.0 	 1781 	 564 	 28.0 	 53.0 	 0.30864197530864196 
848.0 	 1783 	 564 	 30.0 	 54.0 	 0.2857142857142857 
849.0 	 1785 	 564 	 29.0 	 53.0 	 0.2926829268292683 
850.0 	 1787 	 563 	 51.240234375 	 28.4913387298584 	 0.2853185351707981 
851.0 	 1790 	 563 	 55.13626480102539 	 28.428224563598633 	 0.31960992570527536 
852.0 	 1792 	 564 	 28.0 	 55.0 	 0.3253012048192771 
853.0 	 1795 	 564 	 26.0 	 54.0 	 0.35 
854.0 	 1797 	 564 	 28.0 	 54.0 	 0.3170731707317073 
855.0 	 1799 	 564 	 27.0 	 54.0 	 0.3333333333333333 
856.0 	 1801 	 564 	 26.0 	 52.0 	 0.3333333333333333 
857.0 	 1803 	 564 	 26.0 	 53.0 	 0.34177215189873417 
858.0 	 1806 	 564 	 27.0 	 54.0 	 0.3333333333333333 
859.0 	 1808 	 564 	 26.0 	 51.0 	 0.3246753246753247 
860.0 	 1810 	 564 	 27.0 	 52.0 	 0.31645569620253167 
861.0 	 1813 	 564 	 26.0 	 53.0 	 0.34177215189873417 
862.0 	 1815 	 564 	 26.0 	 51.0 	 0.3246753246753247 
863.0 	 1817 	 564 	 26.0 	 51.0 	 0.3246753246753247 
864.0 	 1820 	 564 	 28.0 	 53.0 	 0.30864197530864196 
865.0 	 1822 	 564 	 26.0 	 54.0 	 0.35 
866.0 	 1824 	 564 	 25.0 	 53.0 	 0.358974358974359 
867.0 	 1826 	 565 	 26.0 	 54.0 	 0.35 
868.0 	 1828 	 564 	 26.0 	 53.0 	 0.34177215189873417 
869.0 	 1831 	 564 	 51.212486267089844 	 25.84514808654785 	 0.3291995451628404 
870.0 	 1833 	 564 	 27.0 	 54.0 	 0.3333333333333333 
871.0 	 1835 	 564 	 27.0 	 55.0 	 0.34146341463414637 
872.0 	 1837 	 564 	 26.0 	 53.0 	 0.34177215189873417 
873.0 	 1839 	 564 	 27.0 	 54.0 	 0.3333333333333333 
874.0 	 1842 	 564 	 27.0 	 56.0 	 0.3493975903614458 
875.0 	 1844 	 564 	 26.383596420288086 	 52.38371276855469 	 0.330087654586904 
876.0 	 1846 	 564 	 27.465688705444336 	 55.08119583129883 	 0.33454329961492746 
877.0 	 1849 	 564 	 26.557289123535156 	 54.11384201049805 	 0.34159125451183175 
878.0 	 1851 	 564 	 26.791501998901367 	 53.45896530151367 	 0.3323029036427105 
879.0 	 1853 	 564 	 26.7300968170166 	 55.57273483276367 	 0.3504452694711637 
880.0 	 1855 	 564 	 27.40582847595215 	 57.4058952331543 	 0.35372546913559505 
881.0 	 1857 	 564 	 27.402189254760742 	 53.19575119018555 	 0.3200275564490821 
882.0 	 1859 	 564 	 27.38315200805664 	 53.18954086303711 	 0.320287034420799 
883.0 	 1862 	 564 	 29.0 	 55.0 	 0.30952380952380953 
884.0 	 1864 	 564 	 27.434528350830078 	 52.41284942626953 	 0.31282581558493316 
885.0 	 1866 	 564 	 27.0 	 51.0 	 0.3076923076923077 
886.0 	 1868 	 564 	 27.744081497192383 	 55.124900817871094 	 0.330410951791085 
887.0 	 1870 	 564 	 27.562530517578125 	 53.035484313964844 	 0.3160493946361764 
888.0 	 1873 	 563 	 28.434694290161133 	 52.003562927246094 	 0.29300570962624667 
889.0 	 1875 	 563 	 28.0 	 56.0 	 0.3333333333333333 
890.0 	 1877 	 563 	 28.0 	 54.0 	 0.3170731707317073 
891.0 	 1879 	 563 	 28.0 	 53.0 	 0.30864197530864196 
892.0 	 1882 	 563 	 30.0 	 55.0 	 0.29411764705882354 
893.0 	 1884 	 563 	 29.0 	 55.0 	 0.30952380952380953 
894.0 	 1885 	 563 	 28.0 	 52.0 	 0.3 
895.0 	 1887 	 563 	 28.0 	 57.0 	 0.3411764705882353 
896.0 	 1890 	 563 	 55.0 	 29.0 	 0.30952380952380953 
897.0 	 1892 	 563 	 28.89982795715332 	 52.15256881713867 	 0.2868852962453123 
898.0 	 1893 	 563 	 28.76119041442871 	 50.38960266113281 	 0.273255786913676 
899.0 	 1894 	 564 	 30.0 	 49.0 	 0.24050632911392406 
900.0 	 1896 	 563 	 29.0 	 45.0 	 0.21621621621621623 
901.0 	 1897 	 563 	 28.0 	 43.0 	 0.2112676056338028 
902.0 	 1898 	 563 	 30.0 	 42.0 	 0.16666666666666666 
903.0 	 1899 	 563 	 28.0 	 39.0 	 0.16417910447761194 
904.0 	 1901 	 563 	 28.0 	 37.0 	 0.13846153846153847 
905.0 	 1902 	 563 	 30.0 	 35.0 	 0.07692307692307693 
906.0 	 1903 	 563 	 28.0 	 33.0 	 0.08196721311475409 
907.0 	 1905 	 563 	 27.0 	 30.0 	 0.05263157894736842 
908.0 	 1905 	 563 	 29.0 	 30.0 	 0.01694915254237288 
909.0 	 1906 	 563 	 29.0 	 26.0 	 0.05454545454545454 
910.0 	 1908 	 563 	 26.0 	 24.0 	 0.04 
911.0 	 1909 	 563 	 23.0 	 27.0 	 0.08 
