frame 	 x 	 y 	 width 	 height 	 deformation 
1.0 	 55 	 565 	 46.0 	 43.0 	 0.033707865168539325 
2.0 	 55 	 565 	 42.0 	 44.0 	 0.023255813953488372 
3.0 	 55 	 565 	 42.0 	 44.0 	 0.023255813953488372 
4.0 	 55 	 565 	 44.0 	 46.0 	 0.022222222222222223 
5.0 	 55 	 565 	 42.0 	 45.0 	 0.034482758620689655 
6.0 	 55 	 565 	 42.0 	 43.0 	 0.011764705882352941 
7.0 	 55 	 565 	 43.0 	 45.0 	 0.022727272727272728 
8.0 	 56 	 565 	 43.0 	 44.0 	 0.011494252873563218 
9.0 	 56 	 565 	 42.0 	 43.0 	 0.011764705882352941 
10.0 	 56 	 565 	 43.0 	 45.0 	 0.022727272727272728 
11.0 	 56 	 565 	 43.0 	 44.0 	 0.011494252873563218 
12.0 	 56 	 565 	 42.0 	 43.0 	 0.011764705882352941 
13.0 	 56 	 565 	 43.0 	 45.0 	 0.022727272727272728 
14.0 	 56 	 565 	 42.0 	 45.0 	 0.034482758620689655 
15.0 	 56 	 565 	 42.0 	 43.0 	 0.011764705882352941 
16.0 	 57 	 565 	 44.0 	 45.0 	 0.011235955056179775 
17.0 	 57 	 565 	 44.0 	 45.0 	 0.011235955056179775 
18.0 	 57 	 565 	 42.0 	 43.0 	 0.011764705882352941 
19.0 	 57 	 565 	 43.0 	 45.0 	 0.022727272727272728 
20.0 	 57 	 565 	 44.0 	 46.0 	 0.022222222222222223 
21.0 	 57 	 565 	 42.0 	 44.0 	 0.023255813953488372 
22.0 	 57 	 565 	 43.0 	 45.0 	 0.022727272727272728 
23.0 	 57 	 565 	 43.0 	 45.0 	 0.022727272727272728 
24.0 	 57 	 565 	 42.0 	 44.0 	 0.023255813953488372 
25.0 	 58 	 565 	 42.0 	 43.0 	 0.011764705882352941 
26.0 	 58 	 565 	 43.0 	 45.0 	 0.022727272727272728 
27.0 	 58 	 565 	 42.0 	 43.0 	 0.011764705882352941 
28.0 	 58 	 565 	 43.0 	 43.0 	 0.0 
29.0 	 58 	 565 	 43.0 	 45.0 	 0.022727272727272728 
30.0 	 58 	 565 	 42.0 	 44.0 	 0.023255813953488372 
31.0 	 58 	 565 	 42.0 	 44.0 	 0.023255813953488372 
32.0 	 58 	 565 	 44.0 	 44.0 	 0.0 
33.0 	 58 	 565 	 43.0 	 44.0 	 0.011494252873563218 
34.0 	 58 	 565 	 43.0 	 44.0 	 0.011494252873563218 
35.0 	 58 	 565 	 43.0 	 45.0 	 0.022727272727272728 
36.0 	 58 	 565 	 43.0 	 44.0 	 0.011494252873563218 
37.0 	 59 	 565 	 42.0 	 43.0 	 0.011764705882352941 
38.0 	 58 	 565 	 44.0 	 45.0 	 0.011235955056179775 
39.0 	 59 	 565 	 43.0 	 44.0 	 0.011494252873563218 
40.0 	 59 	 565 	 42.0 	 42.0 	 0.0 
41.0 	 59 	 565 	 43.0 	 44.0 	 0.011494252873563218 
42.0 	 59 	 565 	 43.0 	 44.0 	 0.011494252873563218 
43.0 	 59 	 565 	 42.0 	 42.0 	 0.0 
44.0 	 59 	 565 	 43.0 	 44.0 	 0.011494252873563218 
45.0 	 59 	 565 	 43.0 	 43.0 	 0.0 
46.0 	 59 	 565 	 42.0 	 43.0 	 0.011764705882352941 
47.0 	 59 	 565 	 43.0 	 44.0 	 0.011494252873563218 
48.0 	 59 	 565 	 43.0 	 44.0 	 0.011494252873563218 
49.0 	 59 	 565 	 42.0 	 43.0 	 0.011764705882352941 
50.0 	 59 	 565 	 43.0 	 45.0 	 0.022727272727272728 
51.0 	 59 	 565 	 43.0 	 45.0 	 0.022727272727272728 
52.0 	 60 	 565 	 42.0 	 43.0 	 0.011764705882352941 
53.0 	 60 	 565 	 43.0 	 44.0 	 0.011494252873563218 
54.0 	 60 	 565 	 43.0 	 44.0 	 0.011494252873563218 
55.0 	 60 	 565 	 42.0 	 43.0 	 0.011764705882352941 
56.0 	 60 	 565 	 43.0 	 44.0 	 0.011494252873563218 
57.0 	 60 	 565 	 43.0 	 45.0 	 0.022727272727272728 
58.0 	 61 	 565 	 43.0 	 44.0 	 0.011494252873563218 
59.0 	 61 	 565 	 43.0 	 45.0 	 0.022727272727272728 
60.0 	 62 	 565 	 43.0 	 45.0 	 0.022727272727272728 
61.0 	 62 	 565 	 42.0 	 43.0 	 0.011764705882352941 
62.0 	 63 	 565 	 42.0 	 43.0 	 0.011764705882352941 
63.0 	 63 	 565 	 43.0 	 44.0 	 0.011494252873563218 
64.0 	 64 	 565 	 42.0 	 43.0 	 0.011764705882352941 
65.0 	 65 	 565 	 42.0 	 43.0 	 0.011764705882352941 
66.0 	 66 	 565 	 43.0 	 45.0 	 0.022727272727272728 
67.0 	 67 	 565 	 42.0 	 43.0 	 0.011764705882352941 
68.0 	 68 	 565 	 42.0 	 43.0 	 0.011764705882352941 
69.0 	 69 	 565 	 43.0 	 45.0 	 0.022727272727272728 
70.0 	 71 	 565 	 42.0 	 44.0 	 0.023255813953488372 
71.0 	 72 	 565 	 41.0 	 43.0 	 0.023809523809523808 
72.0 	 74 	 565 	 42.0 	 44.0 	 0.023255813953488372 
73.0 	 75 	 565 	 42.0 	 44.0 	 0.023255813953488372 
74.0 	 77 	 565 	 41.0 	 42.0 	 0.012048192771084338 
75.0 	 78 	 565 	 42.0 	 45.0 	 0.034482758620689655 
76.0 	 79 	 565 	 42.0 	 44.0 	 0.023255813953488372 
77.0 	 81 	 564 	 41.0 	 42.0 	 0.012048192771084338 
78.0 	 83 	 565 	 43.0 	 44.0 	 0.011494252873563218 
79.0 	 84 	 565 	 43.0 	 45.0 	 0.022727272727272728 
80.0 	 86 	 565 	 41.0 	 43.0 	 0.023809523809523808 
81.0 	 88 	 565 	 43.0 	 44.0 	 0.011494252873563218 
82.0 	 89 	 565 	 43.0 	 43.0 	 0.0 
83.0 	 91 	 565 	 40.0 	 43.0 	 0.03614457831325301 
84.0 	 93 	 565 	 41.0 	 45.0 	 0.046511627906976744 
85.0 	 95 	 565 	 42.0 	 44.0 	 0.023255813953488372 
86.0 	 96 	 565 	 41.0 	 43.0 	 0.023809523809523808 
87.0 	 98 	 565 	 41.0 	 45.0 	 0.046511627906976744 
88.0 	 100 	 565 	 41.0 	 46.0 	 0.05747126436781609 
89.0 	 102 	 565 	 41.0 	 44.0 	 0.03529411764705882 
90.0 	 104 	 565 	 41.0 	 45.0 	 0.046511627906976744 
91.0 	 106 	 565 	 41.0 	 47.0 	 0.06818181818181818 
92.0 	 108 	 565 	 41.0 	 44.0 	 0.03529411764705882 
93.0 	 110 	 565 	 40.0 	 44.0 	 0.047619047619047616 
94.0 	 112 	 565 	 41.0 	 46.0 	 0.05747126436781609 
95.0 	 113 	 565 	 41.0 	 45.0 	 0.046511627906976744 
96.0 	 115 	 565 	 40.0 	 44.0 	 0.047619047619047616 
97.0 	 117 	 565 	 40.0 	 46.0 	 0.06976744186046512 
98.0 	 119 	 565 	 40.0 	 45.0 	 0.058823529411764705 
99.0 	 121 	 565 	 39.0 	 43.0 	 0.04878048780487805 
100.0 	 124 	 565 	 40.0 	 46.0 	 0.06976744186046512 
101.0 	 126 	 565 	 40.0 	 46.0 	 0.06976744186046512 
102.0 	 127 	 564 	 39.0 	 45.0 	 0.07142857142857142 
103.0 	 130 	 565 	 40.0 	 47.0 	 0.08045977011494253 
104.0 	 131 	 565 	 40.0 	 47.0 	 0.08045977011494253 
105.0 	 133 	 565 	 39.0 	 45.0 	 0.07142857142857142 
106.0 	 135 	 565 	 40.0 	 46.0 	 0.06976744186046512 
107.0 	 137 	 565 	 40.0 	 47.0 	 0.08045977011494253 
108.0 	 139 	 565 	 38.0 	 45.0 	 0.08433734939759036 
109.0 	 142 	 565 	 46.0 	 39.0 	 0.08235294117647059 
110.0 	 143 	 565 	 40.0 	 48.0 	 0.09090909090909091 
111.0 	 145 	 565 	 39.0 	 46.0 	 0.08235294117647059 
112.0 	 148 	 565 	 39.0 	 48.0 	 0.10344827586206896 
113.0 	 150 	 565 	 39.0 	 49.0 	 0.11363636363636363 
114.0 	 152 	 565 	 39.0 	 47.0 	 0.09302325581395349 
115.0 	 154 	 565 	 39.0 	 47.0 	 0.09302325581395349 
116.0 	 156 	 565 	 39.0 	 48.0 	 0.10344827586206896 
117.0 	 158 	 565 	 40.0 	 48.0 	 0.09090909090909091 
118.0 	 160 	 565 	 40.0 	 48.0 	 0.09090909090909091 
119.0 	 162 	 565 	 40.0 	 50.0 	 0.1111111111111111 
120.0 	 165 	 565 	 40.0 	 48.0 	 0.09090909090909091 
121.0 	 167 	 565 	 38.0 	 47.0 	 0.10588235294117647 
122.0 	 169 	 565 	 39.0 	 48.0 	 0.10344827586206896 
123.0 	 171 	 565 	 39.0 	 49.0 	 0.11363636363636363 
124.0 	 173 	 565 	 38.0 	 46.0 	 0.09523809523809523 
125.0 	 175 	 565 	 40.0 	 49.0 	 0.10112359550561797 
126.0 	 177 	 565 	 40.0 	 47.0 	 0.08045977011494253 
127.0 	 180 	 565 	 38.0 	 46.0 	 0.09523809523809523 
128.0 	 181 	 565 	 40.0 	 48.0 	 0.09090909090909091 
129.0 	 183 	 565 	 40.0 	 49.0 	 0.10112359550561797 
130.0 	 185 	 565 	 40.0 	 47.0 	 0.08045977011494253 
131.0 	 187 	 565 	 40.0 	 49.0 	 0.10112359550561797 
132.0 	 190 	 565 	 40.0 	 50.0 	 0.1111111111111111 
133.0 	 192 	 565 	 39.0 	 48.0 	 0.10344827586206896 
134.0 	 194 	 565 	 40.0 	 50.0 	 0.1111111111111111 
135.0 	 196 	 565 	 40.0 	 50.0 	 0.1111111111111111 
136.0 	 198 	 565 	 38.0 	 49.0 	 0.12643678160919541 
137.0 	 200 	 565 	 39.0 	 50.0 	 0.12359550561797752 
138.0 	 202 	 565 	 40.0 	 50.0 	 0.1111111111111111 
139.0 	 205 	 565 	 39.0 	 49.0 	 0.11363636363636363 
140.0 	 207 	 565 	 39.0 	 49.0 	 0.11363636363636363 
141.0 	 209 	 565 	 40.0 	 51.0 	 0.12087912087912088 
142.0 	 211 	 565 	 39.0 	 49.0 	 0.11363636363636363 
143.0 	 213 	 565 	 40.0 	 48.0 	 0.09090909090909091 
144.0 	 215 	 565 	 40.0 	 50.0 	 0.1111111111111111 
145.0 	 218 	 565 	 39.0 	 50.0 	 0.12359550561797752 
146.0 	 220 	 565 	 38.0 	 48.0 	 0.11627906976744186 
147.0 	 222 	 565 	 39.0 	 50.0 	 0.12359550561797752 
148.0 	 224 	 565 	 39.0 	 49.0 	 0.11363636363636363 
149.0 	 226 	 565 	 39.204463958740234 	 48.55781555175781 	 0.10657598737392342 
150.0 	 228 	 565 	 40.0 	 50.0 	 0.1111111111111111 
151.0 	 231 	 565 	 39.0 	 50.0 	 0.12359550561797752 
152.0 	 233 	 565 	 39.0 	 49.0 	 0.11363636363636363 
153.0 	 235 	 565 	 40.0 	 51.0 	 0.12087912087912088 
154.0 	 237 	 565 	 40.0 	 50.0 	 0.1111111111111111 
155.0 	 239 	 565 	 38.0 	 49.0 	 0.12643678160919541 
156.0 	 241 	 565 	 40.0 	 50.0 	 0.1111111111111111 
157.0 	 243 	 565 	 40.0 	 51.0 	 0.12087912087912088 
158.0 	 246 	 565 	 39.0 	 49.0 	 0.11363636363636363 
159.0 	 248 	 565 	 39.0 	 51.0 	 0.13333333333333333 
160.0 	 250 	 565 	 39.0 	 51.0 	 0.13333333333333333 
161.0 	 252 	 565 	 38.0 	 49.0 	 0.12643678160919541 
162.0 	 254 	 565 	 39.0 	 50.0 	 0.12359550561797752 
163.0 	 256 	 565 	 40.0 	 51.0 	 0.12087912087912088 
164.0 	 259 	 565 	 39.0 	 50.0 	 0.12359550561797752 
165.0 	 261 	 565 	 40.0 	 51.0 	 0.12087912087912088 
166.0 	 263 	 565 	 40.0 	 51.0 	 0.12087912087912088 
167.0 	 265 	 565 	 40.0 	 52.0 	 0.13043478260869565 
168.0 	 267 	 565 	 40.0 	 52.0 	 0.13043478260869565 
169.0 	 269 	 565 	 51.0 	 40.0 	 0.12087912087912088 
170.0 	 272 	 565 	 39.0 	 50.0 	 0.12359550561797752 
171.0 	 273 	 565 	 39.0 	 49.0 	 0.11363636363636363 
172.0 	 275 	 565 	 39.0 	 49.0 	 0.11363636363636363 
173.0 	 278 	 565 	 39.0 	 48.0 	 0.10344827586206896 
174.0 	 280 	 565 	 39.0 	 49.0 	 0.11363636363636363 
175.0 	 282 	 565 	 39.0 	 51.0 	 0.13333333333333333 
176.0 	 284 	 565 	 39.0 	 50.0 	 0.12359550561797752 
177.0 	 287 	 565 	 39.020904541015625 	 49.794654846191406 	 0.12130476213301461 
178.0 	 289 	 565 	 39.0 	 50.0 	 0.12359550561797752 
179.0 	 291 	 565 	 38.90595626831055 	 50.05037307739258 	 0.1252796387963859 
180.0 	 293 	 565 	 38.0 	 49.0 	 0.12643678160919541 
181.0 	 295 	 565 	 38.0 	 51.0 	 0.14606741573033707 
182.0 	 297 	 565 	 38.0 	 51.0 	 0.14606741573033707 
183.0 	 300 	 565 	 37.0 	 50.0 	 0.14942528735632185 
184.0 	 301 	 565 	 38.0 	 51.0 	 0.14606741573033707 
185.0 	 303 	 565 	 38.0 	 51.0 	 0.14606741573033707 
186.0 	 306 	 565 	 38.0 	 50.0 	 0.13636363636363635 
187.0 	 308 	 565 	 38.0 	 51.0 	 0.14606741573033707 
188.0 	 310 	 565 	 38.0 	 51.0 	 0.14606741573033707 
189.0 	 312 	 565 	 38.0 	 51.0 	 0.14606741573033707 
190.0 	 314 	 565 	 38.0 	 52.0 	 0.15555555555555556 
191.0 	 316 	 565 	 38.0 	 51.0 	 0.14606741573033707 
192.0 	 319 	 565 	 38.0 	 50.0 	 0.13636363636363635 
193.0 	 321 	 565 	 38.0 	 49.0 	 0.12643678160919541 
194.0 	 323 	 565 	 38.0 	 50.0 	 0.13636363636363635 
195.0 	 326 	 565 	 38.0 	 50.0 	 0.13636363636363635 
196.0 	 328 	 565 	 38.0 	 50.0 	 0.13636363636363635 
197.0 	 330 	 565 	 39.0 	 52.0 	 0.14285714285714285 
198.0 	 332 	 565 	 39.0 	 50.0 	 0.12359550561797752 
199.0 	 334 	 565 	 39.0 	 51.0 	 0.13333333333333333 
200.0 	 336 	 565 	 39.0 	 52.0 	 0.14285714285714285 
201.0 	 338 	 565 	 39.0 	 50.0 	 0.12359550561797752 
202.0 	 340 	 565 	 39.0 	 51.0 	 0.13333333333333333 
203.0 	 342 	 565 	 39.0 	 52.0 	 0.14285714285714285 
204.0 	 344 	 565 	 39.0 	 50.0 	 0.12359550561797752 
205.0 	 347 	 565 	 38.0 	 50.0 	 0.13636363636363635 
206.0 	 349 	 565 	 38.0 	 51.0 	 0.14606741573033707 
207.0 	 351 	 565 	 38.0 	 50.0 	 0.13636363636363635 
208.0 	 353 	 565 	 38.0 	 50.0 	 0.13636363636363635 
209.0 	 355 	 565 	 38.0 	 52.0 	 0.15555555555555556 
210.0 	 358 	 565 	 38.0 	 51.0 	 0.14606741573033707 
211.0 	 360 	 565 	 38.0 	 50.0 	 0.13636363636363635 
212.0 	 362 	 565 	 38.0 	 51.0 	 0.14606741573033707 
213.0 	 364 	 565 	 38.0 	 51.0 	 0.14606741573033707 
214.0 	 367 	 565 	 38.0 	 51.0 	 0.14606741573033707 
215.0 	 369 	 565 	 38.0 	 52.0 	 0.15555555555555556 
216.0 	 371 	 565 	 38.0 	 52.0 	 0.15555555555555556 
217.0 	 374 	 565 	 38.0 	 50.0 	 0.13636363636363635 
218.0 	 376 	 565 	 38.0 	 52.0 	 0.15555555555555556 
219.0 	 378 	 565 	 38.0 	 52.0 	 0.15555555555555556 
220.0 	 380 	 565 	 38.0 	 51.0 	 0.14606741573033707 
221.0 	 382 	 565 	 38.0 	 53.0 	 0.16483516483516483 
222.0 	 384 	 565 	 38.0 	 53.0 	 0.16483516483516483 
223.0 	 386 	 565 	 38.0 	 50.0 	 0.13636363636363635 
224.0 	 388 	 565 	 38.0 	 51.0 	 0.14606741573033707 
225.0 	 391 	 565 	 38.0 	 52.0 	 0.15555555555555556 
226.0 	 393 	 565 	 38.0 	 51.0 	 0.14606741573033707 
227.0 	 396 	 565 	 38.0 	 52.0 	 0.15555555555555556 
228.0 	 398 	 565 	 38.0 	 52.0 	 0.15555555555555556 
229.0 	 400 	 565 	 38.0 	 51.0 	 0.14606741573033707 
230.0 	 402 	 565 	 38.0 	 51.0 	 0.14606741573033707 
231.0 	 404 	 565 	 38.0 	 53.0 	 0.16483516483516483 
232.0 	 406 	 565 	 39.0 	 52.0 	 0.14285714285714285 
233.0 	 409 	 565 	 39.0 	 51.0 	 0.13333333333333333 
234.0 	 411 	 565 	 39.0 	 53.0 	 0.15217391304347827 
235.0 	 413 	 565 	 39.0 	 51.0 	 0.13333333333333333 
236.0 	 415 	 565 	 52.0 	 39.0 	 0.14285714285714285 
237.0 	 418 	 565 	 39.0 	 53.0 	 0.15217391304347827 
238.0 	 420 	 565 	 38.0 	 52.0 	 0.15555555555555556 
239.0 	 423 	 565 	 38.0 	 51.0 	 0.14606741573033707 
240.0 	 425 	 565 	 38.0 	 53.0 	 0.16483516483516483 
241.0 	 427 	 565 	 38.0 	 52.0 	 0.15555555555555556 
242.0 	 429 	 565 	 36.0 	 51.0 	 0.1724137931034483 
243.0 	 431 	 565 	 37.0 	 53.0 	 0.17777777777777778 
244.0 	 434 	 565 	 52.0 	 38.0 	 0.15555555555555556 
245.0 	 436 	 565 	 37.0 	 50.0 	 0.14942528735632185 
246.0 	 438 	 565 	 38.0 	 51.0 	 0.14606741573033707 
247.0 	 440 	 565 	 38.0 	 52.0 	 0.15555555555555556 
248.0 	 443 	 565 	 38.0 	 52.0 	 0.15555555555555556 
249.0 	 445 	 565 	 38.0 	 53.0 	 0.16483516483516483 
250.0 	 447 	 565 	 38.0 	 52.0 	 0.15555555555555556 
251.0 	 450 	 565 	 38.0 	 51.0 	 0.14606741573033707 
252.0 	 452 	 565 	 38.0 	 52.0 	 0.15555555555555556 
253.0 	 454 	 565 	 38.0 	 52.0 	 0.15555555555555556 
254.0 	 456 	 565 	 38.0 	 52.0 	 0.15555555555555556 
255.0 	 458 	 565 	 38.0 	 51.0 	 0.14606741573033707 
256.0 	 461 	 565 	 38.0 	 52.0 	 0.15555555555555556 
257.0 	 463 	 565 	 37.0 	 51.0 	 0.1590909090909091 
258.0 	 465 	 565 	 36.0 	 50.0 	 0.16279069767441862 
259.0 	 468 	 565 	 37.0 	 52.0 	 0.16853932584269662 
260.0 	 470 	 565 	 38.0 	 51.0 	 0.14606741573033707 
261.0 	 472 	 565 	 36.0 	 50.0 	 0.16279069767441862 
262.0 	 474 	 565 	 37.0 	 51.0 	 0.1590909090909091 
263.0 	 477 	 565 	 36.0 	 50.0 	 0.16279069767441862 
264.0 	 479 	 565 	 35.0 	 49.0 	 0.16666666666666666 
265.0 	 481 	 565 	 35.0 	 51.0 	 0.18604651162790697 
266.0 	 484 	 565 	 51.0 	 35.0 	 0.18604651162790697 
267.0 	 486 	 564 	 34.0 	 49.0 	 0.18072289156626506 
268.0 	 488 	 565 	 35.0 	 51.0 	 0.18604651162790697 
269.0 	 490 	 565 	 36.0 	 52.0 	 0.18181818181818182 
270.0 	 493 	 565 	 35.0 	 50.0 	 0.17647058823529413 
271.0 	 495 	 565 	 35.0 	 52.0 	 0.19540229885057472 
272.0 	 497 	 565 	 35.0 	 52.0 	 0.19540229885057472 
273.0 	 500 	 564 	 35.0 	 51.0 	 0.18604651162790697 
274.0 	 502 	 564 	 34.0 	 52.0 	 0.20930232558139536 
275.0 	 505 	 565 	 35.0 	 52.0 	 0.19540229885057472 
276.0 	 508 	 564 	 51.0 	 35.0 	 0.18604651162790697 
277.0 	 510 	 564 	 35.0 	 51.0 	 0.18604651162790697 
278.0 	 513 	 564 	 35.0 	 52.0 	 0.19540229885057472 
279.0 	 515 	 565 	 35.0 	 51.0 	 0.18604651162790697 
280.0 	 517 	 564 	 35.0 	 50.0 	 0.17647058823529413 
281.0 	 520 	 565 	 35.0 	 51.0 	 0.18604651162790697 
282.0 	 522 	 564 	 35.30611038208008 	 50.46403121948242 	 0.17672724510374607 
283.0 	 524 	 564 	 35.0 	 50.0 	 0.17647058823529413 
284.0 	 527 	 564 	 36.0 	 50.0 	 0.16279069767441862 
285.0 	 529 	 564 	 35.0 	 50.0 	 0.17647058823529413 
286.0 	 531 	 564 	 35.0 	 48.0 	 0.1566265060240964 
287.0 	 534 	 564 	 35.0 	 49.0 	 0.16666666666666666 
288.0 	 536 	 564 	 35.0 	 48.0 	 0.1566265060240964 
289.0 	 538 	 564 	 35.0 	 48.0 	 0.1566265060240964 
290.0 	 540 	 564 	 35.0 	 49.0 	 0.16666666666666666 
291.0 	 543 	 564 	 35.0 	 49.0 	 0.16666666666666666 
292.0 	 545 	 564 	 34.0 	 48.0 	 0.17073170731707318 
293.0 	 548 	 564 	 35.0 	 49.0 	 0.16666666666666666 
294.0 	 550 	 564 	 35.0 	 50.0 	 0.17647058823529413 
295.0 	 553 	 564 	 34.0 	 49.0 	 0.18072289156626506 
296.0 	 555 	 564 	 51.23906326293945 	 34.048648834228516 	 0.20155792676354084 
297.0 	 557 	 564 	 52.397762298583984 	 34.68232727050781 	 0.2034384107290134 
298.0 	 560 	 565 	 34.0 	 51.0 	 0.2 
299.0 	 562 	 565 	 34.0 	 51.0 	 0.2 
300.0 	 565 	 565 	 35.0 	 52.0 	 0.19540229885057472 
301.0 	 567 	 565 	 34.0 	 51.0 	 0.2 
302.0 	 569 	 565 	 34.0 	 52.0 	 0.20930232558139536 
303.0 	 572 	 565 	 34.0 	 53.0 	 0.21839080459770116 
304.0 	 574 	 565 	 34.0 	 52.0 	 0.20930232558139536 
305.0 	 577 	 565 	 51.0 	 35.0 	 0.18604651162790697 
306.0 	 579 	 565 	 35.0 	 51.0 	 0.18604651162790697 
307.0 	 582 	 565 	 34.0 	 50.0 	 0.19047619047619047 
308.0 	 584 	 565 	 50.0 	 35.0 	 0.17647058823529413 
309.0 	 586 	 565 	 35.0 	 51.0 	 0.18604651162790697 
310.0 	 589 	 565 	 35.0 	 50.0 	 0.17647058823529413 
311.0 	 591 	 564 	 35.0 	 50.0 	 0.17647058823529413 
312.0 	 593 	 565 	 35.0 	 50.0 	 0.17647058823529413 
313.0 	 595 	 565 	 36.0 	 50.0 	 0.16279069767441862 
314.0 	 598 	 565 	 36.0 	 51.0 	 0.1724137931034483 
315.0 	 600 	 565 	 36.0 	 52.0 	 0.18181818181818182 
316.0 	 602 	 565 	 36.0 	 52.0 	 0.18181818181818182 
317.0 	 604 	 565 	 36.0 	 52.0 	 0.18181818181818182 
318.0 	 607 	 564 	 36.0 	 53.0 	 0.19101123595505617 
319.0 	 609 	 564 	 35.0 	 53.0 	 0.20454545454545456 
320.0 	 612 	 564 	 35.0 	 52.0 	 0.19540229885057472 
321.0 	 614 	 565 	 35.0 	 53.0 	 0.20454545454545456 
322.0 	 616 	 565 	 35.0 	 53.0 	 0.20454545454545456 
323.0 	 619 	 565 	 35.0 	 53.0 	 0.20454545454545456 
324.0 	 621 	 565 	 35.0 	 54.0 	 0.21348314606741572 
325.0 	 624 	 565 	 35.0 	 54.0 	 0.21348314606741572 
326.0 	 626 	 565 	 35.0 	 54.0 	 0.21348314606741572 
327.0 	 629 	 565 	 35.0 	 54.0 	 0.21348314606741572 
328.0 	 631 	 565 	 35.0 	 54.0 	 0.21348314606741572 
329.0 	 634 	 565 	 35.0 	 54.0 	 0.21348314606741572 
330.0 	 636 	 565 	 35.0 	 54.0 	 0.21348314606741572 
331.0 	 638 	 565 	 35.0 	 54.0 	 0.21348314606741572 
332.0 	 640 	 565 	 35.0 	 53.0 	 0.20454545454545456 
333.0 	 643 	 565 	 35.0 	 54.0 	 0.21348314606741572 
334.0 	 645 	 565 	 35.0 	 53.0 	 0.20454545454545456 
335.0 	 647 	 565 	 36.0 	 53.0 	 0.19101123595505617 
336.0 	 650 	 565 	 36.0 	 54.0 	 0.2 
337.0 	 652 	 565 	 36.0 	 54.0 	 0.2 
338.0 	 654 	 565 	 36.0 	 54.0 	 0.2 
339.0 	 657 	 565 	 36.0 	 54.0 	 0.2 
340.0 	 659 	 565 	 36.0 	 55.0 	 0.2087912087912088 
341.0 	 661 	 565 	 36.0 	 55.0 	 0.2087912087912088 
342.0 	 664 	 565 	 36.0 	 54.0 	 0.2 
343.0 	 665 	 565 	 36.0 	 56.0 	 0.21739130434782608 
344.0 	 668 	 565 	 36.0 	 55.0 	 0.2087912087912088 
345.0 	 670 	 565 	 36.0 	 54.0 	 0.2 
346.0 	 673 	 565 	 36.0 	 54.0 	 0.2 
347.0 	 675 	 565 	 36.0 	 55.0 	 0.2087912087912088 
348.0 	 677 	 565 	 36.0 	 55.0 	 0.2087912087912088 
349.0 	 679 	 565 	 36.0 	 55.0 	 0.2087912087912088 
350.0 	 682 	 565 	 36.0 	 54.0 	 0.2 
351.0 	 684 	 565 	 36.0 	 54.0 	 0.2 
352.0 	 686 	 565 	 36.0 	 56.0 	 0.21739130434782608 
353.0 	 689 	 565 	 36.0 	 55.0 	 0.2087912087912088 
354.0 	 691 	 565 	 36.0 	 54.0 	 0.2 
355.0 	 694 	 565 	 36.0 	 55.0 	 0.2087912087912088 
356.0 	 696 	 565 	 36.0 	 55.0 	 0.2087912087912088 
357.0 	 698 	 565 	 36.0 	 54.0 	 0.2 
358.0 	 701 	 565 	 36.0 	 55.0 	 0.2087912087912088 
359.0 	 703 	 565 	 36.0 	 55.0 	 0.2087912087912088 
360.0 	 705 	 565 	 36.0 	 54.0 	 0.2 
361.0 	 708 	 565 	 36.0 	 54.0 	 0.2 
362.0 	 710 	 565 	 36.0 	 55.0 	 0.2087912087912088 
363.0 	 712 	 565 	 36.0 	 54.0 	 0.2 
364.0 	 715 	 565 	 36.0 	 55.0 	 0.2087912087912088 
365.0 	 717 	 565 	 36.0 	 55.0 	 0.2087912087912088 
366.0 	 720 	 565 	 36.0 	 55.0 	 0.2087912087912088 
367.0 	 722 	 565 	 36.0 	 55.0 	 0.2087912087912088 
368.0 	 724 	 565 	 36.0 	 56.0 	 0.21739130434782608 
369.0 	 727 	 565 	 36.0 	 55.0 	 0.2087912087912088 
370.0 	 729 	 565 	 36.0 	 54.0 	 0.2 
371.0 	 732 	 565 	 36.0 	 56.0 	 0.21739130434782608 
372.0 	 734 	 565 	 36.0 	 55.0 	 0.2087912087912088 
373.0 	 736 	 565 	 35.0 	 54.0 	 0.21348314606741572 
374.0 	 739 	 565 	 55.0 	 36.0 	 0.2087912087912088 
375.0 	 741 	 565 	 55.0 	 36.0 	 0.2087912087912088 
376.0 	 744 	 565 	 36.0 	 54.0 	 0.2 
377.0 	 746 	 565 	 36.0 	 55.0 	 0.2087912087912088 
378.0 	 748 	 565 	 36.0 	 55.0 	 0.2087912087912088 
379.0 	 751 	 565 	 36.0 	 54.0 	 0.2 
380.0 	 753 	 565 	 36.0 	 55.0 	 0.2087912087912088 
381.0 	 755 	 565 	 36.0 	 56.0 	 0.21739130434782608 
382.0 	 758 	 565 	 36.0 	 55.0 	 0.2087912087912088 
383.0 	 760 	 565 	 36.0 	 55.0 	 0.2087912087912088 
384.0 	 763 	 565 	 36.0 	 56.0 	 0.21739130434782608 
385.0 	 765 	 565 	 36.0 	 54.0 	 0.2 
386.0 	 767 	 565 	 36.0 	 55.0 	 0.2087912087912088 
387.0 	 770 	 565 	 36.0 	 56.0 	 0.21739130434782608 
388.0 	 772 	 565 	 36.0 	 55.0 	 0.2087912087912088 
389.0 	 774 	 565 	 36.0 	 56.0 	 0.21739130434782608 
390.0 	 776 	 565 	 36.0 	 55.0 	 0.2087912087912088 
391.0 	 779 	 565 	 36.0 	 55.0 	 0.2087912087912088 
392.0 	 782 	 565 	 36.0 	 54.0 	 0.2 
393.0 	 784 	 565 	 36.0 	 55.0 	 0.2087912087912088 
394.0 	 787 	 565 	 36.0 	 54.0 	 0.2 
395.0 	 789 	 565 	 36.0 	 54.0 	 0.2 
396.0 	 791 	 565 	 36.0 	 55.0 	 0.2087912087912088 
397.0 	 793 	 565 	 35.0 	 54.0 	 0.21348314606741572 
398.0 	 795 	 565 	 35.0 	 53.0 	 0.20454545454545456 
399.0 	 798 	 565 	 35.0 	 55.0 	 0.2222222222222222 
400.0 	 800 	 565 	 35.0 	 55.0 	 0.2222222222222222 
401.0 	 803 	 565 	 35.0 	 54.0 	 0.21348314606741572 
402.0 	 805 	 565 	 35.0 	 55.0 	 0.2222222222222222 
403.0 	 808 	 565 	 35.0 	 56.0 	 0.23076923076923078 
404.0 	 811 	 565 	 35.0 	 55.0 	 0.2222222222222222 
405.0 	 813 	 565 	 35.0 	 55.0 	 0.2222222222222222 
406.0 	 816 	 565 	 35.0 	 55.0 	 0.2222222222222222 
407.0 	 818 	 565 	 35.0 	 55.0 	 0.2222222222222222 
408.0 	 821 	 565 	 56.0 	 35.0 	 0.23076923076923078 
409.0 	 823 	 565 	 34.0 	 56.0 	 0.24444444444444444 
410.0 	 825 	 565 	 34.0 	 55.0 	 0.23595505617977527 
411.0 	 828 	 565 	 34.0 	 56.0 	 0.24444444444444444 
412.0 	 830 	 565 	 35.0 	 57.0 	 0.2391304347826087 
413.0 	 833 	 565 	 35.0 	 56.0 	 0.23076923076923078 
414.0 	 835 	 565 	 35.0 	 55.0 	 0.2222222222222222 
415.0 	 838 	 565 	 35.0 	 56.0 	 0.23076923076923078 
416.0 	 840 	 565 	 35.0 	 55.0 	 0.2222222222222222 
417.0 	 843 	 565 	 35.0 	 55.0 	 0.2222222222222222 
418.0 	 845 	 565 	 35.0 	 56.0 	 0.23076923076923078 
419.0 	 847 	 565 	 35.0 	 55.0 	 0.2222222222222222 
420.0 	 850 	 565 	 35.0 	 55.0 	 0.2222222222222222 
421.0 	 852 	 564 	 34.0 	 55.0 	 0.23595505617977527 
422.0 	 854 	 564 	 34.0 	 55.0 	 0.23595505617977527 
423.0 	 856 	 564 	 34.0 	 55.0 	 0.23595505617977527 
424.0 	 858 	 564 	 35.0 	 56.0 	 0.23076923076923078 
425.0 	 861 	 564 	 35.0 	 56.0 	 0.23076923076923078 
426.0 	 863 	 564 	 35.0 	 55.0 	 0.2222222222222222 
427.0 	 865 	 564 	 35.0 	 56.0 	 0.23076923076923078 
428.0 	 868 	 564 	 35.0 	 56.0 	 0.23076923076923078 
429.0 	 870 	 565 	 35.0 	 55.0 	 0.2222222222222222 
430.0 	 872 	 565 	 35.0 	 56.0 	 0.23076923076923078 
431.0 	 875 	 565 	 35.0 	 56.0 	 0.23076923076923078 
432.0 	 877 	 565 	 36.0 	 55.0 	 0.2087912087912088 
433.0 	 879 	 565 	 35.0 	 56.0 	 0.23076923076923078 
434.0 	 882 	 565 	 35.0 	 56.0 	 0.23076923076923078 
435.0 	 884 	 565 	 35.0 	 55.0 	 0.2222222222222222 
436.0 	 886 	 565 	 35.0 	 56.0 	 0.23076923076923078 
437.0 	 888 	 565 	 35.0 	 56.0 	 0.23076923076923078 
438.0 	 891 	 565 	 35.0 	 55.0 	 0.2222222222222222 
439.0 	 893 	 565 	 35.0 	 55.0 	 0.2222222222222222 
440.0 	 895 	 565 	 36.0 	 56.0 	 0.21739130434782608 
441.0 	 898 	 565 	 36.0 	 56.0 	 0.21739130434782608 
442.0 	 900 	 565 	 36.0 	 56.0 	 0.21739130434782608 
443.0 	 902 	 565 	 36.0 	 56.0 	 0.21739130434782608 
444.0 	 905 	 565 	 36.0 	 55.0 	 0.2087912087912088 
445.0 	 907 	 565 	 36.0 	 55.0 	 0.2087912087912088 
446.0 	 909 	 565 	 36.0 	 56.0 	 0.21739130434782608 
447.0 	 911 	 565 	 36.0 	 56.0 	 0.21739130434782608 
448.0 	 914 	 565 	 36.0 	 56.0 	 0.21739130434782608 
449.0 	 916 	 565 	 36.0 	 56.0 	 0.21739130434782608 
450.0 	 918 	 565 	 36.0 	 56.0 	 0.21739130434782608 
451.0 	 920 	 565 	 36.0 	 56.0 	 0.21739130434782608 
452.0 	 923 	 565 	 36.0 	 55.0 	 0.2087912087912088 
453.0 	 925 	 565 	 36.0 	 56.0 	 0.21739130434782608 
454.0 	 927 	 565 	 36.0 	 56.0 	 0.21739130434782608 
455.0 	 929 	 565 	 36.0 	 56.0 	 0.21739130434782608 
456.0 	 932 	 565 	 36.0 	 55.0 	 0.2087912087912088 
457.0 	 934 	 565 	 36.0 	 56.0 	 0.21739130434782608 
458.0 	 936 	 565 	 36.0 	 56.0 	 0.21739130434782608 
459.0 	 938 	 565 	 35.0 	 56.0 	 0.23076923076923078 
460.0 	 940 	 565 	 35.742759704589844 	 55.76618957519531 	 0.21881389774659732 
461.0 	 943 	 565 	 35.0 	 57.0 	 0.2391304347826087 
462.0 	 945 	 565 	 35.0 	 57.0 	 0.2391304347826087 
463.0 	 947 	 565 	 35.0 	 56.0 	 0.23076923076923078 
464.0 	 949 	 565 	 35.0 	 57.0 	 0.2391304347826087 
465.0 	 952 	 564 	 35.0 	 56.0 	 0.23076923076923078 
466.0 	 954 	 565 	 35.0 	 56.0 	 0.23076923076923078 
467.0 	 956 	 565 	 35.0 	 56.0 	 0.23076923076923078 
468.0 	 958 	 565 	 35.0 	 56.0 	 0.23076923076923078 
469.0 	 960 	 565 	 35.0 	 56.0 	 0.23076923076923078 
470.0 	 963 	 565 	 35.0 	 57.0 	 0.2391304347826087 
471.0 	 965 	 565 	 35.0 	 57.0 	 0.2391304347826087 
472.0 	 967 	 565 	 35.0 	 56.0 	 0.23076923076923078 
473.0 	 969 	 564 	 35.0 	 56.0 	 0.23076923076923078 
474.0 	 971 	 564 	 35.0 	 56.0 	 0.23076923076923078 
475.0 	 974 	 564 	 35.0 	 55.0 	 0.2222222222222222 
476.0 	 976 	 564 	 35.0 	 56.0 	 0.23076923076923078 
477.0 	 978 	 564 	 35.0 	 56.0 	 0.23076923076923078 
478.0 	 980 	 564 	 35.0 	 56.0 	 0.23076923076923078 
479.0 	 982 	 565 	 35.0 	 56.0 	 0.23076923076923078 
480.0 	 984 	 565 	 35.0 	 56.0 	 0.23076923076923078 
481.0 	 986 	 565 	 35.0 	 56.0 	 0.23076923076923078 
482.0 	 988 	 565 	 35.0 	 56.0 	 0.23076923076923078 
483.0 	 990 	 565 	 35.0 	 56.0 	 0.23076923076923078 
484.0 	 993 	 565 	 35.0 	 55.0 	 0.2222222222222222 
485.0 	 995 	 565 	 35.0 	 55.0 	 0.2222222222222222 
486.0 	 997 	 565 	 35.0 	 56.0 	 0.23076923076923078 
487.0 	 999 	 564 	 35.0 	 56.0 	 0.23076923076923078 
488.0 	 1001 	 564 	 35.0 	 55.0 	 0.2222222222222222 
489.0 	 1003 	 564 	 35.0 	 56.0 	 0.23076923076923078 
490.0 	 1005 	 564 	 35.0 	 56.0 	 0.23076923076923078 
491.0 	 1008 	 564 	 35.0 	 55.0 	 0.2222222222222222 
492.0 	 1010 	 564 	 35.0 	 55.0 	 0.2222222222222222 
493.0 	 1012 	 564 	 35.0 	 55.0 	 0.2222222222222222 
494.0 	 1014 	 564 	 35.0 	 55.0 	 0.2222222222222222 
495.0 	 1016 	 564 	 35.0 	 56.0 	 0.23076923076923078 
496.0 	 1018 	 564 	 35.0 	 56.0 	 0.23076923076923078 
497.0 	 1020 	 564 	 35.0 	 55.0 	 0.2222222222222222 
498.0 	 1023 	 564 	 35.0 	 55.0 	 0.2222222222222222 
499.0 	 1025 	 564 	 35.0 	 55.0 	 0.2222222222222222 
500.0 	 1027 	 564 	 35.0 	 55.0 	 0.2222222222222222 
501.0 	 1029 	 564 	 35.0 	 55.0 	 0.2222222222222222 
502.0 	 1031 	 564 	 35.0 	 56.0 	 0.23076923076923078 
503.0 	 1033 	 565 	 55.170310974121094 	 34.873085021972656 	 0.22541604220512707 
504.0 	 1035 	 565 	 34.0 	 55.0 	 0.23595505617977527 
505.0 	 1037 	 565 	 34.0 	 55.0 	 0.23595505617977527 
506.0 	 1039 	 565 	 35.0 	 55.0 	 0.2222222222222222 
507.0 	 1041 	 565 	 35.0 	 55.0 	 0.2222222222222222 
508.0 	 1043 	 565 	 35.0 	 56.0 	 0.23076923076923078 
509.0 	 1045 	 565 	 35.0 	 55.0 	 0.2222222222222222 
510.0 	 1047 	 565 	 35.0 	 55.0 	 0.2222222222222222 
511.0 	 1049 	 565 	 35.0 	 56.0 	 0.23076923076923078 
512.0 	 1051 	 565 	 35.0 	 56.0 	 0.23076923076923078 
513.0 	 1053 	 565 	 35.0 	 54.0 	 0.21348314606741572 
514.0 	 1055 	 565 	 35.0 	 56.0 	 0.23076923076923078 
515.0 	 1058 	 565 	 35.0 	 55.0 	 0.2222222222222222 
516.0 	 1060 	 565 	 54.0 	 35.0 	 0.21348314606741572 
517.0 	 1062 	 564 	 33.0 	 55.0 	 0.25 
518.0 	 1064 	 565 	 34.0 	 55.0 	 0.23595505617977527 
519.0 	 1066 	 565 	 33.0 	 53.0 	 0.23255813953488372 
520.0 	 1068 	 564 	 33.0 	 54.0 	 0.2413793103448276 
521.0 	 1070 	 565 	 33.0 	 54.0 	 0.2413793103448276 
522.0 	 1072 	 565 	 33.0 	 54.0 	 0.2413793103448276 
523.0 	 1074 	 565 	 33.0 	 54.0 	 0.2413793103448276 
524.0 	 1076 	 565 	 56.0 	 34.0 	 0.24444444444444444 
525.0 	 1078 	 565 	 33.0 	 54.0 	 0.2413793103448276 
526.0 	 1080 	 565 	 33.0 	 55.0 	 0.25 
527.0 	 1083 	 565 	 33.0 	 55.0 	 0.25 
528.0 	 1085 	 565 	 33.0 	 54.0 	 0.2413793103448276 
529.0 	 1087 	 565 	 34.0 	 55.0 	 0.23595505617977527 
530.0 	 1089 	 565 	 34.0 	 55.0 	 0.23595505617977527 
531.0 	 1091 	 565 	 34.0 	 55.0 	 0.23595505617977527 
532.0 	 1093 	 565 	 34.0 	 55.0 	 0.23595505617977527 
533.0 	 1095 	 565 	 34.0 	 56.0 	 0.24444444444444444 
534.0 	 1097 	 565 	 34.0 	 56.0 	 0.24444444444444444 
535.0 	 1099 	 565 	 34.0 	 54.0 	 0.22727272727272727 
536.0 	 1101 	 565 	 34.0 	 56.0 	 0.24444444444444444 
537.0 	 1104 	 565 	 34.0 	 55.0 	 0.23595505617977527 
538.0 	 1106 	 564 	 34.0 	 53.0 	 0.21839080459770116 
539.0 	 1108 	 564 	 55.0 	 35.0 	 0.2222222222222222 
540.0 	 1110 	 565 	 34.0 	 55.0 	 0.23595505617977527 
541.0 	 1112 	 564 	 54.0 	 34.0 	 0.22727272727272727 
542.0 	 1114 	 564 	 33.0 	 55.0 	 0.25 
543.0 	 1116 	 564 	 33.0 	 55.0 	 0.25 
544.0 	 1118 	 564 	 33.0 	 54.0 	 0.2413793103448276 
545.0 	 1120 	 564 	 54.26911544799805 	 34.80708312988281 	 0.21848745937557318 
546.0 	 1122 	 565 	 35.0 	 55.0 	 0.2222222222222222 
547.0 	 1124 	 565 	 35.0 	 53.0 	 0.20454545454545456 
548.0 	 1127 	 565 	 34.0 	 54.0 	 0.22727272727272727 
549.0 	 1129 	 565 	 35.0 	 55.0 	 0.2222222222222222 
550.0 	 1131 	 565 	 34.0 	 54.0 	 0.22727272727272727 
551.0 	 1133 	 565 	 34.0 	 54.0 	 0.22727272727272727 
552.0 	 1135 	 565 	 34.0 	 55.0 	 0.23595505617977527 
553.0 	 1137 	 565 	 34.0 	 54.0 	 0.22727272727272727 
554.0 	 1139 	 565 	 34.0 	 54.0 	 0.22727272727272727 
555.0 	 1141 	 565 	 34.0 	 55.0 	 0.23595505617977527 
556.0 	 1143 	 565 	 34.0 	 55.0 	 0.23595505617977527 
557.0 	 1145 	 565 	 34.0 	 55.0 	 0.23595505617977527 
558.0 	 1147 	 565 	 34.0 	 55.0 	 0.23595505617977527 
559.0 	 1150 	 565 	 34.0 	 55.0 	 0.23595505617977527 
560.0 	 1152 	 565 	 34.0 	 54.0 	 0.22727272727272727 
561.0 	 1154 	 565 	 34.0 	 55.0 	 0.23595505617977527 
562.0 	 1157 	 565 	 34.0 	 56.0 	 0.24444444444444444 
563.0 	 1159 	 565 	 34.0 	 54.0 	 0.22727272727272727 
564.0 	 1161 	 565 	 34.0 	 56.0 	 0.24444444444444444 
565.0 	 1163 	 565 	 34.0 	 56.0 	 0.24444444444444444 
566.0 	 1165 	 565 	 34.0 	 56.0 	 0.24444444444444444 
567.0 	 1167 	 565 	 34.0 	 55.0 	 0.23595505617977527 
568.0 	 1169 	 565 	 35.0 	 56.0 	 0.23076923076923078 
569.0 	 1171 	 565 	 35.0 	 55.0 	 0.2222222222222222 
570.0 	 1174 	 565 	 35.0 	 55.0 	 0.2222222222222222 
571.0 	 1176 	 565 	 35.0 	 56.0 	 0.23076923076923078 
572.0 	 1178 	 565 	 35.0 	 56.0 	 0.23076923076923078 
573.0 	 1180 	 565 	 35.0 	 56.0 	 0.23076923076923078 
574.0 	 1182 	 565 	 35.0 	 56.0 	 0.23076923076923078 
575.0 	 1184 	 565 	 35.0 	 57.0 	 0.2391304347826087 
576.0 	 1186 	 565 	 35.0 	 56.0 	 0.23076923076923078 
577.0 	 1188 	 565 	 34.0 	 55.0 	 0.23595505617977527 
578.0 	 1190 	 565 	 34.0 	 56.0 	 0.24444444444444444 
579.0 	 1193 	 564 	 34.0 	 56.0 	 0.24444444444444444 
580.0 	 1195 	 565 	 34.0 	 56.0 	 0.24444444444444444 
581.0 	 1198 	 564 	 34.0 	 55.0 	 0.23595505617977527 
582.0 	 1200 	 564 	 34.0 	 56.0 	 0.24444444444444444 
583.0 	 1202 	 564 	 34.0 	 55.0 	 0.23595505617977527 
584.0 	 1204 	 564 	 34.0 	 55.0 	 0.23595505617977527 
585.0 	 1206 	 564 	 34.0 	 56.0 	 0.24444444444444444 
586.0 	 1208 	 564 	 33.0 	 56.0 	 0.25842696629213485 
587.0 	 1211 	 564 	 33.0 	 56.0 	 0.25842696629213485 
588.0 	 1213 	 564 	 33.0 	 56.0 	 0.25842696629213485 
589.0 	 1215 	 565 	 33.0 	 55.0 	 0.25 
590.0 	 1218 	 565 	 33.0 	 55.0 	 0.25 
591.0 	 1220 	 565 	 33.0 	 55.0 	 0.25 
592.0 	 1222 	 565 	 33.0 	 55.0 	 0.25 
593.0 	 1224 	 565 	 33.0 	 55.0 	 0.25 
594.0 	 1226 	 565 	 33.0 	 55.0 	 0.25 
595.0 	 1228 	 565 	 33.0 	 55.0 	 0.25 
596.0 	 1231 	 565 	 33.0 	 54.0 	 0.2413793103448276 
597.0 	 1233 	 565 	 33.0 	 54.0 	 0.2413793103448276 
598.0 	 1235 	 565 	 34.0 	 55.0 	 0.23595505617977527 
599.0 	 1238 	 565 	 34.0 	 55.0 	 0.23595505617977527 
600.0 	 1240 	 565 	 34.0 	 55.0 	 0.23595505617977527 
601.0 	 1242 	 565 	 33.0 	 55.0 	 0.25 
602.0 	 1244 	 565 	 33.0 	 53.0 	 0.23255813953488372 
603.0 	 1246 	 565 	 33.0 	 55.0 	 0.25 
604.0 	 1249 	 565 	 33.0 	 55.0 	 0.25 
605.0 	 1251 	 565 	 33.0 	 56.0 	 0.25842696629213485 
606.0 	 1253 	 565 	 33.0 	 55.0 	 0.25 
607.0 	 1256 	 565 	 33.0 	 56.0 	 0.25842696629213485 
608.0 	 1257 	 565 	 33.0 	 55.0 	 0.25 
609.0 	 1260 	 565 	 33.0 	 56.0 	 0.25842696629213485 
610.0 	 1263 	 565 	 33.0 	 56.0 	 0.25842696629213485 
611.0 	 1265 	 564 	 33.0 	 56.0 	 0.25842696629213485 
612.0 	 1267 	 564 	 33.0 	 55.0 	 0.25 
613.0 	 1269 	 565 	 33.0 	 55.0 	 0.25 
614.0 	 1271 	 564 	 33.0 	 55.0 	 0.25 
615.0 	 1274 	 564 	 33.0 	 54.0 	 0.2413793103448276 
616.0 	 1276 	 565 	 33.0 	 55.0 	 0.25 
617.0 	 1279 	 565 	 33.0 	 56.0 	 0.25842696629213485 
618.0 	 1281 	 564 	 33.0 	 55.0 	 0.25 
619.0 	 1283 	 565 	 33.0 	 57.0 	 0.26666666666666666 
620.0 	 1286 	 565 	 33.0 	 57.0 	 0.26666666666666666 
621.0 	 1288 	 565 	 33.0 	 56.0 	 0.25842696629213485 
622.0 	 1290 	 565 	 33.0 	 56.0 	 0.25842696629213485 
623.0 	 1292 	 565 	 34.0 	 57.0 	 0.25274725274725274 
624.0 	 1295 	 565 	 34.0 	 56.0 	 0.24444444444444444 
625.0 	 1297 	 565 	 33.0 	 56.0 	 0.25842696629213485 
626.0 	 1299 	 565 	 34.0 	 56.0 	 0.24444444444444444 
627.0 	 1302 	 565 	 34.0 	 55.0 	 0.23595505617977527 
628.0 	 1304 	 565 	 34.0 	 56.0 	 0.24444444444444444 
629.0 	 1306 	 565 	 34.0 	 58.0 	 0.2608695652173913 
630.0 	 1308 	 565 	 34.0 	 56.0 	 0.24444444444444444 
631.0 	 1311 	 565 	 34.0 	 55.0 	 0.23595505617977527 
632.0 	 1313 	 565 	 34.0 	 56.0 	 0.24444444444444444 
633.0 	 1315 	 565 	 34.0 	 56.0 	 0.24444444444444444 
634.0 	 1318 	 565 	 34.0 	 55.0 	 0.23595505617977527 
635.0 	 1320 	 565 	 34.0 	 57.0 	 0.25274725274725274 
636.0 	 1321 	 565 	 34.0 	 57.0 	 0.25274725274725274 
637.0 	 1324 	 565 	 34.0 	 57.0 	 0.25274725274725274 
638.0 	 1326 	 565 	 34.0 	 57.0 	 0.25274725274725274 
639.0 	 1328 	 565 	 34.0 	 57.0 	 0.25274725274725274 
640.0 	 1330 	 565 	 34.0 	 56.0 	 0.24444444444444444 
641.0 	 1332 	 565 	 34.0 	 57.0 	 0.25274725274725274 
642.0 	 1334 	 565 	 34.0 	 57.0 	 0.25274725274725274 
643.0 	 1337 	 564 	 33.0 	 56.0 	 0.25842696629213485 
644.0 	 1339 	 565 	 33.0 	 58.0 	 0.27472527472527475 
645.0 	 1341 	 565 	 34.0 	 58.0 	 0.2608695652173913 
646.0 	 1343 	 565 	 33.0 	 56.0 	 0.25842696629213485 
647.0 	 1346 	 565 	 33.0 	 57.0 	 0.26666666666666666 
648.0 	 1347 	 565 	 34.0 	 59.0 	 0.26881720430107525 
649.0 	 1350 	 565 	 33.0 	 57.0 	 0.26666666666666666 
650.0 	 1352 	 565 	 33.0 	 56.0 	 0.25842696629213485 
651.0 	 1354 	 565 	 34.0 	 58.0 	 0.2608695652173913 
652.0 	 1356 	 565 	 34.0 	 57.0 	 0.25274725274725274 
653.0 	 1359 	 564 	 33.0 	 56.0 	 0.25842696629213485 
654.0 	 1361 	 565 	 34.0 	 58.0 	 0.2608695652173913 
655.0 	 1363 	 565 	 34.0 	 58.0 	 0.2608695652173913 
656.0 	 1365 	 565 	 34.0 	 56.0 	 0.24444444444444444 
657.0 	 1367 	 565 	 34.0 	 57.0 	 0.25274725274725274 
658.0 	 1369 	 565 	 34.0 	 58.0 	 0.2608695652173913 
659.0 	 1372 	 564 	 33.0 	 57.0 	 0.26666666666666666 
660.0 	 1374 	 565 	 34.0 	 58.0 	 0.2608695652173913 
661.0 	 1377 	 565 	 33.0 	 57.0 	 0.26666666666666666 
662.0 	 1379 	 565 	 32.0 	 56.0 	 0.2727272727272727 
663.0 	 1381 	 565 	 33.0 	 57.0 	 0.26666666666666666 
664.0 	 1383 	 565 	 34.0 	 57.0 	 0.25274725274725274 
665.0 	 1385 	 565 	 32.0 	 56.0 	 0.2727272727272727 
666.0 	 1387 	 565 	 32.239437103271484 	 56.39631271362305 	 0.2725409968354226 
667.0 	 1390 	 565 	 33.0 	 57.0 	 0.26666666666666666 
668.0 	 1392 	 565 	 33.0 	 56.0 	 0.25842696629213485 
669.0 	 1395 	 565 	 33.0 	 56.0 	 0.25842696629213485 
670.0 	 1397 	 564 	 33.0 	 57.0 	 0.26666666666666666 
671.0 	 1399 	 564 	 33.0 	 56.0 	 0.25842696629213485 
672.0 	 1402 	 564 	 33.0 	 54.0 	 0.2413793103448276 
673.0 	 1404 	 564 	 33.0 	 57.0 	 0.26666666666666666 
674.0 	 1406 	 564 	 33.0 	 57.0 	 0.26666666666666666 
675.0 	 1408 	 564 	 33.0 	 55.0 	 0.25 
676.0 	 1410 	 564 	 33.0 	 57.0 	 0.26666666666666666 
677.0 	 1413 	 564 	 33.0 	 56.0 	 0.25842696629213485 
678.0 	 1415 	 564 	 33.0 	 55.0 	 0.25 
679.0 	 1417 	 564 	 33.0 	 55.0 	 0.25 
680.0 	 1419 	 565 	 34.0 	 56.0 	 0.24444444444444444 
681.0 	 1422 	 565 	 33.0 	 59.0 	 0.2826086956521739 
682.0 	 1424 	 565 	 33.0 	 61.0 	 0.2978723404255319 
683.0 	 1427 	 565 	 33.0 	 61.0 	 0.2978723404255319 
684.0 	 1429 	 565 	 32.0 	 59.0 	 0.2967032967032967 
685.0 	 1431 	 565 	 32.0 	 58.0 	 0.28888888888888886 
686.0 	 1433 	 565 	 33.0 	 59.0 	 0.2826086956521739 
687.0 	 1435 	 565 	 33.0 	 57.0 	 0.26666666666666666 
688.0 	 1437 	 564 	 57.60139846801758 	 32.629695892333984 	 0.2767527397590382 
689.0 	 1439 	 565 	 33.0 	 57.0 	 0.26666666666666666 
690.0 	 1441 	 565 	 33.0 	 56.0 	 0.25842696629213485 
691.0 	 1444 	 565 	 33.0 	 56.0 	 0.25842696629213485 
692.0 	 1446 	 564 	 33.0 	 57.0 	 0.26666666666666666 
693.0 	 1448 	 564 	 33.0 	 57.0 	 0.26666666666666666 
694.0 	 1450 	 564 	 34.0 	 56.0 	 0.24444444444444444 
695.0 	 1452 	 565 	 34.0 	 57.0 	 0.25274725274725274 
696.0 	 1454 	 565 	 34.0 	 56.0 	 0.24444444444444444 
697.0 	 1457 	 565 	 33.0 	 54.0 	 0.2413793103448276 
698.0 	 1459 	 565 	 33.0 	 55.0 	 0.25 
699.0 	 1461 	 565 	 34.0 	 55.0 	 0.23595505617977527 
700.0 	 1463 	 565 	 34.0 	 54.0 	 0.22727272727272727 
701.0 	 1466 	 565 	 34.0 	 56.0 	 0.24444444444444444 
702.0 	 1467 	 565 	 34.0 	 56.0 	 0.24444444444444444 
703.0 	 1469 	 565 	 34.0 	 55.0 	 0.23595505617977527 
704.0 	 1472 	 565 	 33.0 	 56.0 	 0.25842696629213485 
705.0 	 1474 	 565 	 34.0 	 58.0 	 0.2608695652173913 
706.0 	 1476 	 565 	 34.0 	 58.0 	 0.2608695652173913 
707.0 	 1479 	 565 	 34.0 	 57.0 	 0.25274725274725274 
708.0 	 1482 	 565 	 34.0 	 57.0 	 0.25274725274725274 
709.0 	 1484 	 565 	 35.0 	 56.0 	 0.23076923076923078 
710.0 	 1486 	 565 	 35.0 	 54.0 	 0.21348314606741572 
711.0 	 1488 	 565 	 35.0 	 56.0 	 0.23076923076923078 
712.0 	 1490 	 565 	 35.0 	 57.0 	 0.2391304347826087 
713.0 	 1492 	 565 	 35.0 	 55.0 	 0.2222222222222222 
714.0 	 1494 	 565 	 35.0 	 56.0 	 0.23076923076923078 
715.0 	 1496 	 565 	 35.0 	 56.0 	 0.23076923076923078 
716.0 	 1499 	 565 	 35.0 	 55.0 	 0.2222222222222222 
717.0 	 1501 	 565 	 35.0 	 56.0 	 0.23076923076923078 
718.0 	 1503 	 565 	 35.0 	 56.0 	 0.23076923076923078 
719.0 	 1506 	 564 	 35.0 	 55.0 	 0.2222222222222222 
720.0 	 1508 	 564 	 35.0 	 55.0 	 0.2222222222222222 
721.0 	 1510 	 565 	 35.0 	 56.0 	 0.23076923076923078 
722.0 	 1511 	 565 	 35.0 	 56.0 	 0.23076923076923078 
723.0 	 1514 	 565 	 35.0 	 54.0 	 0.21348314606741572 
724.0 	 1516 	 565 	 35.0 	 55.0 	 0.2222222222222222 
725.0 	 1519 	 565 	 35.0 	 56.0 	 0.23076923076923078 
726.0 	 1521 	 565 	 35.0 	 55.0 	 0.2222222222222222 
727.0 	 1524 	 565 	 56.071388244628906 	 34.22817611694336 	 0.24189720384721045 
728.0 	 1526 	 565 	 56.11796951293945 	 34.30356979370117 	 0.2412522490383684 
729.0 	 1528 	 565 	 34.0 	 55.0 	 0.23595505617977527 
730.0 	 1530 	 565 	 56.32963562011719 	 34.20726776123047 	 0.24434641602116416 
731.0 	 1533 	 565 	 34.0 	 55.0 	 0.23595505617977527 
732.0 	 1534 	 565 	 34.0 	 55.0 	 0.23595505617977527 
733.0 	 1537 	 565 	 34.0 	 53.0 	 0.21839080459770116 
734.0 	 1539 	 565 	 34.0 	 54.0 	 0.22727272727272727 
735.0 	 1542 	 565 	 34.0 	 55.0 	 0.23595505617977527 
736.0 	 1544 	 565 	 34.0 	 54.0 	 0.22727272727272727 
737.0 	 1547 	 565 	 34.0 	 55.0 	 0.23595505617977527 
738.0 	 1548 	 565 	 34.0 	 55.0 	 0.23595505617977527 
739.0 	 1550 	 565 	 34.0 	 53.0 	 0.21839080459770116 
740.0 	 1553 	 565 	 34.0 	 55.0 	 0.23595505617977527 
741.0 	 1555 	 565 	 34.0 	 55.0 	 0.23595505617977527 
742.0 	 1557 	 565 	 34.0 	 53.0 	 0.21839080459770116 
743.0 	 1560 	 565 	 34.0 	 55.0 	 0.23595505617977527 
744.0 	 1562 	 565 	 34.0 	 56.0 	 0.24444444444444444 
745.0 	 1564 	 565 	 33.0 	 54.0 	 0.2413793103448276 
746.0 	 1567 	 565 	 33.0 	 55.0 	 0.25 
747.0 	 1569 	 565 	 33.0 	 56.0 	 0.25842696629213485 
748.0 	 1571 	 565 	 33.0 	 54.0 	 0.2413793103448276 
749.0 	 1574 	 565 	 33.0 	 55.0 	 0.25 
750.0 	 1576 	 565 	 33.0 	 55.0 	 0.25 
751.0 	 1578 	 565 	 33.0 	 55.0 	 0.25 
752.0 	 1580 	 565 	 33.0 	 54.0 	 0.2413793103448276 
753.0 	 1582 	 565 	 33.0 	 55.0 	 0.25 
754.0 	 1584 	 565 	 33.0 	 54.0 	 0.2413793103448276 
755.0 	 1587 	 565 	 32.0 	 53.0 	 0.24705882352941178 
756.0 	 1589 	 565 	 34.0 	 54.0 	 0.22727272727272727 
757.0 	 1591 	 565 	 33.0 	 55.0 	 0.25 
758.0 	 1594 	 565 	 33.0 	 53.0 	 0.23255813953488372 
759.0 	 1595 	 565 	 33.0 	 55.0 	 0.25 
760.0 	 1598 	 565 	 33.0 	 57.0 	 0.26666666666666666 
761.0 	 1600 	 565 	 32.0 	 54.0 	 0.2558139534883721 
762.0 	 1602 	 565 	 32.0 	 55.0 	 0.26436781609195403 
763.0 	 1605 	 565 	 32.0 	 56.0 	 0.2727272727272727 
764.0 	 1607 	 565 	 32.0 	 55.0 	 0.26436781609195403 
765.0 	 1609 	 565 	 32.0 	 54.0 	 0.2558139534883721 
766.0 	 1611 	 565 	 33.0 	 57.0 	 0.26666666666666666 
767.0 	 1613 	 565 	 32.0 	 54.0 	 0.2558139534883721 
768.0 	 1616 	 565 	 32.0 	 54.0 	 0.2558139534883721 
769.0 	 1618 	 565 	 32.0 	 54.0 	 0.2558139534883721 
770.0 	 1620 	 565 	 32.0 	 54.0 	 0.2558139534883721 
771.0 	 1622 	 565 	 32.0 	 53.0 	 0.24705882352941178 
772.0 	 1624 	 565 	 32.0 	 55.0 	 0.26436781609195403 
773.0 	 1627 	 565 	 32.0 	 55.0 	 0.26436781609195403 
774.0 	 1628 	 565 	 32.0 	 53.0 	 0.24705882352941178 
775.0 	 1631 	 565 	 32.0 	 56.0 	 0.2727272727272727 
776.0 	 1633 	 565 	 32.0 	 56.0 	 0.2727272727272727 
777.0 	 1635 	 565 	 31.0 	 54.0 	 0.27058823529411763 
778.0 	 1637 	 565 	 32.0 	 55.0 	 0.26436781609195403 
779.0 	 1639 	 565 	 32.0 	 56.0 	 0.2727272727272727 
780.0 	 1642 	 565 	 32.0 	 54.0 	 0.2558139534883721 
781.0 	 1644 	 565 	 31.0 	 54.0 	 0.27058823529411763 
782.0 	 1646 	 565 	 32.0 	 56.0 	 0.2727272727272727 
783.0 	 1648 	 565 	 31.0 	 53.0 	 0.2619047619047619 
784.0 	 1650 	 565 	 31.0 	 54.0 	 0.27058823529411763 
785.0 	 1653 	 565 	 32.0 	 55.0 	 0.26436781609195403 
786.0 	 1655 	 565 	 31.0 	 53.0 	 0.2619047619047619 
787.0 	 1657 	 565 	 52.0 	 31.0 	 0.25301204819277107 
788.0 	 1659 	 565 	 32.0 	 55.0 	 0.26436781609195403 
789.0 	 1662 	 565 	 30.0 	 54.0 	 0.2857142857142857 
790.0 	 1664 	 565 	 30.0 	 52.0 	 0.2682926829268293 
791.0 	 1666 	 565 	 31.0 	 55.0 	 0.27906976744186046 
792.0 	 1668 	 565 	 31.0 	 54.0 	 0.27058823529411763 
793.0 	 1670 	 565 	 29.0 	 52.0 	 0.2839506172839506 
794.0 	 1672 	 565 	 31.0 	 55.0 	 0.27906976744186046 
795.0 	 1674 	 565 	 31.0 	 55.0 	 0.27906976744186046 
796.0 	 1676 	 565 	 30.0 	 51.0 	 0.25925925925925924 
797.0 	 1678 	 565 	 31.0 	 53.0 	 0.2619047619047619 
798.0 	 1681 	 565 	 32.0 	 55.0 	 0.26436781609195403 
799.0 	 1682 	 565 	 30.727087020874023 	 52.17897033691406 	 0.2587492880461391 
800.0 	 1685 	 564 	 31.0 	 53.0 	 0.2619047619047619 
801.0 	 1687 	 565 	 31.0 	 54.0 	 0.27058823529411763 
802.0 	 1689 	 565 	 31.0 	 51.0 	 0.24390243902439024 
803.0 	 1692 	 565 	 31.0 	 52.0 	 0.25301204819277107 
804.0 	 1693 	 565 	 31.0 	 54.0 	 0.27058823529411763 
805.0 	 1695 	 565 	 30.0 	 52.0 	 0.2682926829268293 
806.0 	 1697 	 565 	 29.0 	 52.0 	 0.2839506172839506 
807.0 	 1699 	 565 	 31.0 	 54.0 	 0.27058823529411763 
808.0 	 1702 	 565 	 30.0 	 53.0 	 0.27710843373493976 
809.0 	 1704 	 565 	 29.0 	 51.0 	 0.275 
810.0 	 1706 	 565 	 31.0 	 55.0 	 0.27906976744186046 
811.0 	 1708 	 565 	 30.0 	 54.0 	 0.2857142857142857 
812.0 	 1710 	 565 	 30.0 	 52.0 	 0.2682926829268293 
813.0 	 1712 	 565 	 31.0 	 55.0 	 0.27906976744186046 
814.0 	 1714 	 565 	 31.0 	 55.0 	 0.27906976744186046 
815.0 	 1716 	 565 	 52.010345458984375 	 30.77872657775879 	 0.2564543647959074 
816.0 	 1718 	 565 	 31.0 	 54.0 	 0.27058823529411763 
817.0 	 1720 	 565 	 30.0 	 53.0 	 0.27710843373493976 
818.0 	 1722 	 565 	 29.0 	 52.0 	 0.2839506172839506 
819.0 	 1723 	 565 	 30.0 	 54.0 	 0.2857142857142857 
820.0 	 1725 	 565 	 55.0 	 31.0 	 0.27906976744186046 
821.0 	 1728 	 565 	 30.0 	 53.0 	 0.27710843373493976 
822.0 	 1730 	 565 	 30.0 	 53.0 	 0.27710843373493976 
823.0 	 1732 	 565 	 31.0 	 55.0 	 0.27906976744186046 
824.0 	 1734 	 565 	 30.0 	 53.0 	 0.27710843373493976 
825.0 	 1737 	 565 	 30.0 	 50.0 	 0.25 
826.0 	 1737 	 565 	 54.0 	 31.0 	 0.27058823529411763 
827.0 	 1740 	 565 	 30.0 	 53.0 	 0.27710843373493976 
828.0 	 1741 	 565 	 30.0 	 53.0 	 0.27710843373493976 
829.0 	 1744 	 565 	 30.0 	 52.0 	 0.2682926829268293 
830.0 	 1745 	 565 	 30.0 	 52.0 	 0.2682926829268293 
831.0 	 1747 	 565 	 29.0 	 51.0 	 0.275 
832.0 	 1749 	 565 	 30.0 	 53.0 	 0.27710843373493976 
833.0 	 1751 	 565 	 30.0 	 53.0 	 0.27710843373493976 
834.0 	 1753 	 565 	 30.0 	 51.0 	 0.25925925925925924 
835.0 	 1755 	 565 	 30.0 	 53.0 	 0.27710843373493976 
836.0 	 1757 	 565 	 30.0 	 54.0 	 0.2857142857142857 
837.0 	 1759 	 565 	 30.0 	 52.0 	 0.2682926829268293 
838.0 	 1761 	 565 	 30.0 	 51.0 	 0.25925925925925924 
839.0 	 1763 	 565 	 32.0 	 53.0 	 0.24705882352941178 
840.0 	 1765 	 565 	 31.0 	 52.0 	 0.25301204819277107 
841.0 	 1767 	 565 	 50.0 	 30.0 	 0.25 
842.0 	 1769 	 565 	 31.0 	 53.0 	 0.2619047619047619 
843.0 	 1771 	 565 	 51.24441909790039 	 30.647146224975586 	 0.25151885657229056 
844.0 	 1773 	 565 	 30.0 	 49.0 	 0.24050632911392406 
845.0 	 1775 	 565 	 52.0 	 31.0 	 0.25301204819277107 
846.0 	 1776 	 565 	 51.0 	 31.0 	 0.24390243902439024 
847.0 	 1778 	 565 	 31.0 	 49.0 	 0.225 
848.0 	 1780 	 565 	 51.0 	 32.0 	 0.2289156626506024 
849.0 	 1782 	 565 	 51.0 	 32.0 	 0.2289156626506024 
850.0 	 1784 	 565 	 31.0 	 51.0 	 0.24390243902439024 
851.0 	 1787 	 565 	 31.0 	 52.0 	 0.25301204819277107 
852.0 	 1789 	 565 	 32.0 	 52.0 	 0.23809523809523808 
853.0 	 1791 	 565 	 29.0 	 51.0 	 0.275 
854.0 	 1793 	 565 	 29.0 	 51.0 	 0.275 
855.0 	 1795 	 565 	 31.0 	 53.0 	 0.2619047619047619 
856.0 	 1797 	 565 	 30.0 	 52.0 	 0.2682926829268293 
857.0 	 1799 	 565 	 29.0 	 50.0 	 0.26582278481012656 
858.0 	 1801 	 565 	 30.0 	 53.0 	 0.27710843373493976 
859.0 	 1804 	 565 	 30.0 	 52.0 	 0.2682926829268293 
860.0 	 1806 	 565 	 30.0 	 52.0 	 0.2682926829268293 
861.0 	 1808 	 565 	 31.0 	 52.0 	 0.25301204819277107 
862.0 	 1809 	 565 	 31.0 	 52.0 	 0.25301204819277107 
863.0 	 1811 	 565 	 30.0 	 51.0 	 0.25925925925925924 
864.0 	 1814 	 565 	 31.0 	 52.0 	 0.25301204819277107 
865.0 	 1816 	 565 	 31.0 	 53.0 	 0.2619047619047619 
866.0 	 1818 	 565 	 29.0 	 50.0 	 0.26582278481012656 
867.0 	 1819 	 565 	 30.0 	 51.0 	 0.25925925925925924 
868.0 	 1821 	 565 	 30.0 	 53.0 	 0.27710843373493976 
869.0 	 1823 	 565 	 30.0 	 51.0 	 0.25925925925925924 
870.0 	 1826 	 565 	 30.0 	 52.0 	 0.2682926829268293 
871.0 	 1828 	 565 	 30.0 	 53.0 	 0.27710843373493976 
872.0 	 1829 	 565 	 29.0 	 51.0 	 0.275 
873.0 	 1831 	 565 	 28.0 	 51.0 	 0.2911392405063291 
874.0 	 1833 	 565 	 30.0 	 51.0 	 0.25925925925925924 
875.0 	 1835 	 565 	 51.40253829956055 	 28.59200668334961 	 0.285151089003433 
876.0 	 1838 	 565 	 50.25687026977539 	 27.843259811401367 	 0.28698557140785125 
877.0 	 1840 	 566 	 29.0 	 55.0 	 0.30952380952380953 
878.0 	 1842 	 566 	 28.0 	 54.0 	 0.3170731707317073 
879.0 	 1845 	 565 	 28.0 	 52.0 	 0.3 
880.0 	 1847 	 566 	 29.0 	 53.0 	 0.2926829268292683 
881.0 	 1848 	 566 	 29.0 	 53.0 	 0.2926829268292683 
882.0 	 1851 	 565 	 29.0 	 52.0 	 0.2839506172839506 
883.0 	 1853 	 565 	 29.0 	 53.0 	 0.2926829268292683 
884.0 	 1854 	 565 	 31.0 	 53.0 	 0.2619047619047619 
885.0 	 1856 	 565 	 31.0 	 51.0 	 0.24390243902439024 
886.0 	 1859 	 565 	 31.0 	 52.0 	 0.25301204819277107 
887.0 	 1861 	 565 	 32.0 	 53.0 	 0.24705882352941178 
888.0 	 1863 	 565 	 31.0 	 51.0 	 0.24390243902439024 
889.0 	 1865 	 565 	 30.0 	 53.0 	 0.27710843373493976 
890.0 	 1868 	 565 	 55.144874572753906 	 31.85536766052246 	 0.2676947364098664 
891.0 	 1870 	 565 	 30.0 	 53.0 	 0.27710843373493976 
892.0 	 1872 	 565 	 30.0 	 51.0 	 0.25925925925925924 
893.0 	 1875 	 565 	 31.0 	 54.0 	 0.27058823529411763 
894.0 	 1877 	 565 	 31.0 	 53.0 	 0.2619047619047619 
895.0 	 1879 	 565 	 30.0 	 50.0 	 0.25 
896.0 	 1881 	 565 	 32.0 	 53.0 	 0.24705882352941178 
897.0 	 1883 	 565 	 32.0 	 54.0 	 0.2558139534883721 
898.0 	 1886 	 565 	 29.0 	 51.0 	 0.275 
899.0 	 1888 	 565 	 52.0 	 30.0 	 0.2682926829268293 
900.0 	 1890 	 565 	 30.0 	 54.0 	 0.2857142857142857 
901.0 	 1892 	 564 	 29.0 	 50.0 	 0.26582278481012656 
902.0 	 1894 	 564 	 30.0 	 48.0 	 0.23076923076923078 
903.0 	 1894 	 565 	 31.0 	 47.0 	 0.20512820512820512 
904.0 	 1896 	 564 	 29.0 	 43.0 	 0.19444444444444445 
905.0 	 1898 	 564 	 29.0 	 40.0 	 0.15942028985507245 
906.0 	 1899 	 565 	 40.0 	 31.0 	 0.1267605633802817 
907.0 	 1900 	 565 	 29.0 	 37.0 	 0.12121212121212122 
908.0 	 1901 	 564 	 29.0 	 34.0 	 0.07936507936507936 
909.0 	 1902 	 564 	 31.0 	 33.0 	 0.03125 
910.0 	 1904 	 564 	 29.0 	 31.0 	 0.03333333333333333 
911.0 	 1905 	 564 	 27.0 	 28.0 	 0.01818181818181818 
912.0 	 1906 	 564 	 29.0 	 27.0 	 0.03571428571428571 
913.0 	 1907 	 565 	 28.0 	 25.0 	 0.05660377358490566 
914.0 	 1909 	 564 	 27.0 	 22.0 	 0.10204081632653061 
