frame 	 x 	 y 	 width 	 height 	 deformation 
1.0 	 187 	 549 	 43.0 	 46.0 	 0.033707865168539325 
2.0 	 187 	 549 	 43.0 	 45.0 	 0.022727272727272728 
3.0 	 187 	 549 	 44.0 	 47.0 	 0.03296703296703297 
4.0 	 187 	 549 	 45.0 	 47.0 	 0.021739130434782608 
5.0 	 187 	 549 	 43.0 	 45.0 	 0.022727272727272728 
6.0 	 188 	 549 	 44.0 	 47.0 	 0.03296703296703297 
7.0 	 187 	 549 	 44.0 	 47.0 	 0.03296703296703297 
8.0 	 188 	 549 	 44.0 	 46.0 	 0.022222222222222223 
9.0 	 188 	 549 	 44.0 	 46.0 	 0.022222222222222223 
10.0 	 188 	 549 	 44.0 	 46.0 	 0.022222222222222223 
11.0 	 188 	 549 	 44.0 	 46.0 	 0.022222222222222223 
12.0 	 188 	 549 	 44.0 	 46.0 	 0.022222222222222223 
13.0 	 188 	 549 	 44.0 	 46.0 	 0.022222222222222223 
14.0 	 188 	 549 	 44.0 	 46.0 	 0.022222222222222223 
15.0 	 188 	 549 	 45.0 	 46.0 	 0.01098901098901099 
16.0 	 189 	 549 	 45.0 	 47.0 	 0.021739130434782608 
17.0 	 189 	 549 	 45.0 	 46.0 	 0.01098901098901099 
18.0 	 189 	 549 	 44.0 	 46.0 	 0.022222222222222223 
19.0 	 189 	 549 	 47.0 	 46.0 	 0.010752688172043012 
20.0 	 189 	 549 	 45.0 	 45.0 	 0.0 
21.0 	 189 	 549 	 44.0 	 45.0 	 0.011235955056179775 
22.0 	 189 	 549 	 47.0 	 46.0 	 0.010752688172043012 
23.0 	 189 	 549 	 45.0 	 46.0 	 0.01098901098901099 
24.0 	 189 	 549 	 45.0 	 46.0 	 0.01098901098901099 
25.0 	 189 	 549 	 45.0 	 46.0 	 0.01098901098901099 
26.0 	 189 	 549 	 44.0 	 45.0 	 0.011235955056179775 
27.0 	 189 	 549 	 44.0 	 45.0 	 0.011235955056179775 
28.0 	 189 	 549 	 44.0 	 46.0 	 0.022222222222222223 
29.0 	 189 	 549 	 44.0 	 45.0 	 0.011235955056179775 
30.0 	 190 	 549 	 43.0 	 45.0 	 0.022727272727272728 
31.0 	 189 	 549 	 45.0 	 45.0 	 0.0 
32.0 	 190 	 549 	 45.0 	 45.0 	 0.0 
33.0 	 190 	 549 	 44.0 	 44.0 	 0.0 
34.0 	 189 	 549 	 45.0 	 45.0 	 0.0 
35.0 	 190 	 549 	 44.0 	 44.0 	 0.0 
36.0 	 190 	 549 	 44.0 	 44.0 	 0.0 
37.0 	 190 	 549 	 43.0 	 45.0 	 0.022727272727272728 
38.0 	 190 	 549 	 43.0 	 45.0 	 0.022727272727272728 
39.0 	 190 	 549 	 43.0 	 45.0 	 0.022727272727272728 
40.0 	 190 	 549 	 44.0 	 46.0 	 0.022222222222222223 
41.0 	 190 	 549 	 44.0 	 45.0 	 0.011235955056179775 
42.0 	 190 	 549 	 43.0 	 44.0 	 0.011494252873563218 
43.0 	 190 	 549 	 44.0 	 45.0 	 0.011235955056179775 
44.0 	 190 	 549 	 44.0 	 45.0 	 0.011235955056179775 
45.0 	 190 	 549 	 43.0 	 45.0 	 0.022727272727272728 
46.0 	 190 	 549 	 43.0 	 45.0 	 0.022727272727272728 
47.0 	 190 	 549 	 44.0 	 47.0 	 0.03296703296703297 
48.0 	 190 	 549 	 43.0 	 45.0 	 0.022727272727272728 
49.0 	 191 	 549 	 43.0 	 44.0 	 0.011494252873563218 
50.0 	 190 	 549 	 44.0 	 46.0 	 0.022222222222222223 
51.0 	 190 	 549 	 44.0 	 45.0 	 0.011235955056179775 
52.0 	 190 	 549 	 43.0 	 44.0 	 0.011494252873563218 
53.0 	 191 	 549 	 45.0 	 46.0 	 0.01098901098901099 
54.0 	 191 	 549 	 45.0 	 44.0 	 0.011235955056179775 
55.0 	 191 	 549 	 44.0 	 44.0 	 0.0 
56.0 	 191 	 549 	 45.0 	 46.0 	 0.01098901098901099 
57.0 	 191 	 549 	 45.0 	 45.0 	 0.0 
58.0 	 192 	 549 	 44.0 	 44.0 	 0.0 
59.0 	 192 	 549 	 45.0 	 45.0 	 0.0 
60.0 	 192 	 549 	 44.0 	 45.0 	 0.011235955056179775 
61.0 	 193 	 549 	 43.0 	 44.0 	 0.011494252873563218 
62.0 	 193 	 549 	 44.0 	 45.0 	 0.011235955056179775 
63.0 	 194 	 549 	 44.0 	 45.0 	 0.011235955056179775 
64.0 	 194 	 549 	 43.0 	 44.0 	 0.011494252873563218 
65.0 	 195 	 549 	 43.0 	 45.0 	 0.022727272727272728 
66.0 	 196 	 549 	 44.0 	 45.0 	 0.011235955056179775 
67.0 	 197 	 549 	 44.0 	 44.0 	 0.0 
68.0 	 198 	 549 	 44.0 	 45.0 	 0.011235955056179775 
69.0 	 199 	 549 	 43.0 	 45.0 	 0.022727272727272728 
70.0 	 200 	 549 	 44.0 	 45.0 	 0.011235955056179775 
71.0 	 201 	 549 	 44.0 	 44.0 	 0.0 
72.0 	 203 	 549 	 44.0 	 46.0 	 0.022222222222222223 
73.0 	 204 	 549 	 43.0 	 45.0 	 0.022727272727272728 
74.0 	 206 	 549 	 42.0 	 44.0 	 0.023255813953488372 
75.0 	 207 	 549 	 44.0 	 45.0 	 0.011235955056179775 
76.0 	 208 	 549 	 43.0 	 45.0 	 0.022727272727272728 
77.0 	 210 	 549 	 42.0 	 44.0 	 0.023255813953488372 
78.0 	 211 	 549 	 43.0 	 47.0 	 0.044444444444444446 
79.0 	 212 	 550 	 43.0 	 46.0 	 0.033707865168539325 
80.0 	 214 	 549 	 42.0 	 44.0 	 0.023255813953488372 
81.0 	 215 	 549 	 44.0 	 45.0 	 0.011235955056179775 
82.0 	 217 	 549 	 46.0 	 44.0 	 0.022222222222222223 
83.0 	 218 	 549 	 42.0 	 44.0 	 0.023255813953488372 
84.0 	 220 	 549 	 43.0 	 45.0 	 0.022727272727272728 
85.0 	 222 	 549 	 42.0 	 46.0 	 0.045454545454545456 
86.0 	 223 	 549 	 42.0 	 45.0 	 0.034482758620689655 
87.0 	 225 	 549 	 42.0 	 46.0 	 0.045454545454545456 
88.0 	 226 	 549 	 42.0 	 47.0 	 0.056179775280898875 
89.0 	 228 	 549 	 42.0 	 46.0 	 0.045454545454545456 
90.0 	 229 	 549 	 42.0 	 47.0 	 0.056179775280898875 
91.0 	 231 	 549 	 42.0 	 48.0 	 0.06666666666666667 
92.0 	 233 	 549 	 42.0 	 46.0 	 0.045454545454545456 
93.0 	 234 	 549 	 42.0 	 47.0 	 0.056179775280898875 
94.0 	 236 	 549 	 41.0 	 47.0 	 0.06818181818181818 
95.0 	 238 	 549 	 42.0 	 47.0 	 0.056179775280898875 
96.0 	 239 	 549 	 41.0 	 47.0 	 0.06818181818181818 
97.0 	 241 	 549 	 41.0 	 47.0 	 0.06818181818181818 
98.0 	 243 	 549 	 41.0 	 46.0 	 0.05747126436781609 
99.0 	 244 	 549 	 41.0 	 45.0 	 0.046511627906976744 
100.0 	 246 	 549 	 41.0 	 47.0 	 0.06818181818181818 
101.0 	 248 	 549 	 41.0 	 48.0 	 0.07865168539325842 
102.0 	 250 	 549 	 41.0 	 46.0 	 0.05747126436781609 
103.0 	 251 	 549 	 42.0 	 48.0 	 0.06666666666666667 
104.0 	 253 	 549 	 41.0 	 48.0 	 0.07865168539325842 
105.0 	 255 	 549 	 41.0 	 47.0 	 0.06818181818181818 
106.0 	 257 	 549 	 41.0 	 49.0 	 0.08888888888888889 
107.0 	 258 	 549 	 41.0 	 48.0 	 0.07865168539325842 
108.0 	 261 	 549 	 41.0 	 47.0 	 0.06818181818181818 
109.0 	 262 	 549 	 41.0 	 48.0 	 0.07865168539325842 
110.0 	 264 	 549 	 41.0 	 49.0 	 0.08888888888888889 
111.0 	 266 	 549 	 41.0 	 48.0 	 0.07865168539325842 
112.0 	 268 	 549 	 41.0 	 48.0 	 0.07865168539325842 
113.0 	 269 	 549 	 41.0 	 50.0 	 0.0989010989010989 
114.0 	 271 	 549 	 41.0 	 48.0 	 0.07865168539325842 
115.0 	 273 	 549 	 41.0 	 49.0 	 0.08888888888888889 
116.0 	 275 	 549 	 41.0 	 50.0 	 0.0989010989010989 
117.0 	 277 	 549 	 41.0 	 48.0 	 0.07865168539325842 
118.0 	 279 	 549 	 41.0 	 50.0 	 0.0989010989010989 
119.0 	 281 	 549 	 41.0 	 51.0 	 0.10869565217391304 
120.0 	 283 	 549 	 41.0 	 49.0 	 0.08888888888888889 
121.0 	 285 	 549 	 41.0 	 49.0 	 0.08888888888888889 
122.0 	 287 	 549 	 41.0 	 50.0 	 0.0989010989010989 
123.0 	 289 	 549 	 41.0 	 50.0 	 0.0989010989010989 
124.0 	 291 	 549 	 41.0 	 50.0 	 0.0989010989010989 
125.0 	 293 	 549 	 41.0 	 51.0 	 0.10869565217391304 
126.0 	 295 	 549 	 40.741085052490234 	 51.24323272705078 	 0.1141732409184255 
127.0 	 297 	 549 	 40.0 	 50.0 	 0.1111111111111111 
128.0 	 299 	 549 	 41.0 	 50.0 	 0.0989010989010989 
129.0 	 301 	 549 	 41.0 	 50.0 	 0.0989010989010989 
130.0 	 303 	 549 	 40.0 	 50.0 	 0.1111111111111111 
131.0 	 305 	 549 	 40.0 	 51.0 	 0.12087912087912088 
132.0 	 307 	 549 	 40.0 	 52.0 	 0.13043478260869565 
133.0 	 310 	 549 	 40.0 	 50.0 	 0.1111111111111111 
134.0 	 311 	 549 	 40.0 	 51.0 	 0.12087912087912088 
135.0 	 314 	 549 	 40.0 	 51.0 	 0.12087912087912088 
136.0 	 316 	 549 	 40.0 	 51.0 	 0.12087912087912088 
137.0 	 318 	 549 	 40.0 	 51.0 	 0.12087912087912088 
138.0 	 320 	 549 	 40.0 	 52.0 	 0.13043478260869565 
139.0 	 322 	 549 	 40.0 	 51.0 	 0.12087912087912088 
140.0 	 324 	 549 	 40.0 	 52.0 	 0.13043478260869565 
141.0 	 326 	 549 	 40.0 	 52.0 	 0.13043478260869565 
142.0 	 328 	 549 	 40.0 	 51.0 	 0.12087912087912088 
143.0 	 330 	 549 	 40.0 	 52.0 	 0.13043478260869565 
144.0 	 332 	 549 	 40.0 	 53.0 	 0.13978494623655913 
145.0 	 334 	 549 	 40.0 	 52.0 	 0.13043478260869565 
146.0 	 337 	 549 	 40.0 	 52.0 	 0.13043478260869565 
147.0 	 339 	 549 	 40.0 	 52.0 	 0.13043478260869565 
148.0 	 341 	 549 	 40.0 	 51.0 	 0.12087912087912088 
149.0 	 343 	 549 	 40.0 	 52.0 	 0.13043478260869565 
150.0 	 345 	 549 	 40.0 	 52.0 	 0.13043478260869565 
151.0 	 347 	 549 	 40.0 	 51.0 	 0.12087912087912088 
152.0 	 349 	 549 	 40.0 	 52.0 	 0.13043478260869565 
153.0 	 351 	 549 	 39.0 	 53.0 	 0.15217391304347827 
154.0 	 353 	 549 	 39.0 	 52.0 	 0.14285714285714285 
155.0 	 356 	 549 	 39.0 	 52.0 	 0.14285714285714285 
156.0 	 358 	 549 	 39.0 	 52.0 	 0.14285714285714285 
157.0 	 360 	 549 	 38.0 	 51.0 	 0.14606741573033707 
158.0 	 363 	 549 	 38.0 	 51.0 	 0.14606741573033707 
159.0 	 365 	 549 	 39.0 	 52.0 	 0.14285714285714285 
160.0 	 367 	 549 	 39.0 	 52.0 	 0.14285714285714285 
161.0 	 369 	 549 	 39.0 	 51.0 	 0.13333333333333333 
162.0 	 371 	 549 	 39.0 	 53.0 	 0.15217391304347827 
163.0 	 374 	 549 	 39.0 	 52.0 	 0.14285714285714285 
164.0 	 376 	 549 	 39.0 	 52.0 	 0.14285714285714285 
165.0 	 378 	 549 	 39.0 	 54.0 	 0.16129032258064516 
166.0 	 380 	 549 	 38.0 	 52.0 	 0.15555555555555556 
167.0 	 383 	 549 	 38.0 	 51.0 	 0.14606741573033707 
168.0 	 385 	 549 	 38.0 	 53.0 	 0.16483516483516483 
169.0 	 387 	 549 	 39.0 	 52.0 	 0.14285714285714285 
170.0 	 390 	 549 	 39.0 	 51.0 	 0.13333333333333333 
171.0 	 392 	 549 	 40.0 	 52.0 	 0.13043478260869565 
172.0 	 394 	 549 	 40.0 	 53.0 	 0.13978494623655913 
173.0 	 397 	 549 	 39.0 	 52.0 	 0.14285714285714285 
174.0 	 399 	 549 	 39.0 	 53.0 	 0.15217391304347827 
175.0 	 402 	 549 	 39.0 	 54.0 	 0.16129032258064516 
176.0 	 404 	 549 	 39.0 	 53.0 	 0.15217391304347827 
177.0 	 406 	 549 	 39.0 	 54.0 	 0.16129032258064516 
178.0 	 409 	 549 	 40.0 	 55.0 	 0.15789473684210525 
179.0 	 411 	 549 	 40.0 	 53.0 	 0.13978494623655913 
180.0 	 414 	 549 	 40.0 	 54.0 	 0.14893617021276595 
181.0 	 416 	 549 	 39.0 	 53.0 	 0.15217391304347827 
182.0 	 419 	 549 	 38.0 	 52.0 	 0.15555555555555556 
183.0 	 421 	 549 	 38.0 	 53.0 	 0.16483516483516483 
184.0 	 423 	 549 	 38.0 	 54.0 	 0.17391304347826086 
185.0 	 426 	 549 	 38.0 	 52.0 	 0.15555555555555556 
186.0 	 428 	 549 	 38.0 	 52.0 	 0.15555555555555556 
187.0 	 431 	 549 	 38.0 	 54.0 	 0.17391304347826086 
188.0 	 433 	 549 	 38.0 	 52.0 	 0.15555555555555556 
189.0 	 436 	 549 	 39.1114387512207 	 52.69179916381836 	 0.14792899162408457 
190.0 	 438 	 549 	 39.0 	 54.0 	 0.16129032258064516 
191.0 	 440 	 549 	 38.0 	 52.0 	 0.15555555555555556 
192.0 	 443 	 549 	 38.0 	 52.0 	 0.15555555555555556 
193.0 	 445 	 549 	 39.0 	 53.0 	 0.15217391304347827 
194.0 	 447 	 549 	 39.0 	 53.0 	 0.15217391304347827 
195.0 	 450 	 549 	 39.0 	 52.0 	 0.14285714285714285 
196.0 	 452 	 549 	 39.0 	 53.0 	 0.15217391304347827 
197.0 	 454 	 549 	 39.0 	 53.0 	 0.15217391304347827 
198.0 	 456 	 549 	 39.0 	 52.0 	 0.14285714285714285 
199.0 	 459 	 549 	 39.0 	 53.0 	 0.15217391304347827 
200.0 	 461 	 549 	 39.0 	 54.0 	 0.16129032258064516 
201.0 	 464 	 549 	 37.0 	 52.0 	 0.16853932584269662 
202.0 	 467 	 549 	 37.0 	 54.0 	 0.18681318681318682 
203.0 	 469 	 549 	 38.0 	 54.0 	 0.17391304347826086 
204.0 	 471 	 549 	 37.0 	 53.0 	 0.17777777777777778 
205.0 	 474 	 549 	 36.0 	 54.0 	 0.2 
206.0 	 476 	 549 	 37.0 	 53.0 	 0.17777777777777778 
207.0 	 479 	 549 	 36.0 	 51.0 	 0.1724137931034483 
208.0 	 482 	 549 	 36.0 	 51.0 	 0.1724137931034483 
209.0 	 484 	 549 	 37.0 	 53.0 	 0.17777777777777778 
210.0 	 486 	 549 	 36.0 	 52.0 	 0.18181818181818182 
211.0 	 489 	 549 	 36.0 	 52.0 	 0.18181818181818182 
212.0 	 491 	 549 	 37.0 	 53.0 	 0.17777777777777778 
213.0 	 494 	 549 	 37.0 	 53.0 	 0.17777777777777778 
214.0 	 496 	 549 	 38.0 	 52.0 	 0.15555555555555556 
215.0 	 499 	 549 	 38.0 	 54.0 	 0.17391304347826086 
216.0 	 501 	 549 	 38.0 	 53.0 	 0.16483516483516483 
217.0 	 504 	 549 	 36.0 	 52.0 	 0.18181818181818182 
218.0 	 506 	 549 	 38.0 	 54.0 	 0.17391304347826086 
219.0 	 508 	 549 	 38.0 	 53.0 	 0.16483516483516483 
220.0 	 511 	 549 	 38.0 	 53.0 	 0.16483516483516483 
221.0 	 513 	 549 	 38.0 	 55.0 	 0.1827956989247312 
222.0 	 515 	 549 	 38.0 	 54.0 	 0.17391304347826086 
223.0 	 518 	 549 	 38.0 	 52.0 	 0.15555555555555556 
224.0 	 520 	 549 	 38.0 	 53.0 	 0.16483516483516483 
225.0 	 522 	 549 	 38.0 	 55.0 	 0.1827956989247312 
226.0 	 525 	 549 	 38.0 	 53.0 	 0.16483516483516483 
227.0 	 527 	 549 	 38.0 	 53.0 	 0.16483516483516483 
228.0 	 529 	 549 	 38.0 	 53.0 	 0.16483516483516483 
229.0 	 532 	 549 	 37.0 	 53.0 	 0.17777777777777778 
230.0 	 534 	 549 	 38.0 	 53.0 	 0.16483516483516483 
231.0 	 536 	 549 	 39.0 	 54.0 	 0.16129032258064516 
232.0 	 539 	 549 	 38.0 	 52.0 	 0.15555555555555556 
233.0 	 542 	 549 	 38.0 	 53.0 	 0.16483516483516483 
234.0 	 544 	 549 	 38.0 	 56.0 	 0.19148936170212766 
235.0 	 547 	 549 	 38.0 	 55.0 	 0.1827956989247312 
236.0 	 549 	 549 	 38.0 	 54.0 	 0.17391304347826086 
237.0 	 551 	 549 	 38.96182632446289 	 55.681663513183594 	 0.1766612496792149 
238.0 	 554 	 549 	 37.0 	 56.0 	 0.20430107526881722 
239.0 	 557 	 549 	 38.181907653808594 	 54.678619384765625 	 0.17765042108908455 
240.0 	 559 	 549 	 39.0 	 56.0 	 0.17894736842105263 
241.0 	 561 	 549 	 37.0 	 55.0 	 0.1956521739130435 
242.0 	 564 	 549 	 37.0 	 54.0 	 0.18681318681318682 
243.0 	 566 	 549 	 38.0 	 56.0 	 0.19148936170212766 
244.0 	 568 	 549 	 55.0 	 38.0 	 0.1827956989247312 
245.0 	 570 	 549 	 38.0 	 54.0 	 0.17391304347826086 
246.0 	 573 	 549 	 38.0 	 56.0 	 0.19148936170212766 
247.0 	 575 	 549 	 38.0 	 56.0 	 0.19148936170212766 
248.0 	 578 	 549 	 38.0 	 54.0 	 0.17391304347826086 
249.0 	 580 	 549 	 38.0 	 55.0 	 0.1827956989247312 
250.0 	 582 	 549 	 39.0 	 56.0 	 0.17894736842105263 
251.0 	 585 	 549 	 39.0 	 54.0 	 0.16129032258064516 
252.0 	 587 	 549 	 39.0 	 56.0 	 0.17894736842105263 
253.0 	 589 	 549 	 39.0 	 55.0 	 0.1702127659574468 
254.0 	 592 	 549 	 39.0 	 54.0 	 0.16129032258064516 
255.0 	 594 	 549 	 39.0 	 55.0 	 0.1702127659574468 
256.0 	 596 	 549 	 39.0 	 56.0 	 0.17894736842105263 
257.0 	 598 	 549 	 38.0 	 56.0 	 0.19148936170212766 
258.0 	 601 	 549 	 38.0 	 55.0 	 0.1827956989247312 
259.0 	 603 	 549 	 39.0 	 57.0 	 0.1875 
260.0 	 605 	 549 	 38.0 	 56.0 	 0.19148936170212766 
261.0 	 608 	 549 	 56.0 	 39.0 	 0.17894736842105263 
262.0 	 610 	 549 	 39.0 	 56.0 	 0.17894736842105263 
263.0 	 613 	 549 	 38.0 	 55.0 	 0.1827956989247312 
264.0 	 615 	 549 	 38.0 	 56.0 	 0.19148936170212766 
265.0 	 617 	 549 	 38.0 	 56.0 	 0.19148936170212766 
266.0 	 620 	 549 	 38.0 	 56.0 	 0.19148936170212766 
267.0 	 622 	 549 	 38.0 	 55.0 	 0.1827956989247312 
268.0 	 625 	 549 	 38.0 	 56.0 	 0.19148936170212766 
269.0 	 627 	 549 	 38.0 	 56.0 	 0.19148936170212766 
270.0 	 629 	 549 	 38.0 	 55.0 	 0.1827956989247312 
271.0 	 631 	 549 	 38.0 	 56.0 	 0.19148936170212766 
272.0 	 634 	 549 	 38.0 	 55.0 	 0.1827956989247312 
273.0 	 637 	 549 	 38.0 	 54.0 	 0.17391304347826086 
274.0 	 639 	 549 	 38.0 	 55.0 	 0.1827956989247312 
275.0 	 641 	 549 	 38.0 	 55.0 	 0.1827956989247312 
276.0 	 643 	 549 	 38.0 	 56.0 	 0.19148936170212766 
277.0 	 646 	 549 	 39.0 	 56.0 	 0.17894736842105263 
278.0 	 648 	 549 	 39.0 	 56.0 	 0.17894736842105263 
279.0 	 651 	 549 	 39.0 	 55.0 	 0.1702127659574468 
280.0 	 652 	 549 	 39.0 	 56.0 	 0.17894736842105263 
281.0 	 655 	 549 	 39.0 	 57.0 	 0.1875 
282.0 	 657 	 549 	 38.0 	 56.0 	 0.19148936170212766 
283.0 	 660 	 549 	 38.0 	 56.0 	 0.19148936170212766 
284.0 	 662 	 549 	 38.0 	 56.0 	 0.19148936170212766 
285.0 	 665 	 549 	 38.0 	 55.0 	 0.1827956989247312 
286.0 	 667 	 549 	 38.0 	 55.0 	 0.1827956989247312 
287.0 	 669 	 549 	 38.0 	 56.0 	 0.19148936170212766 
288.0 	 672 	 549 	 38.0 	 56.0 	 0.19148936170212766 
289.0 	 674 	 549 	 39.0 	 56.0 	 0.17894736842105263 
290.0 	 676 	 549 	 55.0 	 39.0 	 0.1702127659574468 
291.0 	 678 	 549 	 38.0 	 56.0 	 0.19148936170212766 
292.0 	 681 	 549 	 55.0 	 39.0 	 0.1702127659574468 
293.0 	 683 	 549 	 56.0 	 39.0 	 0.17894736842105263 
294.0 	 686 	 549 	 56.0 	 39.0 	 0.17894736842105263 
295.0 	 688 	 549 	 55.0 	 39.0 	 0.1702127659574468 
296.0 	 690 	 549 	 38.0 	 56.0 	 0.19148936170212766 
297.0 	 693 	 549 	 38.0 	 55.0 	 0.1827956989247312 
298.0 	 695 	 549 	 38.0 	 56.0 	 0.19148936170212766 
299.0 	 697 	 549 	 38.0 	 56.0 	 0.19148936170212766 
300.0 	 699 	 549 	 38.0 	 56.0 	 0.19148936170212766 
301.0 	 702 	 549 	 39.0 	 55.0 	 0.1702127659574468 
302.0 	 704 	 549 	 39.0 	 55.0 	 0.1702127659574468 
303.0 	 706 	 549 	 39.0 	 55.0 	 0.1702127659574468 
304.0 	 709 	 549 	 38.0 	 55.0 	 0.1827956989247312 
305.0 	 711 	 549 	 39.0 	 56.0 	 0.17894736842105263 
306.0 	 713 	 549 	 56.0 	 39.0 	 0.17894736842105263 
307.0 	 716 	 549 	 38.0 	 55.0 	 0.1827956989247312 
308.0 	 718 	 549 	 39.0 	 56.0 	 0.17894736842105263 
309.0 	 720 	 549 	 38.0 	 56.0 	 0.19148936170212766 
310.0 	 722 	 549 	 38.0 	 55.0 	 0.1827956989247312 
311.0 	 725 	 549 	 38.0 	 56.0 	 0.19148936170212766 
312.0 	 727 	 549 	 38.0 	 55.0 	 0.1827956989247312 
313.0 	 729 	 549 	 37.0 	 55.0 	 0.1956521739130435 
314.0 	 732 	 549 	 39.0 	 55.0 	 0.1702127659574468 
315.0 	 734 	 549 	 39.0 	 56.0 	 0.17894736842105263 
316.0 	 736 	 549 	 37.0 	 55.0 	 0.1956521739130435 
317.0 	 738 	 549 	 37.0 	 55.0 	 0.1956521739130435 
318.0 	 741 	 549 	 38.0 	 56.0 	 0.19148936170212766 
319.0 	 743 	 548 	 37.0 	 55.0 	 0.1956521739130435 
320.0 	 745 	 548 	 37.0 	 56.0 	 0.20430107526881722 
321.0 	 747 	 549 	 39.0 	 56.0 	 0.17894736842105263 
322.0 	 750 	 549 	 38.0 	 55.0 	 0.1827956989247312 
323.0 	 752 	 548 	 39.0 	 56.0 	 0.17894736842105263 
324.0 	 754 	 548 	 39.0 	 55.0 	 0.1702127659574468 
325.0 	 757 	 549 	 38.0 	 55.0 	 0.1827956989247312 
326.0 	 759 	 548 	 38.0 	 55.0 	 0.1827956989247312 
327.0 	 761 	 549 	 38.0 	 56.0 	 0.19148936170212766 
328.0 	 763 	 549 	 38.0 	 56.0 	 0.19148936170212766 
329.0 	 766 	 548 	 38.0 	 54.0 	 0.17391304347826086 
330.0 	 768 	 549 	 38.0 	 56.0 	 0.19148936170212766 
331.0 	 770 	 549 	 38.0 	 55.0 	 0.1827956989247312 
332.0 	 773 	 548 	 38.0 	 54.0 	 0.17391304347826086 
333.0 	 775 	 549 	 38.0 	 55.0 	 0.1827956989247312 
334.0 	 777 	 549 	 38.0 	 56.0 	 0.19148936170212766 
335.0 	 780 	 549 	 37.0 	 54.0 	 0.18681318681318682 
336.0 	 782 	 548 	 38.82964324951172 	 55.92893600463867 	 0.1804511305437076 
337.0 	 784 	 549 	 37.0 	 55.0 	 0.1956521739130435 
338.0 	 786 	 549 	 37.0 	 56.0 	 0.20430107526881722 
339.0 	 789 	 549 	 37.0 	 56.0 	 0.20430107526881722 
340.0 	 791 	 548 	 37.0 	 56.0 	 0.20430107526881722 
341.0 	 793 	 548 	 37.0 	 55.0 	 0.1956521739130435 
342.0 	 795 	 548 	 37.0 	 56.0 	 0.20430107526881722 
343.0 	 798 	 548 	 37.0 	 57.0 	 0.2127659574468085 
344.0 	 800 	 548 	 37.0 	 54.0 	 0.18681318681318682 
345.0 	 802 	 549 	 37.0 	 55.0 	 0.1956521739130435 
346.0 	 805 	 549 	 37.0 	 56.0 	 0.20430107526881722 
347.0 	 807 	 549 	 37.0 	 56.0 	 0.20430107526881722 
348.0 	 810 	 548 	 37.0 	 55.0 	 0.1956521739130435 
349.0 	 811 	 549 	 37.0 	 56.0 	 0.20430107526881722 
350.0 	 814 	 549 	 55.63642883300781 	 37.164913177490234 	 0.19904362647501378 
351.0 	 816 	 549 	 37.0 	 55.0 	 0.1956521739130435 
352.0 	 819 	 549 	 36.726585388183594 	 56.28554153442383 	 0.21028393601314643 
353.0 	 821 	 549 	 36.654212951660156 	 55.48069381713867 	 0.20433602774159468 
354.0 	 824 	 549 	 36.37392044067383 	 56.637020111083984 	 0.21785716336385552 
355.0 	 826 	 549 	 37.0 	 56.0 	 0.20430107526881722 
356.0 	 828 	 549 	 37.0 	 56.0 	 0.20430107526881722 
357.0 	 830 	 549 	 37.0 	 55.0 	 0.1956521739130435 
358.0 	 832 	 548 	 37.0 	 56.0 	 0.20430107526881722 
359.0 	 834 	 549 	 37.0 	 56.0 	 0.20430107526881722 
360.0 	 837 	 549 	 37.0 	 55.0 	 0.1956521739130435 
361.0 	 839 	 548 	 36.0 	 55.0 	 0.2087912087912088 
362.0 	 841 	 548 	 37.0 	 56.0 	 0.20430107526881722 
363.0 	 844 	 548 	 36.0 	 56.0 	 0.21739130434782608 
364.0 	 846 	 548 	 38.0 	 56.0 	 0.19148936170212766 
365.0 	 848 	 548 	 38.0 	 57.0 	 0.2 
366.0 	 850 	 548 	 37.0 	 55.0 	 0.1956521739130435 
367.0 	 852 	 548 	 37.0 	 55.0 	 0.1956521739130435 
368.0 	 854 	 548 	 38.0 	 57.0 	 0.2 
369.0 	 856 	 548 	 37.0 	 56.0 	 0.20430107526881722 
370.0 	 859 	 548 	 37.0 	 56.0 	 0.20430107526881722 
371.0 	 861 	 548 	 38.0 	 56.0 	 0.19148936170212766 
372.0 	 863 	 548 	 38.0 	 56.0 	 0.19148936170212766 
373.0 	 865 	 548 	 38.0 	 55.0 	 0.1827956989247312 
374.0 	 867 	 548 	 38.0 	 56.0 	 0.19148936170212766 
375.0 	 870 	 548 	 38.0 	 55.0 	 0.1827956989247312 
376.0 	 872 	 548 	 38.0 	 55.0 	 0.1827956989247312 
377.0 	 874 	 548 	 38.0 	 57.0 	 0.2 
378.0 	 876 	 548 	 38.0 	 57.0 	 0.2 
379.0 	 878 	 548 	 38.0 	 55.0 	 0.1827956989247312 
380.0 	 880 	 548 	 38.0 	 56.0 	 0.19148936170212766 
381.0 	 882 	 548 	 38.0 	 55.0 	 0.1827956989247312 
382.0 	 885 	 548 	 38.0 	 54.0 	 0.17391304347826086 
383.0 	 887 	 548 	 38.0 	 55.0 	 0.1827956989247312 
384.0 	 889 	 548 	 38.0 	 55.0 	 0.1827956989247312 
385.0 	 891 	 548 	 38.0 	 55.0 	 0.1827956989247312 
386.0 	 893 	 548 	 37.0 	 55.0 	 0.1956521739130435 
387.0 	 895 	 548 	 37.0 	 55.0 	 0.1956521739130435 
388.0 	 897 	 548 	 37.0 	 54.0 	 0.18681318681318682 
389.0 	 900 	 548 	 37.0 	 55.0 	 0.1956521739130435 
390.0 	 902 	 548 	 38.0 	 55.0 	 0.1827956989247312 
391.0 	 904 	 548 	 37.0 	 55.0 	 0.1956521739130435 
392.0 	 906 	 548 	 37.0 	 56.0 	 0.20430107526881722 
393.0 	 908 	 548 	 37.0 	 56.0 	 0.20430107526881722 
394.0 	 910 	 548 	 37.0 	 56.0 	 0.20430107526881722 
395.0 	 913 	 548 	 37.0 	 56.0 	 0.20430107526881722 
396.0 	 915 	 548 	 37.0 	 56.0 	 0.20430107526881722 
397.0 	 916 	 548 	 38.0 	 56.0 	 0.19148936170212766 
398.0 	 919 	 548 	 38.0 	 55.0 	 0.1827956989247312 
399.0 	 921 	 548 	 38.0 	 55.0 	 0.1827956989247312 
400.0 	 923 	 548 	 38.0 	 56.0 	 0.19148936170212766 
401.0 	 925 	 548 	 38.0 	 56.0 	 0.19148936170212766 
402.0 	 927 	 548 	 38.0 	 56.0 	 0.19148936170212766 
403.0 	 930 	 548 	 38.0 	 56.0 	 0.19148936170212766 
404.0 	 932 	 548 	 38.0 	 55.0 	 0.1827956989247312 
405.0 	 934 	 548 	 38.0 	 55.0 	 0.1827956989247312 
406.0 	 936 	 548 	 38.0 	 55.0 	 0.1827956989247312 
407.0 	 938 	 548 	 38.0 	 54.0 	 0.17391304347826086 
408.0 	 940 	 548 	 38.0 	 55.0 	 0.1827956989247312 
409.0 	 942 	 548 	 38.0 	 55.0 	 0.1827956989247312 
410.0 	 944 	 548 	 38.0 	 55.0 	 0.1827956989247312 
411.0 	 946 	 548 	 38.0 	 55.0 	 0.1827956989247312 
412.0 	 948 	 548 	 38.0 	 56.0 	 0.19148936170212766 
413.0 	 951 	 548 	 38.0 	 55.0 	 0.1827956989247312 
414.0 	 953 	 548 	 38.0 	 55.0 	 0.1827956989247312 
415.0 	 955 	 548 	 38.0 	 55.0 	 0.1827956989247312 
416.0 	 957 	 548 	 38.0 	 56.0 	 0.19148936170212766 
417.0 	 959 	 548 	 38.0 	 56.0 	 0.19148936170212766 
418.0 	 961 	 548 	 38.0 	 56.0 	 0.19148936170212766 
419.0 	 963 	 548 	 38.0 	 55.0 	 0.1827956989247312 
420.0 	 965 	 548 	 38.0 	 55.0 	 0.1827956989247312 
421.0 	 967 	 548 	 38.0 	 55.0 	 0.1827956989247312 
422.0 	 970 	 548 	 38.0 	 55.0 	 0.1827956989247312 
423.0 	 972 	 548 	 38.0 	 55.0 	 0.1827956989247312 
424.0 	 974 	 548 	 38.0 	 55.0 	 0.1827956989247312 
425.0 	 976 	 548 	 38.0 	 55.0 	 0.1827956989247312 
426.0 	 978 	 548 	 38.0 	 55.0 	 0.1827956989247312 
427.0 	 980 	 548 	 38.0 	 55.0 	 0.1827956989247312 
428.0 	 982 	 548 	 38.0 	 55.0 	 0.1827956989247312 
429.0 	 984 	 548 	 38.0 	 56.0 	 0.19148936170212766 
430.0 	 986 	 548 	 38.0 	 56.0 	 0.19148936170212766 
431.0 	 988 	 548 	 38.0 	 55.0 	 0.1827956989247312 
432.0 	 990 	 548 	 38.0 	 55.0 	 0.1827956989247312 
433.0 	 992 	 548 	 38.0 	 55.0 	 0.1827956989247312 
434.0 	 995 	 548 	 38.0 	 55.0 	 0.1827956989247312 
435.0 	 997 	 548 	 38.0 	 55.0 	 0.1827956989247312 
436.0 	 999 	 548 	 38.0 	 56.0 	 0.19148936170212766 
437.0 	 1001 	 548 	 38.0 	 55.0 	 0.1827956989247312 
438.0 	 1003 	 548 	 38.0 	 55.0 	 0.1827956989247312 
439.0 	 1005 	 548 	 38.0 	 55.0 	 0.1827956989247312 
440.0 	 1007 	 548 	 38.0 	 54.0 	 0.17391304347826086 
441.0 	 1010 	 548 	 38.0 	 55.0 	 0.1827956989247312 
442.0 	 1012 	 548 	 38.0 	 56.0 	 0.19148936170212766 
443.0 	 1014 	 548 	 38.0 	 56.0 	 0.19148936170212766 
444.0 	 1016 	 548 	 37.0 	 55.0 	 0.1956521739130435 
445.0 	 1018 	 548 	 37.0 	 56.0 	 0.20430107526881722 
446.0 	 1020 	 548 	 37.0 	 56.0 	 0.20430107526881722 
447.0 	 1022 	 548 	 37.0 	 56.0 	 0.20430107526881722 
448.0 	 1024 	 548 	 37.0 	 56.0 	 0.20430107526881722 
449.0 	 1026 	 548 	 37.0 	 55.0 	 0.1956521739130435 
450.0 	 1029 	 548 	 37.0 	 55.0 	 0.1956521739130435 
451.0 	 1031 	 548 	 37.0 	 55.0 	 0.1956521739130435 
452.0 	 1033 	 548 	 37.0 	 55.0 	 0.1956521739130435 
453.0 	 1035 	 548 	 37.0 	 55.0 	 0.1956521739130435 
454.0 	 1038 	 548 	 37.0 	 55.0 	 0.1956521739130435 
455.0 	 1039 	 548 	 37.0 	 55.0 	 0.1956521739130435 
456.0 	 1042 	 548 	 37.0 	 55.0 	 0.1956521739130435 
457.0 	 1044 	 548 	 37.0 	 55.0 	 0.1956521739130435 
458.0 	 1045 	 548 	 37.0 	 57.0 	 0.2127659574468085 
459.0 	 1047 	 548 	 37.0 	 55.0 	 0.1956521739130435 
460.0 	 1050 	 548 	 37.0 	 56.0 	 0.20430107526881722 
461.0 	 1052 	 548 	 37.0 	 57.0 	 0.2127659574468085 
462.0 	 1054 	 548 	 37.0 	 55.0 	 0.1956521739130435 
463.0 	 1057 	 548 	 37.0 	 55.0 	 0.1956521739130435 
464.0 	 1059 	 548 	 37.0 	 56.0 	 0.20430107526881722 
465.0 	 1061 	 548 	 37.0 	 55.0 	 0.1956521739130435 
466.0 	 1063 	 548 	 37.0 	 54.0 	 0.18681318681318682 
467.0 	 1065 	 548 	 37.0 	 56.0 	 0.20430107526881722 
468.0 	 1067 	 548 	 37.0 	 55.0 	 0.1956521739130435 
469.0 	 1069 	 548 	 37.0 	 55.0 	 0.1956521739130435 
470.0 	 1072 	 548 	 37.0 	 56.0 	 0.20430107526881722 
471.0 	 1074 	 548 	 37.0 	 55.0 	 0.1956521739130435 
472.0 	 1076 	 548 	 37.0 	 55.0 	 0.1956521739130435 
473.0 	 1079 	 548 	 37.0 	 55.0 	 0.1956521739130435 
474.0 	 1081 	 548 	 37.0 	 55.0 	 0.1956521739130435 
475.0 	 1083 	 548 	 36.0 	 55.0 	 0.2087912087912088 
476.0 	 1085 	 548 	 37.0 	 56.0 	 0.20430107526881722 
477.0 	 1087 	 548 	 37.0 	 56.0 	 0.20430107526881722 
478.0 	 1089 	 548 	 37.0 	 55.0 	 0.1956521739130435 
479.0 	 1092 	 548 	 37.0 	 55.0 	 0.1956521739130435 
480.0 	 1094 	 548 	 37.0 	 56.0 	 0.20430107526881722 
481.0 	 1096 	 548 	 36.0 	 56.0 	 0.21739130434782608 
482.0 	 1098 	 548 	 36.0 	 57.0 	 0.22580645161290322 
483.0 	 1101 	 548 	 36.0 	 57.0 	 0.22580645161290322 
484.0 	 1103 	 548 	 36.0 	 55.0 	 0.2087912087912088 
485.0 	 1105 	 548 	 36.0 	 55.0 	 0.2087912087912088 
486.0 	 1107 	 548 	 37.0 	 56.0 	 0.20430107526881722 
487.0 	 1110 	 548 	 36.0 	 55.0 	 0.2087912087912088 
488.0 	 1112 	 548 	 36.0 	 55.0 	 0.2087912087912088 
489.0 	 1114 	 548 	 36.0 	 56.0 	 0.21739130434782608 
490.0 	 1116 	 548 	 36.0 	 56.0 	 0.21739130434782608 
491.0 	 1118 	 548 	 36.0 	 56.0 	 0.21739130434782608 
492.0 	 1121 	 548 	 36.0 	 56.0 	 0.21739130434782608 
493.0 	 1123 	 548 	 36.0 	 56.0 	 0.21739130434782608 
494.0 	 1125 	 548 	 36.0 	 56.0 	 0.21739130434782608 
495.0 	 1128 	 548 	 36.0 	 56.0 	 0.21739130434782608 
496.0 	 1130 	 548 	 36.0 	 56.0 	 0.21739130434782608 
497.0 	 1132 	 548 	 36.0 	 55.0 	 0.2087912087912088 
498.0 	 1134 	 548 	 36.0 	 56.0 	 0.21739130434782608 
499.0 	 1137 	 548 	 36.0 	 57.0 	 0.22580645161290322 
500.0 	 1139 	 548 	 36.0 	 56.0 	 0.21739130434782608 
501.0 	 1141 	 548 	 36.0 	 57.0 	 0.22580645161290322 
502.0 	 1144 	 548 	 36.0 	 56.0 	 0.21739130434782608 
503.0 	 1146 	 548 	 36.0 	 56.0 	 0.21739130434782608 
504.0 	 1148 	 548 	 36.0 	 56.0 	 0.21739130434782608 
505.0 	 1150 	 548 	 36.0 	 57.0 	 0.22580645161290322 
506.0 	 1153 	 548 	 36.0 	 56.0 	 0.21739130434782608 
507.0 	 1155 	 548 	 36.0 	 56.0 	 0.21739130434782608 
508.0 	 1157 	 548 	 36.0 	 57.0 	 0.22580645161290322 
509.0 	 1160 	 548 	 36.0 	 56.0 	 0.21739130434782608 
510.0 	 1162 	 548 	 35.0 	 56.0 	 0.23076923076923078 
511.0 	 1164 	 548 	 35.0 	 57.0 	 0.2391304347826087 
512.0 	 1167 	 548 	 34.97414016723633 	 56.84259033203125 	 0.23817500411833295 
513.0 	 1169 	 548 	 34.94611358642578 	 56.69035720825195 	 0.23728809537576695 
514.0 	 1171 	 549 	 35.05705261230469 	 57.688819885253906 	 0.244019131671277 
515.0 	 1174 	 548 	 36.0 	 57.0 	 0.22580645161290322 
516.0 	 1176 	 548 	 36.0 	 56.0 	 0.21739130434782608 
517.0 	 1178 	 548 	 36.0 	 57.0 	 0.22580645161290322 
518.0 	 1181 	 548 	 36.0 	 58.0 	 0.23404255319148937 
519.0 	 1183 	 548 	 36.0 	 57.0 	 0.22580645161290322 
520.0 	 1185 	 548 	 36.0 	 58.0 	 0.23404255319148937 
521.0 	 1187 	 548 	 36.0 	 59.0 	 0.24210526315789474 
522.0 	 1189 	 548 	 36.0 	 57.0 	 0.22580645161290322 
523.0 	 1191 	 548 	 36.0 	 58.0 	 0.23404255319148937 
524.0 	 1194 	 548 	 36.0 	 58.0 	 0.23404255319148937 
525.0 	 1196 	 548 	 36.0 	 57.0 	 0.22580645161290322 
526.0 	 1199 	 548 	 36.0 	 58.0 	 0.23404255319148937 
527.0 	 1201 	 548 	 36.0 	 59.0 	 0.24210526315789474 
528.0 	 1203 	 548 	 36.0 	 57.0 	 0.22580645161290322 
529.0 	 1205 	 548 	 35.0 	 57.0 	 0.2391304347826087 
530.0 	 1208 	 548 	 35.0 	 58.0 	 0.24731182795698925 
531.0 	 1210 	 548 	 35.0 	 57.0 	 0.2391304347826087 
532.0 	 1212 	 548 	 35.0 	 56.0 	 0.23076923076923078 
533.0 	 1215 	 548 	 35.0 	 57.0 	 0.2391304347826087 
534.0 	 1217 	 548 	 35.0 	 57.0 	 0.2391304347826087 
535.0 	 1219 	 548 	 35.0 	 56.0 	 0.23076923076923078 
536.0 	 1221 	 548 	 34.0 	 57.0 	 0.25274725274725274 
537.0 	 1224 	 548 	 34.0 	 57.0 	 0.25274725274725274 
538.0 	 1226 	 548 	 35.0 	 56.0 	 0.23076923076923078 
539.0 	 1229 	 548 	 35.0 	 57.0 	 0.2391304347826087 
540.0 	 1231 	 548 	 35.0 	 58.0 	 0.24731182795698925 
541.0 	 1233 	 548 	 34.0 	 58.0 	 0.2608695652173913 
542.0 	 1235 	 548 	 34.0 	 56.0 	 0.24444444444444444 
543.0 	 1238 	 548 	 34.0 	 57.0 	 0.25274725274725274 
544.0 	 1240 	 548 	 34.0 	 56.0 	 0.24444444444444444 
545.0 	 1242 	 548 	 34.0 	 56.0 	 0.24444444444444444 
546.0 	 1245 	 548 	 34.0 	 58.0 	 0.2608695652173913 
547.0 	 1248 	 548 	 34.0 	 57.0 	 0.25274725274725274 
548.0 	 1250 	 548 	 34.0 	 57.0 	 0.25274725274725274 
549.0 	 1252 	 548 	 34.0 	 58.0 	 0.2608695652173913 
550.0 	 1254 	 548 	 34.0 	 58.0 	 0.2608695652173913 
551.0 	 1256 	 548 	 34.0 	 58.0 	 0.2608695652173913 
552.0 	 1259 	 548 	 34.0 	 57.0 	 0.25274725274725274 
553.0 	 1261 	 548 	 35.0 	 56.0 	 0.23076923076923078 
554.0 	 1263 	 548 	 35.0 	 57.0 	 0.2391304347826087 
555.0 	 1266 	 548 	 35.0 	 57.0 	 0.2391304347826087 
556.0 	 1268 	 548 	 35.0 	 58.0 	 0.24731182795698925 
557.0 	 1270 	 548 	 35.0 	 58.0 	 0.24731182795698925 
558.0 	 1272 	 548 	 35.0 	 57.0 	 0.2391304347826087 
559.0 	 1275 	 548 	 35.0 	 57.0 	 0.2391304347826087 
560.0 	 1277 	 548 	 35.0 	 58.0 	 0.24731182795698925 
561.0 	 1279 	 548 	 35.0 	 57.0 	 0.2391304347826087 
562.0 	 1282 	 548 	 35.0 	 58.0 	 0.24731182795698925 
563.0 	 1284 	 548 	 36.0 	 58.0 	 0.23404255319148937 
564.0 	 1286 	 548 	 35.0 	 57.0 	 0.2391304347826087 
565.0 	 1289 	 548 	 35.0 	 57.0 	 0.2391304347826087 
566.0 	 1291 	 548 	 36.0 	 58.0 	 0.23404255319148937 
567.0 	 1293 	 548 	 36.0 	 58.0 	 0.23404255319148937 
568.0 	 1295 	 548 	 36.0 	 57.0 	 0.22580645161290322 
569.0 	 1298 	 548 	 36.0 	 59.0 	 0.24210526315789474 
570.0 	 1300 	 548 	 36.0 	 58.0 	 0.23404255319148937 
571.0 	 1302 	 548 	 36.0 	 58.0 	 0.23404255319148937 
572.0 	 1305 	 548 	 36.0 	 58.0 	 0.23404255319148937 
573.0 	 1307 	 548 	 36.0 	 59.0 	 0.24210526315789474 
574.0 	 1309 	 548 	 36.0 	 57.0 	 0.22580645161290322 
575.0 	 1312 	 548 	 36.0 	 57.0 	 0.22580645161290322 
576.0 	 1314 	 548 	 36.0 	 58.0 	 0.23404255319148937 
577.0 	 1315 	 548 	 36.0 	 58.0 	 0.23404255319148937 
578.0 	 1318 	 548 	 36.0 	 59.0 	 0.24210526315789474 
579.0 	 1320 	 548 	 36.0 	 59.0 	 0.24210526315789474 
580.0 	 1322 	 548 	 36.0 	 58.0 	 0.23404255319148937 
581.0 	 1325 	 548 	 36.0 	 58.0 	 0.23404255319148937 
582.0 	 1327 	 548 	 36.0 	 58.0 	 0.23404255319148937 
583.0 	 1329 	 548 	 35.0 	 58.0 	 0.24731182795698925 
584.0 	 1332 	 548 	 35.0 	 58.0 	 0.24731182795698925 
585.0 	 1334 	 548 	 36.0 	 59.0 	 0.24210526315789474 
586.0 	 1336 	 548 	 35.0 	 58.0 	 0.24731182795698925 
587.0 	 1338 	 548 	 35.0 	 56.0 	 0.23076923076923078 
588.0 	 1340 	 548 	 36.0 	 58.0 	 0.23404255319148937 
589.0 	 1343 	 548 	 35.0 	 59.0 	 0.2553191489361702 
590.0 	 1345 	 548 	 35.0 	 58.0 	 0.24731182795698925 
591.0 	 1347 	 548 	 36.0 	 59.0 	 0.24210526315789474 
592.0 	 1349 	 548 	 36.0 	 59.0 	 0.24210526315789474 
593.0 	 1352 	 548 	 35.0 	 58.0 	 0.24731182795698925 
594.0 	 1354 	 548 	 36.0 	 59.0 	 0.24210526315789474 
595.0 	 1356 	 548 	 36.0 	 59.0 	 0.24210526315789474 
596.0 	 1359 	 548 	 35.0 	 57.0 	 0.2391304347826087 
597.0 	 1361 	 548 	 36.0 	 58.0 	 0.23404255319148937 
598.0 	 1363 	 548 	 36.0 	 59.0 	 0.24210526315789474 
599.0 	 1365 	 548 	 35.0 	 57.0 	 0.2391304347826087 
600.0 	 1368 	 548 	 35.0 	 58.0 	 0.24731182795698925 
601.0 	 1370 	 548 	 35.0 	 58.0 	 0.24731182795698925 
602.0 	 1372 	 548 	 35.0 	 57.0 	 0.2391304347826087 
603.0 	 1375 	 548 	 35.0 	 57.0 	 0.2391304347826087 
604.0 	 1377 	 547 	 35.0 	 57.0 	 0.2391304347826087 
605.0 	 1379 	 547 	 35.0 	 57.0 	 0.2391304347826087 
606.0 	 1381 	 547 	 35.0 	 57.0 	 0.2391304347826087 
607.0 	 1384 	 547 	 35.0 	 59.0 	 0.2553191489361702 
608.0 	 1386 	 547 	 35.0 	 57.0 	 0.2391304347826087 
609.0 	 1388 	 547 	 35.0 	 57.0 	 0.2391304347826087 
610.0 	 1390 	 547 	 35.91746139526367 	 57.94017791748047 	 0.23463957418356374 
611.0 	 1393 	 547 	 35.0 	 57.0 	 0.2391304347826087 
612.0 	 1395 	 547 	 35.0 	 57.0 	 0.2391304347826087 
613.0 	 1398 	 547 	 35.0 	 58.0 	 0.24731182795698925 
614.0 	 1400 	 547 	 35.0 	 59.0 	 0.2553191489361702 
615.0 	 1402 	 547 	 35.0 	 57.0 	 0.2391304347826087 
616.0 	 1404 	 548 	 35.0 	 58.0 	 0.24731182795698925 
617.0 	 1406 	 548 	 35.0 	 60.0 	 0.2631578947368421 
618.0 	 1408 	 548 	 35.0 	 57.0 	 0.2391304347826087 
619.0 	 1410 	 548 	 36.0 	 57.0 	 0.22580645161290322 
620.0 	 1412 	 548 	 36.0 	 57.0 	 0.22580645161290322 
621.0 	 1415 	 548 	 35.0 	 57.0 	 0.2391304347826087 
622.0 	 1417 	 548 	 35.0 	 60.0 	 0.2631578947368421 
623.0 	 1420 	 548 	 37.0 	 62.0 	 0.25252525252525254 
624.0 	 1423 	 548 	 35.0 	 61.0 	 0.2708333333333333 
625.0 	 1425 	 548 	 34.0 	 60.0 	 0.2765957446808511 
626.0 	 1427 	 547 	 35.0 	 61.0 	 0.2708333333333333 
627.0 	 1429 	 548 	 34.84650802612305 	 59.12868881225586 	 0.25838925166492566 
628.0 	 1431 	 547 	 34.0 	 58.0 	 0.2608695652173913 
629.0 	 1433 	 548 	 35.0 	 58.0 	 0.24731182795698925 
630.0 	 1436 	 548 	 35.0 	 58.0 	 0.24731182795698925 
631.0 	 1438 	 547 	 36.0 	 57.0 	 0.22580645161290322 
632.0 	 1440 	 547 	 36.0 	 58.0 	 0.23404255319148937 
633.0 	 1442 	 547 	 36.0 	 59.0 	 0.24210526315789474 
634.0 	 1444 	 547 	 35.0 	 57.0 	 0.2391304347826087 
635.0 	 1446 	 547 	 36.0 	 58.0 	 0.23404255319148937 
636.0 	 1448 	 547 	 36.0 	 58.0 	 0.23404255319148937 
637.0 	 1450 	 548 	 56.0 	 36.0 	 0.21739130434782608 
638.0 	 1452 	 547 	 36.456485748291016 	 58.36738967895508 	 0.23106948362889124 
639.0 	 1455 	 547 	 36.61758041381836 	 59.552433013916016 	 0.23848236869938397 
640.0 	 1457 	 547 	 35.0 	 57.0 	 0.2391304347826087 
641.0 	 1460 	 547 	 35.0 	 57.0 	 0.2391304347826087 
642.0 	 1462 	 547 	 36.0 	 58.0 	 0.23404255319148937 
643.0 	 1464 	 547 	 35.0 	 57.0 	 0.2391304347826087 
644.0 	 1466 	 548 	 35.0 	 57.0 	 0.2391304347826087 
645.0 	 1468 	 548 	 36.0 	 59.0 	 0.24210526315789474 
646.0 	 1470 	 548 	 35.0 	 58.0 	 0.24731182795698925 
647.0 	 1472 	 548 	 36.0 	 59.0 	 0.24210526315789474 
648.0 	 1474 	 548 	 61.0 	 37.0 	 0.24489795918367346 
649.0 	 1478 	 548 	 35.0 	 58.0 	 0.24731182795698925 
650.0 	 1480 	 548 	 35.0 	 56.0 	 0.23076923076923078 
651.0 	 1482 	 548 	 37.0 	 57.0 	 0.2127659574468085 
652.0 	 1484 	 548 	 37.0 	 59.0 	 0.22916666666666666 
653.0 	 1486 	 548 	 36.454463958740234 	 57.378326416015625 	 0.22299094350395238 
654.0 	 1488 	 548 	 37.0 	 58.0 	 0.22105263157894736 
655.0 	 1490 	 548 	 37.0 	 59.0 	 0.22916666666666666 
656.0 	 1492 	 547 	 57.0 	 37.0 	 0.2127659574468085 
657.0 	 1495 	 548 	 37.0 	 58.0 	 0.22105263157894736 
658.0 	 1497 	 548 	 38.0 	 58.0 	 0.20833333333333334 
659.0 	 1499 	 547 	 37.0 	 57.0 	 0.2127659574468085 
660.0 	 1501 	 548 	 36.0 	 58.0 	 0.23404255319148937 
661.0 	 1503 	 547 	 37.0 	 57.0 	 0.2127659574468085 
662.0 	 1505 	 547 	 37.0 	 56.0 	 0.20430107526881722 
663.0 	 1507 	 547 	 37.0 	 56.0 	 0.20430107526881722 
664.0 	 1509 	 548 	 37.0 	 58.0 	 0.22105263157894736 
665.0 	 1512 	 548 	 37.0 	 57.0 	 0.2127659574468085 
666.0 	 1513 	 547 	 37.0 	 55.0 	 0.1956521739130435 
667.0 	 1516 	 547 	 37.0 	 57.0 	 0.2127659574468085 
668.0 	 1518 	 548 	 37.0 	 57.0 	 0.2127659574468085 
669.0 	 1520 	 547 	 37.0 	 55.0 	 0.1956521739130435 
670.0 	 1523 	 548 	 37.0 	 57.0 	 0.2127659574468085 
671.0 	 1525 	 548 	 37.0 	 58.0 	 0.22105263157894736 
672.0 	 1527 	 548 	 55.7606086730957 	 36.598575592041016 	 0.20747295716737804 
673.0 	 1529 	 548 	 37.0 	 56.0 	 0.20430107526881722 
674.0 	 1532 	 548 	 37.0 	 56.0 	 0.20430107526881722 
675.0 	 1534 	 548 	 37.0 	 55.0 	 0.1956521739130435 
676.0 	 1536 	 548 	 37.0 	 55.0 	 0.1956521739130435 
677.0 	 1538 	 548 	 37.0 	 56.0 	 0.20430107526881722 
678.0 	 1540 	 548 	 37.0 	 55.0 	 0.1956521739130435 
679.0 	 1543 	 548 	 37.0 	 56.0 	 0.20430107526881722 
680.0 	 1545 	 548 	 37.0 	 57.0 	 0.2127659574468085 
681.0 	 1547 	 547 	 37.0 	 57.0 	 0.2127659574468085 
682.0 	 1549 	 548 	 37.0 	 55.0 	 0.1956521739130435 
683.0 	 1551 	 548 	 37.0 	 56.0 	 0.20430107526881722 
684.0 	 1554 	 548 	 37.0 	 57.0 	 0.2127659574468085 
685.0 	 1555 	 548 	 37.0 	 55.0 	 0.1956521739130435 
686.0 	 1558 	 547 	 37.0 	 56.0 	 0.20430107526881722 
687.0 	 1560 	 548 	 36.0 	 56.0 	 0.21739130434782608 
688.0 	 1562 	 547 	 36.0 	 55.0 	 0.2087912087912088 
689.0 	 1564 	 547 	 36.0 	 54.0 	 0.2 
690.0 	 1566 	 548 	 36.0 	 56.0 	 0.21739130434782608 
691.0 	 1568 	 548 	 35.0 	 56.0 	 0.23076923076923078 
692.0 	 1570 	 548 	 35.0 	 54.0 	 0.21348314606741572 
693.0 	 1572 	 548 	 35.0 	 57.0 	 0.2391304347826087 
694.0 	 1574 	 548 	 35.0 	 56.0 	 0.23076923076923078 
695.0 	 1576 	 547 	 35.0 	 54.0 	 0.21348314606741572 
696.0 	 1578 	 547 	 36.0 	 55.0 	 0.2087912087912088 
697.0 	 1581 	 547 	 35.0 	 57.0 	 0.2391304347826087 
698.0 	 1583 	 547 	 35.0 	 55.0 	 0.2222222222222222 
699.0 	 1586 	 548 	 36.0 	 55.0 	 0.2087912087912088 
700.0 	 1588 	 548 	 36.0 	 57.0 	 0.22580645161290322 
701.0 	 1590 	 548 	 35.0 	 55.0 	 0.2222222222222222 
702.0 	 1592 	 548 	 36.0 	 57.0 	 0.22580645161290322 
703.0 	 1594 	 548 	 36.0 	 58.0 	 0.23404255319148937 
704.0 	 1596 	 548 	 35.0 	 56.0 	 0.23076923076923078 
705.0 	 1598 	 548 	 36.0 	 56.0 	 0.21739130434782608 
706.0 	 1600 	 549 	 36.0 	 57.0 	 0.22580645161290322 
707.0 	 1602 	 549 	 35.0 	 56.0 	 0.23076923076923078 
708.0 	 1604 	 549 	 35.0 	 56.0 	 0.23076923076923078 
709.0 	 1606 	 550 	 35.0 	 56.0 	 0.23076923076923078 
710.0 	 1608 	 550 	 35.0 	 56.0 	 0.23076923076923078 
711.0 	 1610 	 550 	 35.0 	 54.0 	 0.21348314606741572 
712.0 	 1612 	 550 	 36.0 	 56.0 	 0.21739130434782608 
713.0 	 1613 	 552 	 36.0 	 56.0 	 0.21739130434782608 
714.0 	 1617 	 553 	 35.0 	 53.0 	 0.20454545454545456 
715.0 	 1618 	 555 	 35.0 	 54.0 	 0.21348314606741572 
716.0 	 1616 	 552 	 36.0 	 56.0 	 0.21739130434782608 
717.0 	 1620 	 554 	 34.0 	 54.0 	 0.22727272727272727 
718.0 	 1622 	 554 	 35.0 	 56.0 	 0.23076923076923078 
719.0 	 1623 	 555 	 36.0 	 57.0 	 0.22580645161290322 
720.0 	 1626 	 556 	 35.0 	 54.0 	 0.21348314606741572 
721.0 	 1628 	 556 	 54.0 	 36.0 	 0.2 
722.0 	 1630 	 557 	 36.0 	 56.0 	 0.21739130434782608 
723.0 	 1632 	 557 	 35.0 	 55.0 	 0.2222222222222222 
724.0 	 1635 	 557 	 35.0 	 54.0 	 0.21348314606741572 
725.0 	 1637 	 558 	 35.0 	 56.0 	 0.23076923076923078 
726.0 	 1640 	 558 	 34.0 	 55.0 	 0.23595505617977527 
727.0 	 1642 	 558 	 34.0 	 53.0 	 0.21839080459770116 
728.0 	 1644 	 559 	 35.0 	 55.0 	 0.2222222222222222 
729.0 	 1647 	 559 	 35.0 	 55.0 	 0.2222222222222222 
730.0 	 1650 	 559 	 34.0 	 53.0 	 0.21839080459770116 
731.0 	 1653 	 560 	 35.0 	 55.0 	 0.2222222222222222 
732.0 	 1656 	 560 	 35.0 	 55.0 	 0.2222222222222222 
733.0 	 1658 	 560 	 33.0 	 53.0 	 0.23255813953488372 
734.0 	 1660 	 560 	 34.0 	 56.0 	 0.24444444444444444 
735.0 	 1662 	 560 	 35.0 	 56.0 	 0.23076923076923078 
736.0 	 1664 	 561 	 34.12424850463867 	 52.749568939208984 	 0.2143950960438581 
737.0 	 1667 	 561 	 34.0 	 55.0 	 0.23595505617977527 
738.0 	 1670 	 561 	 35.61152648925781 	 56.4748420715332 	 0.2265624750801464 
739.0 	 1672 	 562 	 34.0 	 54.0 	 0.22727272727272727 
740.0 	 1674 	 562 	 35.0 	 54.0 	 0.21348314606741572 
741.0 	 1677 	 562 	 35.0 	 57.0 	 0.2391304347826087 
742.0 	 1679 	 562 	 34.4700927734375 	 55.49351119995117 	 0.2336880415854885 
743.0 	 1681 	 562 	 34.0 	 54.0 	 0.22727272727272727 
744.0 	 1683 	 562 	 34.0 	 56.0 	 0.24444444444444444 
745.0 	 1685 	 563 	 34.0 	 56.0 	 0.24444444444444444 
746.0 	 1687 	 562 	 34.0 	 55.0 	 0.23595505617977527 
747.0 	 1690 	 563 	 35.0 	 56.0 	 0.23076923076923078 
748.0 	 1692 	 563 	 34.0 	 55.0 	 0.23595505617977527 
749.0 	 1695 	 563 	 54.079341888427734 	 33.794158935546875 	 0.23084528057571635 
750.0 	 1697 	 563 	 56.2207145690918 	 34.457855224609375 	 0.2400000286064739 
751.0 	 1699 	 563 	 34.0 	 58.0 	 0.2608695652173913 
752.0 	 1702 	 563 	 33.0 	 55.0 	 0.25 
753.0 	 1703 	 563 	 34.0 	 57.0 	 0.25274725274725274 
754.0 	 1705 	 563 	 34.0 	 58.0 	 0.2608695652173913 
755.0 	 1708 	 563 	 33.0 	 54.0 	 0.2413793103448276 
756.0 	 1710 	 563 	 34.0 	 56.0 	 0.24444444444444444 
757.0 	 1712 	 563 	 34.0 	 57.0 	 0.25274725274725274 
758.0 	 1714 	 563 	 34.0 	 54.0 	 0.22727272727272727 
759.0 	 1716 	 563 	 34.0 	 55.0 	 0.23595505617977527 
760.0 	 1718 	 564 	 35.0 	 57.0 	 0.2391304347826087 
761.0 	 1721 	 564 	 33.0 	 55.0 	 0.25 
762.0 	 1723 	 564 	 33.0 	 55.0 	 0.25 
763.0 	 1725 	 564 	 34.0 	 57.0 	 0.25274725274725274 
764.0 	 1727 	 564 	 56.24660110473633 	 33.17107391357422 	 0.25806449548634325 
765.0 	 1729 	 564 	 54.0 	 33.0 	 0.2413793103448276 
766.0 	 1732 	 564 	 34.0 	 57.0 	 0.25274725274725274 
767.0 	 1734 	 564 	 33.0 	 55.0 	 0.25 
768.0 	 1736 	 564 	 32.0 	 53.0 	 0.24705882352941178 
769.0 	 1737 	 564 	 34.0 	 55.0 	 0.23595505617977527 
770.0 	 1739 	 565 	 34.0 	 56.0 	 0.24444444444444444 
771.0 	 1742 	 565 	 33.0 	 54.0 	 0.2413793103448276 
772.0 	 1744 	 565 	 33.0 	 56.0 	 0.25842696629213485 
773.0 	 1746 	 565 	 34.0 	 58.0 	 0.2608695652173913 
774.0 	 1748 	 565 	 32.0 	 55.0 	 0.26436781609195403 
775.0 	 1750 	 565 	 34.0 	 56.0 	 0.24444444444444444 
776.0 	 1753 	 565 	 34.0 	 57.0 	 0.25274725274725274 
777.0 	 1755 	 565 	 34.0 	 55.0 	 0.23595505617977527 
778.0 	 1757 	 565 	 34.0 	 56.0 	 0.24444444444444444 
779.0 	 1759 	 565 	 34.0 	 59.0 	 0.26881720430107525 
780.0 	 1762 	 564 	 33.0 	 57.0 	 0.26666666666666666 
781.0 	 1763 	 565 	 33.0 	 55.0 	 0.25 
782.0 	 1765 	 565 	 34.0 	 57.0 	 0.25274725274725274 
783.0 	 1768 	 565 	 33.0 	 55.0 	 0.25 
784.0 	 1770 	 565 	 33.0 	 54.0 	 0.2413793103448276 
785.0 	 1772 	 565 	 34.0 	 58.0 	 0.2608695652173913 
786.0 	 1774 	 565 	 34.0 	 57.0 	 0.25274725274725274 
787.0 	 1777 	 565 	 33.0 	 54.0 	 0.2413793103448276 
788.0 	 1778 	 565 	 34.0 	 57.0 	 0.25274725274725274 
789.0 	 1780 	 565 	 34.0 	 55.0 	 0.23595505617977527 
790.0 	 1783 	 565 	 33.0 	 54.0 	 0.2413793103448276 
791.0 	 1785 	 565 	 34.0 	 56.0 	 0.24444444444444444 
792.0 	 1787 	 565 	 34.0 	 56.0 	 0.24444444444444444 
793.0 	 1789 	 565 	 33.0 	 54.0 	 0.2413793103448276 
794.0 	 1791 	 565 	 33.0 	 56.0 	 0.25842696629213485 
795.0 	 1794 	 565 	 33.0 	 58.0 	 0.27472527472527475 
796.0 	 1796 	 565 	 32.0 	 56.0 	 0.2727272727272727 
797.0 	 1798 	 565 	 32.0 	 55.0 	 0.26436781609195403 
798.0 	 1801 	 565 	 33.0 	 57.0 	 0.26666666666666666 
799.0 	 1803 	 565 	 33.0 	 56.0 	 0.25842696629213485 
800.0 	 1805 	 565 	 32.0 	 56.0 	 0.2727272727272727 
801.0 	 1807 	 565 	 33.0 	 58.0 	 0.27472527472527475 
802.0 	 1809 	 565 	 32.0 	 55.0 	 0.26436781609195403 
803.0 	 1812 	 565 	 32.0 	 54.0 	 0.2558139534883721 
804.0 	 1814 	 565 	 33.580997467041016 	 57.12575149536133 	 0.25957003528017014 
805.0 	 1816 	 565 	 33.0 	 56.0 	 0.25842696629213485 
806.0 	 1818 	 565 	 32.0 	 54.0 	 0.2558139534883721 
807.0 	 1820 	 565 	 33.0 	 57.0 	 0.26666666666666666 
808.0 	 1823 	 566 	 33.0 	 57.0 	 0.26666666666666666 
809.0 	 1825 	 565 	 32.0 	 55.0 	 0.26436781609195403 
810.0 	 1828 	 565 	 32.0 	 57.0 	 0.2808988764044944 
811.0 	 1830 	 565 	 33.0 	 59.0 	 0.2826086956521739 
812.0 	 1832 	 565 	 57.0 	 32.0 	 0.2808988764044944 
813.0 	 1834 	 565 	 32.0 	 57.0 	 0.2808988764044944 
814.0 	 1837 	 565 	 33.0 	 59.0 	 0.2826086956521739 
815.0 	 1839 	 565 	 33.0 	 58.0 	 0.27472527472527475 
816.0 	 1841 	 565 	 33.0 	 57.0 	 0.26666666666666666 
817.0 	 1844 	 565 	 33.0 	 59.0 	 0.2826086956521739 
818.0 	 1846 	 565 	 33.0 	 59.0 	 0.2826086956521739 
819.0 	 1848 	 565 	 32.0 	 57.0 	 0.2808988764044944 
820.0 	 1850 	 565 	 33.0 	 59.0 	 0.2826086956521739 
821.0 	 1852 	 565 	 33.0 	 60.0 	 0.2903225806451613 
822.0 	 1855 	 565 	 33.0 	 58.0 	 0.27472527472527475 
823.0 	 1857 	 565 	 34.0 	 61.0 	 0.28421052631578947 
824.0 	 1859 	 565 	 34.0 	 61.0 	 0.28421052631578947 
825.0 	 1861 	 565 	 33.0 	 58.0 	 0.27472527472527475 
826.0 	 1864 	 565 	 34.0 	 59.0 	 0.26881720430107525 
827.0 	 1866 	 565 	 36.0 	 61.0 	 0.25773195876288657 
828.0 	 1868 	 565 	 34.0 	 59.0 	 0.26881720430107525 
829.0 	 1870 	 565 	 33.0 	 59.0 	 0.2826086956521739 
830.0 	 1872 	 565 	 34.0 	 61.0 	 0.28421052631578947 
831.0 	 1874 	 565 	 34.0 	 59.0 	 0.26881720430107525 
832.0 	 1877 	 565 	 34.0 	 59.0 	 0.26881720430107525 
833.0 	 1879 	 565 	 35.0 	 61.0 	 0.2708333333333333 
834.0 	 1881 	 565 	 34.0 	 61.0 	 0.28421052631578947 
835.0 	 1883 	 565 	 33.0 	 59.0 	 0.2826086956521739 
836.0 	 1886 	 565 	 34.0 	 62.0 	 0.2916666666666667 
837.0 	 1888 	 565 	 34.0 	 60.0 	 0.2765957446808511 
838.0 	 1889 	 565 	 34.0 	 57.0 	 0.25274725274725274 
839.0 	 1891 	 565 	 34.0 	 55.0 	 0.23595505617977527 
840.0 	 1893 	 565 	 35.0 	 53.0 	 0.20454545454545456 
841.0 	 1894 	 565 	 34.0 	 50.0 	 0.19047619047619047 
842.0 	 1895 	 565 	 34.0 	 48.0 	 0.17073170731707318 
843.0 	 1896 	 565 	 34.0 	 47.0 	 0.16049382716049382 
844.0 	 1898 	 565 	 33.0 	 43.0 	 0.13157894736842105 
845.0 	 1899 	 565 	 33.0 	 41.0 	 0.10810810810810811 
846.0 	 1900 	 565 	 34.0 	 40.0 	 0.08108108108108109 
847.0 	 1901 	 565 	 34.0 	 37.0 	 0.04225352112676056 
848.0 	 1903 	 565 	 32.0 	 34.0 	 0.030303030303030304 
849.0 	 1903 	 565 	 33.0 	 33.0 	 0.0 
850.0 	 1905 	 565 	 33.0 	 31.0 	 0.03125 
851.0 	 1907 	 565 	 32.0 	 28.0 	 0.06666666666666667 
852.0 	 1907 	 565 	 33.0 	 27.0 	 0.1 
853.0 	 1908 	 566 	 32.0 	 24.0 	 0.14285714285714285 
854.0 	 1909 	 566 	 30.0 	 21.0 	 0.17647058823529413 
855.0 	 1910 	 566 	 32.0 	 19.0 	 0.2549019607843137 
