frame 	 x 	 y 	 width 	 height 	 deformation 
1.0 	 125 	 568 	 47.0 	 52.0 	 0.050505050505050504 
2.0 	 125 	 568 	 46.0 	 52.0 	 0.061224489795918366 
3.0 	 125 	 567 	 46.0 	 51.0 	 0.05154639175257732 
4.0 	 125 	 568 	 47.0 	 52.0 	 0.050505050505050504 
5.0 	 125 	 568 	 47.0 	 53.0 	 0.06 
6.0 	 125 	 568 	 47.0 	 52.0 	 0.050505050505050504 
7.0 	 125 	 568 	 47.0 	 51.0 	 0.04081632653061224 
8.0 	 125 	 568 	 47.0 	 53.0 	 0.06 
9.0 	 126 	 567 	 47.0 	 51.0 	 0.04081632653061224 
10.0 	 125 	 568 	 47.0 	 51.0 	 0.04081632653061224 
11.0 	 126 	 567 	 47.0 	 52.0 	 0.050505050505050504 
12.0 	 126 	 568 	 46.0 	 51.0 	 0.05154639175257732 
13.0 	 126 	 568 	 46.0 	 51.0 	 0.05154639175257732 
14.0 	 126 	 568 	 47.0 	 52.0 	 0.050505050505050504 
15.0 	 126 	 568 	 47.0 	 52.0 	 0.050505050505050504 
16.0 	 126 	 568 	 47.0 	 51.0 	 0.04081632653061224 
17.0 	 126 	 568 	 48.0 	 52.0 	 0.04 
18.0 	 126 	 568 	 47.0 	 52.0 	 0.050505050505050504 
19.0 	 126 	 568 	 46.0 	 51.0 	 0.05154639175257732 
20.0 	 126 	 568 	 47.0 	 52.0 	 0.050505050505050504 
21.0 	 126 	 568 	 47.0 	 52.0 	 0.050505050505050504 
22.0 	 126 	 568 	 46.829376220703125 	 51.08659362792969 	 0.04347827442048265 
23.0 	 126 	 568 	 46.0 	 52.0 	 0.061224489795918366 
24.0 	 126 	 568 	 47.0 	 52.0 	 0.050505050505050504 
25.0 	 126 	 568 	 46.0 	 51.0 	 0.05154639175257732 
26.0 	 126 	 568 	 47.0 	 51.0 	 0.04081632653061224 
27.0 	 127 	 568 	 47.0 	 51.0 	 0.04081632653061224 
28.0 	 127 	 568 	 46.0 	 50.0 	 0.041666666666666664 
29.0 	 126 	 568 	 47.0 	 51.0 	 0.04081632653061224 
30.0 	 126 	 568 	 47.0 	 51.0 	 0.04081632653061224 
31.0 	 127 	 568 	 47.0 	 51.0 	 0.04081632653061224 
32.0 	 127 	 568 	 47.0 	 51.0 	 0.04081632653061224 
33.0 	 127 	 568 	 47.0 	 52.0 	 0.050505050505050504 
34.0 	 127 	 568 	 47.0 	 50.0 	 0.030927835051546393 
35.0 	 127 	 567 	 47.0 	 50.0 	 0.030927835051546393 
36.0 	 127 	 568 	 48.0 	 51.0 	 0.030303030303030304 
37.0 	 127 	 568 	 47.0 	 50.0 	 0.030927835051546393 
38.0 	 127 	 568 	 47.0 	 50.0 	 0.030927835051546393 
39.0 	 127 	 568 	 47.0 	 51.0 	 0.04081632653061224 
40.0 	 127 	 568 	 47.0 	 51.0 	 0.04081632653061224 
41.0 	 127 	 568 	 47.0 	 50.0 	 0.030927835051546393 
42.0 	 127 	 568 	 47.0 	 50.0 	 0.030927835051546393 
43.0 	 127 	 568 	 47.0 	 51.0 	 0.04081632653061224 
44.0 	 127 	 568 	 47.0 	 50.0 	 0.030927835051546393 
45.0 	 127 	 568 	 47.0 	 51.0 	 0.04081632653061224 
46.0 	 127 	 568 	 47.0 	 51.0 	 0.04081632653061224 
47.0 	 127 	 568 	 47.0 	 50.0 	 0.030927835051546393 
48.0 	 127 	 568 	 47.0 	 51.0 	 0.04081632653061224 
49.0 	 128 	 568 	 46.0 	 51.0 	 0.05154639175257732 
50.0 	 128 	 568 	 47.0 	 49.0 	 0.020833333333333332 
51.0 	 128 	 568 	 47.0 	 51.0 	 0.04081632653061224 
52.0 	 128 	 568 	 47.0 	 51.0 	 0.04081632653061224 
53.0 	 129 	 568 	 47.0 	 49.0 	 0.020833333333333332 
54.0 	 129 	 568 	 47.0 	 50.0 	 0.030927835051546393 
55.0 	 130 	 568 	 47.0 	 50.0 	 0.030927835051546393 
56.0 	 130 	 568 	 47.0 	 50.0 	 0.030927835051546393 
57.0 	 131 	 568 	 47.0 	 51.0 	 0.04081632653061224 
58.0 	 131 	 568 	 47.0 	 51.0 	 0.04081632653061224 
59.0 	 132 	 568 	 47.0 	 50.0 	 0.030927835051546393 
60.0 	 133 	 568 	 47.0 	 50.0 	 0.030927835051546393 
61.0 	 134 	 568 	 47.0 	 50.0 	 0.030927835051546393 
62.0 	 135 	 568 	 47.0 	 49.0 	 0.020833333333333332 
63.0 	 137 	 568 	 46.0 	 49.0 	 0.031578947368421054 
64.0 	 138 	 568 	 47.0 	 49.0 	 0.020833333333333332 
65.0 	 139 	 568 	 46.0 	 49.0 	 0.031578947368421054 
66.0 	 141 	 568 	 46.0 	 49.0 	 0.031578947368421054 
67.0 	 142 	 568 	 47.0 	 51.0 	 0.04081632653061224 
68.0 	 144 	 568 	 47.0 	 51.0 	 0.04081632653061224 
69.0 	 145 	 568 	 49.0 	 47.0 	 0.020833333333333332 
70.0 	 146 	 568 	 47.0 	 50.0 	 0.030927835051546393 
71.0 	 147 	 568 	 47.0 	 50.0 	 0.030927835051546393 
72.0 	 149 	 568 	 46.0 	 51.0 	 0.05154639175257732 
73.0 	 151 	 568 	 45.0 	 51.0 	 0.0625 
74.0 	 153 	 568 	 45.0 	 52.0 	 0.07216494845360824 
75.0 	 155 	 568 	 44.0 	 51.0 	 0.07368421052631578 
76.0 	 156 	 568 	 46.0 	 53.0 	 0.0707070707070707 
77.0 	 158 	 568 	 45.0 	 53.0 	 0.08163265306122448 
78.0 	 159 	 568 	 44.0 	 52.0 	 0.08333333333333333 
79.0 	 161 	 568 	 45.0 	 54.0 	 0.09090909090909091 
80.0 	 163 	 568 	 44.0 	 53.0 	 0.09278350515463918 
81.0 	 165 	 568 	 44.0 	 52.0 	 0.08333333333333333 
82.0 	 166 	 568 	 44.0 	 53.0 	 0.09278350515463918 
83.0 	 168 	 568 	 44.0 	 53.0 	 0.09278350515463918 
84.0 	 170 	 568 	 53.0 	 44.0 	 0.09278350515463918 
85.0 	 172 	 568 	 44.0 	 53.0 	 0.09278350515463918 
86.0 	 173 	 568 	 44.0 	 54.0 	 0.10204081632653061 
87.0 	 175 	 568 	 44.0 	 53.0 	 0.09278350515463918 
88.0 	 177 	 568 	 44.0 	 53.0 	 0.09278350515463918 
89.0 	 178 	 568 	 44.0 	 55.0 	 0.1111111111111111 
90.0 	 180 	 568 	 44.0 	 54.0 	 0.10204081632653061 
91.0 	 182 	 568 	 44.0 	 54.0 	 0.10204081632653061 
92.0 	 184 	 568 	 44.0 	 55.0 	 0.1111111111111111 
93.0 	 186 	 568 	 44.0 	 54.0 	 0.10204081632653061 
94.0 	 188 	 568 	 44.0 	 54.0 	 0.10204081632653061 
95.0 	 190 	 568 	 44.0 	 56.0 	 0.12 
96.0 	 191 	 568 	 55.7235221862793 	 43.931060791015625 	 0.11833335751302516 
97.0 	 194 	 568 	 43.0 	 55.0 	 0.12244897959183673 
98.0 	 195 	 568 	 43.0 	 56.0 	 0.13131313131313133 
99.0 	 197 	 568 	 43.0 	 56.0 	 0.13131313131313133 
100.0 	 199 	 568 	 56.0 	 42.0 	 0.14285714285714285 
101.0 	 201 	 568 	 42.0 	 57.0 	 0.15151515151515152 
102.0 	 203 	 568 	 42.0 	 57.0 	 0.15151515151515152 
103.0 	 204 	 568 	 42.0 	 56.0 	 0.14285714285714285 
104.0 	 207 	 569 	 43.0 	 57.0 	 0.14 
105.0 	 208 	 569 	 43.0 	 58.0 	 0.1485148514851485 
106.0 	 210 	 569 	 42.0 	 56.0 	 0.14285714285714285 
107.0 	 212 	 568 	 43.0 	 58.0 	 0.1485148514851485 
108.0 	 214 	 569 	 43.0 	 58.0 	 0.1485148514851485 
109.0 	 216 	 569 	 42.0 	 57.0 	 0.15151515151515152 
110.0 	 218 	 569 	 42.0 	 58.0 	 0.16 
111.0 	 220 	 568 	 43.0 	 59.0 	 0.1568627450980392 
112.0 	 222 	 569 	 41.0 	 57.0 	 0.16326530612244897 
113.0 	 224 	 569 	 42.0 	 58.0 	 0.16 
114.0 	 226 	 569 	 42.81947708129883 	 59.776275634765625 	 0.1652777829935615 
115.0 	 228 	 568 	 42.0 	 58.0 	 0.16 
116.0 	 230 	 568 	 42.0 	 58.0 	 0.16 
117.0 	 232 	 568 	 42.0 	 59.0 	 0.16831683168316833 
118.0 	 234 	 569 	 42.0 	 59.0 	 0.16831683168316833 
119.0 	 236 	 568 	 42.0 	 59.0 	 0.16831683168316833 
120.0 	 238 	 568 	 42.0 	 59.0 	 0.16831683168316833 
121.0 	 240 	 569 	 41.0 	 59.0 	 0.18 
122.0 	 242 	 569 	 41.0 	 59.0 	 0.18 
123.0 	 244 	 568 	 41.0 	 60.0 	 0.18811881188118812 
124.0 	 246 	 569 	 41.0 	 60.0 	 0.18811881188118812 
125.0 	 249 	 569 	 41.0 	 60.0 	 0.18811881188118812 
126.0 	 250 	 568 	 41.0 	 60.0 	 0.18811881188118812 
127.0 	 252 	 568 	 42.0 	 60.0 	 0.17647058823529413 
128.0 	 254 	 569 	 41.0 	 60.0 	 0.18811881188118812 
129.0 	 256 	 569 	 42.0 	 60.0 	 0.17647058823529413 
130.0 	 258 	 569 	 42.0 	 61.0 	 0.18446601941747573 
131.0 	 260 	 569 	 42.0 	 60.0 	 0.17647058823529413 
132.0 	 262 	 569 	 42.0 	 60.0 	 0.17647058823529413 
133.0 	 264 	 569 	 40.0 	 60.0 	 0.2 
134.0 	 266 	 569 	 41.0 	 60.0 	 0.18811881188118812 
135.0 	 268 	 569 	 42.0 	 61.0 	 0.18446601941747573 
136.0 	 270 	 569 	 42.0 	 61.0 	 0.18446601941747573 
137.0 	 272 	 569 	 42.0 	 60.0 	 0.17647058823529413 
138.0 	 274 	 569 	 42.0 	 61.0 	 0.18446601941747573 
139.0 	 276 	 569 	 42.0 	 62.0 	 0.19230769230769232 
140.0 	 278 	 569 	 41.0 	 61.0 	 0.19607843137254902 
141.0 	 280 	 569 	 41.0 	 62.0 	 0.20388349514563106 
142.0 	 282 	 569 	 41.0 	 62.0 	 0.20388349514563106 
143.0 	 284 	 569 	 41.0 	 61.0 	 0.19607843137254902 
144.0 	 286 	 569 	 41.0 	 62.0 	 0.20388349514563106 
145.0 	 288 	 569 	 40.0 	 61.0 	 0.2079207920792079 
146.0 	 290 	 569 	 40.0 	 62.0 	 0.21568627450980393 
147.0 	 293 	 569 	 40.9670524597168 	 61.62869644165039 	 0.20138888992171738 
148.0 	 295 	 569 	 41.27360916137695 	 63.363704681396484 	 0.21111107222430997 
149.0 	 297 	 569 	 41.64619827270508 	 63.19791793823242 	 0.2055596484037989 
150.0 	 299 	 569 	 42.0 	 62.0 	 0.19230769230769232 
151.0 	 301 	 569 	 42.0 	 62.0 	 0.19230769230769232 
152.0 	 303 	 569 	 42.0 	 63.0 	 0.2 
153.0 	 305 	 569 	 42.0 	 61.0 	 0.18446601941747573 
154.0 	 307 	 569 	 42.0 	 63.0 	 0.2 
155.0 	 309 	 569 	 42.0 	 63.0 	 0.2 
156.0 	 311 	 569 	 41.0 	 61.0 	 0.19607843137254902 
157.0 	 313 	 569 	 40.0 	 61.0 	 0.2079207920792079 
158.0 	 315 	 569 	 41.0 	 62.0 	 0.20388349514563106 
159.0 	 317 	 569 	 40.0 	 61.0 	 0.2079207920792079 
160.0 	 319 	 569 	 41.0 	 62.0 	 0.20388349514563106 
161.0 	 321 	 569 	 41.0 	 63.0 	 0.21153846153846154 
162.0 	 323 	 569 	 40.0 	 62.0 	 0.21568627450980393 
163.0 	 325 	 569 	 40.0 	 62.0 	 0.21568627450980393 
164.0 	 327 	 569 	 41.0 	 63.0 	 0.21153846153846154 
165.0 	 330 	 569 	 42.0 	 62.0 	 0.19230769230769232 
166.0 	 332 	 569 	 42.0 	 62.0 	 0.19230769230769232 
167.0 	 333 	 569 	 42.0 	 64.0 	 0.20754716981132076 
168.0 	 336 	 569 	 42.0 	 63.0 	 0.2 
169.0 	 337 	 569 	 41.0 	 62.0 	 0.20388349514563106 
170.0 	 339 	 569 	 41.0 	 63.0 	 0.21153846153846154 
171.0 	 341 	 569 	 41.0 	 64.0 	 0.21904761904761905 
172.0 	 344 	 569 	 41.0 	 62.0 	 0.20388349514563106 
173.0 	 346 	 569 	 42.0 	 63.0 	 0.2 
174.0 	 348 	 569 	 42.0 	 63.0 	 0.2 
175.0 	 350 	 569 	 40.0 	 62.0 	 0.21568627450980393 
176.0 	 352 	 569 	 40.0 	 63.0 	 0.22330097087378642 
177.0 	 354 	 569 	 40.0 	 63.0 	 0.22330097087378642 
178.0 	 356 	 569 	 40.0 	 62.0 	 0.21568627450980393 
179.0 	 358 	 569 	 40.0 	 63.0 	 0.22330097087378642 
180.0 	 360 	 569 	 40.0 	 64.0 	 0.23076923076923078 
181.0 	 363 	 569 	 40.0 	 62.0 	 0.21568627450980393 
182.0 	 364 	 569 	 41.0 	 64.0 	 0.21904761904761905 
183.0 	 367 	 569 	 41.0 	 64.0 	 0.21904761904761905 
184.0 	 369 	 569 	 40.0 	 64.0 	 0.23076923076923078 
185.0 	 371 	 569 	 40.0 	 64.0 	 0.23076923076923078 
186.0 	 372 	 569 	 40.0 	 63.0 	 0.22330097087378642 
187.0 	 375 	 569 	 39.0 	 63.0 	 0.23529411764705882 
188.0 	 377 	 569 	 40.0 	 63.0 	 0.22330097087378642 
189.0 	 379 	 569 	 40.0 	 65.0 	 0.23809523809523808 
190.0 	 381 	 569 	 40.0 	 63.0 	 0.22330097087378642 
191.0 	 383 	 569 	 63.0 	 40.0 	 0.22330097087378642 
192.0 	 385 	 569 	 39.0 	 63.0 	 0.23529411764705882 
193.0 	 388 	 569 	 39.0 	 62.0 	 0.22772277227722773 
194.0 	 390 	 569 	 39.0 	 63.0 	 0.23529411764705882 
195.0 	 392 	 569 	 39.0 	 64.0 	 0.24271844660194175 
196.0 	 394 	 569 	 39.0 	 63.0 	 0.23529411764705882 
197.0 	 396 	 569 	 39.0 	 62.0 	 0.22772277227722773 
198.0 	 398 	 570 	 39.0 	 63.0 	 0.23529411764705882 
199.0 	 400 	 570 	 64.0 	 40.0 	 0.23076923076923078 
200.0 	 403 	 569 	 40.0 	 63.0 	 0.22330097087378642 
201.0 	 405 	 569 	 40.0 	 63.0 	 0.22330097087378642 
202.0 	 407 	 569 	 40.0 	 63.0 	 0.22330097087378642 
203.0 	 409 	 570 	 40.0 	 62.0 	 0.21568627450980393 
204.0 	 410 	 570 	 40.0 	 62.0 	 0.21568627450980393 
205.0 	 412 	 570 	 40.0 	 62.0 	 0.21568627450980393 
206.0 	 414 	 569 	 40.0 	 61.0 	 0.2079207920792079 
207.0 	 416 	 569 	 39.827476501464844 	 61.2389030456543 	 0.21185508613383172 
208.0 	 418 	 570 	 40.0 	 61.0 	 0.2079207920792079 
209.0 	 420 	 570 	 40.0 	 61.0 	 0.2079207920792079 
210.0 	 422 	 569 	 40.0 	 61.0 	 0.2079207920792079 
211.0 	 424 	 569 	 39.0 	 61.0 	 0.22 
212.0 	 426 	 570 	 60.550437927246094 	 39.383949279785156 	 0.2118038569007375 
213.0 	 428 	 569 	 62.45304489135742 	 39.33638381958008 	 0.22710276857358377 
214.0 	 431 	 569 	 62.4592399597168 	 39.21730422973633 	 0.22858699531205495 
215.0 	 433 	 570 	 62.50304412841797 	 38.300270080566406 	 0.24009899116684422 
216.0 	 435 	 569 	 61.952091217041016 	 37.65715408325195 	 0.24390243155187932 
217.0 	 437 	 569 	 37.0 	 61.0 	 0.24489795918367346 
218.0 	 440 	 569 	 37.0 	 61.0 	 0.24489795918367346 
219.0 	 443 	 569 	 36.97721862792969 	 61.55744934082031 	 0.24945769057329323 
220.0 	 444 	 569 	 36.0 	 62.0 	 0.2653061224489796 
221.0 	 447 	 569 	 35.0 	 62.0 	 0.27835051546391754 
222.0 	 449 	 569 	 35.0 	 63.0 	 0.2857142857142857 
223.0 	 452 	 569 	 35.11897659301758 	 64.43677520751953 	 0.29448623594587514 
224.0 	 455 	 569 	 33.43902587890625 	 63.71608352661133 	 0.3116362879211127 
225.0 	 457 	 569 	 33.0 	 61.0 	 0.2978723404255319 
226.0 	 459 	 569 	 33.0 	 63.0 	 0.3125 
227.0 	 462 	 569 	 31.0 	 64.0 	 0.3473684210526316 
228.0 	 464 	 570 	 33.0 	 64.0 	 0.31958762886597936 
229.0 	 466 	 569 	 31.0 	 62.0 	 0.3333333333333333 
230.0 	 469 	 569 	 31.0 	 62.0 	 0.3333333333333333 
231.0 	 472 	 569 	 31.0 	 60.0 	 0.31868131868131866 
232.0 	 474 	 570 	 32.0 	 62.0 	 0.3191489361702128 
233.0 	 477 	 570 	 32.0 	 61.0 	 0.3118279569892473 
234.0 	 480 	 569 	 33.62860870361328 	 60.488746643066406 	 0.2853898501558428 
235.0 	 482 	 570 	 34.0 	 60.0 	 0.2765957446808511 
236.0 	 484 	 570 	 34.0 	 60.0 	 0.2765957446808511 
237.0 	 487 	 570 	 34.0 	 60.0 	 0.2765957446808511 
238.0 	 489 	 570 	 36.0 	 62.0 	 0.2653061224489796 
239.0 	 491 	 570 	 35.0 	 62.0 	 0.27835051546391754 
240.0 	 494 	 569 	 35.0 	 62.0 	 0.27835051546391754 
241.0 	 496 	 570 	 36.0 	 62.0 	 0.2653061224489796 
242.0 	 498 	 570 	 35.0 	 63.0 	 0.2857142857142857 
243.0 	 501 	 570 	 34.0 	 63.0 	 0.29896907216494845 
244.0 	 503 	 569 	 36.0 	 63.0 	 0.2727272727272727 
245.0 	 505 	 570 	 36.0 	 64.0 	 0.28 
246.0 	 508 	 570 	 36.0 	 63.0 	 0.2727272727272727 
247.0 	 510 	 570 	 36.0 	 63.0 	 0.2727272727272727 
248.0 	 512 	 570 	 36.0 	 66.0 	 0.29411764705882354 
249.0 	 515 	 570 	 35.862709045410156 	 64.65614318847656 	 0.2864480990697148 
250.0 	 517 	 570 	 36.8721923828125 	 63.86198043823242 	 0.2679308054017329 
251.0 	 519 	 569 	 37.029117584228516 	 64.91411590576172 	 0.2735345678854813 
252.0 	 522 	 570 	 36.70610427856445 	 63.11457443237305 	 0.2645591123486819 
253.0 	 524 	 569 	 35.0 	 62.0 	 0.27835051546391754 
254.0 	 526 	 569 	 36.0 	 64.0 	 0.28 
255.0 	 529 	 569 	 36.0 	 63.0 	 0.2727272727272727 
256.0 	 531 	 569 	 37.0 	 62.0 	 0.25252525252525254 
257.0 	 533 	 569 	 37.0 	 62.0 	 0.25252525252525254 
258.0 	 536 	 569 	 37.0 	 62.0 	 0.25252525252525254 
259.0 	 538 	 569 	 37.0 	 61.0 	 0.24489795918367346 
260.0 	 540 	 569 	 37.0 	 64.0 	 0.26732673267326734 
261.0 	 543 	 570 	 64.77039337158203 	 37.464656829833984 	 0.26708781859012426 
262.0 	 546 	 570 	 36.0 	 65.0 	 0.2871287128712871 
263.0 	 548 	 570 	 36.0 	 66.0 	 0.29411764705882354 
264.0 	 551 	 570 	 36.0 	 67.0 	 0.30097087378640774 
265.0 	 553 	 570 	 36.0 	 65.0 	 0.2871287128712871 
266.0 	 556 	 570 	 36.0 	 66.0 	 0.29411764705882354 
267.0 	 558 	 570 	 36.0 	 67.0 	 0.30097087378640774 
268.0 	 561 	 569 	 36.0 	 67.0 	 0.30097087378640774 
269.0 	 563 	 570 	 38.0 	 67.0 	 0.2761904761904762 
270.0 	 565 	 570 	 38.0 	 67.0 	 0.2761904761904762 
271.0 	 568 	 570 	 38.0 	 68.0 	 0.2830188679245283 
272.0 	 571 	 570 	 37.0 	 67.0 	 0.28846153846153844 
273.0 	 573 	 570 	 38.0 	 68.0 	 0.2830188679245283 
274.0 	 576 	 570 	 38.0 	 68.0 	 0.2830188679245283 
275.0 	 578 	 570 	 38.0 	 68.0 	 0.2830188679245283 
276.0 	 581 	 570 	 38.0 	 69.0 	 0.2897196261682243 
277.0 	 583 	 570 	 38.0 	 68.0 	 0.2830188679245283 
278.0 	 586 	 570 	 38.0 	 68.0 	 0.2830188679245283 
279.0 	 588 	 570 	 38.0 	 68.0 	 0.2830188679245283 
280.0 	 590 	 570 	 38.0 	 67.0 	 0.2761904761904762 
281.0 	 593 	 570 	 38.0 	 66.0 	 0.2692307692307692 
282.0 	 596 	 570 	 39.0 	 67.0 	 0.2641509433962264 
283.0 	 598 	 570 	 39.0 	 66.0 	 0.2571428571428571 
284.0 	 601 	 570 	 39.0 	 67.0 	 0.2641509433962264 
285.0 	 603 	 570 	 39.0 	 68.0 	 0.27102803738317754 
286.0 	 606 	 570 	 38.0 	 69.0 	 0.2897196261682243 
287.0 	 608 	 570 	 39.0 	 68.0 	 0.27102803738317754 
288.0 	 611 	 570 	 70.0 	 39.0 	 0.28440366972477066 
289.0 	 613 	 570 	 38.0 	 69.0 	 0.2897196261682243 
290.0 	 616 	 570 	 38.0 	 70.0 	 0.2962962962962963 
291.0 	 618 	 570 	 38.0 	 70.0 	 0.2962962962962963 
292.0 	 621 	 570 	 38.0 	 70.0 	 0.2962962962962963 
293.0 	 623 	 570 	 38.0 	 71.0 	 0.30275229357798167 
294.0 	 626 	 570 	 38.0 	 71.0 	 0.30275229357798167 
295.0 	 628 	 570 	 38.0 	 72.0 	 0.3090909090909091 
296.0 	 631 	 570 	 38.0 	 71.0 	 0.30275229357798167 
297.0 	 634 	 570 	 38.0 	 71.0 	 0.30275229357798167 
298.0 	 636 	 570 	 38.0 	 71.0 	 0.30275229357798167 
299.0 	 639 	 570 	 38.0 	 71.0 	 0.30275229357798167 
300.0 	 642 	 570 	 39.9597053527832 	 71.62368774414062 	 0.2837696678022094 
301.0 	 644 	 570 	 38.0 	 71.0 	 0.30275229357798167 
302.0 	 647 	 570 	 38.0 	 70.0 	 0.2962962962962963 
303.0 	 649 	 570 	 38.0 	 71.0 	 0.30275229357798167 
304.0 	 652 	 570 	 38.0 	 72.0 	 0.3090909090909091 
305.0 	 654 	 570 	 38.0 	 71.0 	 0.30275229357798167 
306.0 	 657 	 570 	 38.0 	 71.0 	 0.30275229357798167 
307.0 	 659 	 570 	 38.0 	 73.0 	 0.3153153153153153 
308.0 	 662 	 570 	 39.0 	 72.0 	 0.2972972972972973 
309.0 	 665 	 570 	 39.0 	 71.0 	 0.2909090909090909 
310.0 	 667 	 570 	 39.0 	 72.0 	 0.2972972972972973 
311.0 	 669 	 570 	 39.0 	 72.0 	 0.2972972972972973 
312.0 	 672 	 570 	 39.0 	 72.0 	 0.2972972972972973 
313.0 	 673 	 570 	 38.0 	 71.0 	 0.30275229357798167 
314.0 	 676 	 570 	 38.0 	 72.0 	 0.3090909090909091 
315.0 	 679 	 570 	 38.0 	 72.0 	 0.3090909090909091 
316.0 	 681 	 570 	 38.0 	 71.0 	 0.30275229357798167 
317.0 	 684 	 570 	 38.0 	 72.0 	 0.3090909090909091 
318.0 	 686 	 570 	 38.0 	 71.0 	 0.30275229357798167 
319.0 	 689 	 570 	 38.0 	 70.0 	 0.2962962962962963 
320.0 	 691 	 570 	 38.0 	 72.0 	 0.3090909090909091 
321.0 	 693 	 570 	 38.0 	 72.0 	 0.3090909090909091 
322.0 	 696 	 570 	 38.0 	 72.0 	 0.3090909090909091 
323.0 	 698 	 570 	 38.0 	 72.0 	 0.3090909090909091 
324.0 	 700 	 570 	 38.0 	 71.0 	 0.30275229357798167 
325.0 	 703 	 570 	 37.0 	 71.0 	 0.3148148148148148 
326.0 	 705 	 570 	 37.0 	 72.0 	 0.3211009174311927 
327.0 	 708 	 570 	 37.0 	 72.0 	 0.3211009174311927 
328.0 	 710 	 570 	 37.0 	 71.0 	 0.3148148148148148 
329.0 	 712 	 570 	 37.0 	 72.0 	 0.3211009174311927 
330.0 	 715 	 570 	 37.0 	 72.0 	 0.3211009174311927 
331.0 	 717 	 570 	 37.0 	 71.0 	 0.3148148148148148 
332.0 	 720 	 570 	 37.0 	 72.0 	 0.3211009174311927 
333.0 	 722 	 570 	 38.0 	 72.0 	 0.3090909090909091 
334.0 	 725 	 570 	 37.0 	 72.0 	 0.3211009174311927 
335.0 	 727 	 570 	 37.0 	 72.0 	 0.3211009174311927 
336.0 	 729 	 570 	 37.0 	 72.0 	 0.3211009174311927 
337.0 	 731 	 570 	 37.0 	 70.0 	 0.308411214953271 
338.0 	 733 	 570 	 37.0 	 71.0 	 0.3148148148148148 
339.0 	 736 	 570 	 37.0 	 72.0 	 0.3211009174311927 
340.0 	 738 	 570 	 37.0 	 71.0 	 0.3148148148148148 
341.0 	 741 	 570 	 37.0 	 72.0 	 0.3211009174311927 
342.0 	 743 	 570 	 37.0 	 71.0 	 0.3148148148148148 
343.0 	 746 	 570 	 37.0 	 71.0 	 0.3148148148148148 
344.0 	 748 	 570 	 37.0 	 70.0 	 0.308411214953271 
345.0 	 751 	 570 	 37.0 	 71.0 	 0.3148148148148148 
346.0 	 753 	 570 	 37.0 	 70.0 	 0.308411214953271 
347.0 	 755 	 570 	 37.0 	 70.0 	 0.308411214953271 
348.0 	 758 	 570 	 37.0 	 70.0 	 0.308411214953271 
349.0 	 759 	 570 	 37.0 	 70.0 	 0.308411214953271 
350.0 	 762 	 570 	 37.0 	 70.0 	 0.308411214953271 
351.0 	 764 	 570 	 37.0 	 71.0 	 0.3148148148148148 
352.0 	 767 	 570 	 37.0 	 70.0 	 0.308411214953271 
353.0 	 769 	 570 	 37.0 	 71.0 	 0.3148148148148148 
354.0 	 771 	 570 	 37.0 	 71.0 	 0.3148148148148148 
355.0 	 774 	 570 	 37.0 	 71.0 	 0.3148148148148148 
356.0 	 776 	 570 	 37.0 	 70.0 	 0.308411214953271 
357.0 	 778 	 570 	 37.0 	 71.0 	 0.3148148148148148 
358.0 	 781 	 570 	 37.0 	 71.0 	 0.3148148148148148 
359.0 	 783 	 570 	 37.0 	 71.0 	 0.3148148148148148 
360.0 	 785 	 570 	 37.0 	 70.0 	 0.308411214953271 
361.0 	 787 	 570 	 37.0 	 70.0 	 0.308411214953271 
362.0 	 789 	 571 	 37.0 	 69.0 	 0.3018867924528302 
363.0 	 791 	 570 	 37.0 	 70.0 	 0.308411214953271 
364.0 	 794 	 570 	 37.0 	 70.0 	 0.308411214953271 
365.0 	 796 	 570 	 36.0 	 70.0 	 0.32075471698113206 
366.0 	 799 	 570 	 36.0 	 70.0 	 0.32075471698113206 
367.0 	 801 	 571 	 36.0 	 71.0 	 0.32710280373831774 
368.0 	 804 	 570 	 36.0 	 71.0 	 0.32710280373831774 
369.0 	 806 	 571 	 37.0 	 72.0 	 0.3211009174311927 
370.0 	 808 	 571 	 37.0 	 71.0 	 0.3148148148148148 
371.0 	 811 	 571 	 36.0 	 71.0 	 0.32710280373831774 
372.0 	 813 	 571 	 36.0 	 71.0 	 0.32710280373831774 
373.0 	 815 	 571 	 35.0 	 71.0 	 0.33962264150943394 
374.0 	 818 	 571 	 35.0 	 72.0 	 0.34579439252336447 
375.0 	 820 	 571 	 35.0 	 71.0 	 0.33962264150943394 
376.0 	 822 	 571 	 35.0 	 72.0 	 0.34579439252336447 
377.0 	 824 	 571 	 36.0 	 71.0 	 0.32710280373831774 
378.0 	 827 	 571 	 36.0 	 71.0 	 0.32710280373831774 
379.0 	 829 	 571 	 36.0 	 71.0 	 0.32710280373831774 
380.0 	 831 	 571 	 36.0 	 70.0 	 0.32075471698113206 
381.0 	 834 	 571 	 36.0 	 70.0 	 0.32075471698113206 
382.0 	 836 	 571 	 37.0 	 71.0 	 0.3148148148148148 
383.0 	 838 	 571 	 37.0 	 71.0 	 0.3148148148148148 
384.0 	 841 	 571 	 37.0 	 70.0 	 0.308411214953271 
385.0 	 843 	 571 	 37.0 	 71.0 	 0.3148148148148148 
386.0 	 845 	 571 	 36.0 	 71.0 	 0.32710280373831774 
387.0 	 847 	 571 	 36.0 	 71.0 	 0.32710280373831774 
388.0 	 849 	 571 	 37.0 	 71.0 	 0.3148148148148148 
389.0 	 851 	 571 	 37.0 	 71.0 	 0.3148148148148148 
390.0 	 854 	 571 	 37.0 	 70.0 	 0.308411214953271 
391.0 	 856 	 571 	 37.0 	 71.0 	 0.3148148148148148 
392.0 	 858 	 571 	 37.0 	 70.0 	 0.308411214953271 
393.0 	 860 	 571 	 37.0 	 70.0 	 0.308411214953271 
394.0 	 862 	 571 	 37.0 	 70.0 	 0.308411214953271 
395.0 	 864 	 570 	 37.0 	 70.0 	 0.308411214953271 
396.0 	 867 	 571 	 38.0 	 70.0 	 0.2962962962962963 
397.0 	 868 	 570 	 37.0 	 70.0 	 0.308411214953271 
398.0 	 870 	 571 	 37.0 	 70.0 	 0.308411214953271 
399.0 	 873 	 571 	 37.0 	 71.0 	 0.3148148148148148 
400.0 	 875 	 571 	 38.0 	 70.0 	 0.2962962962962963 
401.0 	 877 	 571 	 38.0 	 71.0 	 0.30275229357798167 
402.0 	 879 	 571 	 38.0 	 70.0 	 0.2962962962962963 
403.0 	 881 	 571 	 38.0 	 71.0 	 0.30275229357798167 
404.0 	 883 	 571 	 38.0 	 71.0 	 0.30275229357798167 
405.0 	 886 	 571 	 38.0 	 72.0 	 0.3090909090909091 
406.0 	 888 	 571 	 38.0 	 71.0 	 0.30275229357798167 
407.0 	 890 	 571 	 38.0 	 71.0 	 0.30275229357798167 
408.0 	 892 	 571 	 38.0 	 70.0 	 0.2962962962962963 
409.0 	 894 	 571 	 37.0 	 70.0 	 0.308411214953271 
410.0 	 897 	 571 	 38.0 	 71.0 	 0.30275229357798167 
411.0 	 899 	 571 	 37.0 	 71.0 	 0.3148148148148148 
412.0 	 901 	 571 	 37.0 	 70.0 	 0.308411214953271 
413.0 	 903 	 571 	 38.0 	 71.0 	 0.30275229357798167 
414.0 	 905 	 571 	 38.0 	 71.0 	 0.30275229357798167 
415.0 	 908 	 571 	 37.0 	 70.0 	 0.308411214953271 
416.0 	 910 	 571 	 38.0 	 70.0 	 0.2962962962962963 
417.0 	 912 	 571 	 38.0 	 71.0 	 0.30275229357798167 
418.0 	 914 	 571 	 38.0 	 71.0 	 0.30275229357798167 
419.0 	 916 	 571 	 38.0 	 71.0 	 0.30275229357798167 
420.0 	 918 	 571 	 38.0 	 71.0 	 0.30275229357798167 
421.0 	 921 	 571 	 36.0 	 71.0 	 0.32710280373831774 
422.0 	 923 	 571 	 37.0 	 71.0 	 0.3148148148148148 
423.0 	 925 	 571 	 37.0 	 71.0 	 0.3148148148148148 
424.0 	 927 	 571 	 37.0 	 71.0 	 0.3148148148148148 
425.0 	 929 	 571 	 37.0 	 71.0 	 0.3148148148148148 
426.0 	 931 	 571 	 37.0 	 71.0 	 0.3148148148148148 
427.0 	 934 	 571 	 37.0 	 70.0 	 0.308411214953271 
428.0 	 936 	 571 	 37.0 	 70.0 	 0.308411214953271 
429.0 	 938 	 571 	 37.0 	 71.0 	 0.3148148148148148 
430.0 	 940 	 571 	 37.0 	 71.0 	 0.3148148148148148 
431.0 	 943 	 571 	 37.0 	 70.0 	 0.308411214953271 
432.0 	 945 	 571 	 37.0 	 70.0 	 0.308411214953271 
433.0 	 946 	 571 	 36.0 	 70.0 	 0.32075471698113206 
434.0 	 949 	 571 	 36.0 	 71.0 	 0.32710280373831774 
435.0 	 951 	 571 	 37.0 	 71.0 	 0.3148148148148148 
436.0 	 953 	 571 	 37.0 	 71.0 	 0.3148148148148148 
437.0 	 955 	 571 	 38.0 	 71.0 	 0.30275229357798167 
438.0 	 957 	 571 	 38.0 	 71.0 	 0.30275229357798167 
439.0 	 959 	 571 	 38.0 	 71.0 	 0.30275229357798167 
440.0 	 961 	 571 	 38.0 	 70.0 	 0.2962962962962963 
441.0 	 964 	 571 	 37.0 	 72.0 	 0.3211009174311927 
442.0 	 966 	 571 	 38.0518684387207 	 71.640869140625 	 0.3062098862981504 
443.0 	 968 	 571 	 38.0 	 71.0 	 0.30275229357798167 
444.0 	 970 	 571 	 37.0 	 72.0 	 0.3211009174311927 
445.0 	 972 	 571 	 37.0 	 71.0 	 0.3148148148148148 
446.0 	 975 	 571 	 37.0 	 70.0 	 0.308411214953271 
447.0 	 977 	 571 	 37.0 	 71.0 	 0.3148148148148148 
448.0 	 979 	 571 	 37.0 	 71.0 	 0.3148148148148148 
449.0 	 981 	 571 	 37.0 	 71.0 	 0.3148148148148148 
450.0 	 983 	 571 	 37.0 	 71.0 	 0.3148148148148148 
451.0 	 985 	 571 	 37.0 	 71.0 	 0.3148148148148148 
452.0 	 988 	 571 	 37.0 	 70.0 	 0.308411214953271 
453.0 	 990 	 571 	 37.0 	 70.0 	 0.308411214953271 
454.0 	 992 	 571 	 37.0 	 71.0 	 0.3148148148148148 
455.0 	 994 	 571 	 37.0 	 71.0 	 0.3148148148148148 
456.0 	 996 	 571 	 37.0 	 71.0 	 0.3148148148148148 
457.0 	 998 	 571 	 36.0 	 71.0 	 0.32710280373831774 
458.0 	 1001 	 571 	 36.0 	 70.0 	 0.32075471698113206 
459.0 	 1003 	 571 	 36.0 	 70.0 	 0.32075471698113206 
460.0 	 1005 	 571 	 36.0 	 71.0 	 0.32710280373831774 
461.0 	 1007 	 571 	 36.0 	 71.0 	 0.32710280373831774 
462.0 	 1009 	 571 	 36.0 	 71.0 	 0.32710280373831774 
463.0 	 1011 	 571 	 36.0 	 71.0 	 0.32710280373831774 
464.0 	 1013 	 571 	 36.0 	 71.0 	 0.32710280373831774 
465.0 	 1016 	 571 	 36.0 	 71.0 	 0.32710280373831774 
466.0 	 1018 	 571 	 36.0 	 72.0 	 0.3333333333333333 
467.0 	 1020 	 571 	 36.0 	 72.0 	 0.3333333333333333 
468.0 	 1023 	 571 	 36.0 	 71.0 	 0.32710280373831774 
469.0 	 1024 	 571 	 36.0 	 71.0 	 0.32710280373831774 
470.0 	 1026 	 571 	 36.0 	 72.0 	 0.3333333333333333 
471.0 	 1028 	 571 	 36.0 	 72.0 	 0.3333333333333333 
472.0 	 1031 	 571 	 36.0 	 72.0 	 0.3333333333333333 
473.0 	 1033 	 571 	 36.0 	 72.0 	 0.3333333333333333 
474.0 	 1035 	 571 	 36.0 	 72.0 	 0.3333333333333333 
475.0 	 1038 	 571 	 36.0 	 71.0 	 0.32710280373831774 
476.0 	 1040 	 571 	 36.0 	 72.0 	 0.3333333333333333 
477.0 	 1042 	 571 	 36.0 	 71.0 	 0.32710280373831774 
478.0 	 1044 	 571 	 36.0 	 71.0 	 0.32710280373831774 
479.0 	 1046 	 571 	 36.0 	 71.0 	 0.32710280373831774 
480.0 	 1049 	 571 	 36.0 	 72.0 	 0.3333333333333333 
481.0 	 1050 	 571 	 36.0 	 72.0 	 0.3333333333333333 
482.0 	 1053 	 571 	 36.0 	 73.0 	 0.3394495412844037 
483.0 	 1055 	 571 	 36.0 	 73.0 	 0.3394495412844037 
484.0 	 1057 	 571 	 36.0 	 71.0 	 0.32710280373831774 
485.0 	 1059 	 571 	 36.0 	 71.0 	 0.32710280373831774 
486.0 	 1061 	 571 	 36.0 	 71.0 	 0.32710280373831774 
487.0 	 1064 	 571 	 36.0 	 71.0 	 0.32710280373831774 
488.0 	 1066 	 571 	 36.0 	 72.0 	 0.3333333333333333 
489.0 	 1068 	 571 	 36.0 	 72.0 	 0.3333333333333333 
490.0 	 1071 	 571 	 36.0 	 72.0 	 0.3333333333333333 
491.0 	 1073 	 571 	 36.0 	 72.0 	 0.3333333333333333 
492.0 	 1075 	 571 	 36.0 	 72.0 	 0.3333333333333333 
493.0 	 1077 	 571 	 37.0 	 73.0 	 0.32727272727272727 
494.0 	 1079 	 571 	 37.0 	 74.0 	 0.3333333333333333 
495.0 	 1081 	 571 	 37.0 	 74.0 	 0.3333333333333333 
496.0 	 1083 	 571 	 37.0 	 73.0 	 0.32727272727272727 
497.0 	 1086 	 571 	 37.0 	 73.0 	 0.32727272727272727 
498.0 	 1088 	 571 	 37.0 	 73.0 	 0.32727272727272727 
499.0 	 1090 	 571 	 37.0 	 73.0 	 0.32727272727272727 
500.0 	 1092 	 572 	 36.0 	 73.0 	 0.3394495412844037 
501.0 	 1094 	 572 	 36.0 	 73.0 	 0.3394495412844037 
502.0 	 1097 	 572 	 36.0 	 72.0 	 0.3333333333333333 
503.0 	 1099 	 572 	 36.0 	 72.0 	 0.3333333333333333 
504.0 	 1101 	 572 	 36.0 	 73.0 	 0.3394495412844037 
505.0 	 1103 	 571 	 35.0 	 73.0 	 0.35185185185185186 
506.0 	 1105 	 571 	 35.0 	 74.0 	 0.3577981651376147 
507.0 	 1107 	 572 	 35.0 	 74.0 	 0.3577981651376147 
508.0 	 1109 	 572 	 35.0 	 73.0 	 0.35185185185185186 
509.0 	 1112 	 572 	 36.0 	 73.0 	 0.3394495412844037 
510.0 	 1114 	 572 	 36.0 	 73.0 	 0.3394495412844037 
511.0 	 1117 	 572 	 36.0 	 72.0 	 0.3333333333333333 
512.0 	 1119 	 572 	 36.0 	 72.0 	 0.3333333333333333 
513.0 	 1121 	 572 	 36.0 	 72.0 	 0.3333333333333333 
514.0 	 1123 	 572 	 36.0 	 72.0 	 0.3333333333333333 
515.0 	 1125 	 572 	 36.0 	 72.0 	 0.3333333333333333 
516.0 	 1128 	 572 	 36.0 	 73.0 	 0.3394495412844037 
517.0 	 1129 	 572 	 35.0 	 73.0 	 0.35185185185185186 
518.0 	 1132 	 572 	 35.0 	 73.0 	 0.35185185185185186 
519.0 	 1134 	 572 	 35.0 	 73.0 	 0.35185185185185186 
520.0 	 1136 	 572 	 35.0 	 73.0 	 0.35185185185185186 
521.0 	 1138 	 572 	 35.0 	 73.0 	 0.35185185185185186 
522.0 	 1140 	 572 	 35.0 	 75.0 	 0.36363636363636365 
523.0 	 1142 	 572 	 35.0 	 74.0 	 0.3577981651376147 
524.0 	 1145 	 572 	 35.0 	 73.0 	 0.35185185185185186 
525.0 	 1147 	 572 	 35.0 	 73.0 	 0.35185185185185186 
526.0 	 1149 	 572 	 35.0 	 73.0 	 0.35185185185185186 
527.0 	 1152 	 572 	 35.0 	 74.0 	 0.3577981651376147 
528.0 	 1154 	 572 	 35.0 	 74.0 	 0.3577981651376147 
529.0 	 1155 	 572 	 74.0 	 36.0 	 0.34545454545454546 
530.0 	 1158 	 572 	 36.0 	 74.0 	 0.34545454545454546 
531.0 	 1160 	 572 	 36.0 	 74.0 	 0.34545454545454546 
532.0 	 1163 	 572 	 36.0 	 74.0 	 0.34545454545454546 
533.0 	 1165 	 572 	 36.0 	 74.0 	 0.34545454545454546 
534.0 	 1167 	 572 	 37.0 	 74.0 	 0.3333333333333333 
535.0 	 1169 	 572 	 37.0 	 74.0 	 0.3333333333333333 
536.0 	 1171 	 572 	 36.0 	 74.0 	 0.34545454545454546 
537.0 	 1174 	 572 	 75.0 	 37.0 	 0.3392857142857143 
538.0 	 1176 	 572 	 37.0 	 75.0 	 0.3392857142857143 
539.0 	 1178 	 572 	 37.0 	 74.0 	 0.3333333333333333 
540.0 	 1180 	 572 	 36.0 	 75.0 	 0.35135135135135137 
541.0 	 1182 	 572 	 36.0 	 74.0 	 0.34545454545454546 
542.0 	 1185 	 572 	 36.0 	 74.0 	 0.34545454545454546 
543.0 	 1187 	 572 	 36.0 	 74.0 	 0.34545454545454546 
544.0 	 1189 	 572 	 36.0 	 75.0 	 0.35135135135135137 
545.0 	 1191 	 572 	 36.0 	 75.0 	 0.35135135135135137 
546.0 	 1194 	 572 	 36.0 	 75.0 	 0.35135135135135137 
547.0 	 1196 	 572 	 36.0 	 77.0 	 0.36283185840707965 
548.0 	 1198 	 572 	 36.0 	 76.0 	 0.35714285714285715 
549.0 	 1200 	 572 	 36.0 	 75.0 	 0.35135135135135137 
550.0 	 1202 	 572 	 37.0 	 76.0 	 0.34513274336283184 
551.0 	 1204 	 572 	 37.0 	 75.0 	 0.3392857142857143 
552.0 	 1207 	 572 	 36.0 	 75.0 	 0.35135135135135137 
553.0 	 1208 	 572 	 36.0 	 75.0 	 0.35135135135135137 
554.0 	 1211 	 572 	 36.0 	 76.0 	 0.35714285714285715 
555.0 	 1213 	 572 	 36.0 	 75.0 	 0.35135135135135137 
556.0 	 1215 	 572 	 36.0 	 75.0 	 0.35135135135135137 
557.0 	 1218 	 572 	 36.0 	 75.0 	 0.35135135135135137 
558.0 	 1220 	 572 	 36.0 	 74.0 	 0.34545454545454546 
559.0 	 1222 	 572 	 36.0 	 75.0 	 0.35135135135135137 
560.0 	 1225 	 572 	 37.0 	 76.0 	 0.34513274336283184 
561.0 	 1227 	 572 	 37.0 	 76.0 	 0.34513274336283184 
562.0 	 1229 	 572 	 37.0 	 76.0 	 0.34513274336283184 
563.0 	 1232 	 572 	 37.0 	 77.0 	 0.3508771929824561 
564.0 	 1234 	 572 	 37.0 	 75.0 	 0.3392857142857143 
565.0 	 1236 	 572 	 36.0 	 75.0 	 0.35135135135135137 
566.0 	 1238 	 572 	 37.0 	 77.0 	 0.3508771929824561 
567.0 	 1241 	 572 	 36.0 	 77.0 	 0.36283185840707965 
568.0 	 1243 	 572 	 36.0 	 76.0 	 0.35714285714285715 
569.0 	 1245 	 572 	 36.0 	 78.0 	 0.3684210526315789 
570.0 	 1248 	 572 	 37.0 	 77.0 	 0.3508771929824561 
571.0 	 1250 	 572 	 36.0 	 76.0 	 0.35714285714285715 
572.0 	 1252 	 572 	 78.15373992919922 	 36.89101791381836 	 0.358666685810102 
573.0 	 1255 	 572 	 36.0 	 78.0 	 0.3684210526315789 
574.0 	 1257 	 572 	 36.0 	 77.0 	 0.36283185840707965 
575.0 	 1260 	 572 	 37.0 	 77.0 	 0.3508771929824561 
576.0 	 1262 	 572 	 37.0 	 78.0 	 0.3565217391304348 
577.0 	 1264 	 573 	 36.0 	 77.0 	 0.36283185840707965 
578.0 	 1267 	 572 	 36.0 	 78.0 	 0.3684210526315789 
579.0 	 1269 	 572 	 36.0 	 78.0 	 0.3684210526315789 
580.0 	 1272 	 572 	 36.0 	 77.0 	 0.36283185840707965 
581.0 	 1275 	 572 	 36.0 	 78.0 	 0.3684210526315789 
582.0 	 1277 	 573 	 36.0 	 78.0 	 0.3684210526315789 
583.0 	 1279 	 573 	 36.0 	 78.0 	 0.3684210526315789 
584.0 	 1282 	 572 	 36.0 	 78.0 	 0.3684210526315789 
585.0 	 1285 	 573 	 36.0 	 79.0 	 0.3739130434782609 
586.0 	 1287 	 573 	 36.0 	 80.0 	 0.3793103448275862 
587.0 	 1290 	 572 	 36.0 	 78.0 	 0.3684210526315789 
588.0 	 1292 	 573 	 36.0 	 79.0 	 0.3739130434782609 
589.0 	 1295 	 573 	 36.0 	 78.0 	 0.3684210526315789 
590.0 	 1297 	 573 	 35.0 	 78.0 	 0.3805309734513274 
591.0 	 1300 	 573 	 36.0 	 80.0 	 0.3793103448275862 
592.0 	 1303 	 573 	 36.0 	 79.0 	 0.3739130434782609 
593.0 	 1306 	 573 	 36.0 	 78.0 	 0.3684210526315789 
594.0 	 1308 	 573 	 36.0 	 79.0 	 0.3739130434782609 
595.0 	 1311 	 573 	 36.0 	 79.0 	 0.3739130434782609 
596.0 	 1314 	 573 	 36.0 	 77.0 	 0.36283185840707965 
597.0 	 1316 	 573 	 37.0 	 78.0 	 0.3565217391304348 
598.0 	 1319 	 573 	 36.0 	 77.0 	 0.36283185840707965 
599.0 	 1322 	 573 	 36.0 	 79.0 	 0.3739130434782609 
600.0 	 1324 	 573 	 36.0 	 82.0 	 0.3898305084745763 
601.0 	 1327 	 573 	 35.0 	 79.0 	 0.38596491228070173 
602.0 	 1329 	 573 	 35.0 	 78.0 	 0.3805309734513274 
603.0 	 1332 	 573 	 35.0 	 78.0 	 0.3805309734513274 
604.0 	 1335 	 573 	 36.0 	 78.0 	 0.3684210526315789 
605.0 	 1337 	 573 	 35.0 	 79.0 	 0.38596491228070173 
606.0 	 1340 	 573 	 35.0 	 80.0 	 0.391304347826087 
607.0 	 1342 	 573 	 36.0 	 81.0 	 0.38461538461538464 
608.0 	 1345 	 573 	 36.0 	 81.0 	 0.38461538461538464 
609.0 	 1348 	 573 	 36.0 	 81.0 	 0.38461538461538464 
610.0 	 1351 	 573 	 36.0 	 81.0 	 0.38461538461538464 
611.0 	 1353 	 573 	 36.0 	 82.0 	 0.3898305084745763 
612.0 	 1356 	 573 	 36.0 	 83.0 	 0.3949579831932773 
613.0 	 1358 	 573 	 36.0 	 83.0 	 0.3949579831932773 
614.0 	 1361 	 573 	 36.0 	 83.0 	 0.3949579831932773 
615.0 	 1364 	 573 	 36.0 	 83.0 	 0.3949579831932773 
616.0 	 1367 	 573 	 36.0 	 83.0 	 0.3949579831932773 
617.0 	 1369 	 573 	 36.0 	 84.0 	 0.4 
618.0 	 1371 	 573 	 35.0 	 84.0 	 0.4117647058823529 
619.0 	 1373 	 573 	 35.0 	 83.0 	 0.4067796610169492 
620.0 	 1376 	 573 	 36.0 	 85.0 	 0.4049586776859504 
621.0 	 1378 	 573 	 36.0 	 84.0 	 0.4 
622.0 	 1380 	 573 	 84.37421417236328 	 35.62651062011719 	 0.4062284093412471 
623.0 	 1383 	 573 	 36.0 	 84.0 	 0.4 
624.0 	 1385 	 573 	 35.0 	 85.0 	 0.4166666666666667 
625.0 	 1387 	 573 	 34.0 	 84.0 	 0.423728813559322 
626.0 	 1390 	 573 	 36.0 	 85.0 	 0.4049586776859504 
627.0 	 1393 	 573 	 36.0 	 85.0 	 0.4049586776859504 
628.0 	 1395 	 573 	 36.0 	 85.0 	 0.4049586776859504 
629.0 	 1398 	 573 	 36.0 	 85.0 	 0.4049586776859504 
630.0 	 1400 	 573 	 36.0 	 86.0 	 0.4098360655737705 
631.0 	 1403 	 573 	 36.0 	 84.0 	 0.4 
632.0 	 1405 	 573 	 36.0 	 85.0 	 0.4049586776859504 
633.0 	 1407 	 573 	 36.0 	 86.0 	 0.4098360655737705 
634.0 	 1410 	 573 	 36.0 	 91.0 	 0.4330708661417323 
635.0 	 1413 	 573 	 36.0 	 90.0 	 0.42857142857142855 
636.0 	 1416 	 573 	 36.0 	 89.0 	 0.424 
637.0 	 1417 	 573 	 34.0 	 89.0 	 0.44715447154471544 
638.0 	 1420 	 573 	 34.0 	 87.0 	 0.4380165289256198 
639.0 	 1422 	 573 	 34.0 	 87.0 	 0.4380165289256198 
640.0 	 1425 	 573 	 34.0 	 87.0 	 0.4380165289256198 
641.0 	 1427 	 573 	 34.0 	 84.0 	 0.423728813559322 
642.0 	 1430 	 573 	 34.0 	 84.0 	 0.423728813559322 
643.0 	 1432 	 573 	 35.0 	 85.0 	 0.4166666666666667 
644.0 	 1435 	 573 	 34.0 	 84.0 	 0.423728813559322 
645.0 	 1437 	 573 	 35.0 	 85.0 	 0.4166666666666667 
646.0 	 1439 	 573 	 35.0 	 86.0 	 0.4214876033057851 
647.0 	 1442 	 573 	 35.0 	 84.0 	 0.4117647058823529 
648.0 	 1444 	 573 	 35.0 	 85.0 	 0.4166666666666667 
649.0 	 1447 	 573 	 35.0 	 86.0 	 0.4214876033057851 
650.0 	 1449 	 573 	 35.0 	 85.0 	 0.4166666666666667 
651.0 	 1452 	 573 	 35.0 	 85.0 	 0.4166666666666667 
652.0 	 1454 	 573 	 35.0 	 84.0 	 0.4117647058823529 
653.0 	 1456 	 573 	 35.0 	 85.0 	 0.4166666666666667 
654.0 	 1459 	 573 	 35.0 	 84.0 	 0.4117647058823529 
655.0 	 1461 	 573 	 35.0 	 85.0 	 0.4166666666666667 
656.0 	 1463 	 573 	 35.0 	 85.0 	 0.4166666666666667 
657.0 	 1466 	 573 	 35.0 	 83.0 	 0.4067796610169492 
658.0 	 1469 	 574 	 35.0 	 84.0 	 0.4117647058823529 
659.0 	 1471 	 574 	 36.0 	 86.0 	 0.4098360655737705 
660.0 	 1473 	 573 	 36.0 	 84.0 	 0.4 
661.0 	 1475 	 573 	 36.0 	 84.0 	 0.4 
662.0 	 1477 	 573 	 36.0 	 86.0 	 0.4098360655737705 
663.0 	 1479 	 573 	 36.0 	 85.0 	 0.4049586776859504 
664.0 	 1482 	 573 	 36.0 	 85.0 	 0.4049586776859504 
665.0 	 1484 	 574 	 37.0 	 86.0 	 0.3983739837398374 
666.0 	 1486 	 573 	 37.0 	 86.0 	 0.3983739837398374 
667.0 	 1488 	 573 	 37.0 	 86.0 	 0.3983739837398374 
668.0 	 1491 	 574 	 38.0 	 88.0 	 0.3968253968253968 
669.0 	 1493 	 574 	 37.70351028442383 	 88.04724884033203 	 0.40034540472207225 
670.0 	 1496 	 573 	 36.0 	 86.0 	 0.4098360655737705 
671.0 	 1498 	 574 	 36.0 	 87.0 	 0.4146341463414634 
672.0 	 1500 	 574 	 36.703636169433594 	 85.28311157226562 	 0.3982356797124932 
673.0 	 1503 	 574 	 35.0 	 85.0 	 0.4166666666666667 
674.0 	 1505 	 574 	 35.0 	 85.0 	 0.4166666666666667 
675.0 	 1507 	 574 	 36.0 	 87.0 	 0.4146341463414634 
676.0 	 1510 	 574 	 36.0 	 85.0 	 0.4049586776859504 
677.0 	 1513 	 574 	 37.0 	 84.0 	 0.3884297520661157 
678.0 	 1515 	 574 	 36.0 	 85.0 	 0.4049586776859504 
679.0 	 1517 	 574 	 36.0 	 82.0 	 0.3898305084745763 
680.0 	 1520 	 574 	 36.0 	 83.0 	 0.3949579831932773 
681.0 	 1522 	 574 	 37.0 	 83.0 	 0.38333333333333336 
682.0 	 1524 	 574 	 36.0 	 81.0 	 0.38461538461538464 
683.0 	 1526 	 574 	 36.0 	 81.0 	 0.38461538461538464 
684.0 	 1529 	 574 	 37.0 	 83.0 	 0.38333333333333336 
685.0 	 1532 	 574 	 36.0 	 82.0 	 0.3898305084745763 
686.0 	 1534 	 574 	 36.0 	 81.0 	 0.38461538461538464 
687.0 	 1536 	 574 	 82.19007110595703 	 36.816375732421875 	 0.38127090236679845 
688.0 	 1538 	 574 	 37.0 	 81.0 	 0.3728813559322034 
689.0 	 1540 	 574 	 35.0 	 80.0 	 0.391304347826087 
690.0 	 1542 	 574 	 82.0 	 36.0 	 0.3898305084745763 
691.0 	 1545 	 574 	 36.0 	 81.0 	 0.38461538461538464 
692.0 	 1547 	 574 	 36.0 	 80.0 	 0.3793103448275862 
693.0 	 1549 	 574 	 37.0 	 81.0 	 0.3728813559322034 
694.0 	 1552 	 574 	 36.0 	 82.0 	 0.3898305084745763 
695.0 	 1554 	 574 	 35.66387176513672 	 80.14784240722656 	 0.3841059685541316 
696.0 	 1556 	 574 	 35.852149963378906 	 81.21055603027344 	 0.3874710197571724 
697.0 	 1558 	 574 	 34.0 	 83.0 	 0.4188034188034188 
698.0 	 1561 	 574 	 34.0 	 80.0 	 0.40350877192982454 
699.0 	 1563 	 574 	 34.0 	 82.0 	 0.41379310344827586 
700.0 	 1565 	 574 	 35.0 	 82.0 	 0.4017094017094017 
701.0 	 1567 	 574 	 34.0 	 80.0 	 0.40350877192982454 
702.0 	 1569 	 574 	 33.5562629699707 	 80.00829315185547 	 0.40903633816922097 
703.0 	 1571 	 574 	 35.0 	 81.0 	 0.39655172413793105 
704.0 	 1574 	 574 	 35.0 	 81.0 	 0.39655172413793105 
705.0 	 1576 	 574 	 34.0 	 79.0 	 0.39823008849557523 
706.0 	 1578 	 574 	 35.0 	 81.0 	 0.39655172413793105 
707.0 	 1580 	 575 	 35.0 	 80.0 	 0.391304347826087 
708.0 	 1583 	 574 	 34.0 	 78.0 	 0.39285714285714285 
709.0 	 1585 	 574 	 34.0 	 81.0 	 0.40869565217391307 
710.0 	 1587 	 574 	 34.0 	 80.0 	 0.40350877192982454 
711.0 	 1590 	 574 	 33.0 	 79.0 	 0.4107142857142857 
712.0 	 1591 	 574 	 34.0 	 80.0 	 0.40350877192982454 
713.0 	 1594 	 574 	 34.0 	 81.0 	 0.40869565217391307 
714.0 	 1596 	 574 	 33.51085662841797 	 79.10015106201172 	 0.40483870421371054 
715.0 	 1598 	 574 	 33.0 	 80.0 	 0.415929203539823 
716.0 	 1600 	 574 	 80.99998474121094 	 32.99999237060547 	 0.421052649190665 
717.0 	 1602 	 574 	 33.0 	 79.0 	 0.4107142857142857 
718.0 	 1605 	 574 	 33.0 	 79.0 	 0.4107142857142857 
719.0 	 1607 	 574 	 34.0 	 81.0 	 0.40869565217391307 
720.0 	 1609 	 574 	 33.0 	 80.0 	 0.415929203539823 
721.0 	 1611 	 574 	 32.0 	 80.0 	 0.42857142857142855 
722.0 	 1613 	 575 	 34.0 	 81.0 	 0.40869565217391307 
723.0 	 1616 	 574 	 34.0 	 80.0 	 0.40350877192982454 
724.0 	 1617 	 574 	 33.0 	 79.0 	 0.4107142857142857 
725.0 	 1619 	 575 	 34.053245544433594 	 79.68766021728516 	 0.40121374423071043 
726.0 	 1621 	 574 	 33.0 	 78.0 	 0.40540540540540543 
727.0 	 1623 	 575 	 32.81856918334961 	 77.22193908691406 	 0.40351840064667904 
728.0 	 1625 	 574 	 34.0 	 79.0 	 0.39823008849557523 
729.0 	 1627 	 575 	 34.12977600097656 	 79.50347137451172 	 0.3992994693146706 
730.0 	 1629 	 574 	 32.0 	 77.0 	 0.41284403669724773 
731.0 	 1632 	 575 	 32.0 	 79.0 	 0.42342342342342343 
732.0 	 1634 	 574 	 34.0 	 79.0 	 0.39823008849557523 
733.0 	 1636 	 575 	 31.0 	 78.0 	 0.43119266055045874 
734.0 	 1638 	 575 	 31.0 	 79.0 	 0.43636363636363634 
735.0 	 1640 	 575 	 31.0 	 79.0 	 0.43636363636363634 
736.0 	 1642 	 575 	 31.0 	 77.0 	 0.42592592592592593 
737.0 	 1644 	 575 	 31.0 	 78.0 	 0.43119266055045874 
738.0 	 1646 	 574 	 32.0 	 79.0 	 0.42342342342342343 
739.0 	 1648 	 574 	 31.680843353271484 	 77.30790710449219 	 0.4186401216601022 
740.0 	 1651 	 574 	 32.0 	 76.0 	 0.4074074074074074 
741.0 	 1652 	 574 	 33.0 	 78.0 	 0.40540540540540543 
742.0 	 1655 	 574 	 33.0 	 77.0 	 0.4 
743.0 	 1657 	 574 	 32.0 	 75.0 	 0.40186915887850466 
744.0 	 1659 	 574 	 32.0 	 78.0 	 0.41818181818181815 
745.0 	 1662 	 574 	 33.0 	 78.0 	 0.40540540540540543 
746.0 	 1664 	 574 	 33.0 	 76.0 	 0.3944954128440367 
747.0 	 1666 	 575 	 32.0 	 78.0 	 0.41818181818181815 
748.0 	 1668 	 575 	 32.0 	 78.0 	 0.41818181818181815 
749.0 	 1671 	 575 	 32.0 	 76.0 	 0.4074074074074074 
750.0 	 1673 	 574 	 31.86260223388672 	 78.15982818603516 	 0.420798066134752 
751.0 	 1674 	 575 	 32.0 	 80.0 	 0.42857142857142855 
752.0 	 1677 	 575 	 32.0 	 78.0 	 0.41818181818181815 
753.0 	 1679 	 575 	 32.0 	 77.0 	 0.41284403669724773 
754.0 	 1681 	 575 	 33.0 	 77.0 	 0.4 
755.0 	 1683 	 575 	 76.0546646118164 	 31.844144821166992 	 0.40974057103112743 
756.0 	 1686 	 575 	 31.0 	 75.0 	 0.41509433962264153 
757.0 	 1688 	 575 	 31.0 	 77.0 	 0.42592592592592593 
758.0 	 1690 	 575 	 31.0 	 77.0 	 0.42592592592592593 
759.0 	 1693 	 574 	 32.0 	 76.0 	 0.4074074074074074 
760.0 	 1695 	 575 	 32.0 	 78.0 	 0.41818181818181815 
761.0 	 1697 	 575 	 31.0 	 77.0 	 0.42592592592592593 
762.0 	 1699 	 575 	 31.0 	 78.0 	 0.43119266055045874 
763.0 	 1701 	 575 	 31.0 	 80.0 	 0.44144144144144143 
764.0 	 1703 	 575 	 31.0 	 79.0 	 0.43636363636363634 
765.0 	 1705 	 575 	 31.0 	 77.0 	 0.42592592592592593 
766.0 	 1708 	 575 	 32.0 	 78.0 	 0.41818181818181815 
767.0 	 1710 	 575 	 32.0 	 78.0 	 0.41818181818181815 
768.0 	 1712 	 575 	 32.0 	 79.0 	 0.42342342342342343 
769.0 	 1714 	 575 	 31.0 	 76.0 	 0.4205607476635514 
770.0 	 1716 	 575 	 31.0 	 78.0 	 0.43119266055045874 
771.0 	 1718 	 575 	 31.0 	 79.0 	 0.43636363636363634 
772.0 	 1721 	 575 	 31.0 	 76.0 	 0.4205607476635514 
773.0 	 1723 	 575 	 32.0 	 78.0 	 0.41818181818181815 
774.0 	 1725 	 575 	 32.0 	 77.0 	 0.41284403669724773 
775.0 	 1727 	 575 	 31.0 	 75.0 	 0.41509433962264153 
776.0 	 1729 	 575 	 31.0 	 76.0 	 0.4205607476635514 
777.0 	 1731 	 575 	 31.0 	 77.0 	 0.42592592592592593 
778.0 	 1734 	 575 	 74.9324951171875 	 30.90869140625 	 0.4159420841449926 
779.0 	 1736 	 575 	 31.0 	 77.0 	 0.42592592592592593 
780.0 	 1738 	 575 	 31.0 	 77.0 	 0.42592592592592593 
781.0 	 1740 	 575 	 30.0 	 76.0 	 0.4339622641509434 
782.0 	 1742 	 575 	 30.0 	 76.0 	 0.4339622641509434 
783.0 	 1745 	 575 	 30.0 	 77.0 	 0.4392523364485981 
784.0 	 1747 	 575 	 30.0 	 76.0 	 0.4339622641509434 
785.0 	 1750 	 575 	 30.0 	 75.0 	 0.42857142857142855 
786.0 	 1751 	 575 	 30.0 	 75.0 	 0.42857142857142855 
787.0 	 1753 	 575 	 30.0 	 75.0 	 0.42857142857142855 
788.0 	 1755 	 575 	 30.0 	 75.0 	 0.42857142857142855 
789.0 	 1757 	 575 	 31.0 	 76.0 	 0.4205607476635514 
790.0 	 1759 	 575 	 32.0 	 78.0 	 0.41818181818181815 
791.0 	 1762 	 575 	 30.0 	 76.0 	 0.4339622641509434 
792.0 	 1764 	 575 	 32.0 	 77.0 	 0.41284403669724773 
793.0 	 1765 	 575 	 30.0 	 76.0 	 0.4339622641509434 
794.0 	 1767 	 575 	 30.0 	 73.0 	 0.4174757281553398 
795.0 	 1770 	 575 	 30.0 	 75.0 	 0.42857142857142855 
796.0 	 1772 	 575 	 30.0 	 76.0 	 0.4339622641509434 
797.0 	 1775 	 575 	 30.0 	 76.0 	 0.4339622641509434 
798.0 	 1777 	 575 	 30.0 	 76.0 	 0.4339622641509434 
799.0 	 1780 	 575 	 30.0 	 79.0 	 0.44954128440366975 
800.0 	 1782 	 575 	 76.15180969238281 	 29.63309097290039 	 0.43974819115890207 
801.0 	 1785 	 575 	 76.15962982177734 	 29.75824546813965 	 0.4380883229259315 
802.0 	 1786 	 575 	 30.0 	 77.0 	 0.4392523364485981 
803.0 	 1789 	 576 	 30.0 	 78.0 	 0.4444444444444444 
804.0 	 1791 	 575 	 76.91637420654297 	 28.756576538085938 	 0.455743852415372 
805.0 	 1793 	 575 	 29.0 	 77.0 	 0.4528301886792453 
806.0 	 1795 	 575 	 29.0 	 78.0 	 0.45794392523364486 
807.0 	 1798 	 575 	 27.0 	 76.0 	 0.47572815533980584 
808.0 	 1800 	 575 	 29.0 	 78.0 	 0.45794392523364486 
809.0 	 1802 	 575 	 29.0 	 79.0 	 0.46296296296296297 
810.0 	 1804 	 575 	 28.0 	 77.0 	 0.4666666666666667 
811.0 	 1807 	 575 	 28.0 	 78.0 	 0.4716981132075472 
812.0 	 1808 	 575 	 29.0 	 79.0 	 0.46296296296296297 
813.0 	 1812 	 575 	 27.0 	 78.0 	 0.4857142857142857 
814.0 	 1813 	 575 	 29.0 	 79.0 	 0.46296296296296297 
815.0 	 1816 	 575 	 29.0 	 78.0 	 0.45794392523364486 
816.0 	 1819 	 575 	 27.0 	 76.0 	 0.47572815533980584 
817.0 	 1821 	 575 	 28.0 	 77.0 	 0.4666666666666667 
818.0 	 1823 	 575 	 29.0 	 77.0 	 0.4528301886792453 
819.0 	 1826 	 575 	 27.0 	 77.0 	 0.4807692307692308 
820.0 	 1828 	 575 	 75.23519897460938 	 28.428224563598633 	 0.4515283483162096 
821.0 	 1830 	 575 	 30.711620330810547 	 79.03984069824219 	 0.44034238737503906 
822.0 	 1832 	 576 	 30.0 	 79.0 	 0.44954128440366975 
823.0 	 1835 	 575 	 29.0 	 76.0 	 0.44761904761904764 
824.0 	 1837 	 575 	 29.0 	 79.0 	 0.46296296296296297 
825.0 	 1840 	 575 	 29.0 	 78.0 	 0.45794392523364486 
826.0 	 1842 	 575 	 29.66168212890625 	 75.56809997558594 	 0.43624929110938426 
827.0 	 1844 	 575 	 31.0 	 79.0 	 0.43636363636363634 
828.0 	 1846 	 575 	 31.0 	 78.0 	 0.43119266055045874 
829.0 	 1849 	 575 	 29.0 	 76.0 	 0.44761904761904764 
830.0 	 1852 	 575 	 31.0 	 77.0 	 0.42592592592592593 
831.0 	 1854 	 575 	 30.0 	 78.0 	 0.4444444444444444 
832.0 	 1856 	 575 	 76.0 	 30.0 	 0.4339622641509434 
833.0 	 1858 	 575 	 30.0 	 78.0 	 0.4444444444444444 
834.0 	 1860 	 575 	 31.0 	 78.0 	 0.43119266055045874 
835.0 	 1863 	 575 	 29.713956832885742 	 76.88378143310547 	 0.44250305276194324 
836.0 	 1865 	 575 	 29.0 	 77.0 	 0.4528301886792453 
837.0 	 1867 	 575 	 30.0 	 78.0 	 0.4444444444444444 
838.0 	 1869 	 575 	 29.0 	 78.0 	 0.45794392523364486 
839.0 	 1871 	 575 	 29.0 	 75.0 	 0.4423076923076923 
840.0 	 1873 	 575 	 31.0 	 77.0 	 0.42592592592592593 
841.0 	 1875 	 575 	 30.0 	 77.0 	 0.4392523364485981 
842.0 	 1878 	 575 	 29.0 	 74.0 	 0.4368932038834951 
843.0 	 1880 	 575 	 30.0 	 78.0 	 0.4444444444444444 
844.0 	 1882 	 575 	 30.0 	 76.0 	 0.4339622641509434 
845.0 	 1884 	 575 	 72.0 	 30.0 	 0.4117647058823529 
846.0 	 1885 	 575 	 31.0 	 70.0 	 0.38613861386138615 
847.0 	 1886 	 575 	 31.0 	 68.0 	 0.37373737373737376 
848.0 	 1889 	 575 	 28.45612144470215 	 64.40069580078125 	 0.38709677353094357 
849.0 	 1890 	 575 	 30.0 	 62.0 	 0.34782608695652173 
850.0 	 1891 	 575 	 30.0 	 61.0 	 0.34065934065934067 
851.0 	 1892 	 575 	 28.38176918029785 	 60.70545196533203 	 0.3628318671226148 
852.0 	 1893 	 575 	 30.0 	 58.0 	 0.3181818181818182 
853.0 	 1893 	 575 	 27.0 	 55.0 	 0.34146341463414637 
854.0 	 1895 	 575 	 27.0 	 52.0 	 0.31645569620253167 
855.0 	 1896 	 575 	 26.0 	 50.0 	 0.3157894736842105 
856.0 	 1896 	 575 	 27.0 	 49.0 	 0.2894736842105263 
857.0 	 1897 	 575 	 27.0 	 46.0 	 0.2602739726027397 
858.0 	 1899 	 575 	 26.0 	 43.0 	 0.2463768115942029 
859.0 	 1900 	 575 	 26.0 	 42.0 	 0.23529411764705882 
860.0 	 1901 	 575 	 26.0 	 40.0 	 0.21212121212121213 
861.0 	 1902 	 575 	 24.0 	 37.0 	 0.21311475409836064 
862.0 	 1902 	 575 	 26.0 	 36.0 	 0.16129032258064516 
863.0 	 1904 	 575 	 25.0 	 33.0 	 0.13793103448275862 
864.0 	 1906 	 575 	 24.0 	 28.0 	 0.07692307692307693 
865.0 	 1906 	 575 	 24.0 	 29.0 	 0.09433962264150944 
866.0 	 1907 	 575 	 24.0 	 27.0 	 0.058823529411764705 
