frame 	 x 	 y 	 width 	 height 	 deformation 
1.0 	 53 	 563 	 42.0 	 40.0 	 0.024390243902439025 
2.0 	 54 	 563 	 43.0 	 42.0 	 0.011764705882352941 
3.0 	 53 	 563 	 44.0 	 43.0 	 0.011494252873563218 
4.0 	 54 	 563 	 41.0 	 41.0 	 0.0 
5.0 	 54 	 563 	 43.0 	 42.0 	 0.011764705882352941 
6.0 	 53 	 563 	 43.0 	 44.0 	 0.011494252873563218 
7.0 	 53 	 563 	 41.0 	 41.0 	 0.0 
8.0 	 54 	 563 	 42.0 	 42.0 	 0.0 
9.0 	 53 	 563 	 44.0 	 44.0 	 0.0 
10.0 	 54 	 563 	 42.0 	 42.0 	 0.0 
11.0 	 54 	 563 	 43.0 	 43.0 	 0.0 
12.0 	 54 	 563 	 44.0 	 44.0 	 0.0 
13.0 	 54 	 563 	 42.0 	 43.0 	 0.011764705882352941 
14.0 	 54 	 563 	 42.0 	 43.0 	 0.011764705882352941 
15.0 	 54 	 563 	 43.0 	 44.0 	 0.011494252873563218 
16.0 	 54 	 563 	 42.0 	 43.0 	 0.011764705882352941 
17.0 	 54 	 563 	 42.0 	 41.0 	 0.012048192771084338 
18.0 	 54 	 563 	 43.0 	 44.0 	 0.011494252873563218 
19.0 	 54 	 563 	 42.0 	 42.0 	 0.0 
20.0 	 54 	 563 	 42.0 	 41.0 	 0.012048192771084338 
21.0 	 54 	 563 	 43.0 	 44.0 	 0.011494252873563218 
22.0 	 54 	 563 	 42.0 	 42.0 	 0.0 
23.0 	 54 	 563 	 41.0 	 40.0 	 0.012345679012345678 
24.0 	 54 	 563 	 43.0 	 44.0 	 0.011494252873563218 
25.0 	 54 	 563 	 42.0 	 43.0 	 0.011764705882352941 
26.0 	 54 	 563 	 41.0 	 41.0 	 0.0 
27.0 	 54 	 563 	 43.0 	 43.0 	 0.0 
28.0 	 54 	 563 	 43.0 	 44.0 	 0.011494252873563218 
29.0 	 54 	 563 	 41.0 	 41.0 	 0.0 
30.0 	 54 	 563 	 43.0 	 43.0 	 0.0 
31.0 	 54 	 563 	 44.0 	 45.0 	 0.011235955056179775 
32.0 	 55 	 563 	 41.0 	 43.0 	 0.023809523809523808 
33.0 	 55 	 563 	 43.0 	 43.0 	 0.0 
34.0 	 54 	 563 	 44.0 	 43.0 	 0.011494252873563218 
35.0 	 54 	 563 	 42.0 	 41.0 	 0.012048192771084338 
36.0 	 54 	 563 	 43.0 	 43.0 	 0.0 
37.0 	 54 	 563 	 42.0 	 43.0 	 0.011764705882352941 
38.0 	 54 	 563 	 42.0 	 42.0 	 0.0 
39.0 	 54 	 563 	 42.0 	 42.0 	 0.0 
40.0 	 55 	 563 	 43.0 	 43.0 	 0.0 
41.0 	 54 	 563 	 41.0 	 43.0 	 0.023809523809523808 
42.0 	 54 	 563 	 41.0 	 42.0 	 0.012048192771084338 
43.0 	 55 	 563 	 44.0 	 44.0 	 0.0 
44.0 	 55 	 563 	 41.0 	 43.0 	 0.023809523809523808 
45.0 	 55 	 563 	 41.0 	 42.0 	 0.012048192771084338 
46.0 	 55 	 563 	 44.0 	 43.0 	 0.011494252873563218 
47.0 	 55 	 563 	 43.0 	 42.0 	 0.011764705882352941 
48.0 	 55 	 563 	 41.0 	 42.0 	 0.012048192771084338 
49.0 	 55 	 563 	 43.0 	 43.0 	 0.0 
50.0 	 56 	 563 	 43.0 	 43.0 	 0.0 
51.0 	 56 	 563 	 41.0 	 41.0 	 0.0 
52.0 	 56 	 563 	 44.0 	 43.0 	 0.011494252873563218 
53.0 	 57 	 563 	 44.0 	 43.0 	 0.011494252873563218 
54.0 	 58 	 563 	 41.0 	 42.0 	 0.012048192771084338 
55.0 	 58 	 563 	 43.0 	 43.0 	 0.0 
56.0 	 59 	 563 	 43.0 	 44.0 	 0.011494252873563218 
57.0 	 61 	 563 	 41.0 	 41.0 	 0.0 
58.0 	 61 	 563 	 43.0 	 42.0 	 0.011764705882352941 
59.0 	 62 	 563 	 43.0 	 42.0 	 0.011764705882352941 
60.0 	 63 	 563 	 41.0 	 42.0 	 0.012048192771084338 
61.0 	 64 	 563 	 41.0 	 42.0 	 0.012048192771084338 
62.0 	 65 	 563 	 43.0 	 42.0 	 0.011764705882352941 
63.0 	 67 	 563 	 41.0 	 41.0 	 0.0 
64.0 	 68 	 563 	 42.0 	 42.0 	 0.0 
65.0 	 69 	 563 	 42.0 	 42.0 	 0.0 
66.0 	 70 	 563 	 41.0 	 42.0 	 0.012048192771084338 
67.0 	 72 	 563 	 41.0 	 41.0 	 0.0 
68.0 	 73 	 563 	 43.0 	 42.0 	 0.011764705882352941 
69.0 	 74 	 563 	 41.0 	 42.0 	 0.012048192771084338 
70.0 	 76 	 563 	 41.0 	 43.0 	 0.023809523809523808 
71.0 	 77 	 563 	 41.0 	 44.0 	 0.03529411764705882 
72.0 	 78 	 563 	 41.0 	 43.0 	 0.023809523809523808 
73.0 	 79 	 563 	 40.0 	 43.0 	 0.03614457831325301 
74.0 	 81 	 563 	 41.0 	 44.0 	 0.03529411764705882 
75.0 	 82 	 563 	 41.0 	 43.0 	 0.023809523809523808 
76.0 	 84 	 563 	 41.0 	 42.0 	 0.012048192771084338 
77.0 	 85 	 563 	 42.0 	 43.0 	 0.011764705882352941 
78.0 	 86 	 563 	 44.0 	 42.0 	 0.023255813953488372 
79.0 	 88 	 563 	 41.0 	 42.0 	 0.012048192771084338 
80.0 	 89 	 563 	 41.0 	 44.0 	 0.03529411764705882 
81.0 	 91 	 563 	 41.0 	 44.0 	 0.03529411764705882 
82.0 	 93 	 563 	 40.0 	 42.0 	 0.024390243902439025 
83.0 	 94 	 563 	 41.0 	 45.0 	 0.046511627906976744 
84.0 	 96 	 563 	 41.0 	 44.0 	 0.03529411764705882 
85.0 	 98 	 563 	 39.0 	 43.0 	 0.04878048780487805 
86.0 	 99 	 563 	 40.0 	 44.0 	 0.047619047619047616 
87.0 	 100 	 563 	 40.0 	 44.0 	 0.047619047619047616 
88.0 	 102 	 563 	 39.0 	 43.0 	 0.04878048780487805 
89.0 	 104 	 563 	 40.0 	 45.0 	 0.058823529411764705 
90.0 	 106 	 563 	 40.0 	 44.0 	 0.047619047619047616 
91.0 	 108 	 563 	 40.0 	 43.0 	 0.03614457831325301 
92.0 	 109 	 563 	 40.0 	 44.0 	 0.047619047619047616 
93.0 	 111 	 563 	 40.0 	 45.0 	 0.058823529411764705 
94.0 	 113 	 563 	 40.0 	 44.0 	 0.047619047619047616 
95.0 	 114 	 563 	 40.0 	 45.0 	 0.058823529411764705 
96.0 	 116 	 563 	 40.0 	 45.0 	 0.058823529411764705 
97.0 	 118 	 563 	 39.0 	 44.0 	 0.060240963855421686 
98.0 	 120 	 563 	 39.0 	 46.0 	 0.08235294117647059 
99.0 	 121 	 563 	 39.0 	 46.0 	 0.08235294117647059 
100.0 	 123 	 563 	 39.0 	 44.0 	 0.060240963855421686 
101.0 	 125 	 563 	 39.0 	 45.0 	 0.07142857142857142 
102.0 	 127 	 563 	 39.0 	 47.0 	 0.09302325581395349 
103.0 	 129 	 563 	 39.0 	 45.0 	 0.07142857142857142 
104.0 	 130 	 563 	 39.0 	 46.0 	 0.08235294117647059 
105.0 	 132 	 563 	 39.0 	 46.0 	 0.08235294117647059 
106.0 	 133 	 563 	 39.0 	 45.0 	 0.07142857142857142 
107.0 	 136 	 563 	 39.0 	 44.0 	 0.060240963855421686 
108.0 	 137 	 563 	 39.0 	 46.0 	 0.08235294117647059 
109.0 	 139 	 563 	 39.0 	 45.0 	 0.07142857142857142 
110.0 	 141 	 563 	 38.0 	 44.0 	 0.07317073170731707 
111.0 	 143 	 564 	 39.0 	 46.0 	 0.08235294117647059 
112.0 	 144 	 563 	 39.0 	 45.0 	 0.07142857142857142 
113.0 	 147 	 563 	 38.0 	 46.0 	 0.09523809523809523 
114.0 	 149 	 563 	 40.0 	 47.0 	 0.08045977011494253 
115.0 	 150 	 563 	 40.0 	 48.0 	 0.09090909090909091 
116.0 	 153 	 564 	 38.0 	 46.0 	 0.09523809523809523 
117.0 	 154 	 564 	 39.0 	 47.0 	 0.09302325581395349 
118.0 	 156 	 564 	 39.0 	 47.0 	 0.09302325581395349 
119.0 	 158 	 564 	 38.0 	 46.0 	 0.09523809523809523 
120.0 	 160 	 563 	 39.0 	 47.0 	 0.09302325581395349 
121.0 	 162 	 564 	 38.0 	 47.0 	 0.10588235294117647 
122.0 	 164 	 563 	 37.0 	 46.0 	 0.10843373493975904 
123.0 	 166 	 563 	 38.0 	 47.0 	 0.10588235294117647 
124.0 	 168 	 564 	 37.0 	 49.0 	 0.13953488372093023 
125.0 	 170 	 564 	 37.0 	 47.0 	 0.11904761904761904 
126.0 	 172 	 564 	 38.0 	 47.0 	 0.10588235294117647 
127.0 	 174 	 564 	 39.0 	 48.0 	 0.10344827586206896 
128.0 	 176 	 564 	 38.0 	 47.0 	 0.10588235294117647 
129.0 	 179 	 564 	 38.0 	 47.0 	 0.10588235294117647 
130.0 	 180 	 564 	 38.0 	 48.0 	 0.11627906976744186 
131.0 	 182 	 564 	 38.0 	 47.0 	 0.10588235294117647 
132.0 	 184 	 563 	 38.0 	 47.0 	 0.10588235294117647 
133.0 	 186 	 564 	 39.0 	 49.0 	 0.11363636363636363 
134.0 	 188 	 563 	 38.0 	 47.0 	 0.10588235294117647 
135.0 	 190 	 564 	 38.0 	 47.0 	 0.10588235294117647 
136.0 	 192 	 564 	 38.0 	 49.0 	 0.12643678160919541 
137.0 	 194 	 564 	 39.0 	 47.0 	 0.09302325581395349 
138.0 	 196 	 563 	 39.0 	 47.0 	 0.09302325581395349 
139.0 	 198 	 564 	 38.0 	 49.0 	 0.12643678160919541 
140.0 	 201 	 564 	 38.0 	 48.0 	 0.11627906976744186 
141.0 	 203 	 564 	 37.0 	 48.0 	 0.12941176470588237 
142.0 	 205 	 564 	 38.0 	 49.0 	 0.12643678160919541 
143.0 	 207 	 564 	 38.0 	 49.0 	 0.12643678160919541 
144.0 	 209 	 563 	 37.0 	 48.0 	 0.12941176470588237 
145.0 	 211 	 564 	 37.0 	 50.0 	 0.14942528735632185 
146.0 	 213 	 564 	 38.0 	 50.0 	 0.13636363636363635 
147.0 	 215 	 564 	 38.0 	 49.0 	 0.12643678160919541 
148.0 	 217 	 564 	 39.0 	 49.0 	 0.11363636363636363 
149.0 	 220 	 564 	 39.0 	 50.0 	 0.12359550561797752 
150.0 	 222 	 564 	 37.0 	 48.0 	 0.12941176470588237 
151.0 	 224 	 563 	 38.0 	 49.0 	 0.12643678160919541 
152.0 	 226 	 563 	 38.0 	 50.0 	 0.13636363636363635 
153.0 	 228 	 564 	 38.0 	 49.0 	 0.12643678160919541 
154.0 	 231 	 564 	 38.0 	 49.0 	 0.12643678160919541 
155.0 	 233 	 564 	 39.0 	 50.0 	 0.12359550561797752 
156.0 	 234 	 564 	 38.0 	 49.0 	 0.12643678160919541 
157.0 	 236 	 564 	 38.0 	 49.0 	 0.12643678160919541 
158.0 	 238 	 564 	 39.0 	 51.0 	 0.13333333333333333 
159.0 	 241 	 564 	 39.0 	 49.0 	 0.11363636363636363 
160.0 	 243 	 564 	 39.0 	 48.0 	 0.10344827586206896 
161.0 	 245 	 564 	 39.0 	 51.0 	 0.13333333333333333 
162.0 	 247 	 564 	 39.0 	 49.0 	 0.11363636363636363 
163.0 	 249 	 564 	 38.0 	 48.0 	 0.11627906976744186 
164.0 	 251 	 564 	 39.0 	 51.0 	 0.13333333333333333 
165.0 	 254 	 564 	 39.0 	 50.0 	 0.12359550561797752 
166.0 	 256 	 564 	 39.0 	 48.0 	 0.10344827586206896 
167.0 	 258 	 564 	 39.0 	 51.0 	 0.13333333333333333 
168.0 	 260 	 564 	 39.0 	 51.0 	 0.13333333333333333 
169.0 	 262 	 564 	 38.0 	 49.0 	 0.12643678160919541 
170.0 	 264 	 564 	 38.0 	 51.0 	 0.14606741573033707 
171.0 	 266 	 564 	 38.0 	 51.0 	 0.14606741573033707 
172.0 	 269 	 564 	 38.0 	 50.0 	 0.13636363636363635 
173.0 	 271 	 564 	 38.0 	 50.0 	 0.13636363636363635 
174.0 	 272 	 564 	 38.0 	 50.0 	 0.13636363636363635 
175.0 	 275 	 564 	 38.0 	 49.0 	 0.12643678160919541 
176.0 	 277 	 564 	 38.0 	 49.0 	 0.12643678160919541 
177.0 	 279 	 564 	 38.0 	 50.0 	 0.13636363636363635 
178.0 	 281 	 564 	 37.0 	 49.0 	 0.13953488372093023 
179.0 	 283 	 564 	 37.0 	 49.0 	 0.13953488372093023 
180.0 	 285 	 564 	 37.0 	 50.0 	 0.14942528735632185 
181.0 	 288 	 564 	 38.0 	 50.0 	 0.13636363636363635 
182.0 	 290 	 564 	 38.0 	 49.0 	 0.12643678160919541 
183.0 	 292 	 564 	 38.0 	 51.0 	 0.14606741573033707 
184.0 	 294 	 564 	 38.0 	 50.0 	 0.13636363636363635 
185.0 	 297 	 564 	 38.0 	 50.0 	 0.13636363636363635 
186.0 	 299 	 564 	 38.0 	 51.0 	 0.14606741573033707 
187.0 	 301 	 564 	 38.0 	 51.0 	 0.14606741573033707 
188.0 	 303 	 564 	 38.0 	 49.0 	 0.12643678160919541 
189.0 	 305 	 564 	 37.0 	 51.0 	 0.1590909090909091 
190.0 	 308 	 564 	 37.0 	 51.0 	 0.1590909090909091 
191.0 	 310 	 564 	 38.0 	 49.0 	 0.12643678160919541 
192.0 	 312 	 564 	 38.0 	 51.0 	 0.14606741573033707 
193.0 	 314 	 564 	 37.0 	 51.0 	 0.1590909090909091 
194.0 	 317 	 564 	 37.0 	 49.0 	 0.13953488372093023 
195.0 	 319 	 564 	 38.0 	 50.0 	 0.13636363636363635 
196.0 	 321 	 564 	 38.0 	 51.0 	 0.14606741573033707 
197.0 	 323 	 564 	 37.0 	 49.0 	 0.13953488372093023 
198.0 	 325 	 564 	 37.0 	 50.0 	 0.14942528735632185 
199.0 	 328 	 564 	 38.0 	 51.0 	 0.14606741573033707 
200.0 	 330 	 564 	 37.0 	 50.0 	 0.14942528735632185 
201.0 	 332 	 563 	 37.0 	 51.0 	 0.1590909090909091 
202.0 	 335 	 564 	 38.0 	 50.0 	 0.13636363636363635 
203.0 	 337 	 564 	 38.0 	 50.0 	 0.13636363636363635 
204.0 	 339 	 564 	 37.0 	 51.0 	 0.1590909090909091 
205.0 	 341 	 564 	 37.0 	 51.0 	 0.1590909090909091 
206.0 	 344 	 564 	 37.0 	 50.0 	 0.14942528735632185 
207.0 	 346 	 564 	 37.0 	 49.0 	 0.13953488372093023 
208.0 	 348 	 564 	 37.0 	 49.0 	 0.13953488372093023 
209.0 	 350 	 564 	 37.0 	 50.0 	 0.14942528735632185 
210.0 	 353 	 564 	 37.0 	 50.0 	 0.14942528735632185 
211.0 	 355 	 564 	 37.0 	 51.0 	 0.1590909090909091 
212.0 	 358 	 564 	 37.0 	 50.0 	 0.14942528735632185 
213.0 	 360 	 564 	 37.0 	 50.0 	 0.14942528735632185 
214.0 	 362 	 564 	 37.0 	 50.0 	 0.14942528735632185 
215.0 	 365 	 564 	 37.0 	 50.0 	 0.14942528735632185 
216.0 	 367 	 564 	 37.0 	 50.0 	 0.14942528735632185 
217.0 	 369 	 564 	 37.0 	 50.0 	 0.14942528735632185 
218.0 	 371 	 564 	 37.0 	 51.0 	 0.1590909090909091 
219.0 	 374 	 564 	 37.0 	 50.0 	 0.14942528735632185 
220.0 	 376 	 564 	 37.0 	 52.0 	 0.16853932584269662 
221.0 	 378 	 564 	 37.0 	 51.0 	 0.1590909090909091 
222.0 	 380 	 564 	 37.0 	 50.0 	 0.14942528735632185 
223.0 	 382 	 564 	 36.0 	 51.0 	 0.1724137931034483 
224.0 	 385 	 564 	 36.0 	 51.0 	 0.1724137931034483 
225.0 	 387 	 564 	 36.0 	 49.0 	 0.15294117647058825 
226.0 	 390 	 564 	 36.0 	 50.0 	 0.16279069767441862 
227.0 	 392 	 564 	 36.0 	 51.0 	 0.1724137931034483 
228.0 	 394 	 564 	 37.0 	 50.0 	 0.14942528735632185 
229.0 	 397 	 564 	 36.0 	 51.0 	 0.1724137931034483 
230.0 	 399 	 564 	 36.0 	 51.0 	 0.1724137931034483 
231.0 	 401 	 564 	 36.0 	 50.0 	 0.16279069767441862 
232.0 	 403 	 564 	 36.0 	 51.0 	 0.1724137931034483 
233.0 	 406 	 564 	 36.0 	 52.0 	 0.18181818181818182 
234.0 	 408 	 564 	 36.0 	 51.0 	 0.1724137931034483 
235.0 	 411 	 564 	 36.0 	 51.0 	 0.1724137931034483 
236.0 	 413 	 564 	 37.0 	 51.0 	 0.1590909090909091 
237.0 	 415 	 564 	 37.0 	 52.0 	 0.16853932584269662 
238.0 	 418 	 564 	 37.0 	 52.0 	 0.16853932584269662 
239.0 	 420 	 564 	 37.0 	 52.0 	 0.16853932584269662 
240.0 	 423 	 564 	 37.0 	 51.0 	 0.1590909090909091 
241.0 	 425 	 564 	 36.0 	 51.0 	 0.1724137931034483 
242.0 	 427 	 564 	 36.0 	 52.0 	 0.18181818181818182 
243.0 	 429 	 564 	 35.0 	 51.0 	 0.18604651162790697 
244.0 	 432 	 564 	 35.0 	 51.0 	 0.18604651162790697 
245.0 	 434 	 564 	 35.0 	 51.0 	 0.18604651162790697 
246.0 	 436 	 564 	 35.0 	 49.0 	 0.16666666666666666 
247.0 	 438 	 564 	 35.0 	 50.0 	 0.17647058823529413 
248.0 	 440 	 564 	 36.0 	 51.0 	 0.1724137931034483 
249.0 	 443 	 565 	 36.0 	 50.0 	 0.16279069767441862 
250.0 	 445 	 564 	 36.0 	 51.0 	 0.1724137931034483 
251.0 	 448 	 564 	 36.0 	 51.0 	 0.1724137931034483 
252.0 	 450 	 564 	 36.0 	 50.0 	 0.16279069767441862 
253.0 	 452 	 564 	 36.0 	 50.0 	 0.16279069767441862 
254.0 	 453 	 564 	 36.0 	 50.0 	 0.16279069767441862 
255.0 	 455 	 564 	 36.0 	 50.0 	 0.16279069767441862 
256.0 	 458 	 564 	 36.0 	 49.0 	 0.15294117647058825 
257.0 	 460 	 564 	 50.0 	 36.0 	 0.16279069767441862 
258.0 	 462 	 564 	 35.0 	 51.0 	 0.18604651162790697 
259.0 	 465 	 564 	 34.0 	 49.0 	 0.18072289156626506 
260.0 	 467 	 564 	 34.0 	 50.0 	 0.19047619047619047 
261.0 	 470 	 564 	 34.0 	 50.0 	 0.19047619047619047 
262.0 	 472 	 564 	 34.0 	 49.0 	 0.18072289156626506 
263.0 	 474 	 564 	 33.0 	 50.0 	 0.20481927710843373 
264.0 	 477 	 564 	 33.0 	 50.0 	 0.20481927710843373 
265.0 	 479 	 564 	 31.0 	 48.0 	 0.21518987341772153 
266.0 	 482 	 564 	 31.0 	 48.0 	 0.21518987341772153 
267.0 	 484 	 564 	 32.0 	 49.0 	 0.20987654320987653 
268.0 	 486 	 564 	 31.0 	 47.0 	 0.20512820512820512 
269.0 	 489 	 564 	 32.0 	 48.0 	 0.2 
270.0 	 491 	 564 	 32.0 	 49.0 	 0.20987654320987653 
271.0 	 494 	 564 	 32.0 	 48.0 	 0.2 
272.0 	 496 	 564 	 32.0 	 48.0 	 0.2 
273.0 	 499 	 564 	 32.0 	 50.0 	 0.21951219512195122 
274.0 	 502 	 564 	 32.0 	 49.0 	 0.20987654320987653 
275.0 	 504 	 563 	 32.0 	 47.0 	 0.189873417721519 
276.0 	 506 	 564 	 33.0 	 50.0 	 0.20481927710843373 
277.0 	 509 	 564 	 32.0 	 50.0 	 0.21951219512195122 
278.0 	 511 	 563 	 33.0 	 49.0 	 0.1951219512195122 
279.0 	 514 	 564 	 33.0 	 51.0 	 0.21428571428571427 
280.0 	 516 	 564 	 33.0 	 50.0 	 0.20481927710843373 
281.0 	 519 	 563 	 33.0 	 48.0 	 0.18518518518518517 
282.0 	 520 	 564 	 33.0 	 51.0 	 0.21428571428571427 
283.0 	 523 	 564 	 34.0 	 49.0 	 0.18072289156626506 
284.0 	 525 	 563 	 34.0 	 47.0 	 0.16049382716049382 
285.0 	 527 	 563 	 34.0 	 49.0 	 0.18072289156626506 
286.0 	 530 	 563 	 34.0 	 49.0 	 0.18072289156626506 
287.0 	 532 	 563 	 34.0 	 47.0 	 0.16049382716049382 
288.0 	 534 	 563 	 34.0 	 48.0 	 0.17073170731707318 
289.0 	 536 	 563 	 33.0 	 48.0 	 0.18518518518518517 
290.0 	 539 	 563 	 33.0 	 46.0 	 0.16455696202531644 
291.0 	 541 	 563 	 33.0 	 47.0 	 0.175 
292.0 	 543 	 563 	 33.0 	 48.0 	 0.18518518518518517 
293.0 	 546 	 563 	 34.0 	 49.0 	 0.18072289156626506 
294.0 	 549 	 563 	 33.0 	 49.0 	 0.1951219512195122 
295.0 	 551 	 564 	 34.0 	 51.0 	 0.2 
296.0 	 553 	 564 	 34.0 	 50.0 	 0.19047619047619047 
297.0 	 556 	 563 	 34.0 	 50.0 	 0.19047619047619047 
298.0 	 558 	 564 	 35.0 	 52.0 	 0.19540229885057472 
299.0 	 560 	 564 	 34.8065185546875 	 51.186058044433594 	 0.19047620315069735 
300.0 	 563 	 564 	 35.0 	 51.0 	 0.18604651162790697 
301.0 	 565 	 564 	 35.0 	 52.0 	 0.19540229885057472 
302.0 	 567 	 564 	 51.68196105957031 	 36.111114501953125 	 0.1773584813839388 
303.0 	 570 	 564 	 34.0 	 51.0 	 0.2 
304.0 	 572 	 564 	 35.0 	 52.0 	 0.19540229885057472 
305.0 	 574 	 564 	 35.0 	 52.0 	 0.19540229885057472 
306.0 	 577 	 564 	 35.0 	 50.0 	 0.17647058823529413 
307.0 	 579 	 564 	 35.0 	 52.0 	 0.19540229885057472 
308.0 	 581 	 564 	 35.0 	 52.0 	 0.19540229885057472 
309.0 	 584 	 564 	 35.0 	 49.0 	 0.16666666666666666 
310.0 	 586 	 564 	 35.0 	 51.0 	 0.18604651162790697 
311.0 	 588 	 564 	 51.0 	 36.0 	 0.1724137931034483 
312.0 	 590 	 564 	 35.0 	 50.0 	 0.17647058823529413 
313.0 	 592 	 564 	 35.0 	 50.0 	 0.17647058823529413 
314.0 	 595 	 564 	 35.0 	 52.0 	 0.19540229885057472 
315.0 	 597 	 564 	 51.77397537231445 	 36.117027282714844 	 0.1781405105941602 
316.0 	 599 	 564 	 36.0 	 52.0 	 0.18181818181818182 
317.0 	 601 	 564 	 35.0 	 53.0 	 0.20454545454545456 
318.0 	 604 	 564 	 35.0 	 53.0 	 0.20454545454545456 
319.0 	 606 	 564 	 51.92353820800781 	 35.817264556884766 	 0.18356651801193224 
320.0 	 609 	 564 	 36.0 	 53.0 	 0.19101123595505617 
321.0 	 611 	 564 	 35.0 	 52.0 	 0.19540229885057472 
322.0 	 614 	 564 	 36.0 	 52.0 	 0.18181818181818182 
323.0 	 616 	 564 	 36.0 	 53.0 	 0.19101123595505617 
324.0 	 619 	 564 	 36.0 	 53.0 	 0.19101123595505617 
325.0 	 621 	 564 	 35.0 	 53.0 	 0.20454545454545456 
326.0 	 623 	 564 	 36.0 	 55.0 	 0.2087912087912088 
327.0 	 625 	 564 	 36.0 	 54.0 	 0.2 
328.0 	 628 	 564 	 34.0 	 54.0 	 0.22727272727272727 
329.0 	 630 	 564 	 35.0 	 54.0 	 0.21348314606741572 
330.0 	 632 	 564 	 36.0 	 54.0 	 0.2 
331.0 	 635 	 564 	 35.0 	 52.0 	 0.19540229885057472 
332.0 	 637 	 564 	 36.0 	 53.0 	 0.19101123595505617 
333.0 	 639 	 564 	 36.0 	 54.0 	 0.2 
334.0 	 642 	 564 	 36.0 	 53.0 	 0.19101123595505617 
335.0 	 644 	 564 	 36.0 	 55.0 	 0.2087912087912088 
336.0 	 646 	 564 	 36.0 	 55.0 	 0.2087912087912088 
337.0 	 648 	 564 	 36.0 	 54.0 	 0.2 
338.0 	 651 	 564 	 36.0 	 54.0 	 0.2 
339.0 	 653 	 564 	 36.0 	 54.0 	 0.2 
340.0 	 655 	 564 	 36.0 	 54.0 	 0.2 
341.0 	 657 	 564 	 36.0 	 54.0 	 0.2 
342.0 	 659 	 564 	 36.0 	 54.0 	 0.2 
343.0 	 662 	 564 	 36.0 	 53.0 	 0.19101123595505617 
344.0 	 664 	 564 	 36.0 	 54.0 	 0.2 
345.0 	 666 	 564 	 36.0 	 54.0 	 0.2 
346.0 	 669 	 564 	 36.0 	 54.0 	 0.2 
347.0 	 671 	 564 	 36.0 	 55.0 	 0.2087912087912088 
348.0 	 673 	 564 	 36.0 	 55.0 	 0.2087912087912088 
349.0 	 676 	 564 	 37.0 	 55.0 	 0.1956521739130435 
350.0 	 678 	 564 	 37.0 	 53.0 	 0.17777777777777778 
351.0 	 680 	 564 	 37.0 	 54.0 	 0.18681318681318682 
352.0 	 683 	 564 	 37.0 	 54.0 	 0.18681318681318682 
353.0 	 685 	 564 	 37.0 	 55.0 	 0.1956521739130435 
354.0 	 687 	 564 	 37.0 	 55.0 	 0.1956521739130435 
355.0 	 690 	 564 	 37.0 	 55.0 	 0.1956521739130435 
356.0 	 692 	 564 	 37.0 	 55.0 	 0.1956521739130435 
357.0 	 694 	 564 	 37.0 	 55.0 	 0.1956521739130435 
358.0 	 696 	 564 	 37.0 	 54.0 	 0.18681318681318682 
359.0 	 699 	 564 	 37.0 	 54.0 	 0.18681318681318682 
360.0 	 701 	 564 	 37.0 	 54.0 	 0.18681318681318682 
361.0 	 702 	 564 	 36.0 	 54.0 	 0.2 
362.0 	 705 	 564 	 36.0 	 53.0 	 0.19101123595505617 
363.0 	 707 	 564 	 36.0 	 54.0 	 0.2 
364.0 	 709 	 564 	 36.0 	 54.0 	 0.2 
365.0 	 712 	 564 	 36.0 	 53.0 	 0.19101123595505617 
366.0 	 713 	 564 	 36.0 	 55.0 	 0.2087912087912088 
367.0 	 716 	 564 	 35.0 	 54.0 	 0.21348314606741572 
368.0 	 718 	 565 	 35.0 	 54.0 	 0.21348314606741572 
369.0 	 720 	 564 	 35.0 	 54.0 	 0.21348314606741572 
370.0 	 722 	 564 	 36.0 	 54.0 	 0.2 
371.0 	 725 	 564 	 36.0 	 54.0 	 0.2 
372.0 	 727 	 564 	 36.0 	 54.0 	 0.2 
373.0 	 729 	 564 	 35.0 	 54.0 	 0.21348314606741572 
374.0 	 732 	 564 	 35.0 	 54.0 	 0.21348314606741572 
375.0 	 734 	 564 	 35.0 	 54.0 	 0.21348314606741572 
376.0 	 736 	 564 	 36.0 	 54.0 	 0.2 
377.0 	 738 	 564 	 36.0 	 53.0 	 0.19101123595505617 
378.0 	 741 	 564 	 36.0 	 54.0 	 0.2 
379.0 	 743 	 564 	 36.0 	 54.0 	 0.2 
380.0 	 745 	 564 	 54.0 	 36.0 	 0.2 
381.0 	 747 	 564 	 36.0 	 54.0 	 0.2 
382.0 	 749 	 564 	 36.0 	 54.0 	 0.2 
383.0 	 751 	 564 	 36.0 	 53.0 	 0.19101123595505617 
384.0 	 754 	 564 	 36.0 	 53.0 	 0.19101123595505617 
385.0 	 756 	 564 	 36.0 	 54.0 	 0.2 
386.0 	 758 	 564 	 36.0 	 53.0 	 0.19101123595505617 
387.0 	 760 	 564 	 36.0 	 53.0 	 0.19101123595505617 
388.0 	 762 	 564 	 36.0 	 54.0 	 0.2 
389.0 	 764 	 564 	 36.0 	 53.0 	 0.19101123595505617 
390.0 	 766 	 564 	 36.0 	 53.0 	 0.19101123595505617 
391.0 	 768 	 564 	 36.0 	 54.0 	 0.2 
392.0 	 771 	 564 	 36.0 	 53.0 	 0.19101123595505617 
393.0 	 773 	 564 	 36.0 	 52.0 	 0.18181818181818182 
394.0 	 775 	 564 	 36.0 	 54.0 	 0.2 
395.0 	 777 	 564 	 36.0 	 54.0 	 0.2 
396.0 	 779 	 564 	 36.0 	 53.0 	 0.19101123595505617 
397.0 	 781 	 564 	 36.0 	 54.0 	 0.2 
398.0 	 783 	 564 	 36.0 	 54.0 	 0.2 
399.0 	 786 	 564 	 36.0 	 52.0 	 0.18181818181818182 
400.0 	 788 	 564 	 36.0 	 54.0 	 0.2 
401.0 	 789 	 564 	 36.0 	 54.0 	 0.2 
402.0 	 792 	 565 	 36.0 	 52.0 	 0.18181818181818182 
403.0 	 794 	 564 	 36.0 	 53.0 	 0.19101123595505617 
404.0 	 796 	 564 	 36.0 	 53.0 	 0.19101123595505617 
405.0 	 798 	 565 	 36.0 	 52.0 	 0.18181818181818182 
406.0 	 800 	 565 	 36.0 	 53.0 	 0.19101123595505617 
407.0 	 802 	 565 	 36.0 	 54.0 	 0.2 
408.0 	 805 	 565 	 36.0 	 53.0 	 0.19101123595505617 
409.0 	 807 	 565 	 36.0 	 53.0 	 0.19101123595505617 
410.0 	 809 	 565 	 36.0 	 54.0 	 0.2 
411.0 	 811 	 565 	 36.0 	 53.0 	 0.19101123595505617 
412.0 	 814 	 565 	 36.0 	 53.0 	 0.19101123595505617 
413.0 	 816 	 565 	 54.0 	 36.0 	 0.2 
414.0 	 818 	 565 	 35.0 	 53.0 	 0.20454545454545456 
415.0 	 820 	 565 	 34.0 	 53.0 	 0.21839080459770116 
416.0 	 823 	 565 	 34.0 	 54.0 	 0.22727272727272727 
417.0 	 825 	 565 	 34.58987808227539 	 54.612098693847656 	 0.22445938235005206 
418.0 	 827 	 565 	 35.0 	 53.0 	 0.20454545454545456 
419.0 	 829 	 564 	 36.0 	 54.0 	 0.2 
420.0 	 831 	 564 	 36.0 	 54.0 	 0.2 
421.0 	 834 	 565 	 35.0 	 53.0 	 0.20454545454545456 
422.0 	 835 	 564 	 36.0 	 53.0 	 0.19101123595505617 
423.0 	 838 	 565 	 36.0 	 53.0 	 0.19101123595505617 
424.0 	 840 	 564 	 36.0 	 52.0 	 0.18181818181818182 
425.0 	 842 	 564 	 35.0 	 54.0 	 0.21348314606741572 
426.0 	 844 	 564 	 35.0 	 54.0 	 0.21348314606741572 
427.0 	 847 	 564 	 35.0 	 53.0 	 0.20454545454545456 
428.0 	 849 	 564 	 35.0 	 53.0 	 0.20454545454545456 
429.0 	 850 	 564 	 36.0 	 54.0 	 0.2 
430.0 	 852 	 564 	 35.0 	 53.0 	 0.20454545454545456 
431.0 	 855 	 564 	 36.0 	 53.0 	 0.19101123595505617 
432.0 	 856 	 564 	 54.43532180786133 	 35.585548400878906 	 0.20939337026262467 
433.0 	 858 	 564 	 35.0 	 54.0 	 0.21348314606741572 
434.0 	 861 	 564 	 34.0 	 53.0 	 0.21839080459770116 
435.0 	 863 	 564 	 34.0 	 54.0 	 0.22727272727272727 
436.0 	 865 	 564 	 53.0 	 35.0 	 0.20454545454545456 
437.0 	 867 	 564 	 36.0 	 53.0 	 0.19101123595505617 
438.0 	 869 	 564 	 36.0 	 54.0 	 0.2 
439.0 	 871 	 564 	 36.0 	 53.0 	 0.19101123595505617 
440.0 	 874 	 564 	 36.0 	 52.0 	 0.18181818181818182 
441.0 	 875 	 564 	 36.0 	 54.0 	 0.2 
442.0 	 877 	 564 	 36.0 	 54.0 	 0.2 
443.0 	 880 	 564 	 36.0 	 53.0 	 0.19101123595505617 
444.0 	 882 	 564 	 36.0 	 54.0 	 0.2 
445.0 	 884 	 564 	 36.0 	 53.0 	 0.19101123595505617 
446.0 	 886 	 564 	 36.0 	 52.0 	 0.18181818181818182 
447.0 	 888 	 564 	 36.0 	 53.0 	 0.19101123595505617 
448.0 	 890 	 564 	 36.0 	 53.0 	 0.19101123595505617 
449.0 	 892 	 564 	 36.0 	 53.0 	 0.19101123595505617 
450.0 	 894 	 564 	 36.0 	 54.0 	 0.2 
451.0 	 896 	 564 	 36.0 	 54.0 	 0.2 
452.0 	 899 	 564 	 36.0 	 54.0 	 0.2 
453.0 	 901 	 564 	 36.0 	 53.0 	 0.19101123595505617 
454.0 	 903 	 564 	 36.0 	 54.0 	 0.2 
455.0 	 905 	 564 	 36.0 	 53.0 	 0.19101123595505617 
456.0 	 907 	 564 	 36.0 	 54.0 	 0.2 
457.0 	 909 	 564 	 36.0 	 54.0 	 0.2 
458.0 	 911 	 564 	 36.0 	 54.0 	 0.2 
459.0 	 913 	 564 	 36.0 	 54.0 	 0.2 
460.0 	 915 	 564 	 36.0 	 54.0 	 0.2 
461.0 	 918 	 564 	 36.0 	 53.0 	 0.19101123595505617 
462.0 	 920 	 564 	 36.0 	 54.0 	 0.2 
463.0 	 921 	 564 	 36.0 	 54.0 	 0.2 
464.0 	 924 	 564 	 53.0 	 36.0 	 0.19101123595505617 
465.0 	 926 	 564 	 35.0 	 53.0 	 0.20454545454545456 
466.0 	 928 	 564 	 35.0 	 54.0 	 0.21348314606741572 
467.0 	 930 	 564 	 35.0 	 54.0 	 0.21348314606741572 
468.0 	 932 	 564 	 35.0 	 53.0 	 0.20454545454545456 
469.0 	 934 	 564 	 35.0 	 53.0 	 0.20454545454545456 
470.0 	 937 	 564 	 35.0 	 54.0 	 0.21348314606741572 
471.0 	 938 	 564 	 35.0 	 53.0 	 0.20454545454545456 
472.0 	 941 	 564 	 35.0 	 54.0 	 0.21348314606741572 
473.0 	 943 	 564 	 35.0 	 54.0 	 0.21348314606741572 
474.0 	 945 	 564 	 35.0 	 54.0 	 0.21348314606741572 
475.0 	 947 	 564 	 35.0 	 54.0 	 0.21348314606741572 
476.0 	 950 	 564 	 35.0 	 55.0 	 0.2222222222222222 
477.0 	 952 	 564 	 35.0 	 53.0 	 0.20454545454545456 
478.0 	 954 	 564 	 35.0 	 54.0 	 0.21348314606741572 
479.0 	 956 	 564 	 35.0 	 54.0 	 0.21348314606741572 
480.0 	 958 	 564 	 35.0 	 54.0 	 0.21348314606741572 
481.0 	 960 	 564 	 35.0 	 53.0 	 0.20454545454545456 
482.0 	 963 	 564 	 35.0 	 54.0 	 0.21348314606741572 
483.0 	 965 	 564 	 35.0 	 53.0 	 0.20454545454545456 
484.0 	 967 	 564 	 36.0 	 54.0 	 0.2 
485.0 	 969 	 564 	 36.0 	 54.0 	 0.2 
486.0 	 971 	 564 	 36.0 	 53.0 	 0.19101123595505617 
487.0 	 974 	 564 	 36.0 	 53.0 	 0.19101123595505617 
488.0 	 976 	 564 	 54.0 	 36.0 	 0.2 
489.0 	 978 	 564 	 35.0 	 54.0 	 0.21348314606741572 
490.0 	 980 	 564 	 35.0 	 54.0 	 0.21348314606741572 
491.0 	 982 	 564 	 35.0 	 54.0 	 0.21348314606741572 
492.0 	 985 	 564 	 35.0 	 54.0 	 0.21348314606741572 
493.0 	 987 	 564 	 35.0 	 54.0 	 0.21348314606741572 
494.0 	 989 	 564 	 35.0 	 54.0 	 0.21348314606741572 
495.0 	 991 	 564 	 35.0 	 54.0 	 0.21348314606741572 
496.0 	 993 	 564 	 35.0 	 54.0 	 0.21348314606741572 
497.0 	 995 	 564 	 35.0 	 55.0 	 0.2222222222222222 
498.0 	 998 	 564 	 35.0 	 55.0 	 0.2222222222222222 
499.0 	 1000 	 564 	 35.0 	 54.0 	 0.21348314606741572 
500.0 	 1002 	 564 	 35.0 	 54.0 	 0.21348314606741572 
501.0 	 1004 	 564 	 35.0 	 54.0 	 0.21348314606741572 
502.0 	 1007 	 564 	 35.0 	 53.0 	 0.20454545454545456 
503.0 	 1009 	 564 	 35.0 	 54.0 	 0.21348314606741572 
504.0 	 1011 	 564 	 35.0 	 54.0 	 0.21348314606741572 
505.0 	 1013 	 564 	 35.0 	 55.0 	 0.2222222222222222 
506.0 	 1015 	 565 	 35.0 	 55.0 	 0.2222222222222222 
507.0 	 1018 	 564 	 35.0 	 55.0 	 0.2222222222222222 
508.0 	 1020 	 565 	 34.0 	 54.0 	 0.22727272727272727 
509.0 	 1022 	 565 	 34.0 	 54.0 	 0.22727272727272727 
510.0 	 1025 	 564 	 34.0 	 55.0 	 0.23595505617977527 
511.0 	 1027 	 564 	 34.0 	 55.0 	 0.23595505617977527 
512.0 	 1029 	 564 	 34.0 	 54.0 	 0.22727272727272727 
513.0 	 1031 	 564 	 33.0 	 54.0 	 0.2413793103448276 
514.0 	 1034 	 564 	 33.0 	 55.0 	 0.25 
515.0 	 1036 	 564 	 34.0 	 54.0 	 0.22727272727272727 
516.0 	 1038 	 564 	 33.0 	 54.0 	 0.2413793103448276 
517.0 	 1040 	 565 	 34.0 	 54.0 	 0.22727272727272727 
518.0 	 1042 	 565 	 34.0 	 54.0 	 0.22727272727272727 
519.0 	 1044 	 565 	 34.0 	 55.0 	 0.23595505617977527 
520.0 	 1047 	 565 	 34.0 	 54.0 	 0.22727272727272727 
521.0 	 1049 	 565 	 34.0 	 54.0 	 0.22727272727272727 
522.0 	 1052 	 565 	 34.0 	 55.0 	 0.23595505617977527 
523.0 	 1054 	 565 	 34.0 	 54.0 	 0.22727272727272727 
524.0 	 1056 	 564 	 34.0 	 54.0 	 0.22727272727272727 
525.0 	 1058 	 565 	 34.0 	 54.0 	 0.22727272727272727 
526.0 	 1060 	 564 	 34.0 	 54.0 	 0.22727272727272727 
527.0 	 1062 	 564 	 34.0 	 55.0 	 0.23595505617977527 
528.0 	 1065 	 564 	 34.0 	 55.0 	 0.23595505617977527 
529.0 	 1066 	 564 	 33.0 	 55.0 	 0.25 
530.0 	 1069 	 564 	 33.0 	 55.0 	 0.25 
531.0 	 1071 	 564 	 33.0 	 55.0 	 0.25 
532.0 	 1073 	 564 	 33.0 	 54.0 	 0.2413793103448276 
533.0 	 1076 	 564 	 33.0 	 55.0 	 0.25 
534.0 	 1078 	 564 	 33.0 	 54.0 	 0.2413793103448276 
535.0 	 1080 	 564 	 33.0 	 54.0 	 0.2413793103448276 
536.0 	 1083 	 564 	 33.0 	 55.0 	 0.25 
537.0 	 1085 	 564 	 33.0 	 56.0 	 0.25842696629213485 
538.0 	 1087 	 564 	 33.0 	 56.0 	 0.25842696629213485 
539.0 	 1089 	 564 	 33.0 	 55.0 	 0.25 
540.0 	 1092 	 564 	 33.0 	 55.0 	 0.25 
541.0 	 1094 	 565 	 33.0 	 55.0 	 0.25 
542.0 	 1096 	 565 	 33.0 	 55.0 	 0.25 
543.0 	 1098 	 565 	 33.0 	 55.0 	 0.25 
544.0 	 1101 	 565 	 33.0 	 55.0 	 0.25 
545.0 	 1103 	 565 	 33.0 	 54.0 	 0.2413793103448276 
546.0 	 1106 	 565 	 33.0 	 55.0 	 0.25 
547.0 	 1108 	 565 	 33.0 	 55.0 	 0.25 
548.0 	 1110 	 565 	 33.0 	 54.0 	 0.2413793103448276 
549.0 	 1112 	 565 	 33.0 	 55.0 	 0.25 
550.0 	 1115 	 565 	 33.0 	 55.0 	 0.25 
551.0 	 1117 	 565 	 33.0 	 55.0 	 0.25 
552.0 	 1119 	 565 	 33.0 	 55.0 	 0.25 
553.0 	 1121 	 565 	 33.0 	 55.0 	 0.25 
554.0 	 1124 	 565 	 33.0 	 55.0 	 0.25 
555.0 	 1126 	 565 	 33.0 	 55.0 	 0.25 
556.0 	 1128 	 565 	 33.0 	 56.0 	 0.25842696629213485 
557.0 	 1130 	 565 	 33.0 	 55.0 	 0.25 
558.0 	 1132 	 565 	 33.0 	 54.0 	 0.2413793103448276 
559.0 	 1135 	 565 	 55.0 	 33.0 	 0.25 
560.0 	 1137 	 565 	 32.0 	 55.0 	 0.26436781609195403 
561.0 	 1139 	 565 	 32.0 	 54.0 	 0.2558139534883721 
562.0 	 1141 	 565 	 33.0 	 55.0 	 0.25 
563.0 	 1143 	 565 	 33.0 	 56.0 	 0.25842696629213485 
564.0 	 1145 	 565 	 32.0 	 55.0 	 0.26436781609195403 
565.0 	 1148 	 565 	 33.0 	 55.0 	 0.25 
566.0 	 1150 	 565 	 33.0 	 56.0 	 0.25842696629213485 
567.0 	 1152 	 565 	 32.0 	 55.0 	 0.26436781609195403 
568.0 	 1155 	 565 	 32.0 	 56.0 	 0.2727272727272727 
569.0 	 1157 	 565 	 33.0 	 56.0 	 0.25842696629213485 
570.0 	 1159 	 565 	 54.0 	 33.0 	 0.2413793103448276 
571.0 	 1162 	 565 	 33.0 	 55.0 	 0.25 
572.0 	 1164 	 565 	 33.0 	 56.0 	 0.25842696629213485 
573.0 	 1166 	 565 	 33.0 	 55.0 	 0.25 
574.0 	 1168 	 565 	 32.49104309082031 	 55.51277160644531 	 0.2615992112935112 
575.0 	 1171 	 565 	 33.0 	 55.0 	 0.25 
576.0 	 1173 	 565 	 33.0 	 55.0 	 0.25 
577.0 	 1175 	 565 	 33.0 	 55.0 	 0.25 
578.0 	 1177 	 565 	 33.0 	 56.0 	 0.25842696629213485 
579.0 	 1179 	 565 	 33.0 	 56.0 	 0.25842696629213485 
580.0 	 1182 	 565 	 33.0 	 55.0 	 0.25 
581.0 	 1184 	 565 	 33.0 	 56.0 	 0.25842696629213485 
582.0 	 1186 	 565 	 33.0 	 56.0 	 0.25842696629213485 
583.0 	 1188 	 565 	 33.0 	 54.0 	 0.2413793103448276 
584.0 	 1190 	 565 	 33.0 	 55.0 	 0.25 
585.0 	 1192 	 565 	 33.0 	 55.0 	 0.25 
586.0 	 1195 	 564 	 33.0 	 55.0 	 0.25 
587.0 	 1197 	 565 	 33.0 	 55.0 	 0.25 
588.0 	 1199 	 565 	 33.0 	 56.0 	 0.25842696629213485 
589.0 	 1201 	 565 	 33.0 	 55.0 	 0.25 
590.0 	 1203 	 564 	 33.0 	 55.0 	 0.25 
591.0 	 1206 	 565 	 33.0 	 56.0 	 0.25842696629213485 
592.0 	 1208 	 564 	 33.0 	 54.0 	 0.2413793103448276 
593.0 	 1210 	 564 	 33.0 	 54.0 	 0.2413793103448276 
594.0 	 1212 	 565 	 33.0 	 55.0 	 0.25 
595.0 	 1214 	 564 	 33.0 	 54.0 	 0.2413793103448276 
596.0 	 1216 	 564 	 33.0 	 54.0 	 0.2413793103448276 
597.0 	 1219 	 565 	 33.0 	 55.0 	 0.25 
598.0 	 1221 	 565 	 33.0 	 55.0 	 0.25 
599.0 	 1223 	 564 	 33.0 	 54.0 	 0.2413793103448276 
600.0 	 1225 	 565 	 33.0 	 55.0 	 0.25 
601.0 	 1227 	 565 	 33.0 	 54.0 	 0.2413793103448276 
602.0 	 1229 	 565 	 32.0 	 52.0 	 0.23809523809523808 
603.0 	 1232 	 565 	 33.0 	 53.0 	 0.23255813953488372 
604.0 	 1234 	 565 	 33.0 	 54.0 	 0.2413793103448276 
605.0 	 1236 	 565 	 32.0 	 54.0 	 0.2558139534883721 
606.0 	 1238 	 565 	 32.0 	 54.0 	 0.2558139534883721 
607.0 	 1240 	 565 	 32.0 	 53.0 	 0.24705882352941178 
608.0 	 1243 	 565 	 32.0 	 53.0 	 0.24705882352941178 
609.0 	 1245 	 565 	 32.0 	 53.0 	 0.24705882352941178 
610.0 	 1247 	 565 	 32.0 	 54.0 	 0.2558139534883721 
611.0 	 1249 	 565 	 31.0 	 55.0 	 0.27906976744186046 
612.0 	 1252 	 565 	 31.0 	 55.0 	 0.27906976744186046 
613.0 	 1254 	 565 	 32.0 	 55.0 	 0.26436781609195403 
614.0 	 1256 	 565 	 32.0 	 54.0 	 0.2558139534883721 
615.0 	 1259 	 565 	 32.0 	 54.0 	 0.2558139534883721 
616.0 	 1261 	 565 	 32.0 	 55.0 	 0.26436781609195403 
617.0 	 1263 	 565 	 32.0 	 54.0 	 0.2558139534883721 
618.0 	 1265 	 565 	 32.0 	 53.0 	 0.24705882352941178 
619.0 	 1268 	 565 	 32.0 	 55.0 	 0.26436781609195403 
620.0 	 1270 	 565 	 32.0 	 55.0 	 0.26436781609195403 
621.0 	 1272 	 565 	 32.0 	 54.0 	 0.2558139534883721 
622.0 	 1274 	 565 	 32.0 	 55.0 	 0.26436781609195403 
623.0 	 1276 	 565 	 32.0 	 55.0 	 0.26436781609195403 
624.0 	 1278 	 565 	 32.0 	 54.0 	 0.2558139534883721 
625.0 	 1280 	 565 	 32.0 	 54.0 	 0.2558139534883721 
626.0 	 1282 	 565 	 32.0 	 54.0 	 0.2558139534883721 
627.0 	 1285 	 565 	 32.0 	 53.0 	 0.24705882352941178 
628.0 	 1287 	 565 	 32.0 	 54.0 	 0.2558139534883721 
629.0 	 1290 	 565 	 32.0 	 54.0 	 0.2558139534883721 
630.0 	 1292 	 565 	 32.0 	 54.0 	 0.2558139534883721 
631.0 	 1294 	 565 	 32.0 	 54.0 	 0.2558139534883721 
632.0 	 1296 	 565 	 32.0 	 55.0 	 0.26436781609195403 
633.0 	 1299 	 565 	 32.0 	 55.0 	 0.26436781609195403 
634.0 	 1301 	 565 	 32.0 	 54.0 	 0.2558139534883721 
635.0 	 1303 	 565 	 33.0 	 55.0 	 0.25 
636.0 	 1305 	 565 	 33.0 	 55.0 	 0.25 
637.0 	 1307 	 565 	 32.0 	 54.0 	 0.2558139534883721 
638.0 	 1310 	 565 	 32.0 	 55.0 	 0.26436781609195403 
639.0 	 1312 	 565 	 32.0 	 55.0 	 0.26436781609195403 
640.0 	 1314 	 565 	 32.0 	 55.0 	 0.26436781609195403 
641.0 	 1316 	 565 	 32.0 	 55.0 	 0.26436781609195403 
642.0 	 1318 	 565 	 32.0 	 55.0 	 0.26436781609195403 
643.0 	 1320 	 565 	 32.0 	 55.0 	 0.26436781609195403 
644.0 	 1323 	 565 	 32.0 	 54.0 	 0.2558139534883721 
645.0 	 1325 	 565 	 33.0 	 55.0 	 0.25 
646.0 	 1327 	 565 	 34.0 	 55.0 	 0.23595505617977527 
647.0 	 1329 	 565 	 33.0 	 54.0 	 0.2413793103448276 
648.0 	 1332 	 565 	 33.0 	 54.0 	 0.2413793103448276 
649.0 	 1334 	 565 	 33.0 	 55.0 	 0.25 
650.0 	 1336 	 565 	 33.0 	 54.0 	 0.2413793103448276 
651.0 	 1338 	 565 	 33.0 	 55.0 	 0.25 
652.0 	 1340 	 565 	 33.0 	 56.0 	 0.25842696629213485 
653.0 	 1342 	 565 	 32.0 	 55.0 	 0.26436781609195403 
654.0 	 1345 	 565 	 56.0 	 33.0 	 0.25842696629213485 
655.0 	 1347 	 565 	 33.0 	 56.0 	 0.25842696629213485 
656.0 	 1349 	 565 	 32.0 	 55.0 	 0.26436781609195403 
657.0 	 1352 	 565 	 32.0 	 55.0 	 0.26436781609195403 
658.0 	 1354 	 565 	 33.0 	 56.0 	 0.25842696629213485 
659.0 	 1356 	 565 	 33.0 	 56.0 	 0.25842696629213485 
660.0 	 1358 	 565 	 32.0 	 55.0 	 0.26436781609195403 
661.0 	 1361 	 565 	 32.0 	 55.0 	 0.26436781609195403 
662.0 	 1363 	 565 	 32.0 	 55.0 	 0.26436781609195403 
663.0 	 1365 	 565 	 32.0 	 55.0 	 0.26436781609195403 
664.0 	 1367 	 565 	 32.0 	 56.0 	 0.2727272727272727 
665.0 	 1369 	 565 	 32.0 	 55.0 	 0.26436781609195403 
666.0 	 1371 	 565 	 32.0 	 54.0 	 0.2558139534883721 
667.0 	 1373 	 565 	 32.0 	 55.0 	 0.26436781609195403 
668.0 	 1376 	 565 	 32.0 	 55.0 	 0.26436781609195403 
669.0 	 1378 	 565 	 32.0 	 54.0 	 0.2558139534883721 
670.0 	 1380 	 565 	 32.0 	 55.0 	 0.26436781609195403 
671.0 	 1382 	 565 	 32.0 	 55.0 	 0.26436781609195403 
672.0 	 1384 	 565 	 31.56057357788086 	 54.332130432128906 	 0.265116311294546 
673.0 	 1386 	 565 	 31.694547653198242 	 55.30653381347656 	 0.27139876610985275 
674.0 	 1389 	 565 	 32.0 	 56.0 	 0.2727272727272727 
675.0 	 1391 	 565 	 31.0 	 55.0 	 0.27906976744186046 
676.0 	 1393 	 565 	 31.0 	 55.0 	 0.27906976744186046 
677.0 	 1395 	 565 	 31.0 	 56.0 	 0.28735632183908044 
678.0 	 1398 	 565 	 31.0 	 55.0 	 0.27906976744186046 
679.0 	 1400 	 565 	 31.0 	 54.0 	 0.27058823529411763 
680.0 	 1402 	 565 	 31.796049118041992 	 55.29558563232422 	 0.2698254152840255 
681.0 	 1404 	 565 	 32.0 	 55.0 	 0.26436781609195403 
682.0 	 1406 	 565 	 30.0 	 54.0 	 0.2857142857142857 
683.0 	 1408 	 565 	 32.0 	 56.0 	 0.2727272727272727 
684.0 	 1410 	 565 	 32.0 	 56.0 	 0.2727272727272727 
685.0 	 1412 	 565 	 31.0 	 53.0 	 0.2619047619047619 
686.0 	 1414 	 565 	 32.0 	 54.0 	 0.2558139534883721 
687.0 	 1416 	 565 	 32.0 	 54.0 	 0.2558139534883721 
688.0 	 1418 	 565 	 32.0 	 55.0 	 0.26436781609195403 
689.0 	 1420 	 565 	 32.0 	 56.0 	 0.2727272727272727 
690.0 	 1423 	 565 	 32.0 	 59.0 	 0.2967032967032967 
691.0 	 1426 	 565 	 59.27754592895508 	 31.847431182861328 	 0.30101642398697315 
692.0 	 1428 	 565 	 32.0 	 58.0 	 0.28888888888888886 
693.0 	 1430 	 565 	 32.0 	 58.0 	 0.28888888888888886 
694.0 	 1432 	 565 	 32.0 	 56.0 	 0.2727272727272727 
695.0 	 1434 	 565 	 32.0 	 55.0 	 0.26436781609195403 
696.0 	 1437 	 565 	 33.0 	 56.0 	 0.25842696629213485 
697.0 	 1439 	 565 	 32.0 	 53.0 	 0.24705882352941178 
698.0 	 1440 	 565 	 30.0 	 52.0 	 0.2682926829268293 
699.0 	 1442 	 565 	 32.0 	 54.0 	 0.2558139534883721 
700.0 	 1445 	 565 	 32.0 	 54.0 	 0.2558139534883721 
701.0 	 1447 	 565 	 32.0 	 53.0 	 0.24705882352941178 
702.0 	 1448 	 565 	 32.0 	 54.0 	 0.2558139534883721 
703.0 	 1451 	 565 	 32.0 	 55.0 	 0.26436781609195403 
704.0 	 1453 	 565 	 32.0 	 53.0 	 0.24705882352941178 
705.0 	 1455 	 565 	 33.0 	 55.0 	 0.25 
706.0 	 1457 	 565 	 33.0 	 56.0 	 0.25842696629213485 
707.0 	 1459 	 565 	 32.0 	 53.0 	 0.24705882352941178 
708.0 	 1461 	 565 	 33.0 	 54.0 	 0.2413793103448276 
709.0 	 1463 	 565 	 33.0 	 55.0 	 0.25 
710.0 	 1465 	 565 	 32.0 	 53.0 	 0.24705882352941178 
711.0 	 1467 	 565 	 32.0 	 54.0 	 0.2558139534883721 
712.0 	 1469 	 565 	 33.0 	 55.0 	 0.25 
713.0 	 1471 	 565 	 32.0 	 55.0 	 0.26436781609195403 
714.0 	 1473 	 565 	 32.0 	 56.0 	 0.2727272727272727 
715.0 	 1475 	 566 	 33.0 	 58.0 	 0.27472527472527475 
716.0 	 1478 	 566 	 33.0 	 54.0 	 0.2413793103448276 
717.0 	 1480 	 565 	 33.0 	 52.0 	 0.2235294117647059 
718.0 	 1483 	 565 	 34.0 	 54.0 	 0.22727272727272727 
719.0 	 1484 	 565 	 34.0 	 54.0 	 0.22727272727272727 
720.0 	 1486 	 565 	 34.0 	 52.0 	 0.20930232558139536 
721.0 	 1488 	 565 	 34.0 	 53.0 	 0.21839080459770116 
722.0 	 1491 	 565 	 34.0 	 54.0 	 0.22727272727272727 
723.0 	 1492 	 565 	 34.0 	 51.0 	 0.2 
724.0 	 1494 	 565 	 35.0 	 51.0 	 0.18604651162790697 
725.0 	 1496 	 565 	 35.0 	 53.0 	 0.20454545454545456 
726.0 	 1498 	 565 	 34.0 	 51.0 	 0.2 
727.0 	 1500 	 565 	 34.0 	 52.0 	 0.20930232558139536 
728.0 	 1502 	 565 	 34.0 	 53.0 	 0.21839080459770116 
729.0 	 1505 	 565 	 34.0 	 51.0 	 0.2 
730.0 	 1506 	 565 	 34.0 	 52.0 	 0.20930232558139536 
731.0 	 1509 	 565 	 34.0 	 53.0 	 0.21839080459770116 
732.0 	 1511 	 565 	 34.0 	 51.0 	 0.2 
733.0 	 1512 	 565 	 33.0 	 51.0 	 0.21428571428571427 
734.0 	 1515 	 565 	 34.0 	 53.0 	 0.21839080459770116 
735.0 	 1517 	 565 	 34.0 	 52.0 	 0.20930232558139536 
736.0 	 1519 	 565 	 32.0 	 51.0 	 0.2289156626506024 
737.0 	 1521 	 565 	 34.0 	 53.0 	 0.21839080459770116 
738.0 	 1523 	 566 	 34.0 	 53.0 	 0.21839080459770116 
739.0 	 1525 	 565 	 51.14336013793945 	 33.55936050415039 	 0.20759663326624425 
740.0 	 1527 	 565 	 34.0 	 52.0 	 0.20930232558139536 
741.0 	 1529 	 565 	 34.0 	 52.0 	 0.20930232558139536 
742.0 	 1531 	 566 	 50.35678482055664 	 33.46075439453125 	 0.20158108415313578 
743.0 	 1534 	 566 	 50.44221878051758 	 34.293663024902344 	 0.19057517797120901 
744.0 	 1535 	 566 	 34.0 	 52.0 	 0.20930232558139536 
745.0 	 1538 	 566 	 33.0 	 49.0 	 0.1951219512195122 
746.0 	 1539 	 566 	 33.0 	 50.0 	 0.20481927710843373 
747.0 	 1542 	 566 	 34.0 	 51.0 	 0.2 
748.0 	 1544 	 566 	 33.0 	 49.0 	 0.1951219512195122 
749.0 	 1546 	 566 	 33.0 	 49.0 	 0.1951219512195122 
750.0 	 1548 	 566 	 34.0 	 50.0 	 0.19047619047619047 
751.0 	 1550 	 566 	 34.0 	 49.0 	 0.18072289156626506 
752.0 	 1552 	 566 	 49.9217414855957 	 33.65828323364258 	 0.194585468317164 
753.0 	 1554 	 566 	 34.0 	 51.0 	 0.2 
754.0 	 1556 	 566 	 34.0 	 49.0 	 0.18072289156626506 
755.0 	 1558 	 566 	 33.0 	 49.0 	 0.1951219512195122 
756.0 	 1560 	 566 	 33.0 	 51.0 	 0.21428571428571427 
757.0 	 1563 	 566 	 32.0 	 49.0 	 0.20987654320987653 
758.0 	 1565 	 566 	 32.0 	 49.0 	 0.20987654320987653 
759.0 	 1567 	 566 	 32.0 	 49.0 	 0.20987654320987653 
760.0 	 1569 	 566 	 32.0 	 50.0 	 0.21951219512195122 
761.0 	 1570 	 566 	 32.0 	 49.0 	 0.20987654320987653 
762.0 	 1573 	 566 	 32.0 	 50.0 	 0.21951219512195122 
763.0 	 1575 	 566 	 32.0 	 50.0 	 0.21951219512195122 
764.0 	 1577 	 566 	 30.0 	 49.0 	 0.24050632911392406 
765.0 	 1579 	 566 	 31.0 	 48.0 	 0.21518987341772153 
766.0 	 1581 	 566 	 32.0 	 50.0 	 0.21951219512195122 
767.0 	 1582 	 566 	 31.0 	 48.0 	 0.21518987341772153 
768.0 	 1585 	 566 	 30.0 	 47.0 	 0.22077922077922077 
769.0 	 1587 	 566 	 30.0 	 49.0 	 0.24050632911392406 
770.0 	 1589 	 566 	 30.0 	 49.0 	 0.24050632911392406 
771.0 	 1591 	 566 	 29.0 	 48.0 	 0.24675324675324675 
772.0 	 1593 	 566 	 31.0 	 49.0 	 0.225 
773.0 	 1595 	 566 	 30.0 	 49.0 	 0.24050632911392406 
774.0 	 1597 	 566 	 30.0 	 48.0 	 0.23076923076923078 
775.0 	 1599 	 566 	 30.0 	 50.0 	 0.25 
776.0 	 1601 	 566 	 30.0 	 50.0 	 0.25 
777.0 	 1603 	 566 	 29.0 	 48.0 	 0.24675324675324675 
778.0 	 1605 	 566 	 49.955772399902344 	 29.86703109741211 	 0.2516666970130421 
779.0 	 1607 	 566 	 30.0 	 50.0 	 0.25 
780.0 	 1610 	 566 	 30.0 	 49.0 	 0.24050632911392406 
781.0 	 1611 	 566 	 30.0 	 49.0 	 0.24050632911392406 
782.0 	 1614 	 566 	 30.0 	 50.0 	 0.25 
783.0 	 1616 	 566 	 30.0 	 48.0 	 0.23076923076923078 
784.0 	 1618 	 566 	 29.0 	 47.0 	 0.23684210526315788 
785.0 	 1620 	 566 	 30.0 	 49.0 	 0.24050632911392406 
786.0 	 1622 	 566 	 30.0 	 49.0 	 0.24050632911392406 
787.0 	 1623 	 566 	 29.0 	 49.0 	 0.2564102564102564 
788.0 	 1626 	 566 	 29.0 	 50.0 	 0.26582278481012656 
789.0 	 1628 	 566 	 30.0 	 50.0 	 0.25 
790.0 	 1630 	 566 	 29.0 	 48.0 	 0.24675324675324675 
791.0 	 1632 	 566 	 30.0 	 50.0 	 0.25 
792.0 	 1634 	 566 	 30.0 	 50.0 	 0.25 
793.0 	 1635 	 566 	 30.0 	 48.0 	 0.23076923076923078 
794.0 	 1637 	 566 	 30.0 	 48.0 	 0.23076923076923078 
795.0 	 1639 	 566 	 31.0 	 49.0 	 0.225 
796.0 	 1642 	 566 	 48.255550384521484 	 30.691614151000977 	 0.22247710018283903 
797.0 	 1644 	 566 	 29.0 	 47.0 	 0.23684210526315788 
798.0 	 1646 	 566 	 30.0 	 49.0 	 0.24050632911392406 
799.0 	 1647 	 566 	 30.0 	 48.0 	 0.23076923076923078 
800.0 	 1650 	 566 	 29.0 	 47.0 	 0.23684210526315788 
801.0 	 1652 	 566 	 30.0 	 48.0 	 0.23076923076923078 
802.0 	 1654 	 567 	 30.0 	 48.0 	 0.23076923076923078 
803.0 	 1656 	 566 	 28.0 	 46.0 	 0.24324324324324326 
804.0 	 1658 	 566 	 29.0 	 48.0 	 0.24675324675324675 
805.0 	 1661 	 566 	 28.0 	 48.0 	 0.2631578947368421 
806.0 	 1663 	 566 	 27.0 	 46.0 	 0.2602739726027397 
807.0 	 1665 	 566 	 27.54062843322754 	 48.50439453125 	 0.27567571526429996 
808.0 	 1668 	 566 	 28.0 	 51.0 	 0.2911392405063291 
809.0 	 1670 	 566 	 27.0 	 46.0 	 0.2602739726027397 
810.0 	 1671 	 566 	 28.0 	 48.0 	 0.2631578947368421 
811.0 	 1673 	 566 	 28.0 	 49.0 	 0.2727272727272727 
812.0 	 1675 	 566 	 28.0 	 46.0 	 0.24324324324324326 
813.0 	 1678 	 566 	 28.0 	 45.0 	 0.2328767123287671 
814.0 	 1680 	 566 	 28.0 	 47.0 	 0.25333333333333335 
815.0 	 1682 	 566 	 27.6134033203125 	 47.169124603271484 	 0.2615012065778502 
816.0 	 1684 	 566 	 27.0 	 45.0 	 0.25 
817.0 	 1687 	 566 	 27.0 	 48.0 	 0.28 
818.0 	 1689 	 566 	 27.0 	 48.0 	 0.28 
819.0 	 1691 	 566 	 26.0 	 46.0 	 0.2777777777777778 
820.0 	 1693 	 566 	 28.0 	 47.0 	 0.25333333333333335 
821.0 	 1695 	 566 	 28.0 	 48.0 	 0.2631578947368421 
822.0 	 1698 	 566 	 26.0 	 45.0 	 0.2676056338028169 
823.0 	 1700 	 566 	 29.0 	 48.0 	 0.24675324675324675 
824.0 	 1702 	 566 	 29.0 	 50.0 	 0.26582278481012656 
825.0 	 1704 	 566 	 27.0 	 46.0 	 0.2602739726027397 
826.0 	 1706 	 566 	 27.0 	 48.0 	 0.28 
827.0 	 1708 	 566 	 27.0 	 49.0 	 0.2894736842105263 
828.0 	 1711 	 566 	 26.0 	 48.0 	 0.2972972972972973 
829.0 	 1713 	 566 	 26.0 	 47.0 	 0.2876712328767123 
830.0 	 1716 	 566 	 27.0 	 49.0 	 0.2894736842105263 
831.0 	 1718 	 566 	 26.0 	 45.0 	 0.2676056338028169 
832.0 	 1720 	 566 	 47.0 	 26.0 	 0.2876712328767123 
833.0 	 1722 	 566 	 27.0 	 50.0 	 0.2987012987012987 
834.0 	 1724 	 566 	 26.0 	 49.0 	 0.30666666666666664 
835.0 	 1726 	 566 	 46.49147033691406 	 25.75771141052246 	 0.28697569197214134 
836.0 	 1728 	 566 	 26.0 	 49.0 	 0.30666666666666664 
837.0 	 1731 	 566 	 26.0 	 47.0 	 0.2876712328767123 
838.0 	 1732 	 566 	 46.269134521484375 	 25.821914672851562 	 0.2836304933433999 
839.0 	 1734 	 566 	 49.77787399291992 	 26.822664260864258 	 0.29967426150457427 
840.0 	 1736 	 566 	 49.73044204711914 	 27.00263214111328 	 0.29619313635542227 
841.0 	 1739 	 566 	 26.0 	 47.0 	 0.2876712328767123 
842.0 	 1741 	 566 	 27.0 	 50.0 	 0.2987012987012987 
843.0 	 1743 	 566 	 27.0 	 51.0 	 0.3076923076923077 
844.0 	 1745 	 566 	 25.0 	 47.0 	 0.3055555555555556 
845.0 	 1748 	 566 	 25.0 	 48.0 	 0.3150684931506849 
846.0 	 1750 	 566 	 25.0 	 50.0 	 0.3333333333333333 
847.0 	 1752 	 565 	 25.0 	 47.0 	 0.3055555555555556 
848.0 	 1754 	 565 	 25.0 	 48.0 	 0.3150684931506849 
849.0 	 1756 	 565 	 26.0 	 50.0 	 0.3157894736842105 
850.0 	 1758 	 565 	 24.772972106933594 	 48.3954963684082 	 0.3228511509631439 
851.0 	 1760 	 565 	 24.581462860107422 	 46.42242431640625 	 0.30760233453138713 
852.0 	 1762 	 566 	 26.682449340820312 	 48.917823791503906 	 0.29411764705882354 
853.0 	 1764 	 565 	 23.0 	 46.0 	 0.3333333333333333 
854.0 	 1765 	 565 	 22.0 	 43.0 	 0.3230769230769231 
855.0 	 1768 	 565 	 25.0 	 48.0 	 0.3150684931506849 
856.0 	 1770 	 565 	 23.0 	 46.0 	 0.3333333333333333 
857.0 	 1771 	 565 	 24.0 	 44.0 	 0.29411764705882354 
858.0 	 1774 	 565 	 25.303083419799805 	 47.00916290283203 	 0.3001715558134832 
859.0 	 1776 	 565 	 25.69766616821289 	 48.05007553100586 	 0.3030927977965427 
860.0 	 1778 	 565 	 23.0 	 43.0 	 0.30303030303030304 
861.0 	 1781 	 565 	 46.93340301513672 	 23.96364402770996 	 0.3239875276264323 
862.0 	 1784 	 565 	 24.0 	 47.0 	 0.323943661971831 
863.0 	 1786 	 564 	 18.775863647460938 	 44.10144805908203 	 0.4027777862040137 
864.0 	 1788 	 565 	 24.0 	 45.0 	 0.30434782608695654 
865.0 	 1790 	 566 	 48.855674743652344 	 23.775917053222656 	 0.34530095059143057 
866.0 	 1792 	 565 	 21.0 	 46.0 	 0.373134328358209 
867.0 	 1795 	 565 	 47.1683464050293 	 20.477964401245117 	 0.39455783598044436 
868.0 	 1797 	 566 	 48.31879425048828 	 21.705110549926758 	 0.38006569008707697 
869.0 	 1799 	 565 	 19.0 	 47.0 	 0.42424242424242425 
870.0 	 1802 	 564 	 20.497766494750977 	 46.965755462646484 	 0.3923303764753014 
871.0 	 1804 	 566 	 21.0 	 49.0 	 0.4 
872.0 	 1806 	 565 	 47.078582763671875 	 20.098934173583984 	 0.4016172347555957 
873.0 	 1807 	 564 	 16.0 	 43.0 	 0.4576271186440678 
874.0 	 1810 	 566 	 21.0 	 46.0 	 0.373134328358209 
875.0 	 1812 	 566 	 45.174686431884766 	 20.59726905822754 	 0.37367624530111504 
876.0 	 1815 	 565 	 19.0 	 40.0 	 0.3559322033898305 
877.0 	 1817 	 566 	 22.0 	 42.0 	 0.3125 
878.0 	 1819 	 566 	 22.0 	 44.0 	 0.3333333333333333 
879.0 	 1822 	 565 	 20.755556106567383 	 41.30509567260742 	 0.33112026665720073 
880.0 	 1823 	 566 	 21.0 	 44.0 	 0.35384615384615387 
881.0 	 1826 	 566 	 22.0 	 45.0 	 0.34328358208955223 
882.0 	 1828 	 566 	 21.0 	 42.0 	 0.3333333333333333 
883.0 	 1830 	 566 	 21.0 	 44.0 	 0.35384615384615387 
884.0 	 1833 	 566 	 21.0 	 46.0 	 0.373134328358209 
885.0 	 1835 	 565 	 20.0 	 45.0 	 0.38461538461538464 
886.0 	 1836 	 565 	 19.0 	 44.0 	 0.3968253968253968 
887.0 	 1838 	 566 	 21.0 	 48.0 	 0.391304347826087 
888.0 	 1840 	 566 	 20.0 	 45.0 	 0.38461538461538464 
889.0 	 1844 	 564 	 17.974266052246094 	 45.86080551147461 	 0.43685295208593816 
890.0 	 1845 	 565 	 20.60306167602539 	 49.08995056152344 	 0.40874813659080206 
891.0 	 1848 	 565 	 19.104658126831055 	 47.154266357421875 	 0.423333286027863 
892.0 	 1849 	 565 	 19.516149520874023 	 48.22468948364258 	 0.42379959245639726 
893.0 	 1853 	 566 	 20.421335220336914 	 49.22406005859375 	 0.41356251512252273 
894.0 	 1855 	 566 	 20.376541137695312 	 49.20905303955078 	 0.41434598989575716 
895.0 	 1856 	 565 	 21.202856063842773 	 44.94563293457031 	 0.3589315074346919 
896.0 	 1859 	 565 	 21.568639755249023 	 47.26937484741211 	 0.373350905608041 
897.0 	 1862 	 565 	 48.0 	 22.0 	 0.37142857142857144 
898.0 	 1863 	 565 	 22.0 	 46.0 	 0.35294117647058826 
899.0 	 1865 	 566 	 22.0 	 45.0 	 0.34328358208955223 
900.0 	 1867 	 566 	 22.0 	 47.0 	 0.36231884057971014 
901.0 	 1870 	 565 	 22.724470138549805 	 48.255550384521484 	 0.3596938977732907 
902.0 	 1871 	 565 	 21.582887649536133 	 47.968902587890625 	 0.3793721893898257 
903.0 	 1875 	 565 	 22.0 	 50.0 	 0.3888888888888889 
904.0 	 1876 	 565 	 22.0 	 49.0 	 0.38028169014084506 
905.0 	 1878 	 565 	 23.0 	 42.0 	 0.2923076923076923 
906.0 	 1880 	 565 	 23.0 	 49.0 	 0.3611111111111111 
907.0 	 1881 	 565 	 49.0 	 23.0 	 0.3611111111111111 
908.0 	 1884 	 565 	 23.0 	 46.0 	 0.3333333333333333 
909.0 	 1885 	 565 	 23.0 	 46.0 	 0.3333333333333333 
910.0 	 1887 	 565 	 23.0 	 47.0 	 0.34285714285714286 
911.0 	 1888 	 565 	 19.645381927490234 	 38.80569839477539 	 0.3278008954093953 
912.0 	 1892 	 565 	 21.0004940032959 	 42.37478256225586 	 0.3372654088041986 
913.0 	 1893 	 565 	 23.0 	 46.0 	 0.3333333333333333 
914.0 	 1893 	 564 	 23.0 	 43.0 	 0.30303030303030304 
915.0 	 1895 	 565 	 23.0 	 41.0 	 0.28125 
916.0 	 1898 	 565 	 24.0 	 39.0 	 0.23809523809523808 
917.0 	 1899 	 565 	 24.0 	 36.0 	 0.2 
918.0 	 1900 	 564 	 23.0 	 34.0 	 0.19298245614035087 
919.0 	 1903 	 565 	 22.0 	 33.0 	 0.2 
