frame 	 x 	 y 	 width 	 height 	 deformation 
1.0 	 131 	 565 	 43.0 	 46.0 	 0.033707865168539325 
2.0 	 131 	 565 	 43.0 	 45.0 	 0.022727272727272728 
3.0 	 131 	 565 	 43.0 	 44.0 	 0.011494252873563218 
4.0 	 131 	 566 	 43.0 	 46.0 	 0.033707865168539325 
5.0 	 131 	 566 	 43.0 	 46.0 	 0.033707865168539325 
6.0 	 131 	 566 	 43.0 	 44.0 	 0.011494252873563218 
7.0 	 131 	 565 	 43.0 	 46.0 	 0.033707865168539325 
8.0 	 131 	 566 	 43.0 	 46.0 	 0.033707865168539325 
9.0 	 131 	 565 	 43.0 	 44.0 	 0.011494252873563218 
10.0 	 131 	 566 	 43.0 	 46.0 	 0.033707865168539325 
11.0 	 131 	 566 	 43.0 	 46.0 	 0.033707865168539325 
12.0 	 132 	 565 	 43.0 	 45.0 	 0.022727272727272728 
13.0 	 132 	 566 	 43.0 	 45.0 	 0.022727272727272728 
14.0 	 132 	 566 	 43.0 	 46.0 	 0.033707865168539325 
15.0 	 132 	 565 	 43.0 	 44.0 	 0.011494252873563218 
16.0 	 132 	 565 	 43.0 	 45.0 	 0.022727272727272728 
17.0 	 132 	 566 	 43.0 	 46.0 	 0.033707865168539325 
18.0 	 132 	 566 	 43.0 	 44.0 	 0.011494252873563218 
19.0 	 132 	 566 	 43.0 	 45.0 	 0.022727272727272728 
20.0 	 132 	 566 	 44.0 	 46.0 	 0.022222222222222223 
21.0 	 132 	 566 	 43.0 	 44.0 	 0.011494252873563218 
22.0 	 132 	 566 	 43.0 	 45.0 	 0.022727272727272728 
23.0 	 132 	 566 	 43.0 	 45.0 	 0.022727272727272728 
24.0 	 133 	 566 	 43.0 	 44.0 	 0.011494252873563218 
25.0 	 132 	 565 	 43.0 	 45.0 	 0.022727272727272728 
26.0 	 133 	 566 	 43.0 	 46.0 	 0.033707865168539325 
27.0 	 133 	 566 	 43.0 	 46.0 	 0.033707865168539325 
28.0 	 133 	 565 	 43.0 	 46.0 	 0.033707865168539325 
29.0 	 133 	 566 	 43.0 	 46.0 	 0.033707865168539325 
30.0 	 133 	 566 	 43.0 	 44.0 	 0.011494252873563218 
31.0 	 133 	 565 	 43.0 	 44.0 	 0.011494252873563218 
32.0 	 133 	 566 	 43.0 	 46.0 	 0.033707865168539325 
33.0 	 133 	 565 	 43.0 	 45.0 	 0.022727272727272728 
34.0 	 133 	 566 	 43.0 	 44.0 	 0.011494252873563218 
35.0 	 133 	 566 	 43.0 	 46.0 	 0.033707865168539325 
36.0 	 133 	 565 	 43.0 	 46.0 	 0.033707865168539325 
37.0 	 133 	 566 	 43.0 	 44.0 	 0.011494252873563218 
38.0 	 133 	 566 	 43.0 	 46.0 	 0.033707865168539325 
39.0 	 133 	 566 	 43.0 	 45.0 	 0.022727272727272728 
40.0 	 133 	 566 	 43.0 	 45.0 	 0.022727272727272728 
41.0 	 133 	 566 	 43.0 	 45.0 	 0.022727272727272728 
42.0 	 134 	 566 	 44.0 	 45.0 	 0.011235955056179775 
43.0 	 133 	 566 	 43.0 	 45.0 	 0.022727272727272728 
44.0 	 134 	 566 	 43.0 	 46.0 	 0.033707865168539325 
45.0 	 134 	 566 	 43.0 	 46.0 	 0.033707865168539325 
46.0 	 134 	 566 	 43.0 	 44.0 	 0.011494252873563218 
47.0 	 134 	 566 	 43.0 	 46.0 	 0.033707865168539325 
48.0 	 134 	 566 	 43.0 	 46.0 	 0.033707865168539325 
49.0 	 134 	 566 	 43.0 	 44.0 	 0.011494252873563218 
50.0 	 134 	 566 	 43.0 	 45.0 	 0.022727272727272728 
51.0 	 134 	 566 	 43.0 	 46.0 	 0.033707865168539325 
52.0 	 134 	 566 	 43.0 	 44.0 	 0.011494252873563218 
53.0 	 134 	 566 	 43.0 	 46.0 	 0.033707865168539325 
54.0 	 134 	 566 	 43.0 	 46.0 	 0.033707865168539325 
55.0 	 134 	 566 	 43.0 	 44.0 	 0.011494252873563218 
56.0 	 135 	 566 	 43.0 	 45.0 	 0.022727272727272728 
57.0 	 135 	 566 	 43.0 	 46.0 	 0.033707865168539325 
58.0 	 135 	 566 	 43.0 	 44.0 	 0.011494252873563218 
59.0 	 135 	 566 	 43.0 	 45.0 	 0.022727272727272728 
60.0 	 136 	 566 	 45.0 	 45.0 	 0.0 
61.0 	 136 	 566 	 43.0 	 44.0 	 0.011494252873563218 
62.0 	 136 	 566 	 43.0 	 43.0 	 0.0 
63.0 	 137 	 566 	 43.0 	 45.0 	 0.022727272727272728 
64.0 	 137 	 566 	 43.0 	 44.0 	 0.011494252873563218 
65.0 	 137 	 566 	 43.0 	 43.0 	 0.0 
66.0 	 138 	 566 	 44.0 	 44.0 	 0.0 
67.0 	 139 	 566 	 44.0 	 44.0 	 0.0 
68.0 	 139 	 566 	 42.0 	 43.0 	 0.011764705882352941 
69.0 	 141 	 566 	 44.0 	 44.0 	 0.0 
70.0 	 142 	 566 	 44.0 	 44.0 	 0.0 
71.0 	 143 	 566 	 43.0 	 43.0 	 0.0 
72.0 	 145 	 566 	 43.0 	 45.0 	 0.022727272727272728 
73.0 	 146 	 566 	 43.0 	 44.0 	 0.011494252873563218 
74.0 	 147 	 566 	 43.0 	 43.0 	 0.0 
75.0 	 149 	 566 	 43.0 	 44.0 	 0.011494252873563218 
76.0 	 150 	 566 	 43.0 	 45.0 	 0.022727272727272728 
77.0 	 151 	 566 	 43.0 	 43.0 	 0.0 
78.0 	 153 	 566 	 43.0 	 44.0 	 0.011494252873563218 
79.0 	 154 	 566 	 43.0 	 45.0 	 0.022727272727272728 
80.0 	 156 	 566 	 42.0 	 44.0 	 0.023255813953488372 
81.0 	 158 	 566 	 42.0 	 46.0 	 0.045454545454545456 
82.0 	 159 	 566 	 43.0 	 46.0 	 0.033707865168539325 
83.0 	 161 	 566 	 42.0 	 45.0 	 0.034482758620689655 
84.0 	 162 	 566 	 42.0 	 45.0 	 0.034482758620689655 
85.0 	 164 	 566 	 41.0 	 45.0 	 0.046511627906976744 
86.0 	 166 	 566 	 42.0 	 44.0 	 0.023255813953488372 
87.0 	 167 	 566 	 41.0 	 45.0 	 0.046511627906976744 
88.0 	 169 	 566 	 41.0 	 46.0 	 0.05747126436781609 
89.0 	 171 	 566 	 41.0 	 45.0 	 0.046511627906976744 
90.0 	 172 	 566 	 41.0 	 45.0 	 0.046511627906976744 
91.0 	 174 	 566 	 42.0 	 46.0 	 0.045454545454545456 
92.0 	 176 	 566 	 41.0 	 45.0 	 0.046511627906976744 
93.0 	 178 	 566 	 41.0 	 44.0 	 0.03529411764705882 
94.0 	 180 	 566 	 46.0 	 42.0 	 0.045454545454545456 
95.0 	 181 	 566 	 41.0 	 47.0 	 0.06818181818181818 
96.0 	 183 	 566 	 41.0 	 46.0 	 0.05747126436781609 
97.0 	 184 	 566 	 41.0 	 47.0 	 0.06818181818181818 
98.0 	 186 	 566 	 41.0 	 47.0 	 0.06818181818181818 
99.0 	 188 	 566 	 41.0 	 46.0 	 0.05747126436781609 
100.0 	 190 	 566 	 41.0 	 47.0 	 0.06818181818181818 
101.0 	 192 	 566 	 41.0 	 48.0 	 0.07865168539325842 
102.0 	 193 	 566 	 40.0 	 46.0 	 0.06976744186046512 
103.0 	 195 	 566 	 40.0 	 48.0 	 0.09090909090909091 
104.0 	 197 	 566 	 41.0 	 49.0 	 0.08888888888888889 
105.0 	 199 	 566 	 40.0 	 47.0 	 0.08045977011494253 
106.0 	 201 	 565 	 40.0 	 49.0 	 0.10112359550561797 
107.0 	 203 	 566 	 40.0 	 49.0 	 0.10112359550561797 
108.0 	 205 	 566 	 41.0 	 48.0 	 0.07865168539325842 
109.0 	 207 	 566 	 39.0 	 48.0 	 0.10344827586206896 
110.0 	 208 	 566 	 41.0 	 50.0 	 0.0989010989010989 
111.0 	 210 	 566 	 39.0 	 49.0 	 0.11363636363636363 
112.0 	 212 	 566 	 40.0 	 47.0 	 0.08045977011494253 
113.0 	 214 	 566 	 49.0 	 41.0 	 0.08888888888888889 
114.0 	 216 	 566 	 40.0 	 49.0 	 0.10112359550561797 
115.0 	 218 	 566 	 40.0 	 48.0 	 0.09090909090909091 
116.0 	 220 	 566 	 40.0 	 49.0 	 0.10112359550561797 
117.0 	 222 	 566 	 40.0 	 49.0 	 0.10112359550561797 
118.0 	 224 	 566 	 39.0 	 48.0 	 0.10344827586206896 
119.0 	 226 	 566 	 40.0 	 51.0 	 0.12087912087912088 
120.0 	 228 	 566 	 40.0 	 51.0 	 0.12087912087912088 
121.0 	 230 	 566 	 39.0 	 49.0 	 0.11363636363636363 
122.0 	 232 	 566 	 40.0 	 50.0 	 0.1111111111111111 
123.0 	 234 	 566 	 40.0 	 51.0 	 0.12087912087912088 
124.0 	 236 	 566 	 39.0 	 49.0 	 0.11363636363636363 
125.0 	 238 	 566 	 39.0 	 50.0 	 0.12359550561797752 
126.0 	 240 	 566 	 39.0 	 52.0 	 0.14285714285714285 
127.0 	 242 	 566 	 39.0 	 50.0 	 0.12359550561797752 
128.0 	 244 	 566 	 39.0 	 52.0 	 0.14285714285714285 
129.0 	 246 	 566 	 40.0 	 52.0 	 0.13043478260869565 
130.0 	 248 	 566 	 39.0 	 50.0 	 0.12359550561797752 
131.0 	 250 	 566 	 39.0 	 51.0 	 0.13333333333333333 
132.0 	 252 	 566 	 40.0 	 52.0 	 0.13043478260869565 
133.0 	 255 	 566 	 39.0 	 50.0 	 0.12359550561797752 
134.0 	 257 	 566 	 39.0 	 51.0 	 0.13333333333333333 
135.0 	 259 	 566 	 39.0 	 52.0 	 0.14285714285714285 
136.0 	 261 	 565 	 39.0 	 51.0 	 0.13333333333333333 
137.0 	 263 	 565 	 39.0 	 51.0 	 0.13333333333333333 
138.0 	 265 	 566 	 40.0 	 53.0 	 0.13978494623655913 
139.0 	 267 	 566 	 40.0 	 52.0 	 0.13043478260869565 
140.0 	 269 	 566 	 40.0 	 52.0 	 0.13043478260869565 
141.0 	 271 	 566 	 40.0 	 52.0 	 0.13043478260869565 
142.0 	 274 	 566 	 40.0 	 51.0 	 0.12087912087912088 
143.0 	 276 	 566 	 51.61879348754883 	 39.45655822753906 	 0.13354036005325604 
144.0 	 278 	 566 	 40.0 	 51.0 	 0.12087912087912088 
145.0 	 280 	 566 	 39.0 	 51.0 	 0.13333333333333333 
146.0 	 283 	 566 	 39.0 	 50.0 	 0.12359550561797752 
147.0 	 284 	 566 	 39.0 	 52.0 	 0.14285714285714285 
148.0 	 287 	 566 	 39.0 	 52.0 	 0.14285714285714285 
149.0 	 289 	 566 	 38.0 	 51.0 	 0.14606741573033707 
150.0 	 291 	 566 	 39.61269760131836 	 52.9830207824707 	 0.1443946158043212 
151.0 	 293 	 566 	 39.0 	 53.0 	 0.15217391304347827 
152.0 	 296 	 566 	 39.0 	 52.0 	 0.14285714285714285 
153.0 	 298 	 566 	 39.0 	 53.0 	 0.15217391304347827 
154.0 	 300 	 566 	 39.0 	 53.0 	 0.15217391304347827 
155.0 	 302 	 566 	 38.0 	 51.0 	 0.14606741573033707 
156.0 	 304 	 566 	 52.0 	 39.0 	 0.14285714285714285 
157.0 	 306 	 566 	 38.0 	 52.0 	 0.15555555555555556 
158.0 	 309 	 566 	 38.0 	 51.0 	 0.14606741573033707 
159.0 	 312 	 566 	 38.0 	 52.0 	 0.15555555555555556 
160.0 	 313 	 566 	 38.0 	 53.0 	 0.16483516483516483 
161.0 	 316 	 566 	 38.0 	 53.0 	 0.16483516483516483 
162.0 	 318 	 566 	 38.0 	 53.0 	 0.16483516483516483 
163.0 	 321 	 566 	 38.0 	 54.0 	 0.17391304347826086 
164.0 	 323 	 566 	 38.0 	 53.0 	 0.16483516483516483 
165.0 	 325 	 566 	 38.0 	 54.0 	 0.17391304347826086 
166.0 	 327 	 566 	 54.0 	 39.0 	 0.16129032258064516 
167.0 	 329 	 566 	 38.0 	 54.0 	 0.17391304347826086 
168.0 	 332 	 566 	 39.0 	 54.0 	 0.16129032258064516 
169.0 	 334 	 566 	 39.0 	 53.0 	 0.15217391304347827 
170.0 	 336 	 566 	 39.0 	 54.0 	 0.16129032258064516 
171.0 	 339 	 566 	 39.0 	 53.0 	 0.15217391304347827 
172.0 	 341 	 566 	 39.0 	 54.0 	 0.16129032258064516 
173.0 	 343 	 566 	 39.0 	 54.0 	 0.16129032258064516 
174.0 	 346 	 565 	 39.0 	 53.0 	 0.15217391304347827 
175.0 	 347 	 566 	 39.0 	 54.0 	 0.16129032258064516 
176.0 	 350 	 566 	 39.0 	 52.0 	 0.14285714285714285 
177.0 	 352 	 566 	 39.0 	 51.0 	 0.13333333333333333 
178.0 	 354 	 566 	 39.0 	 53.0 	 0.15217391304347827 
179.0 	 356 	 566 	 39.0 	 53.0 	 0.15217391304347827 
180.0 	 359 	 566 	 53.0 	 39.0 	 0.15217391304347827 
181.0 	 361 	 566 	 38.0 	 54.0 	 0.17391304347826086 
182.0 	 364 	 566 	 38.0 	 54.0 	 0.17391304347826086 
183.0 	 366 	 566 	 39.0 	 53.0 	 0.15217391304347827 
184.0 	 368 	 565 	 39.0 	 54.0 	 0.16129032258064516 
185.0 	 370 	 566 	 39.0 	 54.0 	 0.16129032258064516 
186.0 	 373 	 565 	 37.0 	 53.0 	 0.17777777777777778 
187.0 	 375 	 566 	 38.0 	 54.0 	 0.17391304347826086 
188.0 	 377 	 566 	 38.0 	 54.0 	 0.17391304347826086 
189.0 	 380 	 566 	 37.0 	 53.0 	 0.17777777777777778 
190.0 	 382 	 566 	 37.0 	 54.0 	 0.18681318681318682 
191.0 	 384 	 566 	 37.0 	 55.0 	 0.1956521739130435 
192.0 	 386 	 565 	 38.0 	 53.0 	 0.16483516483516483 
193.0 	 388 	 566 	 37.0 	 53.0 	 0.17777777777777778 
194.0 	 391 	 566 	 37.0 	 54.0 	 0.18681318681318682 
195.0 	 393 	 566 	 37.0 	 53.0 	 0.17777777777777778 
196.0 	 396 	 565 	 37.0 	 54.0 	 0.18681318681318682 
197.0 	 398 	 566 	 38.0 	 54.0 	 0.17391304347826086 
198.0 	 400 	 565 	 37.0 	 53.0 	 0.17777777777777778 
199.0 	 402 	 566 	 37.0 	 52.0 	 0.16853932584269662 
200.0 	 405 	 566 	 37.0 	 54.0 	 0.18681318681318682 
201.0 	 407 	 566 	 37.0 	 53.0 	 0.17777777777777778 
202.0 	 409 	 566 	 37.0 	 53.0 	 0.17777777777777778 
203.0 	 411 	 566 	 37.0 	 54.0 	 0.18681318681318682 
204.0 	 414 	 566 	 53.0 	 38.0 	 0.16483516483516483 
205.0 	 416 	 566 	 37.0 	 54.0 	 0.18681318681318682 
206.0 	 418 	 566 	 38.0 	 56.0 	 0.19148936170212766 
207.0 	 421 	 566 	 37.0 	 55.0 	 0.1956521739130435 
208.0 	 423 	 566 	 37.0 	 53.0 	 0.17777777777777778 
209.0 	 426 	 566 	 38.0 	 54.0 	 0.17391304347826086 
210.0 	 428 	 566 	 38.0 	 55.0 	 0.1827956989247312 
211.0 	 430 	 566 	 37.0 	 53.0 	 0.17777777777777778 
212.0 	 433 	 566 	 37.0 	 54.0 	 0.18681318681318682 
213.0 	 435 	 566 	 37.0 	 55.0 	 0.1956521739130435 
214.0 	 437 	 566 	 36.0 	 54.0 	 0.2 
215.0 	 439 	 566 	 37.0 	 54.0 	 0.18681318681318682 
216.0 	 442 	 566 	 38.0 	 56.0 	 0.19148936170212766 
217.0 	 444 	 566 	 37.0 	 54.0 	 0.18681318681318682 
218.0 	 446 	 566 	 37.0 	 55.0 	 0.1956521739130435 
219.0 	 449 	 566 	 38.0 	 54.0 	 0.17391304347826086 
220.0 	 451 	 566 	 37.0 	 53.0 	 0.17777777777777778 
221.0 	 453 	 566 	 37.0 	 54.0 	 0.18681318681318682 
222.0 	 455 	 566 	 37.0 	 54.0 	 0.18681318681318682 
223.0 	 457 	 566 	 37.0 	 54.0 	 0.18681318681318682 
224.0 	 460 	 566 	 37.0 	 54.0 	 0.18681318681318682 
225.0 	 462 	 566 	 37.0 	 55.0 	 0.1956521739130435 
226.0 	 464 	 566 	 36.0 	 54.0 	 0.2 
227.0 	 466 	 566 	 37.0 	 54.0 	 0.18681318681318682 
228.0 	 469 	 566 	 36.0 	 55.0 	 0.2087912087912088 
229.0 	 471 	 566 	 36.0 	 54.0 	 0.2 
230.0 	 473 	 566 	 36.0 	 52.0 	 0.18181818181818182 
231.0 	 475 	 566 	 36.70415115356445 	 54.9813232421875 	 0.19934643092679336 
232.0 	 478 	 566 	 37.0 	 54.0 	 0.18681318681318682 
233.0 	 480 	 566 	 36.0 	 52.0 	 0.18181818181818182 
234.0 	 483 	 566 	 37.0 	 54.0 	 0.18681318681318682 
235.0 	 485 	 566 	 37.0 	 54.0 	 0.18681318681318682 
236.0 	 487 	 565 	 36.0 	 52.0 	 0.18181818181818182 
237.0 	 489 	 566 	 37.0 	 54.0 	 0.18681318681318682 
238.0 	 491 	 566 	 37.0 	 55.0 	 0.1956521739130435 
239.0 	 494 	 565 	 37.0 	 53.0 	 0.17777777777777778 
240.0 	 496 	 566 	 37.0 	 55.0 	 0.1956521739130435 
241.0 	 499 	 566 	 38.0 	 56.0 	 0.19148936170212766 
242.0 	 501 	 566 	 38.0 	 55.0 	 0.1827956989247312 
243.0 	 503 	 565 	 38.0 	 55.0 	 0.1827956989247312 
244.0 	 506 	 566 	 38.0 	 56.0 	 0.19148936170212766 
245.0 	 508 	 565 	 37.0 	 55.0 	 0.1956521739130435 
246.0 	 510 	 565 	 37.0 	 55.0 	 0.1956521739130435 
247.0 	 513 	 565 	 38.0 	 56.0 	 0.19148936170212766 
248.0 	 515 	 565 	 37.0 	 55.0 	 0.1956521739130435 
249.0 	 517 	 565 	 37.0 	 54.0 	 0.18681318681318682 
250.0 	 520 	 565 	 39.0 	 56.0 	 0.17894736842105263 
251.0 	 522 	 565 	 39.0 	 55.0 	 0.1702127659574468 
252.0 	 525 	 565 	 38.0 	 55.0 	 0.1827956989247312 
253.0 	 526 	 565 	 39.0 	 55.0 	 0.1702127659574468 
254.0 	 529 	 566 	 39.0 	 55.0 	 0.1702127659574468 
255.0 	 531 	 565 	 38.0 	 54.0 	 0.17391304347826086 
256.0 	 533 	 565 	 39.0 	 55.0 	 0.1702127659574468 
257.0 	 535 	 566 	 39.0 	 54.0 	 0.16129032258064516 
258.0 	 537 	 565 	 38.0 	 52.0 	 0.15555555555555556 
259.0 	 539 	 565 	 39.0 	 53.0 	 0.15217391304347827 
260.0 	 542 	 565 	 38.0 	 55.0 	 0.1827956989247312 
261.0 	 545 	 565 	 38.0 	 54.0 	 0.17391304347826086 
262.0 	 547 	 565 	 38.0 	 56.0 	 0.19148936170212766 
263.0 	 549 	 565 	 38.0 	 57.0 	 0.2 
264.0 	 551 	 565 	 37.0 	 55.0 	 0.1956521739130435 
265.0 	 554 	 565 	 37.0 	 56.0 	 0.20430107526881722 
266.0 	 556 	 565 	 37.0 	 57.0 	 0.2127659574468085 
267.0 	 558 	 565 	 37.0 	 56.0 	 0.20430107526881722 
268.0 	 560 	 565 	 38.0 	 56.0 	 0.19148936170212766 
269.0 	 563 	 566 	 38.0 	 58.0 	 0.20833333333333334 
270.0 	 565 	 565 	 38.0 	 57.0 	 0.2 
271.0 	 568 	 565 	 38.0 	 56.0 	 0.19148936170212766 
272.0 	 570 	 566 	 38.0 	 57.0 	 0.2 
273.0 	 572 	 566 	 38.0 	 57.0 	 0.2 
274.0 	 575 	 566 	 38.0 	 56.0 	 0.19148936170212766 
275.0 	 577 	 566 	 38.0 	 57.0 	 0.2 
276.0 	 579 	 566 	 38.0 	 57.0 	 0.2 
277.0 	 581 	 566 	 38.0 	 56.0 	 0.19148936170212766 
278.0 	 584 	 566 	 38.0 	 57.0 	 0.2 
279.0 	 586 	 566 	 38.0 	 58.0 	 0.20833333333333334 
280.0 	 588 	 566 	 38.0 	 56.0 	 0.19148936170212766 
281.0 	 591 	 566 	 38.0 	 55.0 	 0.1827956989247312 
282.0 	 593 	 566 	 38.0 	 57.0 	 0.2 
283.0 	 595 	 566 	 38.0 	 56.0 	 0.19148936170212766 
284.0 	 598 	 566 	 38.0 	 57.0 	 0.2 
285.0 	 599 	 566 	 38.0 	 56.0 	 0.19148936170212766 
286.0 	 602 	 565 	 39.0 	 56.0 	 0.17894736842105263 
287.0 	 604 	 565 	 39.0 	 57.0 	 0.1875 
288.0 	 606 	 565 	 39.0 	 58.0 	 0.1958762886597938 
289.0 	 608 	 565 	 38.0 	 56.0 	 0.19148936170212766 
290.0 	 611 	 565 	 38.0 	 57.0 	 0.2 
291.0 	 613 	 565 	 39.0 	 58.0 	 0.1958762886597938 
292.0 	 616 	 565 	 39.0 	 57.0 	 0.1875 
293.0 	 618 	 565 	 39.0 	 57.0 	 0.1875 
294.0 	 620 	 565 	 39.0 	 57.0 	 0.1875 
295.0 	 622 	 565 	 39.0 	 56.0 	 0.17894736842105263 
296.0 	 624 	 565 	 39.0 	 58.0 	 0.1958762886597938 
297.0 	 627 	 565 	 39.0 	 58.0 	 0.1958762886597938 
298.0 	 629 	 565 	 38.0 	 57.0 	 0.2 
299.0 	 632 	 565 	 38.0 	 57.0 	 0.2 
300.0 	 634 	 565 	 39.0 	 57.0 	 0.1875 
301.0 	 636 	 565 	 57.0 	 38.0 	 0.2 
302.0 	 639 	 565 	 57.0 	 38.0 	 0.2 
303.0 	 641 	 565 	 38.0 	 57.0 	 0.2 
304.0 	 643 	 565 	 38.0 	 57.0 	 0.2 
305.0 	 646 	 565 	 38.0 	 57.0 	 0.2 
306.0 	 648 	 565 	 38.0 	 57.0 	 0.2 
307.0 	 650 	 565 	 38.0 	 57.0 	 0.2 
308.0 	 653 	 565 	 38.0 	 58.0 	 0.20833333333333334 
309.0 	 655 	 565 	 38.0 	 57.0 	 0.2 
310.0 	 657 	 565 	 38.0 	 58.0 	 0.20833333333333334 
311.0 	 659 	 565 	 38.0 	 58.0 	 0.20833333333333334 
312.0 	 661 	 565 	 38.0 	 58.0 	 0.20833333333333334 
313.0 	 663 	 565 	 38.0 	 58.0 	 0.20833333333333334 
314.0 	 666 	 565 	 37.0 	 57.0 	 0.2127659574468085 
315.0 	 668 	 565 	 38.0 	 57.0 	 0.2 
316.0 	 670 	 565 	 38.0 	 57.0 	 0.2 
317.0 	 673 	 565 	 38.0 	 57.0 	 0.2 
318.0 	 675 	 565 	 38.0 	 57.0 	 0.2 
319.0 	 678 	 565 	 58.0 	 38.0 	 0.20833333333333334 
320.0 	 680 	 565 	 38.0 	 57.0 	 0.2 
321.0 	 682 	 565 	 38.0 	 58.0 	 0.20833333333333334 
322.0 	 684 	 565 	 38.0 	 57.0 	 0.2 
323.0 	 687 	 565 	 38.0 	 57.0 	 0.2 
324.0 	 688 	 565 	 38.0 	 58.0 	 0.20833333333333334 
325.0 	 691 	 565 	 38.0 	 57.0 	 0.2 
326.0 	 693 	 565 	 38.0 	 57.0 	 0.2 
327.0 	 695 	 565 	 38.0 	 58.0 	 0.20833333333333334 
328.0 	 698 	 565 	 38.0 	 57.0 	 0.2 
329.0 	 700 	 565 	 37.0 	 57.0 	 0.2127659574468085 
330.0 	 703 	 565 	 37.0 	 58.0 	 0.22105263157894736 
331.0 	 705 	 565 	 38.0 	 59.0 	 0.21649484536082475 
332.0 	 707 	 565 	 37.0 	 58.0 	 0.22105263157894736 
333.0 	 710 	 565 	 37.0 	 57.0 	 0.2127659574468085 
334.0 	 712 	 565 	 57.0 	 38.0 	 0.2 
335.0 	 714 	 565 	 37.0 	 57.0 	 0.2127659574468085 
336.0 	 716 	 565 	 37.0 	 57.0 	 0.2127659574468085 
337.0 	 718 	 565 	 37.0 	 58.0 	 0.22105263157894736 
338.0 	 721 	 565 	 37.0 	 57.0 	 0.2127659574468085 
339.0 	 724 	 565 	 37.0 	 57.0 	 0.2127659574468085 
340.0 	 726 	 565 	 37.0 	 59.0 	 0.22916666666666666 
341.0 	 728 	 565 	 37.0 	 58.0 	 0.22105263157894736 
342.0 	 731 	 565 	 37.0 	 57.0 	 0.2127659574468085 
343.0 	 733 	 565 	 37.0 	 59.0 	 0.22916666666666666 
344.0 	 735 	 565 	 37.0 	 58.0 	 0.22105263157894736 
345.0 	 738 	 565 	 37.0 	 56.0 	 0.20430107526881722 
346.0 	 740 	 565 	 37.0 	 58.0 	 0.22105263157894736 
347.0 	 742 	 565 	 37.0 	 57.0 	 0.2127659574468085 
348.0 	 745 	 565 	 37.0 	 56.0 	 0.20430107526881722 
349.0 	 747 	 565 	 37.0 	 58.0 	 0.22105263157894736 
350.0 	 749 	 565 	 37.0 	 58.0 	 0.22105263157894736 
351.0 	 752 	 565 	 37.0 	 56.0 	 0.20430107526881722 
352.0 	 754 	 565 	 37.0 	 57.0 	 0.2127659574468085 
353.0 	 756 	 565 	 37.0 	 59.0 	 0.22916666666666666 
354.0 	 759 	 565 	 36.0 	 56.0 	 0.21739130434782608 
355.0 	 761 	 565 	 37.0 	 57.0 	 0.2127659574468085 
356.0 	 763 	 565 	 37.0 	 58.0 	 0.22105263157894736 
357.0 	 765 	 565 	 37.0 	 57.0 	 0.2127659574468085 
358.0 	 768 	 565 	 37.0 	 57.0 	 0.2127659574468085 
359.0 	 771 	 565 	 38.0 	 58.0 	 0.20833333333333334 
360.0 	 773 	 565 	 37.0 	 57.0 	 0.2127659574468085 
361.0 	 775 	 565 	 36.0 	 57.0 	 0.22580645161290322 
362.0 	 777 	 565 	 37.0 	 58.0 	 0.22105263157894736 
363.0 	 779 	 565 	 36.0 	 58.0 	 0.23404255319148937 
364.0 	 782 	 565 	 36.0 	 57.0 	 0.22580645161290322 
365.0 	 784 	 565 	 36.0 	 58.0 	 0.23404255319148937 
366.0 	 787 	 565 	 36.0 	 58.0 	 0.23404255319148937 
367.0 	 789 	 565 	 36.0 	 57.0 	 0.22580645161290322 
368.0 	 791 	 565 	 36.0 	 58.0 	 0.23404255319148937 
369.0 	 794 	 565 	 36.0 	 58.0 	 0.23404255319148937 
370.0 	 796 	 565 	 36.0 	 56.0 	 0.21739130434782608 
371.0 	 798 	 565 	 36.0 	 58.0 	 0.23404255319148937 
372.0 	 801 	 565 	 36.0 	 59.0 	 0.24210526315789474 
373.0 	 803 	 565 	 36.0 	 57.0 	 0.22580645161290322 
374.0 	 806 	 565 	 36.0 	 57.0 	 0.22580645161290322 
375.0 	 808 	 565 	 36.0 	 59.0 	 0.24210526315789474 
376.0 	 811 	 565 	 36.0 	 57.0 	 0.22580645161290322 
377.0 	 813 	 565 	 36.0 	 58.0 	 0.23404255319148937 
378.0 	 816 	 565 	 36.0 	 58.0 	 0.23404255319148937 
379.0 	 818 	 565 	 35.0 	 58.0 	 0.24731182795698925 
380.0 	 821 	 565 	 35.0 	 58.0 	 0.24731182795698925 
381.0 	 823 	 565 	 58.0 	 36.0 	 0.23404255319148937 
382.0 	 825 	 565 	 35.0 	 58.0 	 0.24731182795698925 
383.0 	 828 	 565 	 35.0 	 58.0 	 0.24731182795698925 
384.0 	 830 	 565 	 35.792564392089844 	 59.338924407958984 	 0.2475138391385824 
385.0 	 833 	 565 	 35.44852066040039 	 58.6391487121582 	 0.24647892977272048 
386.0 	 835 	 565 	 36.0 	 57.0 	 0.22580645161290322 
387.0 	 838 	 565 	 36.0 	 58.0 	 0.23404255319148937 
388.0 	 840 	 565 	 36.0 	 58.0 	 0.23404255319148937 
389.0 	 842 	 565 	 35.0 	 58.0 	 0.24731182795698925 
390.0 	 844 	 565 	 35.0 	 59.0 	 0.2553191489361702 
391.0 	 847 	 565 	 35.0 	 58.0 	 0.24731182795698925 
392.0 	 849 	 565 	 35.0 	 58.0 	 0.24731182795698925 
393.0 	 851 	 565 	 35.0 	 59.0 	 0.2553191489361702 
394.0 	 854 	 565 	 35.0 	 58.0 	 0.24731182795698925 
395.0 	 856 	 565 	 35.0 	 57.0 	 0.2391304347826087 
396.0 	 858 	 565 	 35.0 	 59.0 	 0.2553191489361702 
397.0 	 860 	 565 	 36.0 	 60.0 	 0.25 
398.0 	 863 	 565 	 36.0 	 58.0 	 0.23404255319148937 
399.0 	 865 	 565 	 36.0 	 59.0 	 0.24210526315789474 
400.0 	 867 	 565 	 36.0 	 60.0 	 0.25 
401.0 	 870 	 565 	 36.0 	 59.0 	 0.24210526315789474 
402.0 	 872 	 565 	 36.0 	 59.0 	 0.24210526315789474 
403.0 	 874 	 565 	 36.0 	 60.0 	 0.25 
404.0 	 877 	 565 	 36.0 	 59.0 	 0.24210526315789474 
405.0 	 879 	 565 	 36.0 	 58.0 	 0.23404255319148937 
406.0 	 881 	 565 	 36.0 	 59.0 	 0.24210526315789474 
407.0 	 883 	 565 	 36.0 	 58.0 	 0.23404255319148937 
408.0 	 886 	 565 	 36.0 	 59.0 	 0.24210526315789474 
409.0 	 888 	 565 	 36.0 	 59.0 	 0.24210526315789474 
410.0 	 890 	 565 	 36.0 	 58.0 	 0.23404255319148937 
411.0 	 893 	 565 	 36.0 	 58.0 	 0.23404255319148937 
412.0 	 895 	 565 	 36.0 	 59.0 	 0.24210526315789474 
413.0 	 897 	 565 	 36.0 	 58.0 	 0.23404255319148937 
414.0 	 900 	 565 	 36.0 	 59.0 	 0.24210526315789474 
415.0 	 902 	 565 	 36.0 	 59.0 	 0.24210526315789474 
416.0 	 904 	 565 	 36.0 	 59.0 	 0.24210526315789474 
417.0 	 907 	 565 	 36.0 	 59.0 	 0.24210526315789474 
418.0 	 909 	 565 	 36.0 	 59.0 	 0.24210526315789474 
419.0 	 911 	 565 	 36.0 	 59.0 	 0.24210526315789474 
420.0 	 913 	 565 	 36.0 	 59.0 	 0.24210526315789474 
421.0 	 915 	 565 	 36.0 	 59.0 	 0.24210526315789474 
422.0 	 917 	 565 	 36.0 	 58.0 	 0.23404255319148937 
423.0 	 920 	 565 	 36.0 	 58.0 	 0.23404255319148937 
424.0 	 922 	 565 	 36.0 	 59.0 	 0.24210526315789474 
425.0 	 925 	 565 	 36.0 	 59.0 	 0.24210526315789474 
426.0 	 927 	 564 	 35.0 	 58.0 	 0.24731182795698925 
427.0 	 929 	 564 	 35.0 	 59.0 	 0.2553191489361702 
428.0 	 931 	 564 	 35.0 	 58.0 	 0.24731182795698925 
429.0 	 934 	 564 	 35.0 	 59.0 	 0.2553191489361702 
430.0 	 936 	 564 	 35.0 	 59.0 	 0.2553191489361702 
431.0 	 938 	 564 	 35.0 	 59.0 	 0.2553191489361702 
432.0 	 940 	 564 	 35.0 	 58.0 	 0.24731182795698925 
433.0 	 942 	 564 	 35.0 	 59.0 	 0.2553191489361702 
434.0 	 945 	 565 	 35.0 	 59.0 	 0.2553191489361702 
435.0 	 947 	 564 	 35.0 	 58.0 	 0.24731182795698925 
436.0 	 949 	 564 	 35.0 	 58.0 	 0.24731182795698925 
437.0 	 951 	 564 	 35.0 	 59.0 	 0.2553191489361702 
438.0 	 954 	 564 	 35.0 	 58.0 	 0.24731182795698925 
439.0 	 956 	 564 	 35.0 	 58.0 	 0.24731182795698925 
440.0 	 958 	 564 	 35.0 	 58.0 	 0.24731182795698925 
441.0 	 960 	 564 	 35.0 	 58.0 	 0.24731182795698925 
442.0 	 962 	 564 	 35.0 	 59.0 	 0.2553191489361702 
443.0 	 964 	 564 	 35.0 	 59.0 	 0.2553191489361702 
444.0 	 967 	 564 	 35.0 	 58.0 	 0.24731182795698925 
445.0 	 969 	 564 	 35.0 	 58.0 	 0.24731182795698925 
446.0 	 971 	 564 	 35.0 	 59.0 	 0.2553191489361702 
447.0 	 973 	 564 	 35.0 	 59.0 	 0.2553191489361702 
448.0 	 976 	 564 	 35.0 	 59.0 	 0.2553191489361702 
449.0 	 978 	 564 	 35.0 	 59.0 	 0.2553191489361702 
450.0 	 980 	 564 	 35.0 	 58.0 	 0.24731182795698925 
451.0 	 982 	 564 	 35.0 	 58.0 	 0.24731182795698925 
452.0 	 984 	 564 	 35.0 	 59.0 	 0.2553191489361702 
453.0 	 987 	 564 	 35.0 	 59.0 	 0.2553191489361702 
454.0 	 989 	 564 	 35.0 	 58.0 	 0.24731182795698925 
455.0 	 991 	 564 	 35.0 	 58.0 	 0.24731182795698925 
456.0 	 994 	 564 	 35.0 	 58.0 	 0.24731182795698925 
457.0 	 996 	 564 	 35.0 	 58.0 	 0.24731182795698925 
458.0 	 998 	 564 	 35.0 	 59.0 	 0.2553191489361702 
459.0 	 1000 	 565 	 35.0 	 58.0 	 0.24731182795698925 
460.0 	 1002 	 565 	 35.0 	 58.0 	 0.24731182795698925 
461.0 	 1004 	 564 	 35.0 	 59.0 	 0.2553191489361702 
462.0 	 1006 	 565 	 35.0 	 59.0 	 0.2553191489361702 
463.0 	 1009 	 564 	 35.0 	 58.0 	 0.24731182795698925 
464.0 	 1011 	 564 	 35.0 	 59.0 	 0.2553191489361702 
465.0 	 1013 	 564 	 35.0 	 59.0 	 0.2553191489361702 
466.0 	 1016 	 564 	 35.0 	 58.0 	 0.24731182795698925 
467.0 	 1018 	 564 	 35.0 	 58.0 	 0.24731182795698925 
468.0 	 1020 	 564 	 35.0 	 59.0 	 0.2553191489361702 
469.0 	 1022 	 564 	 35.0 	 58.0 	 0.24731182795698925 
470.0 	 1024 	 564 	 35.0 	 58.0 	 0.24731182795698925 
471.0 	 1027 	 564 	 35.0 	 59.0 	 0.2553191489361702 
472.0 	 1029 	 564 	 35.0 	 58.0 	 0.24731182795698925 
473.0 	 1032 	 564 	 35.0 	 59.0 	 0.2553191489361702 
474.0 	 1034 	 564 	 35.0 	 59.0 	 0.2553191489361702 
475.0 	 1036 	 564 	 35.0 	 59.0 	 0.2553191489361702 
476.0 	 1038 	 564 	 35.0 	 59.0 	 0.2553191489361702 
477.0 	 1040 	 564 	 35.0 	 60.0 	 0.2631578947368421 
478.0 	 1042 	 564 	 35.0 	 59.0 	 0.2553191489361702 
479.0 	 1044 	 564 	 35.0 	 59.0 	 0.2553191489361702 
480.0 	 1047 	 564 	 35.0 	 59.0 	 0.2553191489361702 
481.0 	 1049 	 564 	 35.0 	 58.0 	 0.24731182795698925 
482.0 	 1051 	 564 	 35.0 	 58.0 	 0.24731182795698925 
483.0 	 1054 	 564 	 35.0 	 59.0 	 0.2553191489361702 
484.0 	 1056 	 564 	 35.0 	 59.0 	 0.2553191489361702 
485.0 	 1058 	 564 	 35.0 	 58.0 	 0.24731182795698925 
486.0 	 1060 	 564 	 35.0 	 59.0 	 0.2553191489361702 
487.0 	 1062 	 564 	 35.0 	 59.0 	 0.2553191489361702 
488.0 	 1064 	 564 	 35.0 	 59.0 	 0.2553191489361702 
489.0 	 1067 	 564 	 35.0 	 59.0 	 0.2553191489361702 
490.0 	 1069 	 564 	 35.0 	 58.0 	 0.24731182795698925 
491.0 	 1071 	 564 	 34.0 	 57.0 	 0.25274725274725274 
492.0 	 1074 	 564 	 34.0 	 58.0 	 0.2608695652173913 
493.0 	 1076 	 564 	 34.0 	 58.0 	 0.2608695652173913 
494.0 	 1078 	 564 	 34.0 	 58.0 	 0.2608695652173913 
495.0 	 1081 	 564 	 34.0 	 59.0 	 0.26881720430107525 
496.0 	 1083 	 564 	 34.0 	 60.0 	 0.2765957446808511 
497.0 	 1085 	 564 	 34.0 	 59.0 	 0.26881720430107525 
498.0 	 1087 	 564 	 34.0 	 59.0 	 0.26881720430107525 
499.0 	 1089 	 564 	 34.0 	 59.0 	 0.26881720430107525 
500.0 	 1092 	 564 	 34.0 	 59.0 	 0.26881720430107525 
501.0 	 1094 	 564 	 34.0 	 58.0 	 0.2608695652173913 
502.0 	 1096 	 564 	 35.0 	 59.0 	 0.2553191489361702 
503.0 	 1099 	 564 	 34.0 	 59.0 	 0.26881720430107525 
504.0 	 1100 	 564 	 34.0 	 59.0 	 0.26881720430107525 
505.0 	 1103 	 564 	 34.0 	 59.0 	 0.26881720430107525 
506.0 	 1105 	 564 	 34.0 	 59.0 	 0.26881720430107525 
507.0 	 1107 	 564 	 59.0 	 34.0 	 0.26881720430107525 
508.0 	 1109 	 564 	 34.0 	 60.0 	 0.2765957446808511 
509.0 	 1112 	 564 	 34.0 	 59.0 	 0.26881720430107525 
510.0 	 1114 	 564 	 34.0 	 59.0 	 0.26881720430107525 
511.0 	 1116 	 564 	 34.0 	 59.0 	 0.26881720430107525 
512.0 	 1118 	 564 	 34.0 	 60.0 	 0.2765957446808511 
513.0 	 1120 	 564 	 34.0 	 58.0 	 0.2608695652173913 
514.0 	 1122 	 564 	 34.0 	 58.0 	 0.2608695652173913 
515.0 	 1125 	 564 	 59.19266891479492 	 34.85213088989258 	 0.25881854260366166 
516.0 	 1127 	 564 	 33.0 	 59.0 	 0.2826086956521739 
517.0 	 1129 	 564 	 33.0 	 60.0 	 0.2903225806451613 
518.0 	 1131 	 564 	 33.0 	 60.0 	 0.2903225806451613 
519.0 	 1133 	 564 	 33.0 	 59.0 	 0.2826086956521739 
520.0 	 1135 	 564 	 33.0 	 59.0 	 0.2826086956521739 
521.0 	 1137 	 564 	 35.0 	 59.0 	 0.2553191489361702 
522.0 	 1140 	 564 	 35.0 	 59.0 	 0.2553191489361702 
523.0 	 1142 	 564 	 34.0 	 58.0 	 0.2608695652173913 
524.0 	 1144 	 565 	 35.0 	 59.0 	 0.2553191489361702 
525.0 	 1146 	 565 	 34.0 	 59.0 	 0.26881720430107525 
526.0 	 1148 	 565 	 34.0 	 58.0 	 0.2608695652173913 
527.0 	 1150 	 565 	 35.0 	 59.0 	 0.2553191489361702 
528.0 	 1152 	 565 	 34.0 	 59.0 	 0.26881720430107525 
529.0 	 1155 	 565 	 33.0 	 60.0 	 0.2903225806451613 
530.0 	 1157 	 565 	 33.0 	 60.0 	 0.2903225806451613 
531.0 	 1159 	 565 	 33.0 	 59.0 	 0.2826086956521739 
532.0 	 1161 	 565 	 33.0 	 59.0 	 0.2826086956521739 
533.0 	 1163 	 565 	 33.0 	 59.0 	 0.2826086956521739 
534.0 	 1166 	 565 	 34.0 	 60.0 	 0.2765957446808511 
535.0 	 1168 	 565 	 34.0 	 59.0 	 0.26881720430107525 
536.0 	 1170 	 565 	 34.0 	 59.0 	 0.26881720430107525 
537.0 	 1172 	 565 	 34.0 	 60.0 	 0.2765957446808511 
538.0 	 1174 	 565 	 34.0 	 58.0 	 0.2608695652173913 
539.0 	 1177 	 565 	 34.0 	 58.0 	 0.2608695652173913 
540.0 	 1179 	 564 	 34.0 	 59.0 	 0.26881720430107525 
541.0 	 1181 	 565 	 33.0 	 60.0 	 0.2903225806451613 
542.0 	 1183 	 565 	 34.0 	 59.0 	 0.26881720430107525 
543.0 	 1185 	 565 	 34.0 	 60.0 	 0.2765957446808511 
544.0 	 1187 	 565 	 33.0 	 60.0 	 0.2903225806451613 
545.0 	 1189 	 564 	 33.0 	 58.0 	 0.27472527472527475 
546.0 	 1191 	 564 	 34.0 	 59.0 	 0.26881720430107525 
547.0 	 1193 	 564 	 34.0 	 59.0 	 0.26881720430107525 
548.0 	 1195 	 564 	 33.0 	 59.0 	 0.2826086956521739 
549.0 	 1197 	 564 	 33.0 	 60.0 	 0.2903225806451613 
550.0 	 1200 	 564 	 33.0 	 59.0 	 0.2826086956521739 
551.0 	 1202 	 564 	 33.0 	 59.0 	 0.2826086956521739 
552.0 	 1204 	 564 	 33.0 	 60.0 	 0.2903225806451613 
553.0 	 1206 	 564 	 60.0 	 34.0 	 0.2765957446808511 
554.0 	 1208 	 564 	 59.0 	 34.0 	 0.26881720430107525 
555.0 	 1210 	 565 	 34.0 	 59.0 	 0.26881720430107525 
556.0 	 1213 	 565 	 33.0 	 60.0 	 0.2903225806451613 
557.0 	 1215 	 565 	 33.0 	 59.0 	 0.2826086956521739 
558.0 	 1217 	 564 	 58.0 	 34.0 	 0.2608695652173913 
559.0 	 1219 	 564 	 34.0 	 58.0 	 0.2608695652173913 
560.0 	 1221 	 565 	 34.0 	 58.0 	 0.2608695652173913 
561.0 	 1223 	 565 	 34.0 	 58.0 	 0.2608695652173913 
562.0 	 1226 	 565 	 34.0 	 58.0 	 0.2608695652173913 
563.0 	 1228 	 565 	 34.0 	 58.0 	 0.2608695652173913 
564.0 	 1230 	 565 	 33.0 	 58.0 	 0.27472527472527475 
565.0 	 1232 	 565 	 33.0 	 58.0 	 0.27472527472527475 
566.0 	 1235 	 564 	 33.0 	 58.0 	 0.27472527472527475 
567.0 	 1237 	 564 	 33.0 	 59.0 	 0.2826086956521739 
568.0 	 1239 	 564 	 33.0 	 57.0 	 0.26666666666666666 
569.0 	 1241 	 564 	 33.0 	 58.0 	 0.27472527472527475 
570.0 	 1243 	 564 	 33.0 	 59.0 	 0.2826086956521739 
571.0 	 1245 	 564 	 33.0 	 58.0 	 0.27472527472527475 
572.0 	 1248 	 564 	 33.0 	 58.0 	 0.27472527472527475 
573.0 	 1250 	 565 	 33.0 	 59.0 	 0.2826086956521739 
574.0 	 1252 	 564 	 33.0 	 58.0 	 0.27472527472527475 
575.0 	 1254 	 564 	 33.0 	 59.0 	 0.2826086956521739 
576.0 	 1256 	 565 	 33.0 	 60.0 	 0.2903225806451613 
577.0 	 1258 	 564 	 33.0 	 59.0 	 0.2826086956521739 
578.0 	 1261 	 564 	 33.0 	 58.0 	 0.27472527472527475 
579.0 	 1263 	 564 	 33.0 	 59.0 	 0.2826086956521739 
580.0 	 1265 	 564 	 33.0 	 58.0 	 0.27472527472527475 
581.0 	 1268 	 564 	 33.0 	 58.0 	 0.27472527472527475 
582.0 	 1270 	 564 	 33.0 	 58.0 	 0.27472527472527475 
583.0 	 1272 	 564 	 33.0 	 58.0 	 0.27472527472527475 
584.0 	 1274 	 564 	 33.0 	 58.0 	 0.27472527472527475 
585.0 	 1276 	 564 	 33.0 	 58.0 	 0.27472527472527475 
586.0 	 1278 	 564 	 33.0 	 59.0 	 0.2826086956521739 
587.0 	 1281 	 564 	 33.0 	 58.0 	 0.27472527472527475 
588.0 	 1283 	 564 	 34.0 	 58.0 	 0.2608695652173913 
589.0 	 1285 	 564 	 32.0 	 59.0 	 0.2967032967032967 
590.0 	 1288 	 564 	 32.0 	 57.0 	 0.2808988764044944 
591.0 	 1290 	 564 	 32.0 	 58.0 	 0.28888888888888886 
592.0 	 1292 	 564 	 33.0 	 59.0 	 0.2826086956521739 
593.0 	 1295 	 564 	 33.0 	 57.0 	 0.26666666666666666 
594.0 	 1297 	 564 	 33.0 	 58.0 	 0.27472527472527475 
595.0 	 1299 	 565 	 33.0 	 59.0 	 0.2826086956521739 
596.0 	 1301 	 564 	 33.0 	 58.0 	 0.27472527472527475 
597.0 	 1304 	 565 	 33.0 	 57.0 	 0.26666666666666666 
598.0 	 1306 	 565 	 33.0 	 59.0 	 0.2826086956521739 
599.0 	 1308 	 565 	 33.0 	 58.0 	 0.27472527472527475 
600.0 	 1310 	 564 	 33.0 	 57.0 	 0.26666666666666666 
601.0 	 1312 	 564 	 33.0 	 58.0 	 0.27472527472527475 
602.0 	 1315 	 564 	 33.0 	 57.0 	 0.26666666666666666 
603.0 	 1317 	 564 	 33.0 	 56.0 	 0.25842696629213485 
604.0 	 1319 	 565 	 33.0 	 57.0 	 0.26666666666666666 
605.0 	 1320 	 564 	 33.0 	 59.0 	 0.2826086956521739 
606.0 	 1323 	 564 	 57.0 	 34.0 	 0.25274725274725274 
607.0 	 1325 	 564 	 34.0 	 59.0 	 0.26881720430107525 
608.0 	 1327 	 564 	 34.0 	 59.0 	 0.26881720430107525 
609.0 	 1330 	 564 	 33.0 	 58.0 	 0.27472527472527475 
610.0 	 1332 	 564 	 33.0 	 58.0 	 0.27472527472527475 
611.0 	 1334 	 565 	 33.0 	 59.0 	 0.2826086956521739 
612.0 	 1336 	 564 	 33.0 	 57.0 	 0.26666666666666666 
613.0 	 1339 	 564 	 33.0 	 58.0 	 0.27472527472527475 
614.0 	 1341 	 564 	 33.0 	 59.0 	 0.2826086956521739 
615.0 	 1343 	 564 	 33.0 	 58.0 	 0.27472527472527475 
616.0 	 1345 	 564 	 33.0 	 59.0 	 0.2826086956521739 
617.0 	 1347 	 565 	 33.0 	 61.0 	 0.2978723404255319 
618.0 	 1350 	 565 	 33.0 	 60.0 	 0.2903225806451613 
619.0 	 1352 	 564 	 32.0 	 58.0 	 0.28888888888888886 
620.0 	 1354 	 564 	 33.0 	 59.0 	 0.2826086956521739 
621.0 	 1357 	 565 	 33.0 	 60.0 	 0.2903225806451613 
622.0 	 1359 	 564 	 31.0 	 58.0 	 0.30337078651685395 
623.0 	 1361 	 565 	 33.0 	 60.0 	 0.2903225806451613 
624.0 	 1363 	 565 	 33.0 	 60.0 	 0.2903225806451613 
625.0 	 1365 	 564 	 31.0 	 58.0 	 0.30337078651685395 
626.0 	 1368 	 564 	 33.0 	 60.0 	 0.2903225806451613 
627.0 	 1370 	 564 	 33.0 	 59.0 	 0.2826086956521739 
628.0 	 1372 	 564 	 31.0 	 58.0 	 0.30337078651685395 
629.0 	 1375 	 564 	 32.0 	 59.0 	 0.2967032967032967 
630.0 	 1377 	 564 	 33.0 	 59.0 	 0.2826086956521739 
631.0 	 1379 	 564 	 31.0 	 59.0 	 0.3111111111111111 
632.0 	 1381 	 564 	 32.0 	 60.0 	 0.30434782608695654 
633.0 	 1383 	 564 	 33.0 	 60.0 	 0.2903225806451613 
634.0 	 1385 	 564 	 32.245391845703125 	 58.30304718017578 	 0.2877758646620659 
635.0 	 1387 	 564 	 31.389429092407227 	 57.78319549560547 	 0.2959850797836257 
636.0 	 1390 	 564 	 32.0 	 59.0 	 0.2967032967032967 
637.0 	 1392 	 564 	 31.0 	 58.0 	 0.30337078651685395 
638.0 	 1395 	 564 	 32.0 	 58.0 	 0.28888888888888886 
639.0 	 1397 	 564 	 33.0 	 59.0 	 0.2826086956521739 
640.0 	 1399 	 564 	 32.0 	 57.0 	 0.2808988764044944 
641.0 	 1401 	 564 	 32.0 	 57.0 	 0.2808988764044944 
642.0 	 1403 	 564 	 33.0 	 58.0 	 0.27472527472527475 
643.0 	 1406 	 564 	 33.0 	 59.0 	 0.2826086956521739 
644.0 	 1408 	 564 	 31.0 	 58.0 	 0.30337078651685395 
645.0 	 1410 	 564 	 32.0 	 59.0 	 0.2967032967032967 
646.0 	 1413 	 564 	 32.0 	 59.0 	 0.2967032967032967 
647.0 	 1415 	 564 	 31.0 	 57.0 	 0.29545454545454547 
648.0 	 1417 	 564 	 32.0 	 58.0 	 0.28888888888888886 
649.0 	 1419 	 564 	 32.0 	 63.0 	 0.3263157894736842 
650.0 	 1421 	 564 	 61.37770080566406 	 31.438295364379883 	 0.3225673017227932 
651.0 	 1424 	 564 	 62.16994857788086 	 31.49852180480957 	 0.3274466493128434 
652.0 	 1427 	 564 	 32.0 	 62.0 	 0.3191489361702128 
653.0 	 1429 	 564 	 31.0 	 60.0 	 0.31868131868131866 
654.0 	 1431 	 564 	 32.0 	 60.0 	 0.30434782608695654 
655.0 	 1433 	 564 	 33.0 	 60.0 	 0.2903225806451613 
656.0 	 1436 	 564 	 32.0 	 59.0 	 0.2967032967032967 
657.0 	 1438 	 564 	 32.0 	 58.0 	 0.28888888888888886 
658.0 	 1441 	 564 	 32.0 	 58.0 	 0.28888888888888886 
659.0 	 1443 	 564 	 32.0 	 59.0 	 0.2967032967032967 
660.0 	 1445 	 564 	 32.0 	 58.0 	 0.28888888888888886 
661.0 	 1446 	 564 	 32.0 	 58.0 	 0.28888888888888886 
662.0 	 1449 	 564 	 32.0 	 59.0 	 0.2967032967032967 
663.0 	 1451 	 564 	 32.0 	 57.0 	 0.2808988764044944 
664.0 	 1453 	 564 	 32.0 	 59.0 	 0.2967032967032967 
665.0 	 1456 	 564 	 33.0 	 59.0 	 0.2826086956521739 
666.0 	 1458 	 564 	 32.0 	 57.0 	 0.2808988764044944 
667.0 	 1460 	 564 	 32.0 	 58.0 	 0.28888888888888886 
668.0 	 1463 	 564 	 33.0 	 58.0 	 0.27472527472527475 
669.0 	 1465 	 564 	 33.0 	 59.0 	 0.2826086956521739 
670.0 	 1467 	 564 	 33.0 	 59.0 	 0.2826086956521739 
671.0 	 1469 	 564 	 34.0 	 59.0 	 0.26881720430107525 
672.0 	 1471 	 564 	 33.0 	 59.0 	 0.2826086956521739 
673.0 	 1473 	 564 	 33.0 	 58.0 	 0.27472527472527475 
674.0 	 1476 	 564 	 33.0 	 60.0 	 0.2903225806451613 
675.0 	 1478 	 564 	 32.0 	 60.0 	 0.30434782608695654 
676.0 	 1482 	 564 	 32.0 	 57.0 	 0.2808988764044944 
677.0 	 1484 	 564 	 32.0 	 58.0 	 0.28888888888888886 
678.0 	 1486 	 564 	 32.0 	 59.0 	 0.2967032967032967 
679.0 	 1488 	 564 	 33.0 	 56.0 	 0.25842696629213485 
680.0 	 1490 	 564 	 33.0 	 58.0 	 0.27472527472527475 
681.0 	 1492 	 564 	 34.0 	 59.0 	 0.26881720430107525 
682.0 	 1494 	 564 	 33.0 	 57.0 	 0.26666666666666666 
683.0 	 1497 	 564 	 33.0 	 58.0 	 0.27472527472527475 
684.0 	 1499 	 564 	 58.0 	 34.0 	 0.2608695652173913 
685.0 	 1501 	 564 	 34.0 	 57.0 	 0.25274725274725274 
686.0 	 1504 	 564 	 34.0 	 57.0 	 0.25274725274725274 
687.0 	 1506 	 564 	 34.0 	 57.0 	 0.25274725274725274 
688.0 	 1508 	 564 	 34.0 	 57.0 	 0.25274725274725274 
689.0 	 1510 	 564 	 34.0 	 57.0 	 0.25274725274725274 
690.0 	 1513 	 564 	 34.0 	 58.0 	 0.2608695652173913 
691.0 	 1515 	 564 	 34.0 	 58.0 	 0.2608695652173913 
692.0 	 1517 	 564 	 32.0 	 56.0 	 0.2727272727272727 
693.0 	 1520 	 564 	 33.0 	 58.0 	 0.27472527472527475 
694.0 	 1522 	 564 	 33.338523864746094 	 57.44574737548828 	 0.2655440549492255 
695.0 	 1524 	 564 	 32.0 	 57.0 	 0.2808988764044944 
696.0 	 1527 	 564 	 32.0 	 57.0 	 0.2808988764044944 
697.0 	 1529 	 564 	 56.2850227355957 	 32.79648971557617 	 0.26367460962109585 
698.0 	 1531 	 564 	 55.93661880493164 	 32.53456497192383 	 0.2645161151232376 
699.0 	 1533 	 564 	 55.93661880493164 	 32.43943405151367 	 0.2658772822948531 
700.0 	 1536 	 565 	 57.03506088256836 	 32.40790939331055 	 0.2753391508946712 
701.0 	 1538 	 564 	 55.235836029052734 	 32.45404815673828 	 0.25979949778524103 
702.0 	 1540 	 564 	 55.98418426513672 	 32.48699951171875 	 0.26559139089495215 
703.0 	 1543 	 565 	 57.85838317871094 	 32.44760513305664 	 0.28138530479205304 
704.0 	 1545 	 565 	 57.200889587402344 	 32.00006103515625 	 0.28251748861825354 
705.0 	 1547 	 564 	 55.291893005371094 	 31.640419006347656 	 0.27206769786400187 
706.0 	 1550 	 565 	 58.029483795166016 	 31.725955963134766 	 0.2930577567539425 
707.0 	 1552 	 565 	 57.12575149536133 	 31.67839241027832 	 0.28655598675803384 
708.0 	 1554 	 565 	 31.0 	 56.0 	 0.28735632183908044 
709.0 	 1556 	 565 	 32.0 	 57.0 	 0.2808988764044944 
710.0 	 1558 	 565 	 32.0 	 57.0 	 0.2808988764044944 
711.0 	 1561 	 565 	 32.0 	 56.0 	 0.2727272727272727 
712.0 	 1563 	 565 	 32.0 	 56.0 	 0.2727272727272727 
713.0 	 1565 	 565 	 32.0 	 59.0 	 0.2967032967032967 
714.0 	 1567 	 565 	 31.660449981689453 	 56.97882080078125 	 0.28563378957872426 
715.0 	 1570 	 565 	 31.75261116027832 	 57.033077239990234 	 0.2847358232527422 
716.0 	 1572 	 565 	 32.0 	 58.0 	 0.28888888888888886 
717.0 	 1574 	 565 	 31.0 	 56.0 	 0.28735632183908044 
718.0 	 1577 	 565 	 31.0 	 57.0 	 0.29545454545454547 
719.0 	 1579 	 565 	 31.0 	 58.0 	 0.30337078651685395 
720.0 	 1581 	 565 	 31.0 	 57.0 	 0.29545454545454547 
721.0 	 1583 	 565 	 30.0 	 55.0 	 0.29411764705882354 
722.0 	 1586 	 565 	 30.0 	 57.0 	 0.3103448275862069 
723.0 	 1589 	 565 	 30.0 	 57.0 	 0.3103448275862069 
724.0 	 1591 	 565 	 29.0 	 55.0 	 0.30952380952380953 
725.0 	 1593 	 565 	 30.0 	 58.0 	 0.3181818181818182 
726.0 	 1595 	 565 	 30.0 	 58.0 	 0.3181818181818182 
727.0 	 1597 	 564 	 29.0 	 56.0 	 0.3176470588235294 
728.0 	 1599 	 564 	 30.0 	 57.0 	 0.3103448275862069 
729.0 	 1602 	 564 	 30.0 	 58.0 	 0.3181818181818182 
730.0 	 1604 	 564 	 29.0 	 55.0 	 0.30952380952380953 
731.0 	 1606 	 564 	 29.0 	 56.0 	 0.3176470588235294 
732.0 	 1608 	 564 	 30.0 	 58.0 	 0.3181818181818182 
733.0 	 1611 	 564 	 29.0 	 57.0 	 0.32558139534883723 
734.0 	 1614 	 564 	 29.0 	 56.0 	 0.3176470588235294 
735.0 	 1616 	 565 	 31.0 	 59.0 	 0.3111111111111111 
736.0 	 1618 	 564 	 29.0 	 58.0 	 0.3333333333333333 
737.0 	 1620 	 564 	 29.0 	 56.0 	 0.3176470588235294 
738.0 	 1622 	 564 	 30.0 	 57.0 	 0.3103448275862069 
739.0 	 1625 	 564 	 30.0 	 57.0 	 0.3103448275862069 
740.0 	 1627 	 564 	 30.0 	 56.0 	 0.3023255813953488 
741.0 	 1629 	 564 	 30.0 	 59.0 	 0.3258426966292135 
742.0 	 1631 	 565 	 30.0 	 58.0 	 0.3181818181818182 
743.0 	 1633 	 565 	 29.0 	 54.0 	 0.30120481927710846 
744.0 	 1635 	 564 	 30.0 	 57.0 	 0.3103448275862069 
745.0 	 1637 	 565 	 29.0 	 59.0 	 0.3409090909090909 
746.0 	 1640 	 565 	 29.0 	 56.0 	 0.3176470588235294 
747.0 	 1642 	 565 	 29.0 	 59.0 	 0.3409090909090909 
748.0 	 1644 	 564 	 30.0 	 59.0 	 0.3258426966292135 
749.0 	 1646 	 565 	 27.0 	 55.0 	 0.34146341463414637 
750.0 	 1648 	 565 	 56.0 	 28.0 	 0.3333333333333333 
751.0 	 1650 	 565 	 30.0 	 58.0 	 0.3181818181818182 
752.0 	 1652 	 565 	 27.0 	 56.0 	 0.3493975903614458 
753.0 	 1655 	 565 	 27.0 	 56.0 	 0.3493975903614458 
754.0 	 1657 	 565 	 28.0 	 57.0 	 0.3411764705882353 
755.0 	 1659 	 565 	 28.0 	 55.0 	 0.3253012048192771 
756.0 	 1661 	 565 	 27.0 	 55.0 	 0.34146341463414637 
757.0 	 1663 	 565 	 28.0 	 58.0 	 0.3488372093023256 
758.0 	 1665 	 564 	 27.0 	 56.0 	 0.3493975903614458 
759.0 	 1667 	 565 	 26.713891983032227 	 55.20871353149414 	 0.3478261142879454 
760.0 	 1670 	 565 	 28.39691734313965 	 59.10280990600586 	 0.3509255803213498 
761.0 	 1672 	 565 	 28.741540908813477 	 58.17232131958008 	 0.3386200964516794 
762.0 	 1675 	 564 	 28.0 	 54.0 	 0.3170731707317073 
763.0 	 1676 	 564 	 56.0 	 29.0 	 0.3176470588235294 
764.0 	 1678 	 564 	 57.0 	 29.0 	 0.32558139534883723 
765.0 	 1680 	 564 	 27.481908798217773 	 52.73237609863281 	 0.3147876632308722 
766.0 	 1682 	 564 	 28.0 	 55.0 	 0.3253012048192771 
767.0 	 1685 	 564 	 29.0 	 57.0 	 0.32558139534883723 
768.0 	 1687 	 564 	 55.1103630065918 	 27.314605712890625 	 0.33722496623928 
769.0 	 1689 	 564 	 27.0 	 54.0 	 0.3333333333333333 
770.0 	 1692 	 564 	 28.0 	 58.0 	 0.3488372093023256 
771.0 	 1694 	 564 	 28.0 	 55.0 	 0.3253012048192771 
772.0 	 1696 	 564 	 27.0 	 56.0 	 0.3493975903614458 
773.0 	 1699 	 564 	 57.0 	 29.0 	 0.32558139534883723 
774.0 	 1701 	 564 	 55.78031539916992 	 27.81525421142578 	 0.33452802963136435 
775.0 	 1704 	 564 	 26.0 	 55.0 	 0.35802469135802467 
776.0 	 1705 	 564 	 28.0 	 58.0 	 0.3488372093023256 
777.0 	 1708 	 564 	 28.0 	 55.0 	 0.3253012048192771 
778.0 	 1710 	 564 	 26.0 	 55.0 	 0.35802469135802467 
779.0 	 1711 	 564 	 28.0 	 57.0 	 0.3411764705882353 
780.0 	 1714 	 564 	 27.0 	 58.0 	 0.36470588235294116 
781.0 	 1716 	 564 	 26.0 	 56.0 	 0.36585365853658536 
782.0 	 1718 	 564 	 27.0 	 57.0 	 0.35714285714285715 
783.0 	 1720 	 564 	 27.0 	 58.0 	 0.36470588235294116 
784.0 	 1722 	 564 	 26.0 	 55.0 	 0.35802469135802467 
785.0 	 1724 	 564 	 27.0 	 57.0 	 0.35714285714285715 
786.0 	 1726 	 564 	 58.292755126953125 	 26.84420394897461 	 0.36938776671517876 
787.0 	 1728 	 564 	 25.0 	 56.0 	 0.38271604938271603 
788.0 	 1731 	 564 	 26.0 	 57.0 	 0.37349397590361444 
789.0 	 1733 	 565 	 27.0 	 57.0 	 0.35714285714285715 
790.0 	 1735 	 564 	 26.0 	 56.0 	 0.36585365853658536 
791.0 	 1737 	 564 	 26.0 	 54.0 	 0.35 
792.0 	 1739 	 565 	 26.0 	 57.0 	 0.37349397590361444 
793.0 	 1742 	 565 	 26.0 	 56.0 	 0.36585365853658536 
794.0 	 1744 	 564 	 26.0 	 55.0 	 0.35802469135802467 
795.0 	 1746 	 564 	 28.0 	 57.0 	 0.3411764705882353 
796.0 	 1748 	 565 	 28.0 	 57.0 	 0.3411764705882353 
797.0 	 1750 	 564 	 26.0 	 55.0 	 0.35802469135802467 
798.0 	 1752 	 564 	 28.0 	 57.0 	 0.3411764705882353 
799.0 	 1754 	 564 	 28.0 	 57.0 	 0.3411764705882353 
800.0 	 1756 	 564 	 27.0 	 55.0 	 0.34146341463414637 
801.0 	 1758 	 564 	 27.0 	 56.0 	 0.3493975903614458 
802.0 	 1760 	 564 	 27.0 	 57.0 	 0.35714285714285715 
803.0 	 1762 	 564 	 25.509685516357422 	 54.99490737915039 	 0.36625515144289683 
804.0 	 1764 	 564 	 26.237319946289062 	 55.47001647949219 	 0.3577732161145236 
805.0 	 1766 	 564 	 26.0 	 56.0 	 0.36585365853658536 
806.0 	 1769 	 564 	 26.0 	 54.0 	 0.35 
807.0 	 1771 	 564 	 26.0 	 54.0 	 0.35 
808.0 	 1773 	 564 	 55.5014533996582 	 27.358867645263672 	 0.3396388693586803 
809.0 	 1775 	 564 	 54.28219223022461 	 25.56805992126465 	 0.35959977001055 
810.0 	 1777 	 564 	 52.15089797973633 	 25.543296813964844 	 0.3424657561150066 
811.0 	 1778 	 564 	 27.0 	 55.0 	 0.34146341463414637 
812.0 	 1781 	 564 	 26.0 	 53.0 	 0.34177215189873417 
813.0 	 1783 	 564 	 25.0 	 54.0 	 0.3670886075949367 
814.0 	 1785 	 564 	 25.0 	 57.0 	 0.3902439024390244 
815.0 	 1787 	 564 	 25.0 	 57.0 	 0.3902439024390244 
816.0 	 1790 	 564 	 25.0 	 56.0 	 0.38271604938271603 
817.0 	 1792 	 565 	 25.0 	 57.0 	 0.3902439024390244 
818.0 	 1794 	 565 	 27.0 	 57.0 	 0.35714285714285715 
819.0 	 1796 	 564 	 55.88961410522461 	 26.408462524414062 	 0.358224065350675 
820.0 	 1798 	 565 	 27.0 	 56.0 	 0.3493975903614458 
821.0 	 1801 	 564 	 27.0 	 60.0 	 0.3793103448275862 
822.0 	 1804 	 564 	 27.0 	 59.0 	 0.37209302325581395 
823.0 	 1806 	 564 	 27.0 	 57.0 	 0.35714285714285715 
824.0 	 1807 	 564 	 29.0 	 59.0 	 0.3409090909090909 
825.0 	 1809 	 564 	 28.0 	 56.0 	 0.3333333333333333 
826.0 	 1812 	 564 	 28.0 	 58.0 	 0.3488372093023256 
827.0 	 1814 	 564 	 29.0 	 59.0 	 0.3409090909090909 
828.0 	 1816 	 564 	 29.0 	 59.0 	 0.3409090909090909 
829.0 	 1819 	 565 	 26.0 	 57.0 	 0.37349397590361444 
830.0 	 1820 	 565 	 27.0 	 60.0 	 0.3793103448275862 
831.0 	 1822 	 565 	 60.0289306640625 	 27.698673248291016 	 0.36853004042002385 
832.0 	 1824 	 565 	 26.0 	 57.0 	 0.37349397590361444 
833.0 	 1827 	 565 	 27.0 	 58.0 	 0.36470588235294116 
834.0 	 1829 	 565 	 58.0 	 28.0 	 0.3488372093023256 
835.0 	 1831 	 565 	 27.0 	 57.0 	 0.35714285714285715 
836.0 	 1833 	 565 	 27.0 	 58.0 	 0.36470588235294116 
837.0 	 1836 	 565 	 28.0 	 59.0 	 0.3563218390804598 
838.0 	 1838 	 565 	 26.0 	 57.0 	 0.37349397590361444 
839.0 	 1840 	 565 	 26.0 	 57.0 	 0.37349397590361444 
840.0 	 1842 	 565 	 28.0 	 59.0 	 0.3563218390804598 
841.0 	 1844 	 565 	 29.0 	 58.0 	 0.3333333333333333 
842.0 	 1846 	 565 	 29.0 	 58.0 	 0.3333333333333333 
843.0 	 1848 	 565 	 29.0 	 60.0 	 0.34831460674157305 
844.0 	 1850 	 565 	 29.0 	 60.0 	 0.34831460674157305 
845.0 	 1853 	 565 	 30.0 	 58.0 	 0.3181818181818182 
846.0 	 1854 	 565 	 31.0 	 60.0 	 0.31868131868131866 
847.0 	 1856 	 565 	 31.0 	 61.0 	 0.32608695652173914 
848.0 	 1859 	 564 	 30.0 	 58.0 	 0.3181818181818182 
849.0 	 1861 	 564 	 31.0 	 59.0 	 0.3111111111111111 
850.0 	 1863 	 564 	 31.0 	 61.0 	 0.32608695652173914 
851.0 	 1864 	 564 	 30.0 	 59.0 	 0.3258426966292135 
852.0 	 1867 	 564 	 30.0 	 60.0 	 0.3333333333333333 
853.0 	 1869 	 564 	 29.0 	 60.0 	 0.34831460674157305 
854.0 	 1871 	 564 	 29.0 	 58.0 	 0.3333333333333333 
855.0 	 1872 	 564 	 29.0 	 57.0 	 0.32558139534883723 
856.0 	 1875 	 564 	 31.0 	 60.0 	 0.31868131868131866 
857.0 	 1877 	 564 	 30.0 	 58.0 	 0.3181818181818182 
858.0 	 1879 	 564 	 29.0 	 58.0 	 0.3333333333333333 
859.0 	 1881 	 564 	 31.0 	 60.0 	 0.31868131868131866 
860.0 	 1883 	 564 	 31.0 	 59.0 	 0.3111111111111111 
861.0 	 1884 	 564 	 30.0 	 56.0 	 0.3023255813953488 
862.0 	 1887 	 564 	 31.0 	 60.0 	 0.31868131868131866 
863.0 	 1889 	 564 	 31.0 	 58.0 	 0.30337078651685395 
864.0 	 1890 	 564 	 30.0 	 55.0 	 0.29411764705882354 
865.0 	 1892 	 564 	 30.0 	 53.0 	 0.27710843373493976 
866.0 	 1893 	 564 	 31.0 	 52.0 	 0.25301204819277107 
867.0 	 1894 	 564 	 30.0 	 49.0 	 0.24050632911392406 
868.0 	 1895 	 564 	 30.0 	 48.0 	 0.23076923076923078 
869.0 	 1897 	 564 	 30.0 	 46.0 	 0.21052631578947367 
870.0 	 1898 	 564 	 29.0 	 43.0 	 0.19444444444444445 
871.0 	 1899 	 564 	 29.0 	 40.0 	 0.15942028985507245 
872.0 	 1900 	 564 	 30.0 	 39.0 	 0.13043478260869565 
873.0 	 1901 	 564 	 29.0 	 36.0 	 0.1076923076923077 
874.0 	 1903 	 564 	 27.0 	 33.0 	 0.1 
875.0 	 1903 	 564 	 29.0 	 33.0 	 0.06451612903225806 
876.0 	 1905 	 564 	 30.0 	 28.0 	 0.034482758620689655 
877.0 	 1906 	 564 	 27.0 	 27.0 	 0.0 
878.0 	 1907 	 564 	 29.0 	 27.0 	 0.03571428571428571 
879.0 	 1908 	 564 	 28.0 	 24.0 	 0.07692307692307693 
