frame 	 x 	 y 	 width 	 height 	 deformation 
1.0 	 91 	 522 	 31.0 	 33.0 	 0.03125 
2.0 	 91 	 522 	 31.11269760131836 	 33.23401641845703 	 0.03296701081716055 
3.0 	 91 	 522 	 31.11269760131836 	 33.23401641845703 	 0.03296701081716055 
4.0 	 91 	 522 	 31.819805145263672 	 33.23401641845703 	 0.02173909601618298 
5.0 	 91 	 522 	 32.105709075927734 	 33.51575469970703 	 0.02148756736973073 
6.0 	 92 	 522 	 31.11269760131836 	 33.941123962402344 	 0.043478250671461625 
7.0 	 92 	 522 	 31.11269760131836 	 33.23401641845703 	 0.03296701081716055 
8.0 	 92 	 522 	 31.11269760131836 	 33.23401641845703 	 0.03296701081716055 
9.0 	 92 	 522 	 32.400001525878906 	 32.400001525878906 	 0.0 
10.0 	 92 	 522 	 32.599998474121094 	 32.400001525878906 	 0.0030768761268028847 
11.0 	 92 	 522 	 32.599998474121094 	 32.400001525878906 	 0.0030768761268028847 
12.0 	 92 	 522 	 31.11269760131836 	 32.526912689208984 	 0.022222246199096046 
13.0 	 92 	 522 	 31.819805145263672 	 33.941123962402344 	 0.03225804206119985 
14.0 	 92 	 522 	 31.819805145263672 	 33.941123962402344 	 0.03225804206119985 
15.0 	 92 	 522 	 31.819805145263672 	 33.941123962402344 	 0.03225804206119985 
16.0 	 92 	 522 	 31.819805145263672 	 33.941123962402344 	 0.03225804206119985 
17.0 	 92 	 522 	 31.819805145263672 	 33.941123962402344 	 0.03225804206119985 
18.0 	 92 	 522 	 31.819805145263672 	 33.941123962402344 	 0.03225804206119985 
19.0 	 92 	 522 	 31.819805145263672 	 33.941123962402344 	 0.03225804206119985 
20.0 	 92 	 522 	 31.819805145263672 	 33.941123962402344 	 0.03225804206119985 
21.0 	 92 	 522 	 31.819805145263672 	 33.941123962402344 	 0.03225804206119985 
22.0 	 92 	 522 	 31.819805145263672 	 33.23401641845703 	 0.02173909601618298 
23.0 	 92 	 522 	 31.819805145263672 	 33.23401641845703 	 0.02173909601618298 
24.0 	 92 	 522 	 31.819805145263672 	 33.23401641845703 	 0.02173909601618298 
25.0 	 92 	 522 	 32.0 	 34.0 	 0.030303030303030304 
26.0 	 93 	 522 	 32.0 	 34.0 	 0.030303030303030304 
27.0 	 92 	 522 	 32.0 	 34.0 	 0.030303030303030304 
28.0 	 92 	 522 	 32.541934967041016 	 33.70793533325195 	 0.017600039983863655 
29.0 	 92 	 522 	 31.819805145263672 	 34.64822769165039 	 0.04255312555024059 
30.0 	 93 	 522 	 32.17179489135742 	 34.20205307006836 	 0.03058822474615084 
31.0 	 93 	 522 	 32.17179489135742 	 34.514404296875 	 0.035128848757824536 
32.0 	 93 	 522 	 32.64940643310547 	 34.44192123413086 	 0.026717533597129202 
33.0 	 93 	 522 	 32.52690887451172 	 33.941123962402344 	 0.021276620166577557 
34.0 	 93 	 522 	 33.0 	 33.0 	 0.0 
35.0 	 93 	 522 	 33.0 	 33.0 	 0.0 
36.0 	 93 	 522 	 33.0 	 33.0 	 0.0 
37.0 	 93 	 522 	 31.819805145263672 	 33.941123962402344 	 0.03225804206119985 
38.0 	 93 	 522 	 31.819805145263672 	 33.2340202331543 	 0.021739153380514346 
39.0 	 93 	 522 	 31.819805145263672 	 33.2340202331543 	 0.021739153380514346 
40.0 	 93 	 522 	 31.819805145263672 	 33.941123962402344 	 0.03225804206119985 
41.0 	 93 	 522 	 31.819805145263672 	 33.2340202331543 	 0.021739153380514346 
42.0 	 93 	 522 	 31.890438079833984 	 33.01930236816406 	 0.017391292593974542 
43.0 	 93 	 522 	 31.888778686523438 	 33.0818977355957 	 0.01836396224845322 
44.0 	 93 	 522 	 31.819805145263672 	 32.526912689208984 	 0.010989022715413337 
45.0 	 94 	 522 	 32.52690887451172 	 32.526912689208984 	 5.86390956584845e-08 
46.0 	 94 	 522 	 31.819805145263672 	 32.526912689208984 	 0.010989022715413337 
47.0 	 94 	 522 	 32.52690887451172 	 33.23401641845703 	 0.010752700647004391 
48.0 	 94 	 522 	 31.819805145263672 	 33.23401641845703 	 0.02173909601618298 
49.0 	 94 	 522 	 32.53956985473633 	 32.97343063354492 	 0.006622514242592222 
50.0 	 94 	 522 	 32.53956985473633 	 32.97343063354492 	 0.006622514242592222 
51.0 	 94 	 522 	 32.52690887451172 	 33.23401641845703 	 0.010752700647004391 
52.0 	 94 	 522 	 31.819805145263672 	 33.23401641845703 	 0.02173909601618298 
53.0 	 94 	 522 	 31.819805145263672 	 33.23401641845703 	 0.02173909601618298 
54.0 	 94 	 522 	 31.819805145263672 	 33.23401641845703 	 0.02173909601618298 
55.0 	 95 	 522 	 32.526912689208984 	 33.23401641845703 	 0.010752642014688582 
56.0 	 95 	 522 	 32.526912689208984 	 33.23401641845703 	 0.010752642014688582 
57.0 	 95 	 522 	 32.526912689208984 	 33.23401641845703 	 0.010752642014688582 
58.0 	 94 	 522 	 32.526912689208984 	 33.23401641845703 	 0.010752642014688582 
59.0 	 95 	 522 	 32.526912689208984 	 33.23401641845703 	 0.010752642014688582 
60.0 	 94 	 522 	 32.526912689208984 	 33.23401641845703 	 0.010752642014688582 
61.0 	 94 	 522 	 32.52690887451172 	 33.2340202331543 	 0.010752758031822688 
62.0 	 94 	 522 	 32.0 	 33.0 	 0.015384615384615385 
63.0 	 94 	 522 	 32.0 	 33.0 	 0.015384615384615385 
64.0 	 94 	 522 	 32.0 	 33.0 	 0.015384615384615385 
65.0 	 94 	 522 	 33.0 	 33.0 	 0.0 
66.0 	 95 	 522 	 33.23401641845703 	 33.23401641845703 	 0.0 
67.0 	 95 	 522 	 33.23401641845703 	 33.23401641845703 	 0.0 
68.0 	 95 	 522 	 33.0 	 33.0 	 0.0 
69.0 	 95 	 522 	 33.23401641845703 	 32.52690887451172 	 0.010752700647004391 
70.0 	 95 	 522 	 33.23401641845703 	 32.52690887451172 	 0.010752700647004391 
71.0 	 95 	 522 	 32.0 	 32.0 	 0.0 
72.0 	 96 	 522 	 33.0 	 32.0 	 0.015384615384615385 
73.0 	 96 	 522 	 32.0 	 33.0 	 0.015384615384615385 
74.0 	 96 	 522 	 32.497100830078125 	 33.489376068115234 	 0.015037554430554495 
75.0 	 97 	 522 	 33.0 	 33.0 	 0.0 
76.0 	 97 	 522 	 32.0 	 34.0 	 0.030303030303030304 
77.0 	 98 	 522 	 32.199378967285156 	 32.199378967285156 	 0.0 
78.0 	 98 	 522 	 32.0 	 33.0 	 0.015384615384615385 
79.0 	 99 	 522 	 32.64659118652344 	 32.64659118652344 	 0.0 
80.0 	 100 	 522 	 32.57145690917969 	 32.25523376464844 	 0.004877977592937901 
81.0 	 101 	 522 	 33.0056037902832 	 31.71815299987793 	 0.019891471914698606 
82.0 	 102 	 522 	 32.9376220703125 	 32.12888717651367 	 0.012429357332371058 
83.0 	 103 	 521 	 32.64659118652344 	 33.09380340576172 	 0.0068027005619884584 
84.0 	 103 	 521 	 33.20391845703125 	 32.25523376464844 	 0.014492773893099912 
85.0 	 105 	 522 	 31.0 	 33.0 	 0.03125 
86.0 	 106 	 522 	 31.0 	 33.0 	 0.03125 
87.0 	 107 	 522 	 31.0 	 33.0 	 0.03125 
88.0 	 108 	 522 	 31.0 	 33.0 	 0.03125 
89.0 	 109 	 522 	 31.0 	 32.0 	 0.015873015873015872 
90.0 	 110 	 522 	 31.0 	 32.0 	 0.015873015873015872 
91.0 	 112 	 522 	 32.0 	 33.0 	 0.015384615384615385 
92.0 	 113 	 522 	 31.0 	 34.0 	 0.046153846153846156 
93.0 	 114 	 521 	 32.65447998046875 	 34.05897521972656 	 0.021052653247282276 
94.0 	 116 	 522 	 32.0 	 35.0 	 0.04477611940298507 
95.0 	 117 	 522 	 32.0 	 35.0 	 0.04477611940298507 
96.0 	 118 	 522 	 32.124996185302734 	 35.84603500366211 	 0.05474448089531837 
97.0 	 120 	 522 	 34.435447692871094 	 33.541019439697266 	 0.013157910243106714 
98.0 	 121 	 522 	 32.0 	 35.0 	 0.04477611940298507 
99.0 	 122 	 522 	 33.83636474609375 	 32.57145690917969 	 0.01904757309282432 
100.0 	 124 	 522 	 32.0 	 33.0 	 0.015384615384615385 
101.0 	 126 	 522 	 31.0 	 32.0 	 0.015873015873015872 
102.0 	 127 	 522 	 31.0 	 32.0 	 0.015873015873015872 
103.0 	 128 	 522 	 31.0 	 31.0 	 0.0 
104.0 	 130 	 521 	 31.0 	 31.0 	 0.0 
105.0 	 132 	 521 	 31.0 	 32.0 	 0.015873015873015872 
106.0 	 133 	 521 	 31.304948806762695 	 32.199378967285156 	 0.014084554421312769 
107.0 	 135 	 521 	 31.0 	 32.0 	 0.015873015873015872 
108.0 	 137 	 521 	 31.0 	 32.0 	 0.015873015873015872 
109.0 	 138 	 521 	 31.0 	 33.0 	 0.03125 
110.0 	 140 	 521 	 30.0 	 33.0 	 0.047619047619047616 
111.0 	 142 	 521 	 31.0 	 34.0 	 0.046153846153846156 
112.0 	 144 	 522 	 31.0 	 32.0 	 0.015873015873015872 
113.0 	 146 	 521 	 31.0 	 30.0 	 0.01639344262295082 
114.0 	 148 	 521 	 31.0 	 29.0 	 0.03333333333333333 
115.0 	 149 	 521 	 31.0 	 30.0 	 0.01639344262295082 
116.0 	 151 	 522 	 32.0 	 31.0 	 0.015873015873015872 
117.0 	 153 	 522 	 32.0 	 32.0 	 0.0 
118.0 	 155 	 522 	 32.0 	 32.0 	 0.0 
119.0 	 156 	 522 	 32.0 	 33.0 	 0.015384615384615385 
120.0 	 158 	 522 	 32.0 	 33.0 	 0.015384615384615385 
121.0 	 160 	 522 	 32.0 	 32.0 	 0.0 
122.0 	 162 	 522 	 32.0 	 32.0 	 0.0 
123.0 	 163 	 522 	 32.0 	 33.0 	 0.015384615384615385 
124.0 	 165 	 521 	 32.0 	 32.0 	 0.0 
125.0 	 168 	 521 	 32.0 	 33.0 	 0.015384615384615385 
126.0 	 170 	 522 	 32.0 	 33.0 	 0.015384615384615385 
127.0 	 171 	 521 	 31.0 	 32.0 	 0.015873015873015872 
128.0 	 174 	 521 	 31.0 	 34.0 	 0.046153846153846156 
129.0 	 176 	 521 	 31.0 	 33.0 	 0.03125 
130.0 	 178 	 521 	 32.0 	 32.0 	 0.0 
131.0 	 180 	 521 	 32.0 	 32.0 	 0.0 
132.0 	 181 	 521 	 32.0 	 31.0 	 0.015873015873015872 
133.0 	 184 	 521 	 30.0 	 32.0 	 0.03225806451612903 
134.0 	 185 	 521 	 30.0 	 33.0 	 0.047619047619047616 
135.0 	 187 	 521 	 31.0 	 32.0 	 0.015873015873015872 
136.0 	 189 	 521 	 31.0 	 32.0 	 0.015873015873015872 
137.0 	 191 	 521 	 32.0 	 32.0 	 0.0 
138.0 	 193 	 521 	 32.0 	 31.0 	 0.015873015873015872 
139.0 	 195 	 521 	 32.0 	 31.0 	 0.015873015873015872 
140.0 	 197 	 521 	 31.0 	 32.0 	 0.015873015873015872 
141.0 	 199 	 521 	 31.0 	 32.0 	 0.015873015873015872 
142.0 	 201 	 520 	 31.0 	 32.0 	 0.015873015873015872 
143.0 	 203 	 520 	 30.0 	 32.0 	 0.03225806451612903 
144.0 	 206 	 520 	 30.0 	 31.0 	 0.01639344262295082 
145.0 	 208 	 520 	 32.0 	 31.0 	 0.015873015873015872 
146.0 	 210 	 520 	 31.0 	 31.0 	 0.0 
147.0 	 212 	 520 	 31.0 	 32.0 	 0.015873015873015872 
148.0 	 214 	 520 	 30.0 	 31.0 	 0.01639344262295082 
149.0 	 216 	 520 	 30.0 	 33.0 	 0.047619047619047616 
150.0 	 218 	 520 	 30.0 	 32.0 	 0.03225806451612903 
151.0 	 220 	 520 	 30.0 	 31.0 	 0.01639344262295082 
152.0 	 222 	 520 	 31.0 	 32.0 	 0.015873015873015872 
153.0 	 225 	 520 	 30.0 	 32.0 	 0.03225806451612903 
154.0 	 227 	 520 	 30.0 	 32.0 	 0.03225806451612903 
155.0 	 229 	 520 	 30.0 	 33.0 	 0.047619047619047616 
156.0 	 231 	 520 	 31.0 	 32.0 	 0.015873015873015872 
157.0 	 233 	 520 	 31.0 	 33.0 	 0.03125 
158.0 	 235 	 520 	 31.0 	 33.0 	 0.03125 
159.0 	 237 	 520 	 31.0 	 33.0 	 0.03125 
160.0 	 240 	 520 	 30.0 	 31.0 	 0.01639344262295082 
161.0 	 242 	 520 	 30.0 	 30.0 	 0.0 
162.0 	 244 	 520 	 30.0 	 31.0 	 0.01639344262295082 
163.0 	 246 	 520 	 30.0 	 32.0 	 0.03225806451612903 
164.0 	 248 	 520 	 30.0 	 31.0 	 0.01639344262295082 
165.0 	 250 	 520 	 30.0 	 32.0 	 0.03225806451612903 
166.0 	 253 	 520 	 30.0 	 32.0 	 0.03225806451612903 
167.0 	 255 	 520 	 31.0 	 32.0 	 0.015873015873015872 
168.0 	 257 	 520 	 30.0 	 31.0 	 0.01639344262295082 
169.0 	 259 	 520 	 30.0 	 33.0 	 0.047619047619047616 
170.0 	 261 	 520 	 30.0 	 32.0 	 0.03225806451612903 
171.0 	 263 	 520 	 30.0 	 32.0 	 0.03225806451612903 
172.0 	 265 	 520 	 30.0 	 32.0 	 0.03225806451612903 
173.0 	 268 	 520 	 30.0 	 32.0 	 0.03225806451612903 
174.0 	 270 	 520 	 30.0 	 32.0 	 0.03225806451612903 
175.0 	 272 	 520 	 31.0 	 31.0 	 0.0 
176.0 	 274 	 520 	 31.0 	 32.0 	 0.015873015873015872 
177.0 	 277 	 520 	 31.0 	 32.0 	 0.015873015873015872 
178.0 	 279 	 520 	 31.0 	 33.0 	 0.03125 
179.0 	 281 	 520 	 31.0 	 33.0 	 0.03125 
180.0 	 284 	 520 	 31.0 	 32.0 	 0.015873015873015872 
181.0 	 286 	 520 	 32.0 	 32.0 	 0.0 
182.0 	 288 	 520 	 32.0 	 32.0 	 0.0 
183.0 	 290 	 520 	 31.0 	 31.0 	 0.0 
184.0 	 293 	 520 	 31.0 	 32.0 	 0.015873015873015872 
185.0 	 295 	 520 	 31.0 	 33.0 	 0.03125 
186.0 	 297 	 520 	 31.0 	 33.0 	 0.03125 
187.0 	 300 	 519 	 33.208595275878906 	 31.40020751953125 	 0.027989804455502542 
188.0 	 302 	 519 	 31.0 	 33.0 	 0.03125 
189.0 	 304 	 520 	 31.0 	 32.0 	 0.015873015873015872 
190.0 	 306 	 520 	 31.0 	 33.0 	 0.03125 
191.0 	 308 	 520 	 31.0 	 33.0 	 0.03125 
192.0 	 311 	 520 	 31.0 	 34.0 	 0.046153846153846156 
193.0 	 313 	 520 	 30.0 	 33.0 	 0.047619047619047616 
194.0 	 316 	 520 	 30.0 	 34.0 	 0.0625 
195.0 	 318 	 520 	 33.0 	 31.0 	 0.03125 
196.0 	 320 	 520 	 31.0 	 34.0 	 0.046153846153846156 
197.0 	 322 	 520 	 31.0 	 34.0 	 0.046153846153846156 
198.0 	 324 	 519 	 31.0 	 34.0 	 0.046153846153846156 
199.0 	 327 	 519 	 31.0 	 34.0 	 0.046153846153846156 
200.0 	 329 	 519 	 31.0 	 35.0 	 0.06060606060606061 
201.0 	 331 	 519 	 31.0 	 34.0 	 0.046153846153846156 
202.0 	 334 	 519 	 31.0 	 33.0 	 0.03125 
203.0 	 336 	 519 	 31.0 	 33.0 	 0.03125 
204.0 	 338 	 519 	 31.0 	 34.0 	 0.046153846153846156 
205.0 	 340 	 519 	 31.0 	 34.0 	 0.046153846153846156 
206.0 	 343 	 519 	 31.0 	 34.0 	 0.046153846153846156 
207.0 	 345 	 519 	 31.0 	 34.0 	 0.046153846153846156 
208.0 	 348 	 519 	 31.0 	 34.0 	 0.046153846153846156 
209.0 	 350 	 519 	 31.0 	 33.0 	 0.03125 
210.0 	 352 	 519 	 31.0 	 33.0 	 0.03125 
211.0 	 354 	 519 	 31.0 	 33.0 	 0.03125 
212.0 	 357 	 519 	 31.0 	 33.0 	 0.03125 
213.0 	 359 	 519 	 31.0 	 33.0 	 0.03125 
214.0 	 361 	 519 	 31.0 	 33.0 	 0.03125 
215.0 	 363 	 519 	 31.0 	 33.0 	 0.03125 
216.0 	 366 	 519 	 31.0 	 33.0 	 0.03125 
217.0 	 368 	 519 	 32.0 	 33.0 	 0.015384615384615385 
218.0 	 371 	 519 	 32.0 	 33.0 	 0.015384615384615385 
219.0 	 373 	 519 	 32.0 	 34.0 	 0.030303030303030304 
220.0 	 375 	 519 	 32.0 	 33.0 	 0.015384615384615385 
221.0 	 378 	 519 	 32.0 	 34.0 	 0.030303030303030304 
222.0 	 380 	 519 	 32.0 	 33.0 	 0.015384615384615385 
223.0 	 382 	 519 	 33.0 	 33.0 	 0.0 
224.0 	 384 	 519 	 32.0 	 33.0 	 0.015384615384615385 
225.0 	 387 	 519 	 31.0 	 33.0 	 0.03125 
226.0 	 389 	 519 	 31.0 	 34.0 	 0.046153846153846156 
227.0 	 391 	 518 	 31.0 	 35.0 	 0.06060606060606061 
228.0 	 394 	 518 	 31.0 	 35.0 	 0.06060606060606061 
229.0 	 396 	 519 	 31.0 	 35.0 	 0.06060606060606061 
230.0 	 398 	 518 	 30.0 	 33.0 	 0.047619047619047616 
231.0 	 401 	 519 	 30.0 	 33.0 	 0.047619047619047616 
232.0 	 403 	 519 	 31.0 	 33.0 	 0.03125 
233.0 	 406 	 519 	 30.0 	 34.0 	 0.0625 
234.0 	 408 	 518 	 31.0 	 34.0 	 0.046153846153846156 
235.0 	 410 	 518 	 31.0 	 34.0 	 0.046153846153846156 
236.0 	 412 	 518 	 31.0 	 34.0 	 0.046153846153846156 
237.0 	 414 	 518 	 31.0 	 33.0 	 0.03125 
238.0 	 416 	 518 	 31.0 	 33.0 	 0.03125 
239.0 	 419 	 518 	 30.0 	 34.0 	 0.0625 
240.0 	 422 	 518 	 30.0 	 34.0 	 0.0625 
241.0 	 424 	 518 	 30.0 	 35.0 	 0.07692307692307693 
242.0 	 427 	 518 	 30.0 	 34.0 	 0.0625 
243.0 	 429 	 518 	 31.0 	 34.0 	 0.046153846153846156 
244.0 	 431 	 518 	 31.0 	 32.0 	 0.015873015873015872 
245.0 	 433 	 518 	 31.0 	 32.0 	 0.015873015873015872 
246.0 	 435 	 518 	 31.0 	 33.0 	 0.03125 
247.0 	 437 	 518 	 31.0 	 33.0 	 0.03125 
248.0 	 440 	 518 	 31.0 	 34.0 	 0.046153846153846156 
249.0 	 443 	 518 	 31.0 	 34.0 	 0.046153846153846156 
250.0 	 445 	 519 	 30.0 	 34.0 	 0.0625 
251.0 	 447 	 519 	 30.0 	 33.0 	 0.047619047619047616 
252.0 	 450 	 519 	 30.0 	 34.0 	 0.0625 
253.0 	 452 	 518 	 29.981327056884766 	 35.07249450683594 	 0.07826085120863092 
254.0 	 455 	 518 	 30.0 	 34.0 	 0.0625 
255.0 	 457 	 518 	 30.0 	 34.0 	 0.0625 
256.0 	 459 	 518 	 30.0 	 34.0 	 0.0625 
257.0 	 461 	 518 	 30.0 	 33.0 	 0.047619047619047616 
258.0 	 464 	 518 	 31.0 	 33.0 	 0.03125 
259.0 	 466 	 518 	 31.0 	 35.0 	 0.06060606060606061 
260.0 	 468 	 518 	 31.0 	 35.0 	 0.06060606060606061 
261.0 	 470 	 518 	 31.0 	 35.0 	 0.06060606060606061 
262.0 	 473 	 518 	 30.0 	 35.0 	 0.07692307692307693 
263.0 	 475 	 518 	 30.0 	 34.0 	 0.0625 
264.0 	 478 	 518 	 30.0 	 33.0 	 0.047619047619047616 
265.0 	 480 	 518 	 31.0 	 33.0 	 0.03125 
266.0 	 482 	 518 	 31.0 	 34.0 	 0.046153846153846156 
267.0 	 485 	 518 	 30.0 	 34.0 	 0.0625 
268.0 	 487 	 518 	 30.0 	 33.0 	 0.047619047619047616 
269.0 	 489 	 518 	 30.0 	 33.0 	 0.047619047619047616 
270.0 	 492 	 518 	 30.0 	 34.0 	 0.0625 
271.0 	 494 	 518 	 30.0 	 33.0 	 0.047619047619047616 
272.0 	 497 	 518 	 29.0 	 33.0 	 0.06451612903225806 
273.0 	 499 	 518 	 29.0 	 33.0 	 0.06451612903225806 
274.0 	 501 	 518 	 30.0 	 33.0 	 0.047619047619047616 
275.0 	 503 	 518 	 30.0 	 33.0 	 0.047619047619047616 
276.0 	 506 	 518 	 30.0 	 34.0 	 0.0625 
277.0 	 508 	 518 	 30.0 	 34.0 	 0.0625 
278.0 	 510 	 518 	 30.0 	 33.0 	 0.047619047619047616 
279.0 	 513 	 518 	 33.37544631958008 	 30.547014236450195 	 0.0442478599623158 
280.0 	 515 	 518 	 30.0 	 33.0 	 0.047619047619047616 
281.0 	 518 	 518 	 30.0 	 33.0 	 0.047619047619047616 
282.0 	 520 	 518 	 33.0 	 30.0 	 0.047619047619047616 
283.0 	 522 	 517 	 29.0 	 34.0 	 0.07936507936507936 
284.0 	 525 	 517 	 29.0 	 33.0 	 0.06451612903225806 
285.0 	 527 	 518 	 29.0 	 33.0 	 0.06451612903225806 
286.0 	 529 	 518 	 30.0 	 32.0 	 0.03225806451612903 
287.0 	 531 	 518 	 29.0 	 31.0 	 0.03333333333333333 
288.0 	 533 	 518 	 29.0 	 30.0 	 0.01694915254237288 
289.0 	 535 	 518 	 29.0 	 30.0 	 0.01694915254237288 
290.0 	 537 	 518 	 30.0 	 30.0 	 0.0 
291.0 	 539 	 518 	 29.0 	 30.0 	 0.01694915254237288 
292.0 	 542 	 518 	 29.0 	 31.0 	 0.03333333333333333 
293.0 	 545 	 518 	 29.0 	 32.0 	 0.04918032786885246 
294.0 	 548 	 518 	 30.0 	 32.0 	 0.03225806451612903 
295.0 	 550 	 518 	 33.0 	 30.0 	 0.047619047619047616 
296.0 	 553 	 518 	 29.0 	 34.0 	 0.07936507936507936 
297.0 	 555 	 518 	 29.0 	 35.0 	 0.09375 
298.0 	 558 	 518 	 29.0 	 35.0 	 0.09375 
299.0 	 560 	 518 	 29.0 	 35.0 	 0.09375 
300.0 	 562 	 518 	 29.0 	 34.0 	 0.07936507936507936 
301.0 	 564 	 518 	 30.0 	 34.0 	 0.0625 
302.0 	 567 	 518 	 30.0 	 33.0 	 0.047619047619047616 
303.0 	 570 	 518 	 30.0 	 33.0 	 0.047619047619047616 
304.0 	 572 	 518 	 31.0 	 32.0 	 0.015873015873015872 
305.0 	 574 	 518 	 30.0 	 31.0 	 0.01639344262295082 
306.0 	 577 	 518 	 30.0 	 30.0 	 0.0 
307.0 	 579 	 518 	 33.0 	 31.0 	 0.03125 
308.0 	 581 	 518 	 30.0 	 32.0 	 0.03225806451612903 
309.0 	 583 	 517 	 31.0 	 34.0 	 0.046153846153846156 
310.0 	 585 	 517 	 30.0 	 34.0 	 0.0625 
311.0 	 587 	 517 	 34.0 	 31.0 	 0.046153846153846156 
312.0 	 590 	 517 	 30.0 	 33.0 	 0.047619047619047616 
313.0 	 592 	 517 	 31.0 	 33.0 	 0.03125 
314.0 	 595 	 518 	 31.0 	 33.0 	 0.03125 
315.0 	 597 	 518 	 31.0 	 32.0 	 0.015873015873015872 
316.0 	 599 	 518 	 31.0 	 32.0 	 0.015873015873015872 
317.0 	 601 	 518 	 31.0 	 33.0 	 0.03125 
318.0 	 604 	 517 	 34.12420654296875 	 30.5941162109375 	 0.05454545454545454 
319.0 	 606 	 517 	 30.0 	 33.0 	 0.047619047619047616 
320.0 	 608 	 517 	 30.0 	 33.0 	 0.047619047619047616 
321.0 	 611 	 517 	 30.0 	 34.0 	 0.0625 
322.0 	 613 	 517 	 30.0 	 34.0 	 0.0625 
323.0 	 615 	 517 	 30.0 	 33.0 	 0.047619047619047616 
324.0 	 618 	 517 	 30.0 	 32.0 	 0.03225806451612903 
325.0 	 620 	 517 	 30.0 	 32.0 	 0.03225806451612903 
326.0 	 622 	 517 	 30.0 	 31.0 	 0.01639344262295082 
327.0 	 624 	 517 	 30.0 	 31.0 	 0.01639344262295082 
328.0 	 627 	 517 	 30.0 	 32.0 	 0.03225806451612903 
329.0 	 629 	 517 	 29.0 	 33.0 	 0.06451612903225806 
330.0 	 631 	 517 	 29.0 	 33.0 	 0.06451612903225806 
331.0 	 634 	 517 	 29.0 	 34.0 	 0.07936507936507936 
332.0 	 636 	 517 	 29.0 	 34.0 	 0.07936507936507936 
333.0 	 638 	 517 	 30.0 	 33.0 	 0.047619047619047616 
334.0 	 640 	 517 	 30.0 	 33.0 	 0.047619047619047616 
335.0 	 643 	 517 	 30.0 	 34.0 	 0.0625 
336.0 	 645 	 517 	 30.0 	 34.0 	 0.0625 
337.0 	 647 	 517 	 30.0 	 34.0 	 0.0625 
338.0 	 649 	 517 	 30.0 	 34.0 	 0.0625 
339.0 	 651 	 517 	 30.0 	 34.0 	 0.0625 
340.0 	 654 	 517 	 30.0 	 34.0 	 0.0625 
341.0 	 656 	 517 	 30.0 	 35.0 	 0.07692307692307693 
342.0 	 658 	 517 	 30.0 	 34.0 	 0.0625 
343.0 	 660 	 517 	 30.0 	 34.0 	 0.0625 
344.0 	 662 	 517 	 30.0 	 34.0 	 0.0625 
345.0 	 665 	 517 	 30.0 	 34.0 	 0.0625 
346.0 	 667 	 517 	 30.0 	 35.0 	 0.07692307692307693 
347.0 	 669 	 517 	 30.0 	 34.0 	 0.0625 
348.0 	 671 	 517 	 30.0 	 34.0 	 0.0625 
349.0 	 673 	 517 	 31.0 	 33.0 	 0.03125 
350.0 	 676 	 517 	 31.0 	 34.0 	 0.046153846153846156 
351.0 	 678 	 517 	 31.0 	 34.0 	 0.046153846153846156 
352.0 	 680 	 517 	 30.0 	 34.0 	 0.0625 
353.0 	 682 	 517 	 30.0 	 33.0 	 0.047619047619047616 
354.0 	 684 	 517 	 30.0 	 34.0 	 0.0625 
355.0 	 686 	 517 	 30.0 	 33.0 	 0.047619047619047616 
356.0 	 689 	 517 	 30.0 	 34.0 	 0.0625 
357.0 	 691 	 517 	 30.0 	 33.0 	 0.047619047619047616 
358.0 	 693 	 517 	 30.0 	 33.0 	 0.047619047619047616 
359.0 	 695 	 517 	 30.0 	 33.0 	 0.047619047619047616 
360.0 	 698 	 517 	 30.0 	 33.0 	 0.047619047619047616 
361.0 	 700 	 517 	 30.0 	 33.0 	 0.047619047619047616 
362.0 	 702 	 517 	 30.0 	 33.0 	 0.047619047619047616 
363.0 	 704 	 517 	 30.0 	 33.0 	 0.047619047619047616 
364.0 	 706 	 517 	 30.0 	 33.0 	 0.047619047619047616 
365.0 	 708 	 517 	 31.0 	 33.0 	 0.03125 
366.0 	 710 	 517 	 30.0 	 33.0 	 0.047619047619047616 
367.0 	 712 	 517 	 31.0 	 33.0 	 0.03125 
368.0 	 715 	 517 	 30.0 	 34.0 	 0.0625 
369.0 	 717 	 517 	 30.0 	 34.0 	 0.0625 
370.0 	 719 	 517 	 30.0 	 33.0 	 0.047619047619047616 
371.0 	 721 	 517 	 30.0 	 33.0 	 0.047619047619047616 
372.0 	 724 	 517 	 30.0 	 34.0 	 0.0625 
373.0 	 726 	 517 	 29.0 	 34.0 	 0.07936507936507936 
374.0 	 728 	 517 	 30.0 	 35.0 	 0.07692307692307693 
375.0 	 730 	 517 	 30.0 	 34.0 	 0.0625 
376.0 	 733 	 517 	 30.0 	 34.0 	 0.0625 
377.0 	 735 	 517 	 30.0 	 33.0 	 0.047619047619047616 
378.0 	 737 	 517 	 30.0 	 33.0 	 0.047619047619047616 
379.0 	 739 	 517 	 30.0 	 34.0 	 0.0625 
380.0 	 741 	 517 	 30.0 	 34.0 	 0.0625 
381.0 	 744 	 517 	 30.0 	 34.0 	 0.0625 
382.0 	 746 	 517 	 30.0 	 34.0 	 0.0625 
383.0 	 748 	 517 	 30.0 	 34.0 	 0.0625 
384.0 	 750 	 517 	 30.0 	 33.0 	 0.047619047619047616 
385.0 	 752 	 517 	 30.0 	 33.0 	 0.047619047619047616 
386.0 	 755 	 517 	 30.0 	 34.0 	 0.0625 
387.0 	 757 	 516 	 30.0 	 34.0 	 0.0625 
388.0 	 759 	 517 	 30.0 	 33.0 	 0.047619047619047616 
389.0 	 761 	 517 	 30.0 	 33.0 	 0.047619047619047616 
390.0 	 764 	 517 	 30.0 	 34.0 	 0.0625 
391.0 	 766 	 517 	 30.0 	 34.0 	 0.0625 
392.0 	 768 	 517 	 30.0 	 33.0 	 0.047619047619047616 
393.0 	 770 	 517 	 30.0 	 33.0 	 0.047619047619047616 
394.0 	 772 	 517 	 30.0 	 34.0 	 0.0625 
395.0 	 775 	 516 	 29.0 	 34.0 	 0.07936507936507936 
396.0 	 777 	 516 	 29.0 	 34.0 	 0.07936507936507936 
397.0 	 779 	 517 	 30.0 	 34.0 	 0.0625 
398.0 	 781 	 517 	 30.0 	 34.0 	 0.0625 
399.0 	 784 	 517 	 30.0 	 33.0 	 0.047619047619047616 
400.0 	 786 	 517 	 30.0 	 33.0 	 0.047619047619047616 
401.0 	 788 	 517 	 30.0 	 34.0 	 0.0625 
402.0 	 790 	 517 	 30.0 	 33.0 	 0.047619047619047616 
403.0 	 792 	 517 	 30.0 	 33.0 	 0.047619047619047616 
404.0 	 795 	 517 	 30.0 	 33.0 	 0.047619047619047616 
405.0 	 797 	 517 	 30.0 	 33.0 	 0.047619047619047616 
406.0 	 799 	 517 	 30.0 	 32.0 	 0.03225806451612903 
407.0 	 801 	 517 	 33.0 	 31.0 	 0.03125 
408.0 	 804 	 517 	 30.0 	 34.0 	 0.0625 
409.0 	 806 	 517 	 31.0 	 34.0 	 0.046153846153846156 
410.0 	 808 	 517 	 31.0 	 34.0 	 0.046153846153846156 
411.0 	 810 	 517 	 31.0 	 33.0 	 0.03125 
412.0 	 812 	 517 	 31.0 	 33.0 	 0.03125 
413.0 	 815 	 517 	 31.0 	 33.0 	 0.03125 
414.0 	 817 	 517 	 31.18246841430664 	 33.73197555541992 	 0.039274882217311555 
415.0 	 819 	 517 	 31.28709602355957 	 33.95498275756836 	 0.04089211723248322 
416.0 	 821 	 517 	 30.0 	 34.0 	 0.0625 
417.0 	 823 	 517 	 31.044557571411133 	 33.71245193481445 	 0.04119854180645626 
418.0 	 826 	 517 	 29.0 	 34.0 	 0.07936507936507936 
419.0 	 828 	 516 	 29.0 	 34.0 	 0.07936507936507936 
420.0 	 830 	 517 	 30.0 	 33.0 	 0.047619047619047616 
421.0 	 832 	 517 	 30.0 	 32.0 	 0.03225806451612903 
422.0 	 834 	 516 	 29.0 	 32.0 	 0.04918032786885246 
423.0 	 836 	 517 	 30.0 	 33.0 	 0.047619047619047616 
424.0 	 839 	 517 	 30.0 	 33.0 	 0.047619047619047616 
425.0 	 841 	 517 	 29.0 	 33.0 	 0.06451612903225806 
426.0 	 843 	 517 	 29.0 	 33.0 	 0.06451612903225806 
427.0 	 845 	 517 	 29.0 	 33.0 	 0.06451612903225806 
428.0 	 848 	 517 	 29.0 	 32.0 	 0.04918032786885246 
429.0 	 850 	 517 	 29.0 	 32.0 	 0.04918032786885246 
430.0 	 852 	 517 	 29.0 	 32.0 	 0.04918032786885246 
431.0 	 854 	 517 	 29.0 	 33.0 	 0.06451612903225806 
432.0 	 857 	 517 	 29.0 	 33.0 	 0.06451612903225806 
433.0 	 859 	 517 	 30.0 	 34.0 	 0.0625 
434.0 	 861 	 517 	 30.0 	 34.0 	 0.0625 
435.0 	 863 	 517 	 30.0 	 33.0 	 0.047619047619047616 
436.0 	 866 	 517 	 30.0 	 32.0 	 0.03225806451612903 
437.0 	 868 	 517 	 30.0 	 32.0 	 0.03225806451612903 
438.0 	 870 	 517 	 30.0 	 33.0 	 0.047619047619047616 
439.0 	 872 	 517 	 30.0 	 33.0 	 0.047619047619047616 
440.0 	 875 	 517 	 30.0 	 32.0 	 0.03225806451612903 
441.0 	 877 	 516 	 30.0 	 33.0 	 0.047619047619047616 
442.0 	 879 	 516 	 29.0 	 33.0 	 0.06451612903225806 
443.0 	 881 	 516 	 29.0 	 32.0 	 0.04918032786885246 
444.0 	 883 	 516 	 29.0 	 31.0 	 0.03333333333333333 
445.0 	 885 	 517 	 30.0 	 32.0 	 0.03225806451612903 
446.0 	 887 	 516 	 30.0 	 32.0 	 0.03225806451612903 
447.0 	 889 	 516 	 31.0 	 31.0 	 0.0 
448.0 	 892 	 516 	 30.0 	 32.0 	 0.03225806451612903 
449.0 	 894 	 516 	 30.0 	 32.0 	 0.03225806451612903 
450.0 	 896 	 516 	 30.0 	 33.0 	 0.047619047619047616 
451.0 	 899 	 516 	 30.0 	 33.0 	 0.047619047619047616 
452.0 	 901 	 516 	 30.0 	 33.0 	 0.047619047619047616 
453.0 	 903 	 516 	 29.0 	 33.0 	 0.06451612903225806 
454.0 	 906 	 516 	 29.0 	 34.0 	 0.07936507936507936 
455.0 	 908 	 516 	 33.0 	 30.0 	 0.047619047619047616 
456.0 	 911 	 516 	 33.0 	 30.0 	 0.047619047619047616 
457.0 	 912 	 516 	 30.0 	 33.0 	 0.047619047619047616 
458.0 	 915 	 516 	 30.0 	 33.0 	 0.047619047619047616 
459.0 	 917 	 516 	 31.0 	 33.0 	 0.03125 
460.0 	 919 	 516 	 31.0 	 33.0 	 0.03125 
461.0 	 922 	 516 	 30.742610931396484 	 33.866188049316406 	 0.04834600189445367 
462.0 	 925 	 516 	 30.0 	 33.0 	 0.047619047619047616 
463.0 	 927 	 516 	 31.0 	 32.0 	 0.015873015873015872 
464.0 	 929 	 516 	 30.0 	 33.0 	 0.047619047619047616 
465.0 	 931 	 516 	 32.0 	 32.0 	 0.0 
466.0 	 933 	 516 	 34.1975212097168 	 30.55948829650879 	 0.05617975476242855 
467.0 	 935 	 516 	 34.6148567199707 	 30.768762588500977 	 0.058823512251965415 
468.0 	 938 	 516 	 33.95498275756836 	 30.55948829650879 	 0.05263151670597141 
469.0 	 940 	 516 	 31.0 	 34.0 	 0.046153846153846156 
470.0 	 942 	 516 	 30.0 	 33.0 	 0.047619047619047616 
471.0 	 944 	 516 	 31.0 	 33.0 	 0.03125 
472.0 	 946 	 516 	 31.0 	 33.0 	 0.03125 
473.0 	 949 	 516 	 31.0 	 34.0 	 0.046153846153846156 
474.0 	 951 	 516 	 31.0 	 33.0 	 0.03125 
475.0 	 953 	 516 	 31.0 	 33.0 	 0.03125 
476.0 	 956 	 516 	 31.0 	 34.0 	 0.046153846153846156 
477.0 	 958 	 516 	 31.0 	 34.0 	 0.046153846153846156 
478.0 	 960 	 516 	 31.0 	 33.0 	 0.03125 
479.0 	 962 	 516 	 31.0 	 33.0 	 0.03125 
480.0 	 964 	 516 	 31.0 	 34.0 	 0.046153846153846156 
481.0 	 967 	 516 	 31.0 	 34.0 	 0.046153846153846156 
482.0 	 969 	 516 	 31.0 	 34.0 	 0.046153846153846156 
483.0 	 971 	 516 	 31.0 	 34.0 	 0.046153846153846156 
484.0 	 974 	 516 	 31.0 	 34.0 	 0.046153846153846156 
485.0 	 976 	 516 	 31.0 	 33.0 	 0.03125 
486.0 	 978 	 516 	 30.0 	 34.0 	 0.0625 
487.0 	 981 	 516 	 30.35786247253418 	 33.5201416015625 	 0.04950497710229277 
488.0 	 983 	 516 	 30.0 	 34.0 	 0.0625 
489.0 	 985 	 516 	 31.819805145263672 	 32.52690887451172 	 0.010988964083398818 
490.0 	 987 	 516 	 30.0 	 34.0 	 0.0625 
491.0 	 990 	 516 	 30.0 	 34.0 	 0.0625 
492.0 	 992 	 516 	 30.0 	 33.0 	 0.047619047619047616 
493.0 	 994 	 516 	 30.0 	 34.0 	 0.0625 
494.0 	 997 	 516 	 30.0 	 34.0 	 0.0625 
495.0 	 999 	 516 	 30.857738494873047 	 33.98823165893555 	 0.04827583204688375 
496.0 	 1001 	 516 	 30.0 	 34.0 	 0.0625 
497.0 	 1004 	 516 	 30.0 	 34.0 	 0.0625 
498.0 	 1006 	 516 	 30.0 	 33.0 	 0.047619047619047616 
499.0 	 1008 	 516 	 31.0 	 33.0 	 0.03125 
500.0 	 1011 	 516 	 31.0 	 33.0 	 0.03125 
501.0 	 1013 	 516 	 30.0 	 34.0 	 0.0625 
502.0 	 1015 	 516 	 30.0 	 34.0 	 0.0625 
503.0 	 1018 	 516 	 30.0 	 34.0 	 0.0625 
504.0 	 1020 	 516 	 30.0 	 34.0 	 0.0625 
505.0 	 1023 	 516 	 30.0 	 32.0 	 0.03225806451612903 
506.0 	 1025 	 516 	 31.0 	 32.0 	 0.015873015873015872 
507.0 	 1027 	 516 	 30.0 	 33.0 	 0.047619047619047616 
508.0 	 1030 	 516 	 30.0 	 33.0 	 0.047619047619047616 
509.0 	 1032 	 516 	 30.0 	 34.0 	 0.0625 
510.0 	 1034 	 516 	 30.0 	 34.0 	 0.0625 
511.0 	 1037 	 516 	 31.0 	 34.0 	 0.046153846153846156 
512.0 	 1039 	 516 	 31.0 	 33.0 	 0.03125 
513.0 	 1041 	 516 	 31.0 	 33.0 	 0.03125 
514.0 	 1044 	 515 	 31.0 	 34.0 	 0.046153846153846156 
515.0 	 1046 	 516 	 31.0 	 34.0 	 0.046153846153846156 
516.0 	 1048 	 515 	 31.0 	 34.0 	 0.046153846153846156 
517.0 	 1050 	 515 	 30.0 	 34.0 	 0.0625 
518.0 	 1053 	 515 	 30.0 	 33.0 	 0.047619047619047616 
519.0 	 1055 	 515 	 30.0 	 33.0 	 0.047619047619047616 
520.0 	 1058 	 515 	 30.0 	 33.0 	 0.047619047619047616 
521.0 	 1060 	 515 	 30.0 	 33.0 	 0.047619047619047616 
522.0 	 1062 	 515 	 30.0 	 34.0 	 0.0625 
523.0 	 1065 	 515 	 30.0 	 33.0 	 0.047619047619047616 
524.0 	 1067 	 515 	 30.0 	 34.0 	 0.0625 
525.0 	 1070 	 515 	 30.0 	 34.0 	 0.0625 
526.0 	 1072 	 515 	 30.0 	 33.0 	 0.047619047619047616 
527.0 	 1074 	 515 	 30.0 	 34.0 	 0.0625 
528.0 	 1077 	 515 	 30.0 	 34.0 	 0.0625 
529.0 	 1079 	 516 	 30.0 	 33.0 	 0.047619047619047616 
530.0 	 1081 	 515 	 30.0 	 33.0 	 0.047619047619047616 
531.0 	 1084 	 516 	 30.0 	 34.0 	 0.0625 
532.0 	 1086 	 516 	 30.0 	 33.0 	 0.047619047619047616 
533.0 	 1089 	 515 	 30.0 	 34.0 	 0.0625 
534.0 	 1091 	 516 	 30.0 	 34.0 	 0.0625 
535.0 	 1093 	 516 	 30.0 	 35.0 	 0.07692307692307693 
536.0 	 1096 	 515 	 30.0 	 35.0 	 0.07692307692307693 
537.0 	 1098 	 515 	 31.0 	 35.0 	 0.06060606060606061 
538.0 	 1100 	 515 	 31.0 	 34.0 	 0.046153846153846156 
539.0 	 1103 	 515 	 31.0 	 33.0 	 0.03125 
540.0 	 1105 	 515 	 31.0 	 33.0 	 0.03125 
541.0 	 1107 	 516 	 31.0 	 34.0 	 0.046153846153846156 
542.0 	 1110 	 515 	 31.0 	 33.0 	 0.03125 
543.0 	 1112 	 515 	 31.0 	 34.0 	 0.046153846153846156 
544.0 	 1115 	 515 	 31.0 	 34.0 	 0.046153846153846156 
545.0 	 1117 	 515 	 31.0 	 35.0 	 0.06060606060606061 
546.0 	 1119 	 515 	 31.0 	 33.0 	 0.03125 
547.0 	 1122 	 515 	 31.0 	 34.0 	 0.046153846153846156 
548.0 	 1124 	 515 	 31.0 	 34.0 	 0.046153846153846156 
549.0 	 1127 	 515 	 31.0 	 34.0 	 0.046153846153846156 
550.0 	 1129 	 515 	 31.0 	 34.0 	 0.046153846153846156 
551.0 	 1131 	 515 	 31.0 	 34.0 	 0.046153846153846156 
552.0 	 1133 	 515 	 31.0 	 33.0 	 0.03125 
553.0 	 1135 	 515 	 31.0 	 32.0 	 0.015873015873015872 
554.0 	 1138 	 515 	 31.0 	 33.0 	 0.03125 
555.0 	 1140 	 515 	 31.0 	 34.0 	 0.046153846153846156 
556.0 	 1143 	 515 	 31.0 	 34.0 	 0.046153846153846156 
557.0 	 1145 	 515 	 31.0 	 34.0 	 0.046153846153846156 
558.0 	 1148 	 515 	 34.0 	 32.0 	 0.030303030303030304 
559.0 	 1150 	 515 	 31.0 	 33.0 	 0.03125 
560.0 	 1152 	 515 	 31.0 	 33.0 	 0.03125 
561.0 	 1155 	 515 	 31.0 	 33.0 	 0.03125 
562.0 	 1157 	 515 	 31.0 	 33.0 	 0.03125 
563.0 	 1159 	 515 	 33.5201416015625 	 31.939001083374023 	 0.024154616961586467 
564.0 	 1162 	 515 	 31.0 	 34.0 	 0.046153846153846156 
565.0 	 1164 	 515 	 30.0 	 34.0 	 0.0625 
566.0 	 1166 	 515 	 30.0 	 33.0 	 0.047619047619047616 
567.0 	 1169 	 515 	 30.0 	 34.0 	 0.0625 
568.0 	 1171 	 515 	 31.0 	 34.0 	 0.046153846153846156 
569.0 	 1174 	 514 	 31.0 	 34.0 	 0.046153846153846156 
570.0 	 1176 	 515 	 31.0 	 34.0 	 0.046153846153846156 
571.0 	 1178 	 515 	 31.0 	 34.0 	 0.046153846153846156 
572.0 	 1180 	 515 	 31.0 	 33.0 	 0.03125 
573.0 	 1183 	 515 	 31.0 	 33.0 	 0.03125 
574.0 	 1185 	 514 	 30.802024841308594 	 34.1975212097168 	 0.05223877049453083 
575.0 	 1187 	 514 	 31.0 	 34.0 	 0.046153846153846156 
576.0 	 1190 	 514 	 31.0 	 34.0 	 0.046153846153846156 
577.0 	 1192 	 514 	 31.0 	 34.0 	 0.046153846153846156 
578.0 	 1195 	 514 	 30.0 	 34.0 	 0.0625 
579.0 	 1197 	 514 	 30.0 	 34.0 	 0.0625 
580.0 	 1199 	 514 	 31.0 	 34.0 	 0.046153846153846156 
581.0 	 1202 	 514 	 31.0 	 34.0 	 0.046153846153846156 
582.0 	 1204 	 514 	 31.30654525756836 	 34.78504943847656 	 0.05263156679613853 
583.0 	 1206 	 515 	 31.0 	 35.0 	 0.06060606060606061 
584.0 	 1208 	 514 	 34.0 	 32.0 	 0.030303030303030304 
585.0 	 1211 	 515 	 31.0 	 34.0 	 0.046153846153846156 
586.0 	 1213 	 514 	 31.0 	 33.0 	 0.03125 
587.0 	 1216 	 514 	 31.0 	 34.0 	 0.046153846153846156 
588.0 	 1217 	 514 	 30.906124114990234 	 35.02693557739258 	 0.06249992767859395 
589.0 	 1220 	 514 	 31.0 	 35.0 	 0.06060606060606061 
590.0 	 1222 	 514 	 31.0 	 34.0 	 0.046153846153846156 
591.0 	 1225 	 514 	 31.819805145263672 	 33.941123962402344 	 0.03225804206119985 
592.0 	 1227 	 514 	 31.0 	 35.0 	 0.06060606060606061 
593.0 	 1229 	 514 	 32.52690887451172 	 33.941123962402344 	 0.021276620166577557 
594.0 	 1231 	 514 	 31.819805145263672 	 33.2340202331543 	 0.021739153380514346 
595.0 	 1234 	 514 	 31.0 	 34.0 	 0.046153846153846156 
596.0 	 1236 	 514 	 31.819805145263672 	 33.941123962402344 	 0.03225804206119985 
597.0 	 1238 	 514 	 31.0 	 34.0 	 0.046153846153846156 
598.0 	 1241 	 514 	 31.0 	 34.0 	 0.046153846153846156 
599.0 	 1243 	 514 	 33.55936050415039 	 32.172611236572266 	 0.02109702829314335 
600.0 	 1245 	 514 	 31.0 	 35.0 	 0.06060606060606061 
601.0 	 1247 	 515 	 31.0 	 34.0 	 0.046153846153846156 
602.0 	 1250 	 514 	 32.52690887451172 	 32.526912689208984 	 5.86390956584845e-08 
603.0 	 1252 	 515 	 32.52690887451172 	 32.526912689208984 	 5.86390956584845e-08 
604.0 	 1255 	 514 	 35.09642028808594 	 30.82542610168457 	 0.06478875244404748 
605.0 	 1257 	 514 	 30.790233612060547 	 35.104793548583984 	 0.06547626008264681 
606.0 	 1259 	 515 	 35.0 	 31.0 	 0.06060606060606061 
607.0 	 1262 	 514 	 31.0 	 34.0 	 0.046153846153846156 
608.0 	 1264 	 514 	 30.0 	 34.0 	 0.0625 
609.0 	 1266 	 514 	 30.0 	 34.0 	 0.0625 
610.0 	 1268 	 514 	 31.0 	 33.0 	 0.03125 
611.0 	 1271 	 514 	 32.0 	 34.0 	 0.030303030303030304 
612.0 	 1273 	 514 	 32.0 	 33.0 	 0.015384615384615385 
613.0 	 1275 	 514 	 34.0 	 31.0 	 0.046153846153846156 
614.0 	 1277 	 514 	 34.0 	 31.0 	 0.046153846153846156 
615.0 	 1280 	 514 	 31.0 	 35.0 	 0.06060606060606061 
616.0 	 1282 	 514 	 31.0 	 34.0 	 0.046153846153846156 
617.0 	 1285 	 514 	 31.0 	 35.0 	 0.06060606060606061 
618.0 	 1287 	 514 	 31.0 	 35.0 	 0.06060606060606061 
619.0 	 1289 	 514 	 35.0 	 31.0 	 0.06060606060606061 
620.0 	 1291 	 514 	 34.0 	 31.0 	 0.046153846153846156 
621.0 	 1294 	 514 	 31.0 	 34.0 	 0.046153846153846156 
622.0 	 1296 	 514 	 31.0 	 34.0 	 0.046153846153846156 
623.0 	 1298 	 514 	 32.0 	 34.0 	 0.030303030303030304 
624.0 	 1300 	 514 	 32.0 	 33.0 	 0.015384615384615385 
625.0 	 1302 	 514 	 30.0 	 34.0 	 0.0625 
626.0 	 1305 	 514 	 30.0 	 34.0 	 0.0625 
627.0 	 1307 	 514 	 30.0 	 35.0 	 0.07692307692307693 
628.0 	 1309 	 514 	 30.0 	 35.0 	 0.07692307692307693 
629.0 	 1312 	 514 	 30.0 	 35.0 	 0.07692307692307693 
630.0 	 1314 	 514 	 30.0 	 35.0 	 0.07692307692307693 
631.0 	 1316 	 514 	 30.0 	 33.0 	 0.047619047619047616 
632.0 	 1318 	 514 	 30.0 	 32.0 	 0.03225806451612903 
633.0 	 1320 	 514 	 31.0 	 33.0 	 0.03125 
634.0 	 1322 	 514 	 31.0 	 33.0 	 0.03125 
635.0 	 1325 	 513 	 31.0 	 33.0 	 0.03125 
636.0 	 1327 	 514 	 32.0 	 33.0 	 0.015384615384615385 
637.0 	 1330 	 514 	 34.75221633911133 	 31.45556640625 	 0.049792483544425885 
638.0 	 1332 	 513 	 32.0 	 35.0 	 0.04477611940298507 
639.0 	 1334 	 513 	 32.0 	 34.0 	 0.030303030303030304 
640.0 	 1337 	 513 	 31.0 	 35.0 	 0.06060606060606061 
641.0 	 1339 	 514 	 31.0 	 35.0 	 0.06060606060606061 
642.0 	 1342 	 513 	 30.0 	 34.0 	 0.0625 
643.0 	 1344 	 513 	 30.0 	 34.0 	 0.0625 
644.0 	 1346 	 513 	 31.0 	 34.0 	 0.046153846153846156 
645.0 	 1348 	 513 	 30.0 	 34.0 	 0.0625 
646.0 	 1350 	 513 	 30.0 	 34.0 	 0.0625 
647.0 	 1353 	 513 	 30.0 	 35.0 	 0.07692307692307693 
648.0 	 1355 	 514 	 31.0 	 34.0 	 0.046153846153846156 
649.0 	 1357 	 513 	 31.0 	 35.0 	 0.06060606060606061 
650.0 	 1359 	 513 	 31.0 	 34.0 	 0.046153846153846156 
651.0 	 1361 	 513 	 32.0 	 34.0 	 0.030303030303030304 
652.0 	 1364 	 513 	 32.0 	 34.0 	 0.030303030303030304 
653.0 	 1366 	 513 	 32.0 	 34.0 	 0.030303030303030304 
654.0 	 1368 	 513 	 31.0 	 35.0 	 0.06060606060606061 
655.0 	 1370 	 513 	 35.0 	 32.0 	 0.04477611940298507 
656.0 	 1372 	 513 	 32.0 	 35.0 	 0.04477611940298507 
657.0 	 1375 	 513 	 32.0 	 34.0 	 0.030303030303030304 
658.0 	 1377 	 513 	 32.0 	 34.0 	 0.030303030303030304 
659.0 	 1379 	 513 	 31.75288963317871 	 35.101829528808594 	 0.050092797301496184 
660.0 	 1382 	 513 	 35.889251708984375 	 31.966930389404297 	 0.05780344838577675 
661.0 	 1384 	 513 	 32.0 	 35.0 	 0.04477611940298507 
662.0 	 1386 	 513 	 32.0 	 35.0 	 0.04477611940298507 
663.0 	 1388 	 513 	 32.0 	 34.0 	 0.030303030303030304 
664.0 	 1390 	 513 	 31.0 	 34.0 	 0.046153846153846156 
665.0 	 1392 	 513 	 31.0 	 34.0 	 0.046153846153846156 
666.0 	 1395 	 513 	 31.0 	 35.0 	 0.06060606060606061 
667.0 	 1397 	 513 	 31.0 	 35.0 	 0.06060606060606061 
668.0 	 1399 	 513 	 31.0 	 36.0 	 0.07462686567164178 
669.0 	 1402 	 513 	 31.0 	 35.0 	 0.06060606060606061 
670.0 	 1404 	 513 	 31.0 	 35.0 	 0.06060606060606061 
671.0 	 1406 	 513 	 32.0 	 34.0 	 0.030303030303030304 
672.0 	 1408 	 513 	 31.0 	 34.0 	 0.046153846153846156 
673.0 	 1411 	 513 	 31.0 	 35.0 	 0.06060606060606061 
674.0 	 1413 	 513 	 31.0 	 35.0 	 0.06060606060606061 
675.0 	 1415 	 513 	 31.0 	 35.0 	 0.06060606060606061 
676.0 	 1417 	 513 	 30.0 	 34.0 	 0.0625 
677.0 	 1419 	 513 	 30.0 	 35.0 	 0.07692307692307693 
678.0 	 1421 	 513 	 31.0 	 34.0 	 0.046153846153846156 
679.0 	 1424 	 513 	 32.0 	 34.0 	 0.030303030303030304 
680.0 	 1426 	 513 	 32.0 	 34.0 	 0.030303030303030304 
681.0 	 1428 	 513 	 34.52378463745117 	 32.057804107666016 	 0.03703697337750897 
682.0 	 1430 	 513 	 31.564605712890625 	 35.01698684692383 	 0.05185188580359821 
683.0 	 1433 	 513 	 32.0 	 34.0 	 0.030303030303030304 
684.0 	 1435 	 513 	 31.0 	 34.0 	 0.046153846153846156 
685.0 	 1437 	 513 	 31.0 	 34.0 	 0.046153846153846156 
686.0 	 1439 	 512 	 31.0 	 33.0 	 0.03125 
687.0 	 1441 	 512 	 32.0 	 34.0 	 0.030303030303030304 
688.0 	 1444 	 512 	 32.0 	 34.0 	 0.030303030303030304 
689.0 	 1446 	 512 	 31.0 	 33.0 	 0.03125 
690.0 	 1448 	 512 	 31.0 	 35.0 	 0.06060606060606061 
691.0 	 1450 	 512 	 30.97127914428711 	 34.93107604980469 	 0.06008581778079727 
692.0 	 1452 	 512 	 30.0 	 35.0 	 0.07692307692307693 
693.0 	 1455 	 512 	 31.0 	 34.0 	 0.046153846153846156 
694.0 	 1457 	 512 	 31.0 	 35.0 	 0.06060606060606061 
695.0 	 1459 	 512 	 31.0 	 35.0 	 0.06060606060606061 
696.0 	 1462 	 512 	 32.0 	 35.0 	 0.04477611940298507 
697.0 	 1464 	 512 	 30.0 	 36.0 	 0.09090909090909091 
698.0 	 1466 	 512 	 30.0 	 35.0 	 0.07692307692307693 
699.0 	 1468 	 512 	 30.0 	 34.0 	 0.0625 
700.0 	 1471 	 512 	 31.0 	 34.0 	 0.046153846153846156 
701.0 	 1473 	 512 	 32.0 	 34.0 	 0.030303030303030304 
702.0 	 1475 	 512 	 32.0 	 35.0 	 0.04477611940298507 
703.0 	 1477 	 512 	 32.0 	 35.0 	 0.04477611940298507 
704.0 	 1479 	 512 	 35.21391677856445 	 31.678386688232422 	 0.05285406402676732 
705.0 	 1482 	 512 	 35.638179779052734 	 31.536964416503906 	 0.061052572520121313 
706.0 	 1484 	 512 	 35.0 	 31.0 	 0.06060606060606061 
707.0 	 1486 	 512 	 31.0 	 34.0 	 0.046153846153846156 
708.0 	 1488 	 512 	 30.0 	 35.0 	 0.07692307692307693 
709.0 	 1491 	 512 	 30.0 	 34.0 	 0.0625 
710.0 	 1493 	 512 	 30.0 	 34.0 	 0.0625 
711.0 	 1495 	 512 	 30.0 	 34.0 	 0.0625 
712.0 	 1498 	 512 	 30.0 	 34.0 	 0.0625 
713.0 	 1500 	 512 	 30.0 	 34.0 	 0.0625 
714.0 	 1502 	 512 	 31.0 	 34.0 	 0.046153846153846156 
715.0 	 1504 	 512 	 31.0 	 34.0 	 0.046153846153846156 
716.0 	 1506 	 512 	 31.0 	 34.0 	 0.046153846153846156 
717.0 	 1509 	 512 	 31.0 	 34.0 	 0.046153846153846156 
718.0 	 1511 	 512 	 31.0 	 34.0 	 0.046153846153846156 
719.0 	 1514 	 512 	 31.0 	 34.0 	 0.046153846153846156 
720.0 	 1516 	 512 	 31.0 	 33.0 	 0.03125 
721.0 	 1518 	 512 	 30.0 	 34.0 	 0.0625 
722.0 	 1520 	 513 	 31.0 	 34.0 	 0.046153846153846156 
723.0 	 1522 	 513 	 31.0 	 33.0 	 0.03125 
724.0 	 1524 	 512 	 31.0 	 34.0 	 0.046153846153846156 
725.0 	 1527 	 512 	 31.0 	 34.0 	 0.046153846153846156 
726.0 	 1529 	 513 	 32.0 	 34.0 	 0.030303030303030304 
727.0 	 1531 	 512 	 32.0 	 34.0 	 0.030303030303030304 
728.0 	 1534 	 512 	 32.0 	 33.0 	 0.015384615384615385 
729.0 	 1536 	 512 	 32.0 	 34.0 	 0.030303030303030304 
730.0 	 1538 	 512 	 32.0 	 34.0 	 0.030303030303030304 
731.0 	 1541 	 512 	 31.0 	 34.0 	 0.046153846153846156 
732.0 	 1543 	 512 	 31.0 	 34.0 	 0.046153846153846156 
733.0 	 1545 	 512 	 32.13557434082031 	 34.675506591796875 	 0.03801663160544027 
734.0 	 1547 	 512 	 31.0 	 35.0 	 0.06060606060606061 
735.0 	 1550 	 512 	 31.0 	 34.0 	 0.046153846153846156 
736.0 	 1552 	 512 	 31.0 	 34.0 	 0.046153846153846156 
737.0 	 1554 	 512 	 31.0 	 34.0 	 0.046153846153846156 
738.0 	 1556 	 512 	 31.0 	 34.0 	 0.046153846153846156 
739.0 	 1559 	 512 	 31.0 	 34.0 	 0.046153846153846156 
740.0 	 1561 	 512 	 32.0 	 35.0 	 0.04477611940298507 
741.0 	 1563 	 512 	 32.0 	 34.0 	 0.030303030303030304 
742.0 	 1565 	 512 	 32.0 	 33.0 	 0.015384615384615385 
743.0 	 1567 	 512 	 32.0 	 34.0 	 0.030303030303030304 
744.0 	 1569 	 512 	 33.0 	 34.0 	 0.014925373134328358 
745.0 	 1572 	 512 	 31.0 	 33.0 	 0.03125 
746.0 	 1574 	 512 	 31.0 	 34.0 	 0.046153846153846156 
747.0 	 1576 	 512 	 32.0 	 35.0 	 0.04477611940298507 
748.0 	 1578 	 512 	 32.0 	 34.0 	 0.030303030303030304 
749.0 	 1580 	 512 	 32.52690887451172 	 33.941123962402344 	 0.021276620166577557 
750.0 	 1583 	 512 	 32.0 	 33.0 	 0.015384615384615385 
751.0 	 1585 	 512 	 32.0 	 33.0 	 0.015384615384615385 
752.0 	 1587 	 512 	 32.0 	 33.0 	 0.015384615384615385 
753.0 	 1590 	 512 	 31.0 	 33.0 	 0.03125 
754.0 	 1592 	 512 	 32.0 	 34.0 	 0.030303030303030304 
755.0 	 1595 	 512 	 31.72337532043457 	 35.21128845214844 	 0.05210922017274023 
756.0 	 1597 	 512 	 32.0 	 34.0 	 0.030303030303030304 
757.0 	 1599 	 512 	 31.0 	 32.0 	 0.015873015873015872 
758.0 	 1600 	 512 	 31.0 	 32.0 	 0.015873015873015872 
759.0 	 1603 	 512 	 31.0 	 32.0 	 0.015873015873015872 
760.0 	 1605 	 512 	 31.0 	 32.0 	 0.015873015873015872 
761.0 	 1607 	 512 	 31.0 	 31.0 	 0.0 
762.0 	 1609 	 512 	 30.0 	 33.0 	 0.047619047619047616 
763.0 	 1612 	 512 	 34.03059005737305 	 29.756216049194336 	 0.06701031559783063 
764.0 	 1614 	 512 	 31.0 	 32.0 	 0.015873015873015872 
765.0 	 1616 	 512 	 31.0 	 33.0 	 0.03125 
766.0 	 1618 	 512 	 31.0 	 33.0 	 0.03125 
767.0 	 1621 	 512 	 31.0 	 32.0 	 0.015873015873015872 
768.0 	 1623 	 512 	 31.0 	 33.0 	 0.03125 
769.0 	 1626 	 511 	 30.0 	 34.0 	 0.0625 
770.0 	 1628 	 511 	 30.0 	 34.0 	 0.0625 
771.0 	 1630 	 512 	 30.0 	 32.0 	 0.03225806451612903 
772.0 	 1632 	 512 	 31.0 	 33.0 	 0.03125 
773.0 	 1635 	 512 	 32.0 	 34.0 	 0.030303030303030304 
774.0 	 1637 	 512 	 31.529630661010742 	 33.46991729736328 	 0.02985077123298006 
775.0 	 1639 	 512 	 31.622774124145508 	 34.78504943847656 	 0.04761901752959955 
776.0 	 1641 	 512 	 32.0 	 34.0 	 0.030303030303030304 
777.0 	 1644 	 512 	 31.0 	 35.0 	 0.06060606060606061 
778.0 	 1646 	 512 	 31.0 	 34.0 	 0.046153846153846156 
779.0 	 1648 	 512 	 31.0 	 35.0 	 0.06060606060606061 
780.0 	 1650 	 512 	 30.0 	 35.0 	 0.07692307692307693 
781.0 	 1652 	 512 	 31.008682250976562 	 34.853759765625 	 0.05838042740169323 
782.0 	 1654 	 512 	 31.0 	 35.0 	 0.06060606060606061 
783.0 	 1657 	 512 	 31.0 	 35.0 	 0.06060606060606061 
784.0 	 1659 	 512 	 31.0 	 35.0 	 0.06060606060606061 
785.0 	 1661 	 512 	 31.0 	 34.0 	 0.046153846153846156 
786.0 	 1664 	 512 	 32.0 	 35.0 	 0.04477611940298507 
787.0 	 1666 	 511 	 31.0 	 35.0 	 0.06060606060606061 
788.0 	 1668 	 511 	 31.0 	 35.0 	 0.06060606060606061 
789.0 	 1671 	 512 	 32.0 	 35.0 	 0.04477611940298507 
790.0 	 1672 	 512 	 33.541019439697266 	 34.882659912109375 	 0.01960783876461746 
791.0 	 1675 	 512 	 33.86595153808594 	 34.71260070800781 	 0.01234568450619487 
792.0 	 1677 	 511 	 32.0 	 35.0 	 0.04477611940298507 
793.0 	 1679 	 511 	 31.0 	 36.0 	 0.07462686567164178 
794.0 	 1682 	 512 	 33.0 	 35.0 	 0.029411764705882353 
795.0 	 1684 	 511 	 31.0 	 35.0 	 0.06060606060606061 
796.0 	 1686 	 511 	 32.0 	 36.0 	 0.058823529411764705 
797.0 	 1688 	 512 	 33.941123962402344 	 33.941123962402344 	 0.0 
798.0 	 1690 	 511 	 32.0 	 36.0 	 0.058823529411764705 
799.0 	 1693 	 512 	 32.0 	 35.0 	 0.04477611940298507 
800.0 	 1695 	 511 	 31.0 	 35.0 	 0.06060606060606061 
801.0 	 1697 	 511 	 34.0 	 32.0 	 0.030303030303030304 
802.0 	 1699 	 511 	 34.0 	 34.0 	 0.0 
803.0 	 1702 	 511 	 32.0 	 35.0 	 0.04477611940298507 
804.0 	 1704 	 511 	 33.0 	 35.0 	 0.029411764705882353 
805.0 	 1706 	 511 	 32.0 	 35.0 	 0.04477611940298507 
806.0 	 1709 	 511 	 31.966930389404297 	 34.71255874633789 	 0.041176505586961 
807.0 	 1711 	 511 	 31.0 	 34.0 	 0.046153846153846156 
808.0 	 1713 	 511 	 31.0 	 34.0 	 0.046153846153846156 
809.0 	 1716 	 511 	 31.0 	 34.0 	 0.046153846153846156 
810.0 	 1718 	 511 	 32.0 	 35.0 	 0.04477611940298507 
811.0 	 1720 	 511 	 31.0 	 35.0 	 0.06060606060606061 
812.0 	 1722 	 511 	 32.0 	 34.0 	 0.030303030303030304 
813.0 	 1725 	 511 	 31.0 	 34.0 	 0.046153846153846156 
814.0 	 1727 	 511 	 31.0 	 34.0 	 0.046153846153846156 
815.0 	 1729 	 511 	 31.0 	 34.0 	 0.046153846153846156 
816.0 	 1732 	 511 	 31.0 	 34.0 	 0.046153846153846156 
817.0 	 1734 	 511 	 30.0 	 35.0 	 0.07692307692307693 
818.0 	 1736 	 511 	 30.0 	 35.0 	 0.07692307692307693 
819.0 	 1739 	 511 	 31.0 	 35.0 	 0.06060606060606061 
820.0 	 1741 	 511 	 31.0 	 36.0 	 0.07462686567164178 
821.0 	 1743 	 511 	 30.0 	 36.0 	 0.09090909090909091 
822.0 	 1746 	 511 	 31.0 	 35.0 	 0.06060606060606061 
823.0 	 1748 	 511 	 30.0 	 34.0 	 0.0625 
824.0 	 1751 	 511 	 30.0 	 35.0 	 0.07692307692307693 
825.0 	 1753 	 511 	 30.0 	 35.0 	 0.07692307692307693 
826.0 	 1755 	 511 	 32.0 	 35.0 	 0.04477611940298507 
827.0 	 1758 	 511 	 31.0 	 34.0 	 0.046153846153846156 
828.0 	 1760 	 511 	 32.0 	 33.0 	 0.015384615384615385 
829.0 	 1762 	 511 	 30.0 	 35.0 	 0.07692307692307693 
830.0 	 1765 	 511 	 31.0 	 34.0 	 0.046153846153846156 
831.0 	 1767 	 511 	 35.0 	 32.0 	 0.04477611940298507 
832.0 	 1769 	 511 	 32.41179656982422 	 35.12786865234375 	 0.04021447357764009 
833.0 	 1772 	 511 	 32.0 	 35.0 	 0.04477611940298507 
834.0 	 1774 	 511 	 32.0 	 34.0 	 0.030303030303030304 
835.0 	 1777 	 510 	 33.0 	 34.0 	 0.014925373134328358 
836.0 	 1779 	 510 	 32.0 	 34.0 	 0.030303030303030304 
837.0 	 1781 	 510 	 32.0 	 35.0 	 0.04477611940298507 
838.0 	 1783 	 510 	 32.0 	 35.0 	 0.04477611940298507 
839.0 	 1785 	 510 	 32.0 	 35.0 	 0.04477611940298507 
840.0 	 1788 	 511 	 32.0 	 34.0 	 0.030303030303030304 
841.0 	 1790 	 511 	 31.0 	 35.0 	 0.06060606060606061 
842.0 	 1792 	 510 	 32.0 	 34.0 	 0.030303030303030304 
843.0 	 1795 	 511 	 36.0 	 32.0 	 0.058823529411764705 
844.0 	 1797 	 510 	 31.0 	 36.0 	 0.07462686567164178 
845.0 	 1800 	 510 	 31.0 	 36.0 	 0.07462686567164178 
846.0 	 1802 	 510 	 31.0 	 35.0 	 0.06060606060606061 
847.0 	 1805 	 510 	 31.0 	 34.0 	 0.046153846153846156 
848.0 	 1807 	 510 	 35.0 	 31.0 	 0.06060606060606061 
849.0 	 1810 	 510 	 31.0 	 35.0 	 0.06060606060606061 
850.0 	 1812 	 510 	 31.0 	 35.0 	 0.06060606060606061 
851.0 	 1814 	 510 	 31.0 	 36.0 	 0.07462686567164178 
852.0 	 1817 	 510 	 31.0 	 36.0 	 0.07462686567164178 
853.0 	 1819 	 510 	 31.0 	 36.0 	 0.07462686567164178 
854.0 	 1821 	 511 	 30.0 	 35.0 	 0.07692307692307693 
855.0 	 1824 	 511 	 34.0 	 32.0 	 0.030303030303030304 
856.0 	 1826 	 511 	 31.0 	 34.0 	 0.046153846153846156 
857.0 	 1828 	 510 	 31.0 	 34.0 	 0.046153846153846156 
858.0 	 1831 	 510 	 33.0 	 35.0 	 0.029411764705882353 
859.0 	 1833 	 510 	 32.0 	 34.0 	 0.030303030303030304 
860.0 	 1835 	 510 	 32.0 	 34.0 	 0.030303030303030304 
861.0 	 1838 	 510 	 32.0 	 33.0 	 0.015384615384615385 
862.0 	 1840 	 510 	 33.0 	 34.0 	 0.014925373134328358 
863.0 	 1843 	 510 	 32.0 	 35.0 	 0.04477611940298507 
864.0 	 1845 	 510 	 33.0 	 36.0 	 0.043478260869565216 
865.0 	 1848 	 510 	 31.0 	 35.0 	 0.06060606060606061 
866.0 	 1850 	 510 	 32.0 	 35.0 	 0.04477611940298507 
867.0 	 1853 	 510 	 32.0 	 35.0 	 0.04477611940298507 
868.0 	 1855 	 510 	 33.0 	 34.0 	 0.014925373134328358 
869.0 	 1857 	 510 	 33.0 	 34.0 	 0.014925373134328358 
870.0 	 1859 	 510 	 33.0 	 35.0 	 0.029411764705882353 
871.0 	 1862 	 510 	 31.799835205078125 	 35.05644607543945 	 0.048710619376168156 
872.0 	 1864 	 510 	 31.0 	 35.0 	 0.06060606060606061 
873.0 	 1866 	 510 	 31.0 	 35.0 	 0.06060606060606061 
874.0 	 1869 	 510 	 31.0 	 35.0 	 0.06060606060606061 
875.0 	 1871 	 510 	 32.0 	 33.0 	 0.015384615384615385 
876.0 	 1874 	 510 	 32.0 	 34.0 	 0.030303030303030304 
877.0 	 1876 	 510 	 32.0 	 34.0 	 0.030303030303030304 
878.0 	 1878 	 510 	 32.0 	 34.0 	 0.030303030303030304 
879.0 	 1881 	 510 	 32.0 	 35.0 	 0.04477611940298507 
880.0 	 1883 	 509 	 32.0 	 34.0 	 0.030303030303030304 
881.0 	 1885 	 510 	 33.0 	 34.0 	 0.014925373134328358 
882.0 	 1887 	 510 	 32.0 	 33.0 	 0.015384615384615385 
883.0 	 1890 	 509 	 32.0 	 35.0 	 0.04477611940298507 
884.0 	 1892 	 509 	 32.057804107666016 	 35.34578323364258 	 0.048780476761976575 
885.0 	 1895 	 509 	 32.0496940612793 	 35.22163009643555 	 0.047151383964433004 
886.0 	 1897 	 509 	 31.0 	 36.0 	 0.07462686567164178 
887.0 	 1900 	 510 	 32.55527877807617 	 36.47760009765625 	 0.05681816235189515 
888.0 	 1902 	 510 	 33.0 	 34.0 	 0.014925373134328358 
889.0 	 1903 	 510 	 33.0 	 32.0 	 0.015384615384615385 
890.0 	 1905 	 509 	 32.0 	 29.0 	 0.04918032786885246 
891.0 	 1906 	 509 	 32.0 	 28.0 	 0.06666666666666667 
892.0 	 1907 	 509 	 32.0 	 25.0 	 0.12280701754385964 
893.0 	 1909 	 510 	 33.0 	 23.0 	 0.17857142857142858 
894.0 	 1910 	 510 	 31.0 	 21.0 	 0.19230769230769232 
