frame 	 x 	 y 	 width 	 height 	 deformation 
1.0 	 86 	 562 	 44.0 	 46.0 	 0.022222222222222223 
2.0 	 86 	 562 	 43.0 	 47.0 	 0.044444444444444446 
3.0 	 86 	 562 	 44.0 	 46.0 	 0.022222222222222223 
4.0 	 86 	 562 	 44.0 	 45.0 	 0.011235955056179775 
5.0 	 87 	 562 	 45.0 	 47.0 	 0.021739130434782608 
6.0 	 87 	 562 	 45.0 	 47.0 	 0.021739130434782608 
7.0 	 86 	 562 	 44.0 	 45.0 	 0.011235955056179775 
8.0 	 87 	 562 	 44.0 	 46.0 	 0.022222222222222223 
9.0 	 87 	 562 	 44.0 	 47.0 	 0.03296703296703297 
10.0 	 87 	 562 	 43.0 	 44.0 	 0.011494252873563218 
11.0 	 87 	 562 	 44.0 	 46.0 	 0.022222222222222223 
12.0 	 87 	 562 	 44.0 	 47.0 	 0.03296703296703297 
13.0 	 87 	 562 	 44.0 	 46.0 	 0.022222222222222223 
14.0 	 87 	 562 	 44.0 	 46.0 	 0.022222222222222223 
15.0 	 87 	 562 	 45.0 	 47.0 	 0.021739130434782608 
16.0 	 87 	 562 	 44.0 	 45.0 	 0.011235955056179775 
17.0 	 87 	 562 	 44.0 	 46.0 	 0.022222222222222223 
18.0 	 87 	 562 	 44.0 	 47.0 	 0.03296703296703297 
19.0 	 87 	 562 	 44.0 	 45.0 	 0.011235955056179775 
20.0 	 88 	 562 	 44.0 	 45.0 	 0.011235955056179775 
21.0 	 88 	 562 	 44.0 	 47.0 	 0.03296703296703297 
22.0 	 88 	 562 	 44.0 	 45.0 	 0.011235955056179775 
23.0 	 88 	 562 	 44.0 	 45.0 	 0.011235955056179775 
24.0 	 88 	 562 	 44.0 	 46.0 	 0.022222222222222223 
25.0 	 88 	 562 	 44.0 	 46.0 	 0.022222222222222223 
26.0 	 88 	 562 	 43.0 	 44.0 	 0.011494252873563218 
27.0 	 88 	 562 	 44.0 	 46.0 	 0.022222222222222223 
28.0 	 88 	 562 	 44.0 	 46.0 	 0.022222222222222223 
29.0 	 88 	 562 	 43.0 	 44.0 	 0.011494252873563218 
30.0 	 88 	 562 	 44.0 	 46.0 	 0.022222222222222223 
31.0 	 88 	 562 	 43.0 	 45.0 	 0.022727272727272728 
32.0 	 88 	 562 	 44.0 	 44.0 	 0.0 
33.0 	 89 	 562 	 44.0 	 45.0 	 0.011235955056179775 
34.0 	 88 	 562 	 44.0 	 46.0 	 0.022222222222222223 
35.0 	 88 	 562 	 44.0 	 44.0 	 0.0 
36.0 	 89 	 562 	 44.0 	 46.0 	 0.022222222222222223 
37.0 	 89 	 562 	 44.0 	 47.0 	 0.03296703296703297 
38.0 	 89 	 562 	 43.0 	 45.0 	 0.022727272727272728 
39.0 	 89 	 562 	 44.0 	 47.0 	 0.03296703296703297 
40.0 	 89 	 562 	 44.0 	 47.0 	 0.03296703296703297 
41.0 	 89 	 562 	 43.0 	 45.0 	 0.022727272727272728 
42.0 	 89 	 562 	 43.0 	 46.0 	 0.033707865168539325 
43.0 	 89 	 562 	 44.0 	 47.0 	 0.03296703296703297 
44.0 	 89 	 562 	 43.0 	 45.0 	 0.022727272727272728 
45.0 	 89 	 562 	 43.0 	 46.0 	 0.033707865168539325 
46.0 	 89 	 562 	 44.0 	 47.0 	 0.03296703296703297 
47.0 	 90 	 562 	 43.0 	 46.0 	 0.033707865168539325 
48.0 	 90 	 562 	 45.0 	 43.0 	 0.022727272727272728 
49.0 	 91 	 562 	 44.0 	 47.0 	 0.03296703296703297 
50.0 	 91 	 562 	 43.0 	 45.0 	 0.022727272727272728 
51.0 	 91 	 562 	 42.0 	 45.0 	 0.034482758620689655 
52.0 	 92 	 562 	 44.0 	 46.0 	 0.022222222222222223 
53.0 	 92 	 562 	 43.0 	 45.0 	 0.022727272727272728 
54.0 	 93 	 562 	 43.0 	 45.0 	 0.022727272727272728 
55.0 	 93 	 562 	 44.0 	 47.0 	 0.03296703296703297 
56.0 	 94 	 562 	 44.0 	 47.0 	 0.03296703296703297 
57.0 	 95 	 562 	 43.0 	 46.0 	 0.033707865168539325 
58.0 	 97 	 562 	 44.0 	 46.0 	 0.022222222222222223 
59.0 	 98 	 562 	 44.0 	 46.0 	 0.022222222222222223 
60.0 	 99 	 562 	 43.0 	 45.0 	 0.022727272727272728 
61.0 	 100 	 562 	 44.0 	 45.0 	 0.011235955056179775 
62.0 	 102 	 562 	 44.0 	 47.0 	 0.03296703296703297 
63.0 	 103 	 562 	 44.17317199707031 	 44.814395904541016 	 0.0072057695540085915 
64.0 	 104 	 562 	 44.0 	 45.0 	 0.011235955056179775 
65.0 	 105 	 562 	 44.0 	 46.0 	 0.022222222222222223 
66.0 	 107 	 562 	 43.0 	 45.0 	 0.022727272727272728 
67.0 	 108 	 562 	 44.0 	 44.0 	 0.0 
68.0 	 110 	 562 	 44.0 	 46.0 	 0.022222222222222223 
69.0 	 111 	 562 	 42.0 	 45.0 	 0.034482758620689655 
70.0 	 112 	 562 	 42.0 	 45.0 	 0.034482758620689655 
71.0 	 114 	 562 	 44.0 	 46.0 	 0.022222222222222223 
72.0 	 115 	 562 	 43.0 	 45.0 	 0.022727272727272728 
73.0 	 117 	 562 	 43.0 	 46.0 	 0.033707865168539325 
74.0 	 118 	 562 	 43.0 	 46.0 	 0.033707865168539325 
75.0 	 120 	 562 	 43.0 	 45.0 	 0.022727272727272728 
76.0 	 122 	 562 	 43.0 	 45.0 	 0.022727272727272728 
77.0 	 123 	 562 	 43.0 	 46.0 	 0.033707865168539325 
78.0 	 125 	 562 	 43.0 	 45.0 	 0.022727272727272728 
79.0 	 127 	 562 	 42.0 	 47.0 	 0.056179775280898875 
80.0 	 128 	 562 	 43.0 	 48.0 	 0.054945054945054944 
81.0 	 130 	 562 	 42.0 	 47.0 	 0.056179775280898875 
82.0 	 132 	 562 	 42.0 	 46.0 	 0.045454545454545456 
83.0 	 133 	 562 	 42.0 	 47.0 	 0.056179775280898875 
84.0 	 135 	 562 	 42.0 	 48.0 	 0.06666666666666667 
85.0 	 137 	 562 	 41.0 	 46.0 	 0.05747126436781609 
86.0 	 139 	 562 	 42.0 	 48.0 	 0.06666666666666667 
87.0 	 141 	 562 	 42.0 	 48.0 	 0.06666666666666667 
88.0 	 142 	 563 	 41.0 	 46.0 	 0.05747126436781609 
89.0 	 144 	 563 	 41.0 	 48.0 	 0.07865168539325842 
90.0 	 146 	 562 	 42.0 	 49.0 	 0.07692307692307693 
91.0 	 148 	 562 	 41.0 	 47.0 	 0.06818181818181818 
92.0 	 150 	 562 	 42.0 	 49.0 	 0.07692307692307693 
93.0 	 152 	 562 	 42.0 	 49.0 	 0.07692307692307693 
94.0 	 154 	 563 	 41.0 	 47.0 	 0.06818181818181818 
95.0 	 156 	 562 	 41.0 	 49.0 	 0.08888888888888889 
96.0 	 158 	 562 	 41.0 	 49.0 	 0.08888888888888889 
97.0 	 160 	 563 	 41.0 	 49.0 	 0.08888888888888889 
98.0 	 162 	 563 	 41.0 	 50.0 	 0.0989010989010989 
99.0 	 164 	 563 	 41.0 	 50.0 	 0.0989010989010989 
100.0 	 166 	 563 	 40.0 	 49.0 	 0.10112359550561797 
101.0 	 168 	 563 	 40.0 	 49.0 	 0.10112359550561797 
102.0 	 170 	 563 	 40.0 	 50.0 	 0.1111111111111111 
103.0 	 173 	 563 	 41.03262710571289 	 49.776031494140625 	 0.09628381834110518 
104.0 	 175 	 563 	 41.0 	 50.0 	 0.0989010989010989 
105.0 	 176 	 563 	 40.0 	 50.0 	 0.1111111111111111 
106.0 	 179 	 563 	 49.0 	 41.0 	 0.08888888888888889 
107.0 	 181 	 562 	 41.0 	 49.0 	 0.08888888888888889 
108.0 	 182 	 563 	 41.0 	 50.0 	 0.0989010989010989 
109.0 	 184 	 563 	 40.0 	 50.0 	 0.1111111111111111 
110.0 	 187 	 563 	 40.0 	 50.0 	 0.1111111111111111 
111.0 	 189 	 562 	 41.0 	 51.0 	 0.10869565217391304 
112.0 	 191 	 563 	 41.0 	 51.0 	 0.10869565217391304 
113.0 	 193 	 563 	 40.0 	 49.0 	 0.10112359550561797 
114.0 	 195 	 563 	 41.0 	 51.0 	 0.10869565217391304 
115.0 	 197 	 563 	 41.0 	 51.0 	 0.10869565217391304 
116.0 	 200 	 563 	 40.0 	 50.0 	 0.1111111111111111 
117.0 	 202 	 563 	 40.0 	 51.0 	 0.12087912087912088 
118.0 	 204 	 563 	 40.0 	 51.0 	 0.12087912087912088 
119.0 	 206 	 563 	 40.0 	 50.0 	 0.1111111111111111 
120.0 	 208 	 563 	 41.0 	 51.0 	 0.10869565217391304 
121.0 	 211 	 563 	 40.0 	 52.0 	 0.13043478260869565 
122.0 	 213 	 563 	 40.0 	 50.0 	 0.1111111111111111 
123.0 	 215 	 563 	 40.0 	 51.0 	 0.12087912087912088 
124.0 	 217 	 563 	 40.0 	 52.0 	 0.13043478260869565 
125.0 	 219 	 563 	 40.0 	 51.0 	 0.12087912087912088 
126.0 	 222 	 563 	 40.0 	 52.0 	 0.13043478260869565 
127.0 	 224 	 563 	 40.0 	 52.0 	 0.13043478260869565 
128.0 	 226 	 563 	 40.0 	 51.0 	 0.12087912087912088 
129.0 	 228 	 563 	 41.0 	 52.0 	 0.11827956989247312 
130.0 	 230 	 563 	 41.0 	 52.0 	 0.11827956989247312 
131.0 	 233 	 563 	 41.0 	 52.0 	 0.11827956989247312 
132.0 	 235 	 563 	 41.0 	 52.0 	 0.11827956989247312 
133.0 	 237 	 563 	 40.0 	 53.0 	 0.13978494623655913 
134.0 	 239 	 563 	 40.0 	 51.0 	 0.12087912087912088 
135.0 	 242 	 563 	 40.0 	 52.0 	 0.13043478260869565 
136.0 	 244 	 563 	 41.0 	 52.0 	 0.11827956989247312 
137.0 	 246 	 563 	 40.0 	 51.0 	 0.12087912087912088 
138.0 	 248 	 563 	 40.0 	 51.0 	 0.12087912087912088 
139.0 	 250 	 563 	 53.0 	 42.0 	 0.11578947368421053 
140.0 	 252 	 563 	 41.0 	 52.0 	 0.11827956989247312 
141.0 	 255 	 563 	 40.0 	 52.0 	 0.13043478260869565 
142.0 	 257 	 563 	 41.0 	 53.0 	 0.1276595744680851 
143.0 	 259 	 563 	 40.0 	 52.0 	 0.13043478260869565 
144.0 	 261 	 563 	 40.0 	 52.0 	 0.13043478260869565 
145.0 	 264 	 563 	 40.0 	 53.0 	 0.13978494623655913 
146.0 	 266 	 563 	 40.0 	 53.0 	 0.13978494623655913 
147.0 	 268 	 563 	 40.0 	 52.0 	 0.13043478260869565 
148.0 	 271 	 563 	 42.0 	 54.0 	 0.125 
149.0 	 273 	 563 	 42.0 	 54.0 	 0.125 
150.0 	 275 	 563 	 40.0 	 52.0 	 0.13043478260869565 
151.0 	 277 	 563 	 40.0 	 52.0 	 0.13043478260869565 
152.0 	 279 	 563 	 40.0 	 53.0 	 0.13978494623655913 
153.0 	 282 	 563 	 39.0 	 52.0 	 0.14285714285714285 
154.0 	 284 	 563 	 39.0 	 53.0 	 0.15217391304347827 
155.0 	 286 	 563 	 40.0 	 53.0 	 0.13978494623655913 
156.0 	 289 	 563 	 39.0 	 52.0 	 0.14285714285714285 
157.0 	 291 	 563 	 39.0 	 53.0 	 0.15217391304347827 
158.0 	 293 	 563 	 39.0 	 55.0 	 0.1702127659574468 
159.0 	 295 	 563 	 39.0 	 54.0 	 0.16129032258064516 
160.0 	 298 	 563 	 40.0 	 54.0 	 0.14893617021276595 
161.0 	 300 	 563 	 41.0 	 55.0 	 0.14583333333333334 
162.0 	 302 	 563 	 40.0 	 53.0 	 0.13978494623655913 
163.0 	 304 	 563 	 40.0 	 52.0 	 0.13043478260869565 
164.0 	 307 	 563 	 40.0 	 54.0 	 0.14893617021276595 
165.0 	 309 	 563 	 40.0 	 53.0 	 0.13978494623655913 
166.0 	 312 	 563 	 40.0 	 53.0 	 0.13978494623655913 
167.0 	 314 	 563 	 40.0 	 54.0 	 0.14893617021276595 
168.0 	 316 	 563 	 40.0 	 53.0 	 0.13978494623655913 
169.0 	 318 	 563 	 39.0 	 52.0 	 0.14285714285714285 
170.0 	 320 	 563 	 40.0 	 54.0 	 0.14893617021276595 
171.0 	 323 	 563 	 40.0 	 53.0 	 0.13978494623655913 
172.0 	 325 	 563 	 40.0 	 53.0 	 0.13978494623655913 
173.0 	 327 	 563 	 41.0 	 53.0 	 0.1276595744680851 
174.0 	 329 	 563 	 41.0 	 54.0 	 0.1368421052631579 
175.0 	 331 	 563 	 40.0 	 53.0 	 0.13978494623655913 
176.0 	 334 	 563 	 41.0 	 53.0 	 0.1276595744680851 
177.0 	 336 	 563 	 40.0 	 54.0 	 0.14893617021276595 
178.0 	 338 	 563 	 40.0 	 52.0 	 0.13043478260869565 
179.0 	 340 	 563 	 40.0 	 53.0 	 0.13978494623655913 
180.0 	 343 	 563 	 40.0 	 53.0 	 0.13978494623655913 
181.0 	 345 	 563 	 40.0 	 53.0 	 0.13978494623655913 
182.0 	 348 	 563 	 40.0 	 54.0 	 0.14893617021276595 
183.0 	 350 	 563 	 40.0 	 55.0 	 0.15789473684210525 
184.0 	 352 	 563 	 40.0 	 53.0 	 0.13978494623655913 
185.0 	 354 	 563 	 39.0 	 53.0 	 0.15217391304347827 
186.0 	 357 	 563 	 39.0 	 54.0 	 0.16129032258064516 
187.0 	 359 	 563 	 39.0 	 54.0 	 0.16129032258064516 
188.0 	 362 	 563 	 39.0 	 53.0 	 0.15217391304347827 
189.0 	 364 	 563 	 39.0 	 54.0 	 0.16129032258064516 
190.0 	 366 	 563 	 39.0 	 54.0 	 0.16129032258064516 
191.0 	 368 	 563 	 39.0 	 53.0 	 0.15217391304347827 
192.0 	 371 	 563 	 39.0 	 54.0 	 0.16129032258064516 
193.0 	 373 	 563 	 39.0 	 54.0 	 0.16129032258064516 
194.0 	 375 	 563 	 38.0 	 52.0 	 0.15555555555555556 
195.0 	 378 	 563 	 38.0 	 54.0 	 0.17391304347826086 
196.0 	 380 	 563 	 38.0 	 53.0 	 0.16483516483516483 
197.0 	 382 	 563 	 38.0 	 53.0 	 0.16483516483516483 
198.0 	 384 	 563 	 38.0 	 54.0 	 0.17391304347826086 
199.0 	 387 	 563 	 38.0 	 54.0 	 0.17391304347826086 
200.0 	 389 	 563 	 38.0 	 52.0 	 0.15555555555555556 
201.0 	 391 	 563 	 39.0 	 53.0 	 0.15217391304347827 
202.0 	 394 	 563 	 39.0 	 54.0 	 0.16129032258064516 
203.0 	 396 	 563 	 38.0 	 53.0 	 0.16483516483516483 
204.0 	 399 	 563 	 39.0 	 54.0 	 0.16129032258064516 
205.0 	 401 	 563 	 39.0 	 55.0 	 0.1702127659574468 
206.0 	 403 	 563 	 39.0 	 53.0 	 0.15217391304347827 
207.0 	 405 	 563 	 39.0 	 53.0 	 0.15217391304347827 
208.0 	 407 	 563 	 40.0 	 54.0 	 0.14893617021276595 
209.0 	 410 	 563 	 39.0 	 53.0 	 0.15217391304347827 
210.0 	 412 	 563 	 39.0 	 54.0 	 0.16129032258064516 
211.0 	 414 	 563 	 40.0 	 55.0 	 0.15789473684210525 
212.0 	 417 	 563 	 39.0 	 53.0 	 0.15217391304347827 
213.0 	 419 	 563 	 39.0 	 54.0 	 0.16129032258064516 
214.0 	 421 	 563 	 39.0 	 54.0 	 0.16129032258064516 
215.0 	 424 	 563 	 39.0 	 54.0 	 0.16129032258064516 
216.0 	 426 	 563 	 39.0 	 54.0 	 0.16129032258064516 
217.0 	 428 	 563 	 39.0 	 54.0 	 0.16129032258064516 
218.0 	 431 	 563 	 39.0 	 54.0 	 0.16129032258064516 
219.0 	 433 	 563 	 39.0 	 53.0 	 0.15217391304347827 
220.0 	 435 	 563 	 39.0 	 53.0 	 0.15217391304347827 
221.0 	 438 	 563 	 39.0 	 54.0 	 0.16129032258064516 
222.0 	 440 	 563 	 39.0 	 53.0 	 0.15217391304347827 
223.0 	 442 	 564 	 39.0 	 54.0 	 0.16129032258064516 
224.0 	 444 	 563 	 39.0 	 54.0 	 0.16129032258064516 
225.0 	 447 	 563 	 39.0 	 52.0 	 0.14285714285714285 
226.0 	 449 	 563 	 39.0 	 53.0 	 0.15217391304347827 
227.0 	 451 	 563 	 39.0 	 53.0 	 0.15217391304347827 
228.0 	 453 	 563 	 39.0 	 52.0 	 0.14285714285714285 
229.0 	 455 	 563 	 39.0 	 53.0 	 0.15217391304347827 
230.0 	 458 	 563 	 39.0 	 54.0 	 0.16129032258064516 
231.0 	 460 	 563 	 39.0 	 52.0 	 0.14285714285714285 
232.0 	 462 	 563 	 38.0 	 54.0 	 0.17391304347826086 
233.0 	 464 	 563 	 38.0 	 54.0 	 0.17391304347826086 
234.0 	 467 	 563 	 38.0 	 52.0 	 0.15555555555555556 
235.0 	 469 	 563 	 38.0 	 53.0 	 0.16483516483516483 
236.0 	 471 	 563 	 38.0 	 53.0 	 0.16483516483516483 
237.0 	 474 	 563 	 53.0 	 38.0 	 0.16483516483516483 
238.0 	 477 	 563 	 36.0 	 54.0 	 0.2 
239.0 	 479 	 563 	 37.0 	 54.0 	 0.18681318681318682 
240.0 	 482 	 563 	 38.0 	 53.0 	 0.16483516483516483 
241.0 	 484 	 563 	 36.0 	 51.0 	 0.1724137931034483 
242.0 	 486 	 563 	 36.0 	 53.0 	 0.19101123595505617 
243.0 	 488 	 563 	 36.0 	 52.0 	 0.18181818181818182 
244.0 	 490 	 563 	 36.0 	 52.0 	 0.18181818181818182 
245.0 	 492 	 563 	 36.0 	 53.0 	 0.19101123595505617 
246.0 	 495 	 563 	 37.0 	 52.0 	 0.16853932584269662 
247.0 	 497 	 563 	 37.0 	 52.0 	 0.16853932584269662 
248.0 	 499 	 563 	 37.0 	 52.0 	 0.16853932584269662 
249.0 	 502 	 563 	 37.0 	 52.0 	 0.16853932584269662 
250.0 	 505 	 563 	 37.0 	 52.0 	 0.16853932584269662 
251.0 	 506 	 563 	 37.0 	 54.0 	 0.18681318681318682 
252.0 	 509 	 563 	 37.0 	 52.0 	 0.16853932584269662 
253.0 	 511 	 563 	 37.0 	 53.0 	 0.17777777777777778 
254.0 	 513 	 563 	 37.0 	 54.0 	 0.18681318681318682 
255.0 	 516 	 563 	 37.0 	 53.0 	 0.17777777777777778 
256.0 	 518 	 563 	 37.0 	 52.0 	 0.16853932584269662 
257.0 	 521 	 563 	 37.0 	 54.0 	 0.18681318681318682 
258.0 	 523 	 563 	 37.0 	 53.0 	 0.17777777777777778 
259.0 	 525 	 563 	 37.0 	 53.0 	 0.17777777777777778 
260.0 	 527 	 563 	 37.0 	 53.0 	 0.17777777777777778 
261.0 	 529 	 563 	 37.0 	 53.0 	 0.17777777777777778 
262.0 	 532 	 563 	 38.0 	 52.0 	 0.15555555555555556 
263.0 	 533 	 563 	 38.0 	 53.0 	 0.16483516483516483 
264.0 	 536 	 563 	 38.0 	 53.0 	 0.16483516483516483 
265.0 	 538 	 563 	 37.0 	 52.0 	 0.16853932584269662 
266.0 	 540 	 563 	 37.0 	 52.0 	 0.16853932584269662 
267.0 	 542 	 563 	 37.0 	 53.0 	 0.17777777777777778 
268.0 	 545 	 563 	 37.0 	 52.0 	 0.16853932584269662 
269.0 	 547 	 563 	 37.0 	 54.0 	 0.18681318681318682 
270.0 	 549 	 563 	 38.0 	 54.0 	 0.17391304347826086 
271.0 	 552 	 563 	 38.0 	 53.0 	 0.16483516483516483 
272.0 	 554 	 563 	 38.0 	 54.0 	 0.17391304347826086 
273.0 	 556 	 563 	 38.0 	 55.0 	 0.1827956989247312 
274.0 	 559 	 563 	 38.0 	 54.0 	 0.17391304347826086 
275.0 	 561 	 563 	 38.0 	 54.0 	 0.17391304347826086 
276.0 	 563 	 564 	 38.0 	 55.0 	 0.1827956989247312 
277.0 	 565 	 564 	 37.0 	 54.0 	 0.18681318681318682 
278.0 	 568 	 564 	 39.173561096191406 	 53.707706451416016 	 0.1564809109412181 
279.0 	 569 	 564 	 39.0 	 54.0 	 0.16129032258064516 
280.0 	 572 	 563 	 39.0 	 53.0 	 0.15217391304347827 
281.0 	 575 	 564 	 39.0 	 53.0 	 0.15217391304347827 
282.0 	 577 	 564 	 38.0 	 54.0 	 0.17391304347826086 
283.0 	 579 	 564 	 39.0 	 53.0 	 0.15217391304347827 
284.0 	 582 	 564 	 39.0 	 53.0 	 0.15217391304347827 
285.0 	 584 	 564 	 39.0 	 55.0 	 0.1702127659574468 
286.0 	 586 	 564 	 39.0 	 53.0 	 0.15217391304347827 
287.0 	 588 	 564 	 39.0 	 52.0 	 0.14285714285714285 
288.0 	 590 	 564 	 39.0 	 54.0 	 0.16129032258064516 
289.0 	 592 	 564 	 38.0 	 54.0 	 0.17391304347826086 
290.0 	 595 	 564 	 38.0 	 53.0 	 0.16483516483516483 
291.0 	 596 	 564 	 38.0 	 55.0 	 0.1827956989247312 
292.0 	 598 	 564 	 38.0 	 55.0 	 0.1827956989247312 
293.0 	 601 	 563 	 37.0 	 53.0 	 0.17777777777777778 
294.0 	 603 	 564 	 39.0 	 54.0 	 0.16129032258064516 
295.0 	 606 	 563 	 38.0 	 55.0 	 0.1827956989247312 
296.0 	 608 	 563 	 39.0 	 53.0 	 0.15217391304347827 
297.0 	 610 	 563 	 39.0 	 54.0 	 0.16129032258064516 
298.0 	 612 	 563 	 39.0 	 55.0 	 0.1702127659574468 
299.0 	 615 	 563 	 39.0 	 55.0 	 0.1702127659574468 
300.0 	 617 	 563 	 39.0 	 54.0 	 0.16129032258064516 
301.0 	 619 	 563 	 39.0 	 56.0 	 0.17894736842105263 
302.0 	 622 	 564 	 39.0 	 55.0 	 0.1702127659574468 
303.0 	 625 	 564 	 39.0 	 55.0 	 0.1702127659574468 
304.0 	 626 	 564 	 38.0 	 55.0 	 0.1827956989247312 
305.0 	 629 	 564 	 38.0 	 55.0 	 0.1827956989247312 
306.0 	 631 	 564 	 38.0 	 53.0 	 0.16483516483516483 
307.0 	 633 	 564 	 38.0 	 55.0 	 0.1827956989247312 
308.0 	 636 	 564 	 38.0 	 54.0 	 0.17391304347826086 
309.0 	 638 	 564 	 38.0 	 53.0 	 0.16483516483516483 
310.0 	 640 	 564 	 38.0 	 56.0 	 0.19148936170212766 
311.0 	 643 	 564 	 38.0 	 55.0 	 0.1827956989247312 
312.0 	 645 	 564 	 39.0 	 55.0 	 0.1702127659574468 
313.0 	 647 	 564 	 39.0 	 55.0 	 0.1702127659574468 
314.0 	 649 	 564 	 39.0 	 56.0 	 0.17894736842105263 
315.0 	 651 	 564 	 39.0 	 54.0 	 0.16129032258064516 
316.0 	 654 	 564 	 39.0 	 56.0 	 0.17894736842105263 
317.0 	 656 	 564 	 39.0 	 57.0 	 0.1875 
318.0 	 658 	 564 	 39.0 	 55.0 	 0.1702127659574468 
319.0 	 661 	 563 	 39.111183166503906 	 55.64143371582031 	 0.1744569289294222 
320.0 	 663 	 564 	 38.0 	 57.0 	 0.2 
321.0 	 665 	 564 	 39.0 	 54.0 	 0.16129032258064516 
322.0 	 668 	 564 	 39.0 	 56.0 	 0.17894736842105263 
323.0 	 670 	 564 	 39.0 	 56.0 	 0.17894736842105263 
324.0 	 672 	 564 	 39.0 	 55.0 	 0.1702127659574468 
325.0 	 674 	 564 	 39.0 	 55.0 	 0.1702127659574468 
326.0 	 676 	 564 	 39.0 	 56.0 	 0.17894736842105263 
327.0 	 679 	 564 	 39.0 	 55.0 	 0.1702127659574468 
328.0 	 681 	 564 	 39.0 	 55.0 	 0.1702127659574468 
329.0 	 683 	 564 	 40.0 	 57.0 	 0.17525773195876287 
330.0 	 686 	 564 	 40.0 	 56.0 	 0.16666666666666666 
331.0 	 688 	 564 	 39.0 	 55.0 	 0.1702127659574468 
332.0 	 690 	 564 	 39.0 	 57.0 	 0.1875 
333.0 	 692 	 564 	 39.0 	 56.0 	 0.17894736842105263 
334.0 	 695 	 564 	 39.0 	 55.0 	 0.1702127659574468 
335.0 	 697 	 564 	 38.0 	 57.0 	 0.2 
336.0 	 699 	 564 	 38.0 	 56.0 	 0.19148936170212766 
337.0 	 702 	 564 	 38.0 	 56.0 	 0.19148936170212766 
338.0 	 704 	 564 	 38.0 	 56.0 	 0.19148936170212766 
339.0 	 706 	 564 	 38.0 	 57.0 	 0.2 
340.0 	 708 	 564 	 56.0 	 39.0 	 0.17894736842105263 
341.0 	 710 	 564 	 38.0 	 56.0 	 0.19148936170212766 
342.0 	 712 	 564 	 38.0 	 56.0 	 0.19148936170212766 
343.0 	 715 	 564 	 38.0 	 55.0 	 0.1827956989247312 
344.0 	 717 	 564 	 38.0 	 55.0 	 0.1827956989247312 
345.0 	 719 	 564 	 38.0 	 56.0 	 0.19148936170212766 
346.0 	 722 	 564 	 38.0 	 56.0 	 0.19148936170212766 
347.0 	 724 	 564 	 38.0 	 55.0 	 0.1827956989247312 
348.0 	 726 	 564 	 38.0 	 57.0 	 0.2 
349.0 	 728 	 564 	 38.0 	 55.0 	 0.1827956989247312 
350.0 	 731 	 564 	 38.0 	 56.0 	 0.19148936170212766 
351.0 	 733 	 564 	 38.0 	 56.0 	 0.19148936170212766 
352.0 	 735 	 564 	 38.0 	 55.0 	 0.1827956989247312 
353.0 	 737 	 564 	 38.0 	 55.0 	 0.1827956989247312 
354.0 	 740 	 564 	 38.0 	 56.0 	 0.19148936170212766 
355.0 	 742 	 564 	 38.0 	 55.0 	 0.1827956989247312 
356.0 	 744 	 564 	 38.0 	 55.0 	 0.1827956989247312 
357.0 	 746 	 564 	 38.0 	 55.0 	 0.1827956989247312 
358.0 	 748 	 564 	 38.0 	 56.0 	 0.19148936170212766 
359.0 	 750 	 564 	 38.0 	 55.0 	 0.1827956989247312 
360.0 	 752 	 564 	 38.0 	 55.0 	 0.1827956989247312 
361.0 	 754 	 564 	 38.0 	 56.0 	 0.19148936170212766 
362.0 	 757 	 564 	 38.0 	 55.0 	 0.1827956989247312 
363.0 	 759 	 564 	 38.0 	 55.0 	 0.1827956989247312 
364.0 	 762 	 564 	 38.0 	 55.0 	 0.1827956989247312 
365.0 	 764 	 564 	 38.0 	 54.0 	 0.17391304347826086 
366.0 	 766 	 564 	 38.0 	 56.0 	 0.19148936170212766 
367.0 	 768 	 564 	 38.0 	 56.0 	 0.19148936170212766 
368.0 	 770 	 564 	 38.0 	 55.0 	 0.1827956989247312 
369.0 	 772 	 564 	 38.0 	 55.0 	 0.1827956989247312 
370.0 	 774 	 564 	 38.0 	 55.0 	 0.1827956989247312 
371.0 	 776 	 564 	 38.0 	 55.0 	 0.1827956989247312 
372.0 	 779 	 564 	 38.0 	 56.0 	 0.19148936170212766 
373.0 	 781 	 564 	 38.0 	 56.0 	 0.19148936170212766 
374.0 	 783 	 564 	 38.0 	 55.0 	 0.1827956989247312 
375.0 	 785 	 564 	 38.0 	 55.0 	 0.1827956989247312 
376.0 	 787 	 564 	 38.0 	 55.0 	 0.1827956989247312 
377.0 	 789 	 564 	 38.0 	 55.0 	 0.1827956989247312 
378.0 	 791 	 564 	 38.0 	 56.0 	 0.19148936170212766 
379.0 	 793 	 564 	 38.0 	 55.0 	 0.1827956989247312 
380.0 	 796 	 564 	 38.0 	 55.0 	 0.1827956989247312 
381.0 	 797 	 564 	 38.0 	 55.0 	 0.1827956989247312 
382.0 	 800 	 564 	 38.0 	 55.0 	 0.1827956989247312 
383.0 	 802 	 564 	 38.0 	 54.0 	 0.17391304347826086 
384.0 	 804 	 564 	 38.0 	 55.0 	 0.1827956989247312 
385.0 	 806 	 564 	 38.0 	 56.0 	 0.19148936170212766 
386.0 	 809 	 564 	 38.0 	 55.0 	 0.1827956989247312 
387.0 	 811 	 564 	 38.0 	 55.0 	 0.1827956989247312 
388.0 	 813 	 564 	 38.0 	 55.0 	 0.1827956989247312 
389.0 	 815 	 564 	 38.0 	 55.0 	 0.1827956989247312 
390.0 	 817 	 564 	 55.14240264892578 	 37.80124282836914 	 0.18657714286441335 
391.0 	 819 	 564 	 37.0 	 56.0 	 0.20430107526881722 
392.0 	 822 	 564 	 37.0 	 56.0 	 0.20430107526881722 
393.0 	 824 	 564 	 37.0 	 55.0 	 0.1956521739130435 
394.0 	 826 	 564 	 37.0 	 55.0 	 0.1956521739130435 
395.0 	 828 	 564 	 37.26220703125 	 56.07143020629883 	 0.20152673496669146 
396.0 	 831 	 564 	 37.10499954223633 	 56.20964813232422 	 0.20473365185620482 
397.0 	 833 	 564 	 37.08638381958008 	 55.81562805175781 	 0.20160213815515957 
398.0 	 835 	 564 	 37.0 	 56.0 	 0.20430107526881722 
399.0 	 837 	 564 	 37.0 	 55.0 	 0.1956521739130435 
400.0 	 839 	 564 	 37.0 	 55.0 	 0.1956521739130435 
401.0 	 841 	 564 	 37.0 	 55.0 	 0.1956521739130435 
402.0 	 843 	 564 	 37.0 	 55.0 	 0.1956521739130435 
403.0 	 846 	 564 	 37.0 	 56.0 	 0.20430107526881722 
404.0 	 848 	 564 	 37.0 	 56.0 	 0.20430107526881722 
405.0 	 850 	 564 	 37.0 	 55.0 	 0.1956521739130435 
406.0 	 852 	 564 	 37.0 	 55.0 	 0.1956521739130435 
407.0 	 854 	 564 	 38.0 	 55.0 	 0.1827956989247312 
408.0 	 856 	 564 	 38.0 	 55.0 	 0.1827956989247312 
409.0 	 858 	 564 	 38.0 	 55.0 	 0.1827956989247312 
410.0 	 860 	 564 	 38.0 	 56.0 	 0.19148936170212766 
411.0 	 863 	 564 	 38.0 	 55.0 	 0.1827956989247312 
412.0 	 865 	 564 	 38.0 	 55.0 	 0.1827956989247312 
413.0 	 867 	 564 	 38.0 	 55.0 	 0.1827956989247312 
414.0 	 869 	 564 	 38.0 	 54.0 	 0.17391304347826086 
415.0 	 872 	 564 	 38.0 	 55.0 	 0.1827956989247312 
416.0 	 874 	 564 	 39.0 	 55.0 	 0.1702127659574468 
417.0 	 876 	 564 	 38.0 	 55.0 	 0.1827956989247312 
418.0 	 878 	 564 	 38.0 	 54.0 	 0.17391304347826086 
419.0 	 880 	 564 	 38.0 	 55.0 	 0.1827956989247312 
420.0 	 883 	 564 	 38.0 	 55.0 	 0.1827956989247312 
421.0 	 885 	 564 	 38.0 	 55.0 	 0.1827956989247312 
422.0 	 887 	 564 	 38.0 	 56.0 	 0.19148936170212766 
423.0 	 889 	 564 	 38.0 	 56.0 	 0.19148936170212766 
424.0 	 892 	 564 	 38.0 	 56.0 	 0.19148936170212766 
425.0 	 894 	 564 	 38.0 	 56.0 	 0.19148936170212766 
426.0 	 896 	 564 	 38.0 	 56.0 	 0.19148936170212766 
427.0 	 899 	 564 	 38.0 	 55.0 	 0.1827956989247312 
428.0 	 901 	 564 	 38.0 	 56.0 	 0.19148936170212766 
429.0 	 903 	 564 	 38.0 	 56.0 	 0.19148936170212766 
430.0 	 906 	 564 	 38.0 	 55.0 	 0.1827956989247312 
431.0 	 908 	 564 	 38.0 	 56.0 	 0.19148936170212766 
432.0 	 910 	 564 	 38.0 	 56.0 	 0.19148936170212766 
433.0 	 912 	 564 	 38.0 	 56.0 	 0.19148936170212766 
434.0 	 914 	 564 	 38.0 	 57.0 	 0.2 
435.0 	 917 	 564 	 38.0 	 57.0 	 0.2 
436.0 	 919 	 564 	 38.0 	 56.0 	 0.19148936170212766 
437.0 	 921 	 564 	 38.0 	 56.0 	 0.19148936170212766 
438.0 	 924 	 564 	 56.8031120300293 	 38.11787414550781 	 0.19685043990131884 
439.0 	 926 	 564 	 37.0 	 56.0 	 0.20430107526881722 
440.0 	 929 	 564 	 37.0 	 57.0 	 0.2127659574468085 
441.0 	 931 	 564 	 36.0 	 57.0 	 0.22580645161290322 
442.0 	 933 	 564 	 37.0 	 56.0 	 0.20430107526881722 
443.0 	 936 	 564 	 36.0 	 55.0 	 0.2087912087912088 
444.0 	 938 	 564 	 36.0 	 57.0 	 0.22580645161290322 
445.0 	 940 	 564 	 37.0 	 56.0 	 0.20430107526881722 
446.0 	 942 	 564 	 37.0 	 56.0 	 0.20430107526881722 
447.0 	 944 	 564 	 37.0 	 56.0 	 0.20430107526881722 
448.0 	 947 	 564 	 37.0 	 57.0 	 0.2127659574468085 
449.0 	 949 	 564 	 36.0 	 56.0 	 0.21739130434782608 
450.0 	 951 	 564 	 36.0 	 57.0 	 0.22580645161290322 
451.0 	 954 	 564 	 36.0 	 56.0 	 0.21739130434782608 
452.0 	 956 	 564 	 36.0 	 56.0 	 0.21739130434782608 
453.0 	 958 	 564 	 37.0 	 56.0 	 0.20430107526881722 
454.0 	 960 	 564 	 37.0 	 56.0 	 0.20430107526881722 
455.0 	 963 	 564 	 37.0 	 55.0 	 0.1956521739130435 
456.0 	 965 	 564 	 37.0 	 56.0 	 0.20430107526881722 
457.0 	 967 	 564 	 37.0 	 56.0 	 0.20430107526881722 
458.0 	 969 	 564 	 38.0 	 55.0 	 0.1827956989247312 
459.0 	 972 	 564 	 38.0 	 56.0 	 0.19148936170212766 
460.0 	 974 	 564 	 38.0 	 56.0 	 0.19148936170212766 
461.0 	 976 	 564 	 38.0 	 56.0 	 0.19148936170212766 
462.0 	 979 	 564 	 38.0 	 57.0 	 0.2 
463.0 	 981 	 564 	 38.0 	 57.0 	 0.2 
464.0 	 983 	 564 	 56.0 	 38.0 	 0.19148936170212766 
465.0 	 985 	 564 	 37.0 	 56.0 	 0.20430107526881722 
466.0 	 988 	 564 	 37.0 	 57.0 	 0.2127659574468085 
467.0 	 990 	 564 	 37.0 	 56.0 	 0.20430107526881722 
468.0 	 992 	 564 	 37.0 	 56.0 	 0.20430107526881722 
469.0 	 994 	 564 	 37.0 	 56.0 	 0.20430107526881722 
470.0 	 997 	 564 	 37.0 	 57.0 	 0.2127659574468085 
471.0 	 999 	 564 	 37.0 	 56.0 	 0.20430107526881722 
472.0 	 1001 	 564 	 37.0 	 57.0 	 0.2127659574468085 
473.0 	 1003 	 564 	 37.0 	 57.0 	 0.2127659574468085 
474.0 	 1006 	 564 	 37.0 	 56.0 	 0.20430107526881722 
475.0 	 1008 	 564 	 37.0 	 56.0 	 0.20430107526881722 
476.0 	 1010 	 564 	 37.0 	 57.0 	 0.2127659574468085 
477.0 	 1013 	 564 	 36.0 	 56.0 	 0.21739130434782608 
478.0 	 1015 	 564 	 37.0 	 56.0 	 0.20430107526881722 
479.0 	 1017 	 564 	 37.0 	 57.0 	 0.2127659574468085 
480.0 	 1019 	 564 	 37.0 	 57.0 	 0.2127659574468085 
481.0 	 1021 	 564 	 36.0 	 57.0 	 0.22580645161290322 
482.0 	 1024 	 564 	 36.0 	 57.0 	 0.22580645161290322 
483.0 	 1026 	 564 	 36.0 	 56.0 	 0.21739130434782608 
484.0 	 1028 	 564 	 36.0 	 57.0 	 0.22580645161290322 
485.0 	 1031 	 564 	 36.0 	 58.0 	 0.23404255319148937 
486.0 	 1033 	 564 	 36.0 	 56.0 	 0.21739130434782608 
487.0 	 1035 	 564 	 36.0 	 56.0 	 0.21739130434782608 
488.0 	 1037 	 564 	 36.0 	 57.0 	 0.22580645161290322 
489.0 	 1040 	 564 	 36.0 	 57.0 	 0.22580645161290322 
490.0 	 1042 	 564 	 36.0 	 56.0 	 0.21739130434782608 
491.0 	 1044 	 564 	 36.0 	 57.0 	 0.22580645161290322 
492.0 	 1046 	 564 	 36.0 	 57.0 	 0.22580645161290322 
493.0 	 1048 	 564 	 35.0 	 57.0 	 0.2391304347826087 
494.0 	 1051 	 564 	 35.0 	 58.0 	 0.24731182795698925 
495.0 	 1053 	 564 	 57.0 	 36.0 	 0.22580645161290322 
496.0 	 1055 	 564 	 56.0 	 36.0 	 0.21739130434782608 
497.0 	 1058 	 564 	 35.0 	 57.0 	 0.2391304347826087 
498.0 	 1060 	 564 	 35.0 	 58.0 	 0.24731182795698925 
499.0 	 1063 	 564 	 35.0 	 57.0 	 0.2391304347826087 
500.0 	 1064 	 564 	 36.0 	 57.0 	 0.22580645161290322 
501.0 	 1067 	 564 	 36.0 	 57.0 	 0.22580645161290322 
502.0 	 1069 	 564 	 36.0 	 55.0 	 0.2087912087912088 
503.0 	 1071 	 564 	 36.0 	 56.0 	 0.21739130434782608 
504.0 	 1073 	 564 	 35.0 	 56.0 	 0.23076923076923078 
505.0 	 1075 	 564 	 35.0 	 56.0 	 0.23076923076923078 
506.0 	 1078 	 564 	 35.0 	 57.0 	 0.2391304347826087 
507.0 	 1080 	 565 	 35.0 	 57.0 	 0.2391304347826087 
508.0 	 1082 	 565 	 35.0 	 56.0 	 0.23076923076923078 
509.0 	 1085 	 564 	 35.0 	 57.0 	 0.2391304347826087 
510.0 	 1087 	 565 	 35.0 	 57.0 	 0.2391304347826087 
511.0 	 1089 	 564 	 35.0 	 56.0 	 0.23076923076923078 
512.0 	 1091 	 564 	 35.0 	 57.0 	 0.2391304347826087 
513.0 	 1094 	 564 	 35.0 	 57.0 	 0.2391304347826087 
514.0 	 1096 	 564 	 35.0 	 57.0 	 0.2391304347826087 
515.0 	 1098 	 564 	 35.0 	 57.0 	 0.2391304347826087 
516.0 	 1100 	 564 	 35.0 	 56.0 	 0.23076923076923078 
517.0 	 1102 	 565 	 36.0 	 57.0 	 0.22580645161290322 
518.0 	 1104 	 565 	 36.0 	 57.0 	 0.22580645161290322 
519.0 	 1107 	 565 	 36.0 	 57.0 	 0.22580645161290322 
520.0 	 1109 	 565 	 36.0 	 57.0 	 0.22580645161290322 
521.0 	 1111 	 565 	 36.0 	 56.0 	 0.21739130434782608 
522.0 	 1113 	 565 	 36.0 	 56.0 	 0.21739130434782608 
523.0 	 1116 	 565 	 36.0 	 57.0 	 0.22580645161290322 
524.0 	 1118 	 565 	 36.0 	 57.0 	 0.22580645161290322 
525.0 	 1120 	 565 	 36.0 	 57.0 	 0.22580645161290322 
526.0 	 1122 	 565 	 36.0 	 57.0 	 0.22580645161290322 
527.0 	 1124 	 565 	 36.0 	 57.0 	 0.22580645161290322 
528.0 	 1126 	 565 	 36.0 	 57.0 	 0.22580645161290322 
529.0 	 1128 	 565 	 36.0 	 57.0 	 0.22580645161290322 
530.0 	 1131 	 565 	 36.0 	 57.0 	 0.22580645161290322 
531.0 	 1133 	 565 	 36.0 	 57.0 	 0.22580645161290322 
532.0 	 1135 	 565 	 36.0 	 57.0 	 0.22580645161290322 
533.0 	 1137 	 565 	 36.0 	 57.0 	 0.22580645161290322 
534.0 	 1140 	 565 	 36.0 	 57.0 	 0.22580645161290322 
535.0 	 1142 	 565 	 36.0 	 57.0 	 0.22580645161290322 
536.0 	 1144 	 565 	 36.0 	 57.0 	 0.22580645161290322 
537.0 	 1146 	 565 	 36.0 	 57.0 	 0.22580645161290322 
538.0 	 1148 	 565 	 36.0 	 57.0 	 0.22580645161290322 
539.0 	 1150 	 565 	 36.0 	 57.0 	 0.22580645161290322 
540.0 	 1153 	 565 	 36.0 	 58.0 	 0.23404255319148937 
541.0 	 1155 	 565 	 36.0 	 58.0 	 0.23404255319148937 
542.0 	 1157 	 565 	 36.0 	 57.0 	 0.22580645161290322 
543.0 	 1159 	 566 	 36.0 	 57.0 	 0.22580645161290322 
544.0 	 1162 	 565 	 36.0 	 57.0 	 0.22580645161290322 
545.0 	 1164 	 565 	 35.74681854248047 	 57.401458740234375 	 0.23247494027216187 
546.0 	 1166 	 565 	 35.78013229370117 	 58.300960540771484 	 0.23937677134228993 
547.0 	 1168 	 565 	 36.0 	 58.0 	 0.23404255319148937 
548.0 	 1171 	 565 	 36.0 	 57.0 	 0.22580645161290322 
549.0 	 1173 	 565 	 36.0 	 58.0 	 0.23404255319148937 
550.0 	 1175 	 565 	 36.0 	 58.0 	 0.23404255319148937 
551.0 	 1177 	 565 	 36.0 	 56.0 	 0.21739130434782608 
552.0 	 1179 	 565 	 36.0 	 58.0 	 0.23404255319148937 
553.0 	 1181 	 565 	 36.0 	 58.0 	 0.23404255319148937 
554.0 	 1183 	 565 	 36.0 	 58.0 	 0.23404255319148937 
555.0 	 1185 	 565 	 36.0 	 58.0 	 0.23404255319148937 
556.0 	 1187 	 565 	 36.0 	 58.0 	 0.23404255319148937 
557.0 	 1189 	 565 	 36.0 	 57.0 	 0.22580645161290322 
558.0 	 1192 	 565 	 36.0 	 58.0 	 0.23404255319148937 
559.0 	 1194 	 565 	 36.0 	 58.0 	 0.23404255319148937 
560.0 	 1196 	 565 	 36.0 	 57.0 	 0.22580645161290322 
561.0 	 1198 	 565 	 36.0 	 57.0 	 0.22580645161290322 
562.0 	 1200 	 565 	 36.0 	 57.0 	 0.22580645161290322 
563.0 	 1202 	 565 	 36.0 	 57.0 	 0.22580645161290322 
564.0 	 1205 	 565 	 36.0 	 57.0 	 0.22580645161290322 
565.0 	 1207 	 565 	 35.0 	 58.0 	 0.24731182795698925 
566.0 	 1209 	 565 	 35.0 	 57.0 	 0.2391304347826087 
567.0 	 1211 	 565 	 35.0 	 56.0 	 0.23076923076923078 
568.0 	 1213 	 565 	 35.0 	 57.0 	 0.2391304347826087 
569.0 	 1216 	 565 	 35.0 	 57.0 	 0.2391304347826087 
570.0 	 1218 	 565 	 35.0 	 56.0 	 0.23076923076923078 
571.0 	 1220 	 565 	 36.0 	 57.0 	 0.22580645161290322 
572.0 	 1222 	 565 	 36.0 	 57.0 	 0.22580645161290322 
573.0 	 1224 	 565 	 35.0 	 56.0 	 0.23076923076923078 
574.0 	 1226 	 565 	 36.0 	 56.0 	 0.21739130434782608 
575.0 	 1228 	 565 	 36.0 	 57.0 	 0.22580645161290322 
576.0 	 1230 	 565 	 35.0 	 56.0 	 0.23076923076923078 
577.0 	 1233 	 565 	 35.0 	 57.0 	 0.2391304347826087 
578.0 	 1235 	 565 	 36.0 	 58.0 	 0.23404255319148937 
579.0 	 1237 	 565 	 35.0 	 56.0 	 0.23076923076923078 
580.0 	 1239 	 565 	 35.0 	 56.0 	 0.23076923076923078 
581.0 	 1241 	 565 	 36.0 	 57.0 	 0.22580645161290322 
582.0 	 1243 	 565 	 35.0 	 57.0 	 0.2391304347826087 
583.0 	 1245 	 565 	 35.0 	 57.0 	 0.2391304347826087 
584.0 	 1248 	 565 	 36.0 	 57.0 	 0.22580645161290322 
585.0 	 1250 	 565 	 36.0 	 58.0 	 0.23404255319148937 
586.0 	 1252 	 565 	 36.0 	 57.0 	 0.22580645161290322 
587.0 	 1254 	 565 	 36.0 	 57.0 	 0.22580645161290322 
588.0 	 1256 	 565 	 36.0 	 57.0 	 0.22580645161290322 
589.0 	 1259 	 565 	 35.0 	 56.0 	 0.23076923076923078 
590.0 	 1261 	 565 	 36.0 	 58.0 	 0.23404255319148937 
591.0 	 1263 	 565 	 56.700801849365234 	 36.09368133544922 	 0.22207269017139492 
592.0 	 1265 	 565 	 36.0 	 55.0 	 0.2087912087912088 
593.0 	 1267 	 565 	 36.0 	 57.0 	 0.22580645161290322 
594.0 	 1269 	 565 	 36.0 	 57.0 	 0.22580645161290322 
595.0 	 1271 	 565 	 36.0 	 55.0 	 0.2087912087912088 
596.0 	 1273 	 565 	 57.45870590209961 	 36.57760238647461 	 0.22205362902535528 
597.0 	 1276 	 565 	 37.0 	 57.0 	 0.2127659574468085 
598.0 	 1278 	 565 	 36.0 	 56.0 	 0.21739130434782608 
599.0 	 1280 	 565 	 37.0 	 57.0 	 0.2127659574468085 
600.0 	 1282 	 565 	 37.0 	 58.0 	 0.22105263157894736 
601.0 	 1285 	 565 	 35.0 	 56.0 	 0.23076923076923078 
602.0 	 1287 	 565 	 35.0 	 56.0 	 0.23076923076923078 
603.0 	 1289 	 565 	 37.0 	 57.0 	 0.2127659574468085 
604.0 	 1291 	 565 	 35.0 	 56.0 	 0.23076923076923078 
605.0 	 1293 	 565 	 35.0 	 56.0 	 0.23076923076923078 
606.0 	 1296 	 566 	 36.0 	 57.0 	 0.22580645161290322 
607.0 	 1298 	 565 	 36.0 	 55.0 	 0.2087912087912088 
608.0 	 1300 	 565 	 35.0 	 55.0 	 0.2222222222222222 
609.0 	 1302 	 566 	 36.0 	 57.0 	 0.22580645161290322 
610.0 	 1304 	 566 	 36.0 	 56.0 	 0.21739130434782608 
611.0 	 1306 	 566 	 36.0 	 56.0 	 0.21739130434782608 
612.0 	 1308 	 565 	 37.0 	 57.0 	 0.2127659574468085 
613.0 	 1311 	 566 	 57.0 	 37.0 	 0.2127659574468085 
614.0 	 1313 	 566 	 36.0 	 55.0 	 0.2087912087912088 
615.0 	 1315 	 566 	 36.0 	 56.0 	 0.21739130434782608 
616.0 	 1317 	 566 	 36.0 	 56.0 	 0.21739130434782608 
617.0 	 1320 	 566 	 36.0 	 57.0 	 0.22580645161290322 
618.0 	 1321 	 566 	 36.0 	 57.0 	 0.22580645161290322 
619.0 	 1324 	 566 	 37.0 	 58.0 	 0.22105263157894736 
620.0 	 1326 	 565 	 37.0 	 56.0 	 0.20430107526881722 
621.0 	 1328 	 565 	 37.0 	 57.0 	 0.2127659574468085 
622.0 	 1330 	 566 	 37.0 	 59.0 	 0.22916666666666666 
623.0 	 1333 	 565 	 57.46744918823242 	 37.1822624206543 	 0.21431852694280726 
624.0 	 1335 	 565 	 36.0 	 57.0 	 0.22580645161290322 
625.0 	 1337 	 566 	 36.0 	 57.0 	 0.22580645161290322 
626.0 	 1339 	 566 	 37.0 	 57.0 	 0.2127659574468085 
627.0 	 1342 	 565 	 37.0 	 56.0 	 0.20430107526881722 
628.0 	 1343 	 566 	 37.0 	 57.0 	 0.2127659574468085 
629.0 	 1346 	 566 	 37.0 	 57.0 	 0.2127659574468085 
630.0 	 1348 	 565 	 36.0 	 56.0 	 0.21739130434782608 
631.0 	 1351 	 566 	 36.0 	 57.0 	 0.22580645161290322 
632.0 	 1353 	 566 	 35.0 	 58.0 	 0.24731182795698925 
633.0 	 1355 	 566 	 36.0 	 56.0 	 0.21739130434782608 
634.0 	 1357 	 566 	 35.0 	 57.0 	 0.2391304347826087 
635.0 	 1360 	 566 	 36.0 	 57.0 	 0.22580645161290322 
636.0 	 1362 	 566 	 36.0 	 57.0 	 0.22580645161290322 
637.0 	 1364 	 566 	 36.0 	 57.0 	 0.22580645161290322 
638.0 	 1366 	 566 	 36.0 	 58.0 	 0.23404255319148937 
639.0 	 1368 	 566 	 36.0 	 58.0 	 0.23404255319148937 
640.0 	 1370 	 566 	 36.0 	 56.0 	 0.21739130434782608 
641.0 	 1372 	 566 	 36.0 	 57.0 	 0.22580645161290322 
642.0 	 1375 	 566 	 36.0 	 56.0 	 0.21739130434782608 
643.0 	 1377 	 566 	 36.0 	 57.0 	 0.22580645161290322 
644.0 	 1379 	 565 	 36.0 	 58.0 	 0.23404255319148937 
645.0 	 1382 	 566 	 36.0 	 57.0 	 0.22580645161290322 
646.0 	 1383 	 566 	 36.0 	 57.0 	 0.22580645161290322 
647.0 	 1386 	 566 	 36.0 	 57.0 	 0.22580645161290322 
648.0 	 1388 	 566 	 36.0 	 57.0 	 0.22580645161290322 
649.0 	 1390 	 565 	 35.0 	 56.0 	 0.23076923076923078 
650.0 	 1393 	 565 	 35.0 	 57.0 	 0.2391304347826087 
651.0 	 1395 	 565 	 35.0 	 57.0 	 0.2391304347826087 
652.0 	 1397 	 565 	 35.0 	 57.0 	 0.2391304347826087 
653.0 	 1400 	 565 	 35.0 	 57.0 	 0.2391304347826087 
654.0 	 1402 	 565 	 35.0 	 57.0 	 0.2391304347826087 
655.0 	 1403 	 565 	 35.0 	 57.0 	 0.2391304347826087 
656.0 	 1406 	 565 	 35.0 	 57.0 	 0.2391304347826087 
657.0 	 1408 	 566 	 36.0 	 58.0 	 0.23404255319148937 
658.0 	 1410 	 566 	 36.0 	 58.0 	 0.23404255319148937 
659.0 	 1413 	 566 	 35.0 	 57.0 	 0.2391304347826087 
660.0 	 1415 	 566 	 57.0 	 36.0 	 0.22580645161290322 
661.0 	 1417 	 566 	 35.0 	 57.0 	 0.2391304347826087 
662.0 	 1419 	 566 	 35.0 	 58.0 	 0.24731182795698925 
663.0 	 1422 	 566 	 35.0 	 61.0 	 0.2708333333333333 
664.0 	 1424 	 566 	 36.0 	 60.0 	 0.25 
665.0 	 1426 	 566 	 35.0 	 60.0 	 0.2631578947368421 
666.0 	 1429 	 566 	 35.0 	 60.0 	 0.2631578947368421 
667.0 	 1431 	 566 	 35.0 	 59.0 	 0.2553191489361702 
668.0 	 1433 	 566 	 35.0 	 58.0 	 0.24731182795698925 
669.0 	 1435 	 566 	 35.0 	 57.0 	 0.2391304347826087 
670.0 	 1437 	 566 	 35.0 	 58.0 	 0.24731182795698925 
671.0 	 1439 	 566 	 35.0 	 58.0 	 0.24731182795698925 
672.0 	 1441 	 565 	 35.0 	 58.0 	 0.24731182795698925 
673.0 	 1444 	 566 	 36.0 	 58.0 	 0.23404255319148937 
674.0 	 1445 	 566 	 36.0 	 59.0 	 0.24210526315789474 
675.0 	 1448 	 566 	 35.0 	 57.0 	 0.2391304347826087 
676.0 	 1450 	 566 	 35.0 	 58.0 	 0.24731182795698925 
677.0 	 1452 	 566 	 36.0 	 58.0 	 0.23404255319148937 
678.0 	 1454 	 566 	 35.9378776550293 	 58.076080322265625 	 0.2354778284367399 
679.0 	 1457 	 566 	 36.0 	 58.0 	 0.23404255319148937 
680.0 	 1459 	 566 	 36.0 	 59.0 	 0.24210526315789474 
681.0 	 1461 	 566 	 36.0 	 57.0 	 0.22580645161290322 
682.0 	 1463 	 566 	 36.0 	 57.0 	 0.22580645161290322 
683.0 	 1465 	 566 	 36.0 	 58.0 	 0.23404255319148937 
684.0 	 1467 	 566 	 36.0 	 58.0 	 0.23404255319148937 
685.0 	 1469 	 566 	 36.0 	 58.0 	 0.23404255319148937 
686.0 	 1471 	 566 	 36.0 	 58.0 	 0.23404255319148937 
687.0 	 1473 	 566 	 36.0 	 59.0 	 0.24210526315789474 
688.0 	 1475 	 566 	 36.0 	 60.0 	 0.25 
689.0 	 1478 	 566 	 36.0 	 62.0 	 0.2653061224489796 
690.0 	 1481 	 566 	 36.0 	 57.0 	 0.22580645161290322 
691.0 	 1483 	 566 	 36.0 	 55.0 	 0.2087912087912088 
692.0 	 1485 	 566 	 37.0 	 57.0 	 0.2127659574468085 
693.0 	 1487 	 566 	 37.0 	 57.0 	 0.2127659574468085 
694.0 	 1489 	 566 	 36.0 	 55.0 	 0.2087912087912088 
695.0 	 1491 	 566 	 36.0 	 57.0 	 0.22580645161290322 
696.0 	 1493 	 566 	 36.0 	 57.0 	 0.22580645161290322 
697.0 	 1495 	 566 	 36.0 	 56.0 	 0.21739130434782608 
698.0 	 1497 	 566 	 36.0 	 57.0 	 0.22580645161290322 
699.0 	 1499 	 566 	 37.0 	 58.0 	 0.22105263157894736 
700.0 	 1502 	 566 	 36.0 	 56.0 	 0.21739130434782608 
701.0 	 1504 	 566 	 36.0 	 56.0 	 0.21739130434782608 
702.0 	 1506 	 566 	 36.0 	 58.0 	 0.23404255319148937 
703.0 	 1508 	 566 	 36.0 	 55.0 	 0.2087912087912088 
704.0 	 1510 	 566 	 36.0 	 55.0 	 0.2087912087912088 
705.0 	 1512 	 566 	 36.0 	 56.0 	 0.21739130434782608 
706.0 	 1514 	 566 	 36.0 	 56.0 	 0.21739130434782608 
707.0 	 1516 	 566 	 36.0 	 55.0 	 0.2087912087912088 
708.0 	 1519 	 566 	 36.0 	 57.0 	 0.22580645161290322 
709.0 	 1521 	 566 	 36.0 	 56.0 	 0.21739130434782608 
710.0 	 1523 	 566 	 36.0 	 55.0 	 0.2087912087912088 
711.0 	 1525 	 566 	 36.0 	 57.0 	 0.22580645161290322 
712.0 	 1527 	 566 	 36.0 	 57.0 	 0.22580645161290322 
713.0 	 1529 	 566 	 36.0 	 55.0 	 0.2087912087912088 
714.0 	 1531 	 566 	 36.0 	 57.0 	 0.22580645161290322 
715.0 	 1534 	 566 	 36.0 	 56.0 	 0.21739130434782608 
716.0 	 1536 	 566 	 37.0 	 54.0 	 0.18681318681318682 
717.0 	 1538 	 566 	 37.0 	 55.0 	 0.1956521739130435 
718.0 	 1540 	 566 	 36.0 	 57.0 	 0.22580645161290322 
719.0 	 1542 	 566 	 36.0 	 55.0 	 0.2087912087912088 
720.0 	 1544 	 566 	 36.0 	 55.0 	 0.2087912087912088 
721.0 	 1547 	 567 	 37.0 	 57.0 	 0.2127659574468085 
722.0 	 1549 	 566 	 37.0 	 55.0 	 0.1956521739130435 
723.0 	 1551 	 566 	 36.0 	 55.0 	 0.2087912087912088 
724.0 	 1553 	 566 	 38.0 	 57.0 	 0.2 
725.0 	 1555 	 566 	 37.0 	 55.0 	 0.1956521739130435 
726.0 	 1557 	 566 	 37.0 	 54.0 	 0.18681318681318682 
727.0 	 1559 	 566 	 37.0 	 56.0 	 0.20430107526881722 
728.0 	 1562 	 566 	 37.0 	 55.0 	 0.1956521739130435 
729.0 	 1564 	 566 	 37.0 	 54.0 	 0.18681318681318682 
730.0 	 1566 	 566 	 37.0 	 56.0 	 0.20430107526881722 
731.0 	 1568 	 567 	 37.0 	 56.0 	 0.20430107526881722 
732.0 	 1570 	 567 	 35.0 	 54.0 	 0.21348314606741572 
733.0 	 1573 	 567 	 35.0 	 56.0 	 0.23076923076923078 
734.0 	 1575 	 567 	 35.0 	 56.0 	 0.23076923076923078 
735.0 	 1577 	 567 	 35.0 	 54.0 	 0.21348314606741572 
736.0 	 1579 	 567 	 36.0 	 55.0 	 0.2087912087912088 
737.0 	 1581 	 567 	 36.0 	 56.0 	 0.21739130434782608 
738.0 	 1584 	 567 	 35.0 	 54.0 	 0.21348314606741572 
739.0 	 1586 	 566 	 36.0 	 55.0 	 0.2087912087912088 
740.0 	 1588 	 567 	 36.0 	 55.0 	 0.2087912087912088 
741.0 	 1590 	 567 	 35.0 	 53.0 	 0.20454545454545456 
742.0 	 1593 	 567 	 35.0 	 54.0 	 0.21348314606741572 
743.0 	 1595 	 567 	 36.0 	 56.0 	 0.21739130434782608 
744.0 	 1597 	 567 	 35.0 	 55.0 	 0.2222222222222222 
745.0 	 1599 	 567 	 34.0 	 52.0 	 0.20930232558139536 
746.0 	 1602 	 567 	 35.0 	 55.0 	 0.2222222222222222 
747.0 	 1604 	 567 	 33.0 	 54.0 	 0.2413793103448276 
748.0 	 1606 	 567 	 34.0 	 54.0 	 0.22727272727272727 
749.0 	 1608 	 567 	 55.291893005371094 	 34.63627243041992 	 0.22969022524649796 
750.0 	 1610 	 567 	 55.84149169921875 	 34.912818908691406 	 0.2306080300796555 
751.0 	 1613 	 567 	 54.081581115722656 	 34.7701301574707 	 0.21734472731622262 
752.0 	 1615 	 566 	 35.0 	 56.0 	 0.23076923076923078 
753.0 	 1617 	 566 	 35.0 	 56.0 	 0.23076923076923078 
754.0 	 1619 	 566 	 34.0 	 54.0 	 0.22727272727272727 
755.0 	 1622 	 566 	 34.0 	 55.0 	 0.23595505617977527 
756.0 	 1624 	 566 	 35.0 	 56.0 	 0.23076923076923078 
757.0 	 1626 	 566 	 35.0 	 55.0 	 0.2222222222222222 
758.0 	 1628 	 566 	 34.0 	 55.0 	 0.23595505617977527 
759.0 	 1630 	 566 	 35.0 	 56.0 	 0.23076923076923078 
760.0 	 1632 	 567 	 33.0 	 55.0 	 0.25 
761.0 	 1634 	 567 	 33.0 	 55.0 	 0.25 
762.0 	 1637 	 567 	 35.0 	 57.0 	 0.2391304347826087 
763.0 	 1639 	 567 	 34.0 	 55.0 	 0.23595505617977527 
764.0 	 1641 	 567 	 34.0 	 55.0 	 0.23595505617977527 
765.0 	 1643 	 567 	 34.0 	 57.0 	 0.25274725274725274 
766.0 	 1645 	 567 	 34.0 	 56.0 	 0.24444444444444444 
767.0 	 1648 	 567 	 55.0 	 34.0 	 0.23595505617977527 
768.0 	 1650 	 567 	 34.0 	 56.0 	 0.24444444444444444 
769.0 	 1652 	 567 	 33.0 	 56.0 	 0.25842696629213485 
770.0 	 1655 	 567 	 31.0 	 54.0 	 0.27058823529411763 
771.0 	 1657 	 566 	 32.0 	 55.0 	 0.26436781609195403 
772.0 	 1659 	 566 	 33.0 	 56.0 	 0.25842696629213485 
773.0 	 1661 	 566 	 32.0 	 55.0 	 0.26436781609195403 
774.0 	 1663 	 566 	 32.0 	 54.0 	 0.2558139534883721 
775.0 	 1665 	 566 	 34.0 	 56.0 	 0.24444444444444444 
776.0 	 1667 	 566 	 33.0 	 54.0 	 0.2413793103448276 
777.0 	 1670 	 566 	 34.0 	 54.0 	 0.22727272727272727 
778.0 	 1672 	 567 	 34.0 	 56.0 	 0.24444444444444444 
779.0 	 1674 	 567 	 34.0 	 55.0 	 0.23595505617977527 
780.0 	 1676 	 567 	 34.0 	 54.0 	 0.22727272727272727 
781.0 	 1679 	 567 	 33.0 	 55.0 	 0.25 
782.0 	 1681 	 567 	 33.0 	 55.0 	 0.25 
783.0 	 1683 	 566 	 32.0 	 54.0 	 0.2558139534883721 
784.0 	 1685 	 566 	 33.0 	 56.0 	 0.25842696629213485 
785.0 	 1687 	 566 	 33.0 	 56.0 	 0.25842696629213485 
786.0 	 1690 	 566 	 32.0 	 55.0 	 0.26436781609195403 
787.0 	 1692 	 566 	 32.0 	 57.0 	 0.2808988764044944 
788.0 	 1694 	 567 	 57.0 	 34.0 	 0.25274725274725274 
789.0 	 1696 	 567 	 33.0 	 55.0 	 0.25 
790.0 	 1699 	 567 	 33.0 	 56.0 	 0.25842696629213485 
791.0 	 1701 	 567 	 33.35239791870117 	 57.73863983154297 	 0.2677128564470267 
792.0 	 1703 	 567 	 33.0 	 56.0 	 0.25842696629213485 
793.0 	 1705 	 566 	 33.0 	 55.0 	 0.25 
794.0 	 1707 	 567 	 33.0 	 56.0 	 0.25842696629213485 
795.0 	 1709 	 567 	 33.0 	 56.0 	 0.25842696629213485 
796.0 	 1711 	 567 	 33.0 	 55.0 	 0.25 
797.0 	 1714 	 567 	 33.0 	 56.0 	 0.25842696629213485 
798.0 	 1716 	 567 	 33.0 	 56.0 	 0.25842696629213485 
799.0 	 1718 	 567 	 33.0 	 54.0 	 0.2413793103448276 
800.0 	 1720 	 567 	 33.0 	 56.0 	 0.25842696629213485 
801.0 	 1722 	 567 	 33.0 	 56.0 	 0.25842696629213485 
802.0 	 1725 	 567 	 55.0 	 33.0 	 0.25 
803.0 	 1727 	 567 	 56.0 	 33.0 	 0.25842696629213485 
804.0 	 1729 	 567 	 33.0 	 57.0 	 0.26666666666666666 
805.0 	 1731 	 567 	 32.0 	 54.0 	 0.2558139534883721 
806.0 	 1734 	 567 	 32.0 	 56.0 	 0.2727272727272727 
807.0 	 1736 	 567 	 32.0 	 57.0 	 0.2808988764044944 
808.0 	 1738 	 567 	 32.0 	 55.0 	 0.26436781609195403 
809.0 	 1740 	 567 	 32.0 	 54.0 	 0.2558139534883721 
810.0 	 1742 	 567 	 32.0 	 57.0 	 0.2808988764044944 
811.0 	 1744 	 567 	 32.0 	 56.0 	 0.2727272727272727 
812.0 	 1746 	 567 	 32.0 	 55.0 	 0.26436781609195403 
813.0 	 1748 	 567 	 32.0 	 57.0 	 0.2808988764044944 
814.0 	 1750 	 567 	 32.0 	 57.0 	 0.2808988764044944 
815.0 	 1753 	 567 	 32.0 	 54.0 	 0.2558139534883721 
816.0 	 1755 	 567 	 32.0 	 56.0 	 0.2727272727272727 
817.0 	 1757 	 567 	 32.0 	 56.0 	 0.2727272727272727 
818.0 	 1759 	 567 	 32.0 	 56.0 	 0.2727272727272727 
819.0 	 1761 	 567 	 32.0 	 56.0 	 0.2727272727272727 
820.0 	 1763 	 567 	 32.0 	 58.0 	 0.28888888888888886 
821.0 	 1765 	 567 	 31.0 	 55.0 	 0.27906976744186046 
822.0 	 1767 	 567 	 31.0 	 56.0 	 0.28735632183908044 
823.0 	 1769 	 567 	 32.0 	 57.0 	 0.2808988764044944 
824.0 	 1772 	 567 	 32.0 	 56.0 	 0.2727272727272727 
825.0 	 1774 	 567 	 32.0 	 55.0 	 0.26436781609195403 
826.0 	 1776 	 567 	 32.0 	 58.0 	 0.28888888888888886 
827.0 	 1778 	 567 	 32.0 	 56.0 	 0.2727272727272727 
828.0 	 1780 	 567 	 32.0 	 54.0 	 0.2558139534883721 
829.0 	 1782 	 567 	 32.0 	 56.0 	 0.2727272727272727 
830.0 	 1785 	 567 	 32.0 	 54.0 	 0.2558139534883721 
831.0 	 1786 	 567 	 32.0 	 53.0 	 0.24705882352941178 
832.0 	 1789 	 567 	 32.0 	 56.0 	 0.2727272727272727 
833.0 	 1791 	 567 	 32.0 	 56.0 	 0.2727272727272727 
834.0 	 1793 	 567 	 32.0 	 55.0 	 0.26436781609195403 
835.0 	 1795 	 567 	 56.0 	 32.0 	 0.2727272727272727 
836.0 	 1797 	 567 	 32.0 	 58.0 	 0.28888888888888886 
837.0 	 1799 	 567 	 31.0 	 54.0 	 0.27058823529411763 
838.0 	 1801 	 567 	 31.0 	 56.0 	 0.28735632183908044 
839.0 	 1803 	 567 	 31.0 	 57.0 	 0.29545454545454547 
840.0 	 1806 	 567 	 30.0 	 54.0 	 0.2857142857142857 
841.0 	 1808 	 567 	 30.0 	 55.0 	 0.29411764705882354 
842.0 	 1810 	 567 	 32.0 	 57.0 	 0.2808988764044944 
843.0 	 1812 	 567 	 30.0 	 55.0 	 0.29411764705882354 
844.0 	 1815 	 567 	 30.0 	 54.0 	 0.2857142857142857 
845.0 	 1817 	 567 	 31.0 	 56.0 	 0.28735632183908044 
846.0 	 1819 	 568 	 31.0 	 54.0 	 0.27058823529411763 
847.0 	 1821 	 567 	 31.0 	 54.0 	 0.27058823529411763 
848.0 	 1824 	 567 	 30.0 	 57.0 	 0.3103448275862069 
849.0 	 1826 	 568 	 30.0 	 55.0 	 0.29411764705882354 
850.0 	 1827 	 567 	 30.0 	 54.0 	 0.2857142857142857 
851.0 	 1830 	 568 	 32.0 	 57.0 	 0.2808988764044944 
852.0 	 1832 	 567 	 32.0 	 57.0 	 0.2808988764044944 
853.0 	 1834 	 567 	 29.0 	 55.0 	 0.30952380952380953 
854.0 	 1836 	 567 	 31.0 	 58.0 	 0.30337078651685395 
855.0 	 1838 	 567 	 31.0 	 59.0 	 0.3111111111111111 
856.0 	 1840 	 567 	 30.0 	 56.0 	 0.3023255813953488 
857.0 	 1842 	 567 	 31.0 	 58.0 	 0.30337078651685395 
858.0 	 1844 	 567 	 31.0 	 58.0 	 0.30337078651685395 
859.0 	 1847 	 567 	 31.0 	 56.0 	 0.28735632183908044 
860.0 	 1849 	 567 	 30.921218872070312 	 57.140132904052734 	 0.2977346304953204 
861.0 	 1851 	 567 	 31.0 	 59.0 	 0.3111111111111111 
862.0 	 1853 	 567 	 31.675657272338867 	 56.218536376953125 	 0.27923208673536715 
863.0 	 1855 	 567 	 31.0 	 55.0 	 0.27906976744186046 
864.0 	 1857 	 567 	 33.0 	 57.0 	 0.26666666666666666 
865.0 	 1859 	 567 	 31.0 	 55.0 	 0.27906976744186046 
866.0 	 1861 	 567 	 31.0 	 54.0 	 0.27058823529411763 
867.0 	 1864 	 567 	 33.0 	 56.0 	 0.25842696629213485 
868.0 	 1865 	 567 	 32.0 	 56.0 	 0.2727272727272727 
869.0 	 1867 	 567 	 32.0 	 55.0 	 0.26436781609195403 
870.0 	 1869 	 567 	 32.0 	 59.0 	 0.2967032967032967 
871.0 	 1872 	 567 	 33.0 	 59.0 	 0.2826086956521739 
872.0 	 1873 	 567 	 32.0 	 56.0 	 0.2727272727272727 
873.0 	 1875 	 567 	 32.86447525024414 	 58.033409118652344 	 0.2768924056170941 
874.0 	 1878 	 567 	 32.95500564575195 	 59.029300689697266 	 0.2834646048083173 
875.0 	 1880 	 567 	 32.0 	 56.0 	 0.2727272727272727 
876.0 	 1882 	 567 	 32.0 	 57.0 	 0.2808988764044944 
877.0 	 1884 	 567 	 31.0 	 57.0 	 0.29545454545454547 
878.0 	 1885 	 567 	 32.0 	 54.0 	 0.2558139534883721 
879.0 	 1888 	 567 	 32.0 	 55.0 	 0.26436781609195403 
880.0 	 1890 	 567 	 33.0 	 56.0 	 0.25842696629213485 
881.0 	 1891 	 567 	 32.0 	 53.0 	 0.24705882352941178 
882.0 	 1893 	 567 	 32.0 	 50.0 	 0.21951219512195122 
883.0 	 1894 	 567 	 33.0 	 49.0 	 0.1951219512195122 
884.0 	 1896 	 567 	 33.0 	 46.0 	 0.16455696202531644 
885.0 	 1897 	 567 	 31.0 	 44.0 	 0.17333333333333334 
886.0 	 1897 	 567 	 33.0 	 43.0 	 0.13157894736842105 
887.0 	 1899 	 567 	 32.0 	 41.0 	 0.1232876712328767 
888.0 	 1900 	 567 	 31.0 	 38.0 	 0.10144927536231885 
889.0 	 1901 	 567 	 31.0 	 36.0 	 0.07462686567164178 
890.0 	 1902 	 567 	 34.0 	 32.0 	 0.030303030303030304 
891.0 	 1904 	 567 	 30.0 	 32.0 	 0.03225806451612903 
892.0 	 1904 	 567 	 30.0 	 31.0 	 0.01639344262295082 
893.0 	 1905 	 567 	 32.0 	 29.0 	 0.04918032786885246 
894.0 	 1907 	 567 	 31.0 	 26.0 	 0.08771929824561403 
895.0 	 1907 	 567 	 31.0 	 25.0 	 0.10714285714285714 
896.0 	 1909 	 567 	 31.0 	 22.0 	 0.16981132075471697 
897.0 	 1910 	 567 	 29.0 	 19.0 	 0.20833333333333334 
