frame 	 x 	 y 	 width 	 height 	 deformation 
1.0 	 214 	 570 	 45.0 	 52.0 	 0.07216494845360824 
2.0 	 215 	 570 	 45.0 	 52.0 	 0.07216494845360824 
3.0 	 214 	 570 	 45.0 	 51.0 	 0.0625 
4.0 	 214 	 570 	 45.0 	 51.0 	 0.0625 
5.0 	 215 	 570 	 45.0 	 52.0 	 0.07216494845360824 
6.0 	 215 	 570 	 45.0 	 51.0 	 0.0625 
7.0 	 215 	 570 	 46.0 	 51.0 	 0.05154639175257732 
8.0 	 215 	 570 	 46.0 	 52.0 	 0.061224489795918366 
9.0 	 215 	 570 	 45.0 	 51.0 	 0.0625 
10.0 	 215 	 570 	 45.0 	 51.0 	 0.0625 
11.0 	 215 	 570 	 45.0 	 51.0 	 0.0625 
12.0 	 215 	 570 	 44.0 	 50.0 	 0.06382978723404255 
13.0 	 216 	 570 	 45.0 	 50.0 	 0.05263157894736842 
14.0 	 216 	 570 	 45.0 	 50.0 	 0.05263157894736842 
15.0 	 216 	 570 	 45.0 	 50.0 	 0.05263157894736842 
16.0 	 216 	 570 	 45.0 	 50.0 	 0.05263157894736842 
17.0 	 216 	 570 	 45.0 	 50.0 	 0.05263157894736842 
18.0 	 216 	 570 	 45.0 	 50.0 	 0.05263157894736842 
19.0 	 216 	 570 	 45.0 	 50.0 	 0.05263157894736842 
20.0 	 216 	 570 	 45.0 	 50.0 	 0.05263157894736842 
21.0 	 216 	 570 	 45.0 	 51.0 	 0.0625 
22.0 	 216 	 570 	 45.0 	 51.0 	 0.0625 
23.0 	 216 	 570 	 45.0 	 51.0 	 0.0625 
24.0 	 216 	 570 	 45.0 	 51.0 	 0.0625 
25.0 	 216 	 570 	 45.0 	 50.0 	 0.05263157894736842 
26.0 	 216 	 570 	 45.0 	 50.0 	 0.05263157894736842 
27.0 	 216 	 570 	 45.0 	 50.0 	 0.05263157894736842 
28.0 	 217 	 570 	 50.0 	 46.0 	 0.041666666666666664 
29.0 	 216 	 570 	 45.0 	 51.0 	 0.0625 
30.0 	 216 	 570 	 45.0 	 51.0 	 0.0625 
31.0 	 217 	 570 	 45.0 	 50.0 	 0.05263157894736842 
32.0 	 217 	 570 	 45.0 	 50.0 	 0.05263157894736842 
33.0 	 217 	 570 	 45.0 	 50.0 	 0.05263157894736842 
34.0 	 217 	 570 	 45.0 	 50.0 	 0.05263157894736842 
35.0 	 217 	 570 	 45.0 	 50.0 	 0.05263157894736842 
36.0 	 217 	 570 	 45.0 	 50.0 	 0.05263157894736842 
37.0 	 217 	 570 	 46.0 	 51.0 	 0.05154639175257732 
38.0 	 217 	 570 	 47.0 	 51.0 	 0.04081632653061224 
39.0 	 217 	 570 	 46.0 	 50.0 	 0.041666666666666664 
40.0 	 217 	 570 	 46.0 	 50.0 	 0.041666666666666664 
41.0 	 217 	 570 	 47.0 	 51.0 	 0.04081632653061224 
42.0 	 218 	 570 	 47.0 	 51.0 	 0.04081632653061224 
43.0 	 217 	 570 	 46.0 	 51.0 	 0.05154639175257732 
44.0 	 217 	 570 	 46.0 	 52.0 	 0.061224489795918366 
45.0 	 218 	 570 	 46.0 	 51.0 	 0.05154639175257732 
46.0 	 218 	 570 	 46.0 	 51.0 	 0.05154639175257732 
47.0 	 218 	 570 	 46.0 	 52.0 	 0.061224489795918366 
48.0 	 218 	 570 	 46.0 	 52.0 	 0.061224489795918366 
49.0 	 218 	 570 	 45.0 	 50.0 	 0.05263157894736842 
50.0 	 218 	 570 	 45.0 	 50.0 	 0.05263157894736842 
51.0 	 218 	 570 	 45.0 	 50.0 	 0.05263157894736842 
52.0 	 218 	 570 	 45.0 	 50.0 	 0.05263157894736842 
53.0 	 218 	 570 	 51.0 	 46.0 	 0.05154639175257732 
54.0 	 218 	 570 	 51.0 	 47.0 	 0.04081632653061224 
55.0 	 218 	 570 	 46.0 	 51.0 	 0.05154639175257732 
56.0 	 218 	 570 	 51.0 	 47.0 	 0.04081632653061224 
57.0 	 219 	 570 	 47.0 	 51.0 	 0.04081632653061224 
58.0 	 218 	 570 	 47.0 	 51.0 	 0.04081632653061224 
59.0 	 218 	 570 	 47.0 	 51.0 	 0.04081632653061224 
60.0 	 219 	 570 	 47.0 	 51.0 	 0.04081632653061224 
61.0 	 219 	 570 	 46.0 	 50.0 	 0.041666666666666664 
62.0 	 219 	 570 	 46.0 	 50.0 	 0.041666666666666664 
63.0 	 219 	 570 	 46.0 	 50.0 	 0.041666666666666664 
64.0 	 219 	 570 	 46.0 	 50.0 	 0.041666666666666664 
65.0 	 219 	 570 	 46.0 	 50.0 	 0.041666666666666664 
66.0 	 219 	 570 	 46.0 	 51.0 	 0.05154639175257732 
67.0 	 219 	 570 	 46.0 	 50.0 	 0.041666666666666664 
68.0 	 219 	 570 	 45.0 	 50.0 	 0.05263157894736842 
69.0 	 219 	 570 	 51.0 	 46.0 	 0.05154639175257732 
70.0 	 220 	 570 	 46.0 	 51.0 	 0.05154639175257732 
71.0 	 220 	 570 	 46.0 	 50.0 	 0.041666666666666664 
72.0 	 220 	 570 	 51.0 	 46.0 	 0.05154639175257732 
73.0 	 221 	 570 	 46.0 	 50.0 	 0.041666666666666664 
74.0 	 221 	 570 	 46.0 	 49.0 	 0.031578947368421054 
75.0 	 222 	 570 	 49.0 	 46.0 	 0.031578947368421054 
76.0 	 222 	 571 	 46.0 	 49.0 	 0.031578947368421054 
77.0 	 223 	 570 	 46.0 	 49.0 	 0.031578947368421054 
78.0 	 224 	 570 	 46.0 	 50.0 	 0.041666666666666664 
79.0 	 224 	 571 	 45.0 	 50.0 	 0.05263157894736842 
80.0 	 225 	 570 	 46.0 	 51.0 	 0.05154639175257732 
81.0 	 226 	 570 	 46.0 	 50.0 	 0.041666666666666664 
82.0 	 227 	 570 	 45.0 	 50.0 	 0.05263157894736842 
83.0 	 228 	 570 	 50.0 	 46.0 	 0.041666666666666664 
84.0 	 229 	 570 	 45.0 	 51.0 	 0.0625 
85.0 	 231 	 570 	 45.0 	 50.0 	 0.05263157894736842 
86.0 	 232 	 570 	 45.0 	 50.0 	 0.05263157894736842 
87.0 	 233 	 570 	 45.0 	 50.0 	 0.05263157894736842 
88.0 	 235 	 570 	 45.0 	 51.0 	 0.0625 
89.0 	 236 	 570 	 45.0 	 51.0 	 0.0625 
90.0 	 237 	 570 	 44.0 	 50.0 	 0.06382978723404255 
91.0 	 239 	 570 	 45.0 	 51.0 	 0.0625 
92.0 	 240 	 570 	 45.0 	 51.0 	 0.0625 
93.0 	 241 	 570 	 44.0 	 50.0 	 0.06382978723404255 
94.0 	 243 	 570 	 46.0 	 51.0 	 0.05154639175257732 
95.0 	 244 	 570 	 44.0 	 51.0 	 0.07368421052631578 
96.0 	 246 	 570 	 51.0 	 45.0 	 0.0625 
97.0 	 247 	 570 	 44.0 	 51.0 	 0.07368421052631578 
98.0 	 249 	 570 	 43.0 	 52.0 	 0.09473684210526316 
99.0 	 251 	 570 	 43.0 	 51.0 	 0.0851063829787234 
100.0 	 252 	 570 	 43.0 	 52.0 	 0.09473684210526316 
101.0 	 254 	 570 	 43.0 	 53.0 	 0.10416666666666667 
102.0 	 255 	 570 	 44.0 	 52.0 	 0.08333333333333333 
103.0 	 257 	 570 	 44.0 	 53.0 	 0.09278350515463918 
104.0 	 258 	 570 	 44.0 	 52.0 	 0.08333333333333333 
105.0 	 260 	 570 	 44.0 	 53.0 	 0.09278350515463918 
106.0 	 261 	 570 	 44.0 	 52.0 	 0.08333333333333333 
107.0 	 263 	 570 	 44.0 	 53.0 	 0.09278350515463918 
108.0 	 264 	 570 	 43.0 	 53.0 	 0.10416666666666667 
109.0 	 267 	 570 	 42.0 	 53.0 	 0.11578947368421053 
110.0 	 269 	 570 	 42.0 	 54.0 	 0.125 
111.0 	 270 	 570 	 42.0 	 54.0 	 0.125 
112.0 	 272 	 570 	 42.0 	 54.0 	 0.125 
113.0 	 274 	 570 	 42.0 	 55.0 	 0.13402061855670103 
114.0 	 275 	 570 	 42.0 	 54.0 	 0.125 
115.0 	 277 	 570 	 42.0 	 53.0 	 0.11578947368421053 
116.0 	 278 	 570 	 42.0 	 54.0 	 0.125 
117.0 	 280 	 570 	 42.0 	 54.0 	 0.125 
118.0 	 282 	 571 	 41.0 	 54.0 	 0.1368421052631579 
119.0 	 284 	 571 	 41.0 	 56.0 	 0.15463917525773196 
120.0 	 286 	 571 	 41.0 	 56.0 	 0.15463917525773196 
121.0 	 288 	 571 	 41.0 	 56.0 	 0.15463917525773196 
122.0 	 290 	 570 	 41.0 	 56.0 	 0.15463917525773196 
123.0 	 292 	 570 	 42.0 	 56.0 	 0.14285714285714285 
124.0 	 294 	 570 	 56.0 	 42.0 	 0.14285714285714285 
125.0 	 296 	 570 	 41.0 	 57.0 	 0.16326530612244897 
126.0 	 298 	 570 	 42.0 	 57.0 	 0.15151515151515152 
127.0 	 299 	 570 	 42.0 	 57.0 	 0.15151515151515152 
128.0 	 301 	 570 	 42.0 	 57.0 	 0.15151515151515152 
129.0 	 303 	 570 	 42.0 	 57.0 	 0.15151515151515152 
130.0 	 305 	 570 	 42.0 	 57.0 	 0.15151515151515152 
131.0 	 307 	 570 	 42.0 	 57.0 	 0.15151515151515152 
132.0 	 309 	 570 	 42.0 	 58.0 	 0.16 
133.0 	 311 	 570 	 41.0 	 58.0 	 0.1717171717171717 
134.0 	 313 	 570 	 41.0 	 58.0 	 0.1717171717171717 
135.0 	 315 	 570 	 41.0 	 60.0 	 0.18811881188118812 
136.0 	 317 	 570 	 41.0 	 58.0 	 0.1717171717171717 
137.0 	 320 	 570 	 41.0 	 58.0 	 0.1717171717171717 
138.0 	 321 	 571 	 41.0 	 59.0 	 0.18 
139.0 	 324 	 571 	 41.0 	 60.0 	 0.18811881188118812 
140.0 	 326 	 571 	 41.0 	 59.0 	 0.18 
141.0 	 328 	 571 	 41.0 	 59.0 	 0.18 
142.0 	 330 	 571 	 41.0 	 60.0 	 0.18811881188118812 
143.0 	 332 	 570 	 41.0 	 59.0 	 0.18 
144.0 	 334 	 570 	 41.0 	 60.0 	 0.18811881188118812 
145.0 	 336 	 570 	 40.0 	 60.0 	 0.2 
146.0 	 338 	 570 	 40.0 	 60.0 	 0.2 
147.0 	 340 	 570 	 40.0 	 61.0 	 0.2079207920792079 
148.0 	 342 	 570 	 41.0 	 60.0 	 0.18811881188118812 
149.0 	 344 	 570 	 40.0 	 59.0 	 0.1919191919191919 
150.0 	 346 	 570 	 40.0 	 59.0 	 0.1919191919191919 
151.0 	 348 	 570 	 40.0 	 60.0 	 0.2 
152.0 	 351 	 570 	 40.0 	 60.0 	 0.2 
153.0 	 353 	 570 	 40.0 	 61.0 	 0.2079207920792079 
154.0 	 355 	 570 	 40.0 	 61.0 	 0.2079207920792079 
155.0 	 358 	 570 	 40.0 	 60.0 	 0.2 
156.0 	 359 	 570 	 40.0 	 61.0 	 0.2079207920792079 
157.0 	 362 	 570 	 40.0 	 61.0 	 0.2079207920792079 
158.0 	 364 	 570 	 40.0 	 61.0 	 0.2079207920792079 
159.0 	 365 	 570 	 40.0 	 62.0 	 0.21568627450980393 
160.0 	 367 	 570 	 40.0 	 62.0 	 0.21568627450980393 
161.0 	 370 	 570 	 40.0 	 62.0 	 0.21568627450980393 
162.0 	 372 	 570 	 39.0 	 61.0 	 0.22 
163.0 	 374 	 570 	 40.0 	 62.0 	 0.21568627450980393 
164.0 	 377 	 570 	 39.0 	 62.0 	 0.22772277227722773 
165.0 	 379 	 570 	 39.0 	 62.0 	 0.22772277227722773 
166.0 	 381 	 570 	 62.707977294921875 	 40.14037322998047 	 0.2194260184997054 
167.0 	 383 	 570 	 39.0 	 62.0 	 0.22772277227722773 
168.0 	 385 	 570 	 39.0 	 62.0 	 0.22772277227722773 
169.0 	 387 	 570 	 39.0 	 63.0 	 0.23529411764705882 
170.0 	 389 	 570 	 39.0 	 63.0 	 0.23529411764705882 
171.0 	 391 	 570 	 39.0 	 64.0 	 0.24271844660194175 
172.0 	 393 	 570 	 39.0 	 64.0 	 0.24271844660194175 
173.0 	 396 	 570 	 39.0 	 64.0 	 0.24271844660194175 
174.0 	 398 	 570 	 39.0 	 64.0 	 0.24271844660194175 
175.0 	 401 	 570 	 39.0 	 64.0 	 0.24271844660194175 
176.0 	 403 	 570 	 39.0 	 64.0 	 0.24271844660194175 
177.0 	 405 	 570 	 39.0 	 64.0 	 0.24271844660194175 
178.0 	 407 	 570 	 40.0 	 64.0 	 0.23076923076923078 
179.0 	 409 	 570 	 39.0 	 64.0 	 0.24271844660194175 
180.0 	 411 	 570 	 40.0 	 64.0 	 0.23076923076923078 
181.0 	 413 	 570 	 39.0 	 64.0 	 0.24271844660194175 
182.0 	 415 	 570 	 39.0 	 64.0 	 0.24271844660194175 
183.0 	 417 	 570 	 38.0 	 64.0 	 0.2549019607843137 
184.0 	 420 	 570 	 38.0 	 64.0 	 0.2549019607843137 
185.0 	 422 	 570 	 37.0 	 64.0 	 0.26732673267326734 
186.0 	 425 	 570 	 38.0 	 64.0 	 0.2549019607843137 
187.0 	 427 	 570 	 38.0 	 64.0 	 0.2549019607843137 
188.0 	 429 	 570 	 38.0 	 64.0 	 0.2549019607843137 
189.0 	 431 	 570 	 64.0 	 38.0 	 0.2549019607843137 
190.0 	 433 	 570 	 37.0 	 64.0 	 0.26732673267326734 
191.0 	 435 	 570 	 37.0 	 64.0 	 0.26732673267326734 
192.0 	 438 	 570 	 37.0 	 64.0 	 0.26732673267326734 
193.0 	 440 	 570 	 36.51305389404297 	 63.364810943603516 	 0.2688459259036888 
194.0 	 441 	 570 	 36.5286865234375 	 64.3341064453125 	 0.2756756887595792 
195.0 	 444 	 569 	 35.578739166259766 	 63.54704284667969 	 0.28214963970492624 
196.0 	 447 	 569 	 35.66722106933594 	 64.45616149902344 	 0.28753463667721985 
197.0 	 449 	 569 	 36.0 	 64.0 	 0.28 
198.0 	 451 	 569 	 35.460426330566406 	 64.60938262939453 	 0.2912862191082123 
199.0 	 454 	 569 	 36.0 	 63.0 	 0.2727272727272727 
200.0 	 456 	 569 	 36.0 	 63.0 	 0.2727272727272727 
201.0 	 458 	 569 	 36.0 	 62.0 	 0.2653061224489796 
202.0 	 460 	 569 	 36.0 	 64.0 	 0.28 
203.0 	 462 	 570 	 64.72298431396484 	 36.385894775390625 	 0.2802631162939822 
204.0 	 464 	 570 	 65.65425872802734 	 36.319374084472656 	 0.2876712718227177 
205.0 	 466 	 570 	 36.0 	 63.0 	 0.2727272727272727 
206.0 	 468 	 570 	 36.0 	 63.0 	 0.2727272727272727 
207.0 	 471 	 570 	 36.0 	 63.0 	 0.2727272727272727 
208.0 	 473 	 570 	 36.0 	 63.0 	 0.2727272727272727 
209.0 	 476 	 570 	 36.0 	 65.0 	 0.2871287128712871 
210.0 	 478 	 570 	 36.0 	 66.0 	 0.29411764705882354 
211.0 	 480 	 570 	 35.0 	 64.0 	 0.29292929292929293 
212.0 	 482 	 570 	 36.0 	 65.0 	 0.2871287128712871 
213.0 	 485 	 570 	 36.0 	 65.0 	 0.2871287128712871 
214.0 	 487 	 570 	 36.0 	 63.0 	 0.2727272727272727 
215.0 	 489 	 570 	 37.0 	 65.0 	 0.27450980392156865 
216.0 	 492 	 570 	 37.0 	 64.0 	 0.26732673267326734 
217.0 	 494 	 570 	 36.0 	 64.0 	 0.28 
218.0 	 496 	 570 	 36.0 	 65.0 	 0.2871287128712871 
219.0 	 498 	 570 	 36.0 	 65.0 	 0.2871287128712871 
220.0 	 501 	 570 	 36.0 	 65.0 	 0.2871287128712871 
221.0 	 503 	 570 	 36.0 	 65.0 	 0.2871287128712871 
222.0 	 506 	 570 	 37.0 	 66.0 	 0.2815533980582524 
223.0 	 508 	 570 	 37.0 	 66.0 	 0.2815533980582524 
224.0 	 510 	 570 	 37.0 	 65.0 	 0.27450980392156865 
225.0 	 512 	 570 	 37.0 	 67.0 	 0.28846153846153844 
226.0 	 514 	 570 	 37.0 	 67.0 	 0.28846153846153844 
227.0 	 517 	 570 	 37.119712829589844 	 64.62107849121094 	 0.27030815570232813 
228.0 	 519 	 570 	 37.0 	 65.0 	 0.27450980392156865 
229.0 	 522 	 570 	 64.0 	 37.0 	 0.26732673267326734 
230.0 	 524 	 570 	 37.0 	 63.0 	 0.26 
231.0 	 526 	 570 	 36.0 	 65.0 	 0.2871287128712871 
232.0 	 529 	 570 	 37.0 	 65.0 	 0.27450980392156865 
233.0 	 531 	 570 	 37.0 	 63.0 	 0.26 
234.0 	 533 	 570 	 38.0 	 64.0 	 0.2549019607843137 
235.0 	 535 	 570 	 38.0 	 64.0 	 0.2549019607843137 
236.0 	 537 	 570 	 38.0 	 62.0 	 0.24 
237.0 	 539 	 570 	 38.0 	 63.0 	 0.24752475247524752 
238.0 	 542 	 570 	 39.0 	 64.0 	 0.24271844660194175 
239.0 	 544 	 570 	 39.0 	 64.0 	 0.24271844660194175 
240.0 	 547 	 570 	 38.0 	 66.0 	 0.2692307692307692 
241.0 	 549 	 570 	 38.0 	 65.0 	 0.2621359223300971 
242.0 	 552 	 570 	 38.0 	 65.0 	 0.2621359223300971 
243.0 	 554 	 570 	 37.0 	 65.0 	 0.27450980392156865 
244.0 	 556 	 570 	 38.48740005493164 	 67.24378967285156 	 0.27197641199305966 
245.0 	 558 	 571 	 39.0 	 67.0 	 0.2641509433962264 
246.0 	 561 	 570 	 39.0 	 67.0 	 0.2641509433962264 
247.0 	 563 	 570 	 39.0 	 68.0 	 0.27102803738317754 
248.0 	 565 	 571 	 39.0 	 68.0 	 0.27102803738317754 
249.0 	 567 	 570 	 39.0 	 67.0 	 0.2641509433962264 
250.0 	 570 	 570 	 39.0 	 68.0 	 0.27102803738317754 
251.0 	 572 	 570 	 39.0 	 69.0 	 0.2777777777777778 
252.0 	 575 	 570 	 39.0 	 68.0 	 0.27102803738317754 
253.0 	 577 	 570 	 39.0 	 68.0 	 0.27102803738317754 
254.0 	 579 	 570 	 39.0 	 69.0 	 0.2777777777777778 
255.0 	 581 	 571 	 39.0 	 69.0 	 0.2777777777777778 
256.0 	 583 	 570 	 39.0 	 69.0 	 0.2777777777777778 
257.0 	 585 	 571 	 39.0 	 69.0 	 0.2777777777777778 
258.0 	 587 	 570 	 39.0 	 68.0 	 0.27102803738317754 
259.0 	 590 	 570 	 39.0 	 69.0 	 0.2777777777777778 
260.0 	 592 	 570 	 39.0 	 68.0 	 0.27102803738317754 
261.0 	 595 	 570 	 39.0 	 68.0 	 0.27102803738317754 
262.0 	 597 	 570 	 39.0 	 67.0 	 0.2641509433962264 
263.0 	 600 	 570 	 40.0 	 67.0 	 0.2523364485981308 
264.0 	 602 	 570 	 39.0 	 68.0 	 0.27102803738317754 
265.0 	 604 	 570 	 39.0 	 67.0 	 0.2641509433962264 
266.0 	 606 	 570 	 39.0 	 69.0 	 0.2777777777777778 
267.0 	 608 	 570 	 39.0 	 68.0 	 0.27102803738317754 
268.0 	 610 	 570 	 39.0 	 69.0 	 0.2777777777777778 
269.0 	 612 	 570 	 39.0 	 70.0 	 0.28440366972477066 
270.0 	 615 	 570 	 39.0 	 69.0 	 0.2777777777777778 
271.0 	 617 	 570 	 39.0 	 70.0 	 0.28440366972477066 
272.0 	 620 	 570 	 39.0 	 70.0 	 0.28440366972477066 
273.0 	 622 	 570 	 39.0 	 69.0 	 0.2777777777777778 
274.0 	 624 	 570 	 39.0 	 68.0 	 0.27102803738317754 
275.0 	 627 	 570 	 39.0 	 69.0 	 0.2777777777777778 
276.0 	 629 	 570 	 39.0 	 69.0 	 0.2777777777777778 
277.0 	 631 	 570 	 38.0 	 69.0 	 0.2897196261682243 
278.0 	 633 	 570 	 38.0 	 69.0 	 0.2897196261682243 
279.0 	 635 	 570 	 39.0 	 70.0 	 0.28440366972477066 
280.0 	 637 	 570 	 39.0 	 68.0 	 0.27102803738317754 
281.0 	 640 	 570 	 39.0 	 69.0 	 0.2777777777777778 
282.0 	 642 	 570 	 39.0 	 70.0 	 0.28440366972477066 
283.0 	 645 	 570 	 39.0 	 69.0 	 0.2777777777777778 
284.0 	 648 	 570 	 38.0 	 69.0 	 0.2897196261682243 
285.0 	 650 	 570 	 39.0 	 69.0 	 0.2777777777777778 
286.0 	 652 	 570 	 39.0 	 69.0 	 0.2777777777777778 
287.0 	 654 	 570 	 39.0 	 69.0 	 0.2777777777777778 
288.0 	 656 	 570 	 38.0 	 69.0 	 0.2897196261682243 
289.0 	 658 	 570 	 39.0 	 69.0 	 0.2777777777777778 
290.0 	 661 	 570 	 39.0 	 70.0 	 0.28440366972477066 
291.0 	 663 	 570 	 39.0 	 69.0 	 0.2777777777777778 
292.0 	 666 	 570 	 39.0 	 68.0 	 0.27102803738317754 
293.0 	 668 	 570 	 39.0 	 69.0 	 0.2777777777777778 
294.0 	 671 	 570 	 39.0 	 70.0 	 0.28440366972477066 
295.0 	 673 	 570 	 38.0 	 69.0 	 0.2897196261682243 
296.0 	 675 	 570 	 38.0 	 69.0 	 0.2897196261682243 
297.0 	 677 	 570 	 38.0 	 69.0 	 0.2897196261682243 
298.0 	 680 	 570 	 38.0 	 70.0 	 0.2962962962962963 
299.0 	 682 	 570 	 38.0 	 69.0 	 0.2897196261682243 
300.0 	 684 	 570 	 38.0 	 69.0 	 0.2897196261682243 
301.0 	 686 	 570 	 38.0 	 70.0 	 0.2962962962962963 
302.0 	 689 	 570 	 38.0 	 70.0 	 0.2962962962962963 
303.0 	 691 	 570 	 38.0 	 70.0 	 0.2962962962962963 
304.0 	 693 	 570 	 38.0 	 71.0 	 0.30275229357798167 
305.0 	 696 	 570 	 38.0 	 69.0 	 0.2897196261682243 
306.0 	 698 	 570 	 38.0 	 70.0 	 0.2962962962962963 
307.0 	 701 	 570 	 38.0 	 70.0 	 0.2962962962962963 
308.0 	 703 	 570 	 38.0 	 69.0 	 0.2897196261682243 
309.0 	 705 	 570 	 38.0 	 69.0 	 0.2897196261682243 
310.0 	 707 	 570 	 38.0 	 70.0 	 0.2962962962962963 
311.0 	 709 	 570 	 38.0 	 69.0 	 0.2897196261682243 
312.0 	 712 	 570 	 38.0 	 70.0 	 0.2962962962962963 
313.0 	 714 	 570 	 37.0 	 69.0 	 0.3018867924528302 
314.0 	 717 	 570 	 37.0 	 69.0 	 0.3018867924528302 
315.0 	 720 	 570 	 37.0 	 69.0 	 0.3018867924528302 
316.0 	 722 	 570 	 37.0 	 69.0 	 0.3018867924528302 
317.0 	 725 	 570 	 37.0 	 69.0 	 0.3018867924528302 
318.0 	 727 	 570 	 37.0 	 70.0 	 0.308411214953271 
319.0 	 729 	 570 	 37.0 	 69.0 	 0.3018867924528302 
320.0 	 731 	 570 	 37.0 	 70.0 	 0.308411214953271 
321.0 	 734 	 570 	 37.0 	 69.0 	 0.3018867924528302 
322.0 	 736 	 570 	 37.0 	 70.0 	 0.308411214953271 
323.0 	 738 	 570 	 37.0 	 70.0 	 0.308411214953271 
324.0 	 741 	 570 	 37.0 	 69.0 	 0.3018867924528302 
325.0 	 743 	 570 	 37.0 	 70.0 	 0.308411214953271 
326.0 	 745 	 570 	 37.0 	 69.0 	 0.3018867924528302 
327.0 	 748 	 570 	 69.86273193359375 	 38.052467346191406 	 0.2947709386601772 
328.0 	 750 	 570 	 38.0 	 69.0 	 0.2897196261682243 
329.0 	 752 	 570 	 38.0 	 69.0 	 0.2897196261682243 
330.0 	 754 	 570 	 38.0 	 69.0 	 0.2897196261682243 
331.0 	 756 	 570 	 38.0 	 69.0 	 0.2897196261682243 
332.0 	 759 	 570 	 38.0 	 69.0 	 0.2897196261682243 
333.0 	 761 	 570 	 38.0 	 69.0 	 0.2897196261682243 
334.0 	 764 	 570 	 38.0 	 70.0 	 0.2962962962962963 
335.0 	 766 	 570 	 38.0 	 69.0 	 0.2897196261682243 
336.0 	 769 	 570 	 38.0 	 68.0 	 0.2830188679245283 
337.0 	 771 	 570 	 37.0 	 69.0 	 0.3018867924528302 
338.0 	 773 	 570 	 69.0 	 37.0 	 0.3018867924528302 
339.0 	 775 	 570 	 36.0 	 69.0 	 0.3142857142857143 
340.0 	 777 	 570 	 36.0 	 70.0 	 0.32075471698113206 
341.0 	 780 	 570 	 37.0 	 70.0 	 0.308411214953271 
342.0 	 782 	 570 	 37.0 	 68.0 	 0.29523809523809524 
343.0 	 784 	 570 	 37.0 	 69.0 	 0.3018867924528302 
344.0 	 787 	 570 	 37.0 	 69.0 	 0.3018867924528302 
345.0 	 789 	 570 	 36.0 	 69.0 	 0.3142857142857143 
346.0 	 791 	 570 	 37.0 	 69.0 	 0.3018867924528302 
347.0 	 794 	 570 	 37.0 	 70.0 	 0.308411214953271 
348.0 	 796 	 570 	 37.0 	 69.0 	 0.3018867924528302 
349.0 	 798 	 570 	 36.0 	 69.0 	 0.3142857142857143 
350.0 	 800 	 570 	 36.0 	 70.0 	 0.32075471698113206 
351.0 	 803 	 570 	 36.0 	 70.0 	 0.32075471698113206 
352.0 	 805 	 570 	 36.0 	 71.0 	 0.32710280373831774 
353.0 	 807 	 570 	 36.0 	 70.0 	 0.32075471698113206 
354.0 	 810 	 570 	 70.48408508300781 	 36.73762512207031 	 0.31473532642215996 
355.0 	 813 	 570 	 37.0 	 70.0 	 0.308411214953271 
356.0 	 815 	 570 	 70.55786895751953 	 36.66568374633789 	 0.31608899683439 
357.0 	 817 	 570 	 36.0 	 70.0 	 0.32075471698113206 
358.0 	 820 	 570 	 36.0 	 70.0 	 0.32075471698113206 
359.0 	 822 	 570 	 35.53116989135742 	 71.20503997802734 	 0.3342246284585592 
360.0 	 825 	 570 	 35.46615982055664 	 70.47013854980469 	 0.33042478609995873 
361.0 	 827 	 570 	 35.50910186767578 	 70.95960998535156 	 0.3329664415083066 
362.0 	 829 	 570 	 36.0 	 71.0 	 0.32710280373831774 
363.0 	 831 	 570 	 36.0 	 71.0 	 0.32710280373831774 
364.0 	 834 	 570 	 36.0 	 70.0 	 0.32075471698113206 
365.0 	 836 	 570 	 37.0 	 71.0 	 0.3148148148148148 
366.0 	 839 	 570 	 37.0 	 71.0 	 0.3148148148148148 
367.0 	 841 	 570 	 37.0 	 71.0 	 0.3148148148148148 
368.0 	 844 	 570 	 37.0 	 71.0 	 0.3148148148148148 
369.0 	 846 	 570 	 37.0 	 71.0 	 0.3148148148148148 
370.0 	 848 	 570 	 36.0 	 70.0 	 0.32075471698113206 
371.0 	 850 	 570 	 36.0 	 71.0 	 0.32710280373831774 
372.0 	 853 	 570 	 36.0 	 70.0 	 0.32075471698113206 
373.0 	 855 	 570 	 37.0 	 70.0 	 0.308411214953271 
374.0 	 857 	 570 	 37.0 	 70.0 	 0.308411214953271 
375.0 	 860 	 570 	 37.0 	 70.0 	 0.308411214953271 
376.0 	 862 	 570 	 37.0 	 70.0 	 0.308411214953271 
377.0 	 864 	 570 	 37.0 	 70.0 	 0.308411214953271 
378.0 	 866 	 570 	 38.0 	 71.0 	 0.30275229357798167 
379.0 	 868 	 570 	 38.0 	 71.0 	 0.30275229357798167 
380.0 	 871 	 570 	 38.0 	 71.0 	 0.30275229357798167 
381.0 	 873 	 570 	 38.0 	 71.0 	 0.30275229357798167 
382.0 	 875 	 570 	 38.0 	 71.0 	 0.30275229357798167 
383.0 	 878 	 570 	 38.0 	 70.0 	 0.2962962962962963 
384.0 	 880 	 570 	 38.0 	 70.0 	 0.2962962962962963 
385.0 	 882 	 570 	 37.0 	 70.0 	 0.308411214953271 
386.0 	 884 	 570 	 36.0 	 71.0 	 0.32710280373831774 
387.0 	 887 	 570 	 37.0 	 70.0 	 0.308411214953271 
388.0 	 889 	 570 	 37.0 	 71.0 	 0.3148148148148148 
389.0 	 891 	 570 	 36.0 	 70.0 	 0.32075471698113206 
390.0 	 894 	 570 	 37.0 	 71.0 	 0.3148148148148148 
391.0 	 896 	 570 	 36.0 	 71.0 	 0.32710280373831774 
392.0 	 898 	 570 	 37.0 	 71.0 	 0.3148148148148148 
393.0 	 900 	 570 	 37.0 	 71.0 	 0.3148148148148148 
394.0 	 903 	 570 	 36.0 	 72.0 	 0.3333333333333333 
395.0 	 905 	 570 	 36.0 	 71.0 	 0.32710280373831774 
396.0 	 908 	 570 	 36.0 	 71.0 	 0.32710280373831774 
397.0 	 910 	 570 	 36.0 	 71.0 	 0.32710280373831774 
398.0 	 912 	 570 	 36.0 	 71.0 	 0.32710280373831774 
399.0 	 914 	 570 	 36.0 	 70.0 	 0.32075471698113206 
400.0 	 917 	 570 	 37.0 	 71.0 	 0.3148148148148148 
401.0 	 919 	 570 	 37.0 	 71.0 	 0.3148148148148148 
402.0 	 921 	 570 	 37.0 	 71.0 	 0.3148148148148148 
403.0 	 923 	 570 	 37.0 	 71.0 	 0.3148148148148148 
404.0 	 925 	 570 	 37.0 	 71.0 	 0.3148148148148148 
405.0 	 928 	 570 	 37.0 	 70.0 	 0.308411214953271 
406.0 	 930 	 570 	 36.0 	 71.0 	 0.32710280373831774 
407.0 	 932 	 570 	 36.0 	 71.0 	 0.32710280373831774 
408.0 	 935 	 570 	 36.0 	 71.0 	 0.32710280373831774 
409.0 	 937 	 570 	 36.0 	 71.0 	 0.32710280373831774 
410.0 	 939 	 570 	 36.0 	 71.0 	 0.32710280373831774 
411.0 	 942 	 570 	 36.0 	 70.0 	 0.32075471698113206 
412.0 	 944 	 570 	 36.0 	 70.0 	 0.32075471698113206 
413.0 	 946 	 570 	 36.0 	 71.0 	 0.32710280373831774 
414.0 	 948 	 570 	 36.0 	 71.0 	 0.32710280373831774 
415.0 	 950 	 570 	 36.0 	 72.0 	 0.3333333333333333 
416.0 	 953 	 570 	 36.0 	 72.0 	 0.3333333333333333 
417.0 	 955 	 570 	 36.0 	 72.0 	 0.3333333333333333 
418.0 	 957 	 570 	 36.0 	 71.0 	 0.32710280373831774 
419.0 	 960 	 570 	 36.0 	 72.0 	 0.3333333333333333 
420.0 	 962 	 570 	 36.0 	 71.0 	 0.32710280373831774 
421.0 	 964 	 570 	 36.0 	 71.0 	 0.32710280373831774 
422.0 	 966 	 570 	 36.0 	 72.0 	 0.3333333333333333 
423.0 	 969 	 570 	 36.0 	 72.0 	 0.3333333333333333 
424.0 	 971 	 570 	 36.0 	 72.0 	 0.3333333333333333 
425.0 	 973 	 570 	 36.0 	 71.0 	 0.32710280373831774 
426.0 	 975 	 570 	 36.0 	 71.0 	 0.32710280373831774 
427.0 	 978 	 570 	 36.0 	 71.0 	 0.32710280373831774 
428.0 	 980 	 570 	 36.0 	 71.0 	 0.32710280373831774 
429.0 	 982 	 570 	 36.0 	 72.0 	 0.3333333333333333 
430.0 	 985 	 570 	 36.0 	 72.0 	 0.3333333333333333 
431.0 	 987 	 570 	 36.0 	 72.0 	 0.3333333333333333 
432.0 	 989 	 570 	 36.0 	 71.0 	 0.32710280373831774 
433.0 	 991 	 570 	 36.0 	 71.0 	 0.32710280373831774 
434.0 	 993 	 570 	 36.0 	 71.0 	 0.32710280373831774 
435.0 	 995 	 570 	 36.0 	 72.0 	 0.3333333333333333 
436.0 	 997 	 570 	 36.0 	 71.0 	 0.32710280373831774 
437.0 	 1000 	 570 	 36.0 	 72.0 	 0.3333333333333333 
438.0 	 1002 	 570 	 36.0 	 71.0 	 0.32710280373831774 
439.0 	 1005 	 570 	 36.0 	 71.0 	 0.32710280373831774 
440.0 	 1007 	 570 	 36.0 	 71.0 	 0.32710280373831774 
441.0 	 1010 	 570 	 36.0 	 72.0 	 0.3333333333333333 
442.0 	 1012 	 570 	 36.0 	 71.0 	 0.32710280373831774 
443.0 	 1014 	 570 	 36.0 	 71.0 	 0.32710280373831774 
444.0 	 1016 	 570 	 36.0 	 71.0 	 0.32710280373831774 
445.0 	 1018 	 570 	 36.0 	 71.0 	 0.32710280373831774 
446.0 	 1021 	 570 	 36.0 	 72.0 	 0.3333333333333333 
447.0 	 1023 	 570 	 36.0 	 72.0 	 0.3333333333333333 
448.0 	 1026 	 570 	 36.0 	 72.0 	 0.3333333333333333 
449.0 	 1028 	 570 	 36.0 	 72.0 	 0.3333333333333333 
450.0 	 1030 	 570 	 36.0 	 71.0 	 0.32710280373831774 
451.0 	 1033 	 570 	 36.0 	 72.0 	 0.3333333333333333 
452.0 	 1035 	 570 	 36.0 	 72.0 	 0.3333333333333333 
453.0 	 1037 	 570 	 36.0 	 72.0 	 0.3333333333333333 
454.0 	 1039 	 570 	 36.0 	 72.0 	 0.3333333333333333 
455.0 	 1041 	 570 	 36.0 	 72.0 	 0.3333333333333333 
456.0 	 1043 	 570 	 36.0 	 72.0 	 0.3333333333333333 
457.0 	 1045 	 570 	 36.0 	 71.0 	 0.32710280373831774 
458.0 	 1047 	 570 	 36.0 	 72.0 	 0.3333333333333333 
459.0 	 1050 	 570 	 36.0 	 71.0 	 0.32710280373831774 
460.0 	 1052 	 570 	 36.0 	 71.0 	 0.32710280373831774 
461.0 	 1055 	 570 	 36.0 	 72.0 	 0.3333333333333333 
462.0 	 1057 	 570 	 36.0 	 72.0 	 0.3333333333333333 
463.0 	 1059 	 570 	 36.0 	 72.0 	 0.3333333333333333 
464.0 	 1061 	 570 	 36.0 	 72.0 	 0.3333333333333333 
465.0 	 1063 	 570 	 36.0 	 72.0 	 0.3333333333333333 
466.0 	 1064 	 570 	 36.0 	 71.0 	 0.32710280373831774 
467.0 	 1067 	 570 	 36.0 	 72.0 	 0.3333333333333333 
468.0 	 1068 	 570 	 36.0 	 73.0 	 0.3394495412844037 
469.0 	 1070 	 570 	 36.0 	 73.0 	 0.3394495412844037 
470.0 	 1073 	 570 	 36.0 	 72.0 	 0.3333333333333333 
471.0 	 1075 	 570 	 36.0 	 73.0 	 0.3394495412844037 
472.0 	 1077 	 570 	 36.0 	 73.0 	 0.3394495412844037 
473.0 	 1080 	 570 	 36.0 	 72.0 	 0.3333333333333333 
474.0 	 1082 	 570 	 36.0 	 72.0 	 0.3333333333333333 
475.0 	 1084 	 570 	 36.0 	 72.0 	 0.3333333333333333 
476.0 	 1086 	 570 	 36.0 	 72.0 	 0.3333333333333333 
477.0 	 1088 	 570 	 36.0 	 73.0 	 0.3394495412844037 
478.0 	 1090 	 570 	 36.0 	 73.0 	 0.3394495412844037 
479.0 	 1092 	 570 	 36.0 	 73.0 	 0.3394495412844037 
480.0 	 1094 	 570 	 36.0 	 74.0 	 0.34545454545454546 
481.0 	 1096 	 570 	 36.0 	 72.0 	 0.3333333333333333 
482.0 	 1099 	 570 	 36.0 	 73.0 	 0.3394495412844037 
483.0 	 1101 	 570 	 36.0 	 74.0 	 0.34545454545454546 
484.0 	 1103 	 570 	 36.0 	 73.0 	 0.3394495412844037 
485.0 	 1105 	 570 	 36.0 	 72.0 	 0.3333333333333333 
486.0 	 1107 	 570 	 36.0 	 73.0 	 0.3394495412844037 
487.0 	 1109 	 570 	 36.0 	 74.0 	 0.34545454545454546 
488.0 	 1111 	 570 	 36.0 	 74.0 	 0.34545454545454546 
489.0 	 1113 	 570 	 36.0 	 73.0 	 0.3394495412844037 
490.0 	 1115 	 570 	 36.0 	 74.0 	 0.34545454545454546 
491.0 	 1117 	 570 	 36.0 	 74.0 	 0.34545454545454546 
492.0 	 1119 	 570 	 36.0 	 74.0 	 0.34545454545454546 
493.0 	 1121 	 570 	 36.0 	 73.0 	 0.3394495412844037 
494.0 	 1124 	 570 	 36.0 	 72.0 	 0.3333333333333333 
495.0 	 1126 	 570 	 36.0 	 72.0 	 0.3333333333333333 
496.0 	 1128 	 570 	 36.0 	 72.0 	 0.3333333333333333 
497.0 	 1130 	 570 	 36.0 	 73.0 	 0.3394495412844037 
498.0 	 1132 	 570 	 72.0 	 37.0 	 0.3211009174311927 
499.0 	 1134 	 570 	 37.0 	 73.0 	 0.32727272727272727 
500.0 	 1136 	 570 	 36.0 	 72.0 	 0.3333333333333333 
501.0 	 1138 	 570 	 36.0 	 73.0 	 0.3394495412844037 
502.0 	 1140 	 571 	 36.0 	 73.0 	 0.3394495412844037 
503.0 	 1142 	 570 	 36.0 	 73.0 	 0.3394495412844037 
504.0 	 1144 	 570 	 36.0 	 72.0 	 0.3333333333333333 
505.0 	 1147 	 571 	 35.0 	 73.0 	 0.35185185185185186 
506.0 	 1149 	 570 	 35.0 	 73.0 	 0.35185185185185186 
507.0 	 1151 	 571 	 35.0 	 73.0 	 0.35185185185185186 
508.0 	 1154 	 570 	 36.0 	 74.0 	 0.34545454545454546 
509.0 	 1155 	 570 	 36.0 	 74.0 	 0.34545454545454546 
510.0 	 1158 	 571 	 36.0 	 74.0 	 0.34545454545454546 
511.0 	 1160 	 570 	 36.0 	 73.0 	 0.3394495412844037 
512.0 	 1161 	 571 	 36.0 	 73.0 	 0.3394495412844037 
513.0 	 1163 	 570 	 36.0 	 73.0 	 0.3394495412844037 
514.0 	 1166 	 570 	 36.0 	 73.0 	 0.3394495412844037 
515.0 	 1168 	 570 	 36.0 	 74.0 	 0.34545454545454546 
516.0 	 1170 	 570 	 36.0 	 73.0 	 0.3394495412844037 
517.0 	 1172 	 570 	 36.0 	 73.0 	 0.3394495412844037 
518.0 	 1175 	 570 	 37.0 	 74.0 	 0.3333333333333333 
519.0 	 1177 	 570 	 37.0 	 74.0 	 0.3333333333333333 
520.0 	 1179 	 570 	 37.0 	 74.0 	 0.3333333333333333 
521.0 	 1181 	 570 	 37.0 	 74.0 	 0.3333333333333333 
522.0 	 1183 	 570 	 37.0 	 74.0 	 0.3333333333333333 
523.0 	 1185 	 570 	 37.0 	 73.0 	 0.32727272727272727 
524.0 	 1187 	 570 	 37.0 	 74.0 	 0.3333333333333333 
525.0 	 1189 	 570 	 37.0 	 74.0 	 0.3333333333333333 
526.0 	 1191 	 570 	 36.0 	 73.0 	 0.3394495412844037 
527.0 	 1194 	 570 	 36.0 	 74.0 	 0.34545454545454546 
528.0 	 1196 	 570 	 36.0 	 73.0 	 0.3394495412844037 
529.0 	 1198 	 570 	 35.0 	 73.0 	 0.35185185185185186 
530.0 	 1200 	 570 	 35.0 	 74.0 	 0.3577981651376147 
531.0 	 1202 	 570 	 35.0 	 74.0 	 0.3577981651376147 
532.0 	 1204 	 570 	 35.0 	 73.0 	 0.35185185185185186 
533.0 	 1206 	 570 	 35.0 	 74.0 	 0.3577981651376147 
534.0 	 1208 	 570 	 36.0 	 74.0 	 0.34545454545454546 
535.0 	 1211 	 570 	 35.86751937866211 	 73.98065185546875 	 0.3469619207002741 
536.0 	 1213 	 570 	 35.0 	 74.0 	 0.3577981651376147 
537.0 	 1216 	 570 	 36.0 	 74.0 	 0.34545454545454546 
538.0 	 1218 	 570 	 36.0 	 73.0 	 0.3394495412844037 
539.0 	 1220 	 570 	 36.0 	 73.0 	 0.3394495412844037 
540.0 	 1222 	 570 	 36.0 	 74.0 	 0.34545454545454546 
541.0 	 1224 	 570 	 35.0 	 74.0 	 0.3577981651376147 
542.0 	 1227 	 570 	 35.0 	 74.0 	 0.3577981651376147 
543.0 	 1229 	 570 	 35.0 	 74.0 	 0.3577981651376147 
544.0 	 1231 	 570 	 35.0 	 73.0 	 0.35185185185185186 
545.0 	 1233 	 570 	 35.0 	 73.0 	 0.35185185185185186 
546.0 	 1235 	 570 	 36.0 	 75.0 	 0.35135135135135137 
547.0 	 1238 	 570 	 36.0 	 74.0 	 0.34545454545454546 
548.0 	 1240 	 570 	 35.0 	 74.0 	 0.3577981651376147 
549.0 	 1243 	 570 	 35.0 	 74.0 	 0.3577981651376147 
550.0 	 1245 	 570 	 35.0 	 76.0 	 0.36936936936936937 
551.0 	 1247 	 570 	 35.0 	 75.0 	 0.36363636363636365 
552.0 	 1249 	 570 	 35.0 	 75.0 	 0.36363636363636365 
553.0 	 1251 	 570 	 35.0 	 76.0 	 0.36936936936936937 
554.0 	 1253 	 570 	 35.0 	 75.0 	 0.36363636363636365 
555.0 	 1255 	 570 	 75.0 	 36.0 	 0.35135135135135137 
556.0 	 1257 	 570 	 35.0 	 76.0 	 0.36936936936936937 
557.0 	 1260 	 570 	 35.0 	 76.0 	 0.36936936936936937 
558.0 	 1263 	 570 	 35.0 	 76.0 	 0.36936936936936937 
559.0 	 1265 	 571 	 36.0 	 77.0 	 0.36283185840707965 
560.0 	 1267 	 570 	 35.0 	 76.0 	 0.36936936936936937 
561.0 	 1270 	 570 	 35.0 	 77.0 	 0.375 
562.0 	 1272 	 571 	 35.0 	 77.0 	 0.375 
563.0 	 1274 	 571 	 35.0 	 76.0 	 0.36936936936936937 
564.0 	 1276 	 571 	 35.0 	 76.0 	 0.36936936936936937 
565.0 	 1278 	 570 	 36.0 	 77.0 	 0.36283185840707965 
566.0 	 1280 	 570 	 36.0 	 76.0 	 0.35714285714285715 
567.0 	 1283 	 570 	 36.0 	 76.0 	 0.35714285714285715 
568.0 	 1285 	 570 	 76.0 	 36.0 	 0.35714285714285715 
569.0 	 1288 	 570 	 35.0 	 77.0 	 0.375 
570.0 	 1290 	 571 	 36.0 	 78.0 	 0.3684210526315789 
571.0 	 1292 	 571 	 36.0 	 77.0 	 0.36283185840707965 
572.0 	 1295 	 570 	 36.0 	 77.0 	 0.36283185840707965 
573.0 	 1297 	 570 	 78.0 	 37.0 	 0.3565217391304348 
574.0 	 1299 	 570 	 36.0 	 77.0 	 0.36283185840707965 
575.0 	 1301 	 571 	 36.0 	 79.0 	 0.3739130434782609 
576.0 	 1303 	 571 	 36.0 	 78.0 	 0.3684210526315789 
577.0 	 1305 	 570 	 36.0 	 77.0 	 0.36283185840707965 
578.0 	 1308 	 570 	 36.0 	 78.0 	 0.3684210526315789 
579.0 	 1310 	 571 	 36.536468505859375 	 77.08659362792969 	 0.35688287536489105 
580.0 	 1312 	 570 	 36.70610427856445 	 78.14580535888672 	 0.3608098568942689 
581.0 	 1315 	 570 	 36.878971099853516 	 78.22975158691406 	 0.3592323806735635 
582.0 	 1317 	 570 	 36.64912414550781 	 78.15156555175781 	 0.3615173525149869 
583.0 	 1319 	 570 	 36.0 	 79.0 	 0.3739130434782609 
584.0 	 1321 	 570 	 36.0 	 79.0 	 0.3739130434782609 
585.0 	 1323 	 570 	 36.0 	 79.0 	 0.3739130434782609 
586.0 	 1325 	 570 	 36.0 	 79.0 	 0.3739130434782609 
587.0 	 1328 	 570 	 36.0 	 78.0 	 0.3684210526315789 
588.0 	 1330 	 570 	 36.0 	 80.0 	 0.3793103448275862 
589.0 	 1332 	 570 	 36.0 	 81.0 	 0.38461538461538464 
590.0 	 1334 	 570 	 36.0 	 80.0 	 0.3793103448275862 
591.0 	 1337 	 570 	 36.0 	 80.0 	 0.3793103448275862 
592.0 	 1339 	 570 	 36.0 	 80.0 	 0.3793103448275862 
593.0 	 1341 	 570 	 36.0 	 81.0 	 0.38461538461538464 
594.0 	 1344 	 570 	 81.0 	 36.0 	 0.38461538461538464 
595.0 	 1345 	 570 	 36.0 	 81.0 	 0.38461538461538464 
596.0 	 1348 	 570 	 35.0 	 80.0 	 0.391304347826087 
597.0 	 1350 	 570 	 35.0 	 80.0 	 0.391304347826087 
598.0 	 1352 	 570 	 35.0 	 82.0 	 0.4017094017094017 
599.0 	 1354 	 571 	 35.0 	 82.0 	 0.4017094017094017 
600.0 	 1357 	 571 	 35.0 	 81.0 	 0.39655172413793105 
601.0 	 1359 	 570 	 35.0 	 82.0 	 0.4017094017094017 
602.0 	 1361 	 570 	 35.0 	 81.0 	 0.39655172413793105 
603.0 	 1364 	 570 	 35.0 	 80.0 	 0.391304347826087 
604.0 	 1366 	 570 	 35.0 	 82.0 	 0.4017094017094017 
605.0 	 1368 	 570 	 35.0 	 82.0 	 0.4017094017094017 
606.0 	 1370 	 570 	 35.0 	 81.0 	 0.39655172413793105 
607.0 	 1372 	 570 	 35.0 	 81.0 	 0.39655172413793105 
608.0 	 1374 	 571 	 34.84136199951172 	 82.08914184570312 	 0.40406718770950484 
609.0 	 1377 	 570 	 34.70634078979492 	 81.18416595458984 	 0.4010494601366208 
610.0 	 1379 	 570 	 34.73222732543945 	 82.17428588867188 	 0.40581193689647976 
611.0 	 1381 	 571 	 35.816558837890625 	 83.09632873535156 	 0.39760004876123994 
612.0 	 1384 	 570 	 34.912818908691406 	 82.09745788574219 	 0.4032520926341014 
613.0 	 1386 	 570 	 34.0 	 81.0 	 0.40869565217391307 
614.0 	 1388 	 570 	 34.0 	 82.0 	 0.41379310344827586 
615.0 	 1391 	 570 	 34.94300079345703 	 80.86808013916016 	 0.3965516855198329 
616.0 	 1393 	 570 	 34.99832534790039 	 81.97594451904297 	 0.40160643212032 
617.0 	 1395 	 570 	 35.0 	 83.0 	 0.4067796610169492 
618.0 	 1397 	 571 	 35.0 	 82.0 	 0.4017094017094017 
619.0 	 1400 	 570 	 35.0 	 81.0 	 0.39655172413793105 
620.0 	 1402 	 570 	 35.0 	 83.0 	 0.4067796610169492 
621.0 	 1404 	 570 	 35.0 	 81.0 	 0.39655172413793105 
622.0 	 1407 	 570 	 35.0 	 80.0 	 0.391304347826087 
623.0 	 1409 	 570 	 35.0 	 84.0 	 0.4117647058823529 
624.0 	 1411 	 571 	 35.0 	 85.0 	 0.4166666666666667 
625.0 	 1415 	 570 	 86.0 	 34.0 	 0.43333333333333335 
626.0 	 1417 	 571 	 34.0 	 87.0 	 0.4380165289256198 
627.0 	 1418 	 570 	 34.0 	 86.0 	 0.43333333333333335 
628.0 	 1421 	 570 	 34.0 	 85.0 	 0.42857142857142855 
629.0 	 1423 	 571 	 35.0 	 84.0 	 0.4117647058823529 
630.0 	 1425 	 570 	 35.0 	 84.0 	 0.4117647058823529 
631.0 	 1427 	 570 	 35.0 	 83.0 	 0.4067796610169492 
632.0 	 1430 	 570 	 35.0 	 84.0 	 0.4117647058823529 
633.0 	 1432 	 570 	 35.0 	 85.0 	 0.4166666666666667 
634.0 	 1435 	 570 	 35.0 	 84.0 	 0.4117647058823529 
635.0 	 1437 	 570 	 35.0 	 84.0 	 0.4117647058823529 
636.0 	 1439 	 570 	 35.0 	 84.0 	 0.4117647058823529 
637.0 	 1441 	 570 	 34.0 	 83.0 	 0.4188034188034188 
638.0 	 1443 	 570 	 35.0 	 82.0 	 0.4017094017094017 
639.0 	 1445 	 570 	 35.0 	 84.0 	 0.4117647058823529 
640.0 	 1447 	 570 	 35.0 	 83.0 	 0.4067796610169492 
641.0 	 1450 	 570 	 35.0 	 82.0 	 0.4017094017094017 
642.0 	 1452 	 570 	 35.0 	 84.0 	 0.4117647058823529 
643.0 	 1454 	 570 	 35.0 	 83.0 	 0.4067796610169492 
644.0 	 1457 	 570 	 35.0 	 81.0 	 0.39655172413793105 
645.0 	 1459 	 571 	 35.0 	 82.0 	 0.4017094017094017 
646.0 	 1462 	 571 	 35.0 	 82.0 	 0.4017094017094017 
647.0 	 1464 	 570 	 35.0 	 81.0 	 0.39655172413793105 
648.0 	 1466 	 571 	 36.0 	 83.0 	 0.3949579831932773 
649.0 	 1468 	 571 	 35.0 	 82.0 	 0.4017094017094017 
650.0 	 1470 	 571 	 35.0 	 81.0 	 0.39655172413793105 
651.0 	 1472 	 571 	 36.0 	 83.0 	 0.3949579831932773 
652.0 	 1475 	 571 	 36.0 	 84.0 	 0.4 
653.0 	 1477 	 571 	 35.0 	 82.0 	 0.4017094017094017 
654.0 	 1479 	 571 	 35.0 	 83.0 	 0.4067796610169492 
655.0 	 1481 	 571 	 35.0 	 84.0 	 0.4117647058823529 
656.0 	 1484 	 570 	 35.0 	 84.0 	 0.4117647058823529 
657.0 	 1486 	 570 	 35.0 	 84.0 	 0.4117647058823529 
658.0 	 1488 	 570 	 37.0 	 86.0 	 0.3983739837398374 
659.0 	 1490 	 571 	 37.0 	 87.0 	 0.4032258064516129 
660.0 	 1492 	 570 	 36.0 	 86.0 	 0.4098360655737705 
661.0 	 1495 	 570 	 35.0 	 84.0 	 0.4117647058823529 
662.0 	 1497 	 570 	 35.0 	 84.0 	 0.4117647058823529 
663.0 	 1499 	 570 	 35.0 	 82.0 	 0.4017094017094017 
664.0 	 1502 	 570 	 35.0 	 84.0 	 0.4117647058823529 
665.0 	 1504 	 570 	 35.0 	 84.0 	 0.4117647058823529 
666.0 	 1507 	 570 	 35.0 	 82.0 	 0.4017094017094017 
667.0 	 1508 	 570 	 35.0 	 83.0 	 0.4067796610169492 
668.0 	 1511 	 570 	 35.0 	 84.0 	 0.4117647058823529 
669.0 	 1513 	 570 	 35.0 	 83.0 	 0.4067796610169492 
670.0 	 1515 	 571 	 36.0 	 84.0 	 0.4 
671.0 	 1518 	 571 	 36.0 	 85.0 	 0.4049586776859504 
672.0 	 1520 	 571 	 36.0 	 82.0 	 0.3898305084745763 
673.0 	 1522 	 571 	 36.0 	 81.0 	 0.38461538461538464 
674.0 	 1525 	 571 	 36.0 	 81.0 	 0.38461538461538464 
675.0 	 1528 	 571 	 36.0 	 82.0 	 0.3898305084745763 
676.0 	 1530 	 571 	 37.0 	 81.0 	 0.3728813559322034 
677.0 	 1532 	 571 	 36.0 	 83.0 	 0.3949579831932773 
678.0 	 1535 	 571 	 36.0 	 82.0 	 0.3898305084745763 
679.0 	 1537 	 570 	 82.0 	 37.0 	 0.37815126050420167 
680.0 	 1539 	 571 	 37.0 	 84.0 	 0.3884297520661157 
681.0 	 1542 	 571 	 36.0 	 82.0 	 0.3898305084745763 
682.0 	 1544 	 571 	 37.0 	 81.0 	 0.3728813559322034 
683.0 	 1547 	 571 	 37.58323287963867 	 83.08222961425781 	 0.3770672717300576 
684.0 	 1549 	 571 	 37.0 	 82.0 	 0.37815126050420167 
685.0 	 1551 	 571 	 34.0 	 81.0 	 0.40869565217391307 
686.0 	 1553 	 571 	 35.0 	 83.0 	 0.4067796610169492 
687.0 	 1556 	 571 	 35.0 	 84.0 	 0.4117647058823529 
688.0 	 1558 	 571 	 82.0 	 34.0 	 0.41379310344827586 
689.0 	 1560 	 571 	 34.0 	 83.0 	 0.4188034188034188 
690.0 	 1562 	 571 	 35.0 	 82.0 	 0.4017094017094017 
691.0 	 1564 	 571 	 34.0 	 81.0 	 0.40869565217391307 
692.0 	 1567 	 571 	 34.0 	 81.0 	 0.40869565217391307 
693.0 	 1569 	 571 	 34.0 	 83.0 	 0.4188034188034188 
694.0 	 1572 	 571 	 33.0 	 82.0 	 0.4260869565217391 
695.0 	 1574 	 571 	 33.0 	 81.0 	 0.42105263157894735 
696.0 	 1577 	 571 	 34.0 	 82.0 	 0.41379310344827586 
697.0 	 1579 	 571 	 33.0 	 81.0 	 0.42105263157894735 
698.0 	 1582 	 571 	 33.0 	 79.0 	 0.4107142857142857 
699.0 	 1584 	 571 	 34.0 	 82.0 	 0.41379310344827586 
700.0 	 1586 	 571 	 34.0 	 81.0 	 0.40869565217391307 
701.0 	 1588 	 571 	 33.0 	 79.0 	 0.4107142857142857 
702.0 	 1591 	 571 	 34.0 	 81.0 	 0.40869565217391307 
703.0 	 1593 	 571 	 34.0 	 80.0 	 0.40350877192982454 
704.0 	 1596 	 571 	 33.0 	 79.0 	 0.4107142857142857 
705.0 	 1598 	 571 	 33.0 	 80.0 	 0.415929203539823 
706.0 	 1600 	 571 	 34.0 	 80.0 	 0.40350877192982454 
707.0 	 1603 	 571 	 34.0 	 79.0 	 0.39823008849557523 
708.0 	 1605 	 571 	 33.0 	 79.0 	 0.4107142857142857 
709.0 	 1607 	 571 	 32.0 	 80.0 	 0.42857142857142855 
710.0 	 1609 	 571 	 32.0 	 79.0 	 0.42342342342342343 
711.0 	 1612 	 571 	 32.0 	 79.0 	 0.42342342342342343 
712.0 	 1614 	 571 	 33.0 	 80.0 	 0.415929203539823 
713.0 	 1616 	 571 	 32.0 	 80.0 	 0.42857142857142855 
714.0 	 1619 	 571 	 33.0 	 80.0 	 0.415929203539823 
715.0 	 1621 	 571 	 33.0 	 81.0 	 0.42105263157894735 
716.0 	 1624 	 571 	 32.0 	 80.0 	 0.42857142857142855 
717.0 	 1626 	 571 	 32.0 	 80.0 	 0.42857142857142855 
718.0 	 1628 	 570 	 33.4128303527832 	 81.1538314819336 	 0.4167093669712176 
719.0 	 1630 	 570 	 33.0 	 81.0 	 0.42105263157894735 
720.0 	 1632 	 571 	 33.0 	 80.0 	 0.415929203539823 
721.0 	 1634 	 570 	 32.0 	 80.0 	 0.42857142857142855 
722.0 	 1636 	 570 	 32.0 	 80.0 	 0.42857142857142855 
723.0 	 1638 	 570 	 32.0 	 79.0 	 0.42342342342342343 
724.0 	 1641 	 570 	 32.0 	 79.0 	 0.42342342342342343 
725.0 	 1643 	 570 	 32.0 	 80.0 	 0.42857142857142855 
726.0 	 1646 	 570 	 32.0 	 79.0 	 0.42342342342342343 
727.0 	 1648 	 570 	 32.0 	 79.0 	 0.42342342342342343 
728.0 	 1650 	 570 	 32.0 	 80.0 	 0.42857142857142855 
729.0 	 1653 	 570 	 32.0 	 81.0 	 0.4336283185840708 
730.0 	 1655 	 570 	 79.05125427246094 	 31.760324478149414 	 0.4267688478723262 
731.0 	 1657 	 570 	 32.0 	 80.0 	 0.42857142857142855 
732.0 	 1659 	 570 	 32.0 	 80.0 	 0.42857142857142855 
733.0 	 1662 	 570 	 32.0 	 79.0 	 0.42342342342342343 
734.0 	 1664 	 570 	 32.0 	 79.0 	 0.42342342342342343 
735.0 	 1667 	 570 	 32.0 	 80.0 	 0.42857142857142855 
736.0 	 1669 	 571 	 32.0 	 80.0 	 0.42857142857142855 
737.0 	 1671 	 571 	 32.0 	 80.0 	 0.42857142857142855 
738.0 	 1674 	 570 	 32.0 	 79.0 	 0.42342342342342343 
739.0 	 1676 	 570 	 32.0 	 78.0 	 0.41818181818181815 
740.0 	 1678 	 570 	 32.0 	 80.0 	 0.42857142857142855 
741.0 	 1680 	 571 	 33.0 	 81.0 	 0.42105263157894735 
742.0 	 1683 	 570 	 32.0 	 80.0 	 0.42857142857142855 
743.0 	 1685 	 571 	 32.0 	 78.0 	 0.41818181818181815 
744.0 	 1687 	 571 	 33.0 	 80.0 	 0.415929203539823 
745.0 	 1689 	 570 	 32.0 	 79.0 	 0.42342342342342343 
746.0 	 1692 	 570 	 31.0 	 78.0 	 0.43119266055045874 
747.0 	 1693 	 570 	 32.0 	 80.0 	 0.42857142857142855 
748.0 	 1696 	 571 	 32.0 	 81.0 	 0.4336283185840708 
749.0 	 1698 	 571 	 32.0 	 79.0 	 0.42342342342342343 
750.0 	 1701 	 571 	 32.0 	 81.0 	 0.4336283185840708 
751.0 	 1703 	 571 	 32.0 	 81.0 	 0.4336283185840708 
752.0 	 1705 	 571 	 79.09675598144531 	 31.854530334472656 	 0.4257925006156049 
753.0 	 1707 	 571 	 32.0 	 81.0 	 0.4336283185840708 
754.0 	 1709 	 571 	 32.0 	 81.0 	 0.4336283185840708 
755.0 	 1712 	 571 	 31.0 	 79.0 	 0.43636363636363634 
756.0 	 1714 	 571 	 31.0 	 80.0 	 0.44144144144144143 
757.0 	 1716 	 571 	 31.0 	 80.0 	 0.44144144144144143 
758.0 	 1719 	 571 	 31.0 	 78.0 	 0.43119266055045874 
759.0 	 1721 	 571 	 31.0 	 77.0 	 0.42592592592592593 
760.0 	 1723 	 571 	 31.0 	 79.0 	 0.43636363636363634 
761.0 	 1725 	 571 	 31.0 	 77.0 	 0.42592592592592593 
762.0 	 1728 	 570 	 30.0 	 76.0 	 0.4339622641509434 
763.0 	 1729 	 570 	 32.0 	 78.0 	 0.41818181818181815 
764.0 	 1732 	 570 	 32.0 	 79.0 	 0.42342342342342343 
765.0 	 1734 	 570 	 31.0 	 77.0 	 0.42592592592592593 
766.0 	 1737 	 570 	 31.0 	 78.0 	 0.43119266055045874 
767.0 	 1739 	 570 	 31.0 	 78.0 	 0.43119266055045874 
768.0 	 1741 	 570 	 31.0 	 77.0 	 0.42592592592592593 
769.0 	 1744 	 571 	 31.0 	 76.0 	 0.4205607476635514 
770.0 	 1746 	 571 	 31.0 	 78.0 	 0.43119266055045874 
771.0 	 1748 	 571 	 31.0 	 76.0 	 0.4205607476635514 
772.0 	 1750 	 571 	 31.0 	 78.0 	 0.43119266055045874 
773.0 	 1752 	 570 	 31.0 	 78.0 	 0.43119266055045874 
774.0 	 1754 	 571 	 31.0 	 77.0 	 0.42592592592592593 
775.0 	 1756 	 571 	 31.0 	 79.0 	 0.43636363636363634 
776.0 	 1759 	 571 	 32.0 	 79.0 	 0.42342342342342343 
777.0 	 1761 	 571 	 31.0 	 78.0 	 0.43119266055045874 
778.0 	 1763 	 571 	 31.0 	 77.0 	 0.42592592592592593 
779.0 	 1765 	 571 	 32.0 	 79.0 	 0.42342342342342343 
780.0 	 1768 	 571 	 31.0 	 78.0 	 0.43119266055045874 
781.0 	 1770 	 571 	 30.0 	 77.0 	 0.4392523364485981 
782.0 	 1772 	 571 	 30.0 	 79.0 	 0.44954128440366975 
783.0 	 1774 	 570 	 30.0 	 79.0 	 0.44954128440366975 
784.0 	 1776 	 570 	 30.0 	 77.0 	 0.4392523364485981 
785.0 	 1778 	 571 	 78.98112487792969 	 30.82906150817871 	 0.43850270138365305 
786.0 	 1780 	 571 	 80.09683990478516 	 30.770339965820312 	 0.4449152580279795 
787.0 	 1783 	 571 	 29.0 	 78.0 	 0.45794392523364486 
788.0 	 1785 	 571 	 30.746917724609375 	 80.20478057861328 	 0.44576030480253925 
789.0 	 1787 	 570 	 31.0 	 82.0 	 0.45132743362831856 
790.0 	 1790 	 570 	 29.0 	 77.0 	 0.4528301886792453 
791.0 	 1792 	 570 	 31.0 	 79.0 	 0.43636363636363634 
792.0 	 1794 	 570 	 32.0 	 79.0 	 0.42342342342342343 
793.0 	 1796 	 571 	 29.0 	 79.0 	 0.46296296296296297 
794.0 	 1798 	 571 	 29.0 	 79.0 	 0.46296296296296297 
795.0 	 1800 	 571 	 29.0 	 80.0 	 0.46788990825688076 
796.0 	 1802 	 571 	 29.0 	 78.0 	 0.45794392523364486 
797.0 	 1805 	 571 	 29.0 	 77.0 	 0.4528301886792453 
798.0 	 1807 	 571 	 31.0 	 79.0 	 0.43636363636363634 
799.0 	 1810 	 571 	 31.0 	 79.0 	 0.43636363636363634 
800.0 	 1813 	 571 	 76.06966400146484 	 30.726831436157227 	 0.4245722893762142 
801.0 	 1815 	 571 	 30.0 	 79.0 	 0.44954128440366975 
802.0 	 1817 	 571 	 30.0 	 79.0 	 0.44954128440366975 
803.0 	 1819 	 571 	 30.0 	 77.0 	 0.4392523364485981 
804.0 	 1821 	 571 	 31.14466667175293 	 79.50347137451172 	 0.43705032508128433 
805.0 	 1823 	 571 	 29.0 	 78.0 	 0.45794392523364486 
806.0 	 1826 	 571 	 29.0 	 76.0 	 0.44761904761904764 
807.0 	 1828 	 571 	 28.0 	 77.0 	 0.4666666666666667 
808.0 	 1830 	 571 	 28.0 	 77.0 	 0.4666666666666667 
809.0 	 1833 	 571 	 29.0 	 75.0 	 0.4423076923076923 
810.0 	 1835 	 571 	 28.0 	 77.0 	 0.4666666666666667 
811.0 	 1837 	 571 	 30.0 	 78.0 	 0.4444444444444444 
812.0 	 1840 	 571 	 30.0 	 76.0 	 0.4339622641509434 
813.0 	 1842 	 571 	 30.0 	 77.0 	 0.4392523364485981 
814.0 	 1843 	 571 	 31.0 	 78.0 	 0.43119266055045874 
815.0 	 1846 	 571 	 30.0 	 76.0 	 0.4339622641509434 
816.0 	 1848 	 571 	 75.68789672851562 	 31.053760528564453 	 0.4181510513037367 
817.0 	 1850 	 571 	 29.0 	 79.0 	 0.46296296296296297 
818.0 	 1852 	 571 	 29.0 	 78.0 	 0.45794392523364486 
819.0 	 1855 	 571 	 29.0 	 77.0 	 0.4528301886792453 
820.0 	 1857 	 571 	 31.0 	 78.0 	 0.43119266055045874 
821.0 	 1859 	 571 	 31.0 	 79.0 	 0.43636363636363634 
822.0 	 1863 	 571 	 31.00522804260254 	 76.92584991455078 	 0.42546245938707195 
823.0 	 1864 	 571 	 31.0 	 79.0 	 0.43636363636363634 
824.0 	 1866 	 571 	 31.0 	 79.0 	 0.43636363636363634 
825.0 	 1869 	 571 	 30.82906150817871 	 77.10201263427734 	 0.42872686567562457 
826.0 	 1870 	 571 	 30.0 	 78.0 	 0.4444444444444444 
827.0 	 1872 	 571 	 31.0 	 79.0 	 0.43636363636363634 
828.0 	 1875 	 571 	 30.0 	 77.0 	 0.4392523364485981 
829.0 	 1876 	 570 	 77.0 	 30.0 	 0.4392523364485981 
830.0 	 1879 	 570 	 30.0 	 81.0 	 0.4594594594594595 
831.0 	 1881 	 570 	 30.0 	 76.0 	 0.4339622641509434 
832.0 	 1883 	 571 	 29.0 	 74.0 	 0.4368932038834951 
833.0 	 1884 	 571 	 31.0 	 73.0 	 0.40384615384615385 
834.0 	 1886 	 571 	 31.0 	 70.0 	 0.38613861386138615 
835.0 	 1887 	 571 	 30.0 	 68.0 	 0.3877551020408163 
836.0 	 1888 	 571 	 31.0 	 67.0 	 0.3673469387755102 
837.0 	 1889 	 571 	 29.0 	 65.0 	 0.3829787234042553 
838.0 	 1891 	 570 	 30.0 	 61.0 	 0.34065934065934067 
839.0 	 1891 	 570 	 29.0 	 61.0 	 0.35555555555555557 
840.0 	 1893 	 571 	 57.0 	 31.0 	 0.29545454545454547 
841.0 	 1894 	 571 	 29.0 	 56.0 	 0.3176470588235294 
842.0 	 1894 	 571 	 30.0 	 55.0 	 0.29411764705882354 
843.0 	 1895 	 570 	 29.0 	 53.0 	 0.2926829268292683 
844.0 	 1897 	 571 	 29.0 	 50.0 	 0.26582278481012656 
845.0 	 1898 	 570 	 29.0 	 48.0 	 0.24675324675324675 
846.0 	 1898 	 570 	 28.0 	 46.0 	 0.24324324324324326 
847.0 	 1900 	 571 	 27.0 	 43.0 	 0.22857142857142856 
848.0 	 1901 	 571 	 26.403728485107422 	 40.714996337890625 	 0.21322317863642556 
849.0 	 1901 	 571 	 40.0 	 28.0 	 0.17647058823529413 
850.0 	 1902 	 571 	 26.0 	 37.0 	 0.1746031746031746 
851.0 	 1904 	 570 	 24.0 	 34.0 	 0.1724137931034483 
852.0 	 1905 	 570 	 26.0 	 32.0 	 0.10344827586206896 
853.0 	 1906 	 571 	 25.0 	 27.0 	 0.038461538461538464 
854.0 	 1908 	 570 	 23.0 	 24.0 	 0.02127659574468085 
855.0 	 1908 	 570 	 25.0 	 24.0 	 0.02040816326530612 
