frame 	 x 	 y 	 width 	 height 	 deformation 
1.0 	 215 	 518 	 30.0 	 31.0 	 0.01639344262295082 
2.0 	 215 	 518 	 29.0 	 31.0 	 0.03333333333333333 
3.0 	 215 	 518 	 29.0 	 31.0 	 0.03333333333333333 
4.0 	 215 	 518 	 29.0 	 31.0 	 0.03333333333333333 
5.0 	 215 	 518 	 31.0 	 30.0 	 0.01639344262295082 
6.0 	 215 	 518 	 29.0 	 31.0 	 0.03333333333333333 
7.0 	 215 	 518 	 29.0 	 31.0 	 0.03333333333333333 
8.0 	 215 	 518 	 29.0 	 31.0 	 0.03333333333333333 
9.0 	 215 	 518 	 29.0 	 31.0 	 0.03333333333333333 
10.0 	 215 	 518 	 29.0 	 31.0 	 0.03333333333333333 
11.0 	 215 	 518 	 29.0 	 31.0 	 0.03333333333333333 
12.0 	 215 	 518 	 30.0 	 31.0 	 0.01639344262295082 
13.0 	 215 	 518 	 30.0 	 31.0 	 0.01639344262295082 
14.0 	 215 	 518 	 30.0 	 31.0 	 0.01639344262295082 
15.0 	 215 	 518 	 30.0 	 31.0 	 0.01639344262295082 
16.0 	 215 	 518 	 30.0 	 31.0 	 0.01639344262295082 
17.0 	 216 	 518 	 30.0 	 31.0 	 0.01639344262295082 
18.0 	 216 	 518 	 30.0 	 31.0 	 0.01639344262295082 
19.0 	 215 	 518 	 30.0 	 31.0 	 0.01639344262295082 
20.0 	 216 	 518 	 30.0 	 31.0 	 0.01639344262295082 
21.0 	 216 	 518 	 30.0 	 31.0 	 0.01639344262295082 
22.0 	 216 	 518 	 30.0 	 31.0 	 0.01639344262295082 
23.0 	 216 	 518 	 30.0 	 31.0 	 0.01639344262295082 
24.0 	 216 	 518 	 30.0 	 31.0 	 0.01639344262295082 
25.0 	 216 	 518 	 30.0 	 31.0 	 0.01639344262295082 
26.0 	 216 	 518 	 30.0 	 31.0 	 0.01639344262295082 
27.0 	 216 	 518 	 30.0 	 31.0 	 0.01639344262295082 
28.0 	 216 	 518 	 30.0 	 31.0 	 0.01639344262295082 
29.0 	 216 	 518 	 30.0 	 31.0 	 0.01639344262295082 
30.0 	 216 	 518 	 30.0 	 31.0 	 0.01639344262295082 
31.0 	 216 	 518 	 30.0 	 31.0 	 0.01639344262295082 
32.0 	 216 	 518 	 30.0 	 31.0 	 0.01639344262295082 
33.0 	 216 	 518 	 30.0 	 31.0 	 0.01639344262295082 
34.0 	 216 	 518 	 30.0 	 31.0 	 0.01639344262295082 
35.0 	 216 	 518 	 30.0 	 31.0 	 0.01639344262295082 
36.0 	 216 	 518 	 30.0 	 31.0 	 0.01639344262295082 
37.0 	 216 	 518 	 30.0 	 32.0 	 0.03225806451612903 
38.0 	 216 	 518 	 30.0 	 32.0 	 0.03225806451612903 
39.0 	 216 	 518 	 30.0 	 32.0 	 0.03225806451612903 
40.0 	 216 	 518 	 30.0 	 32.0 	 0.03225806451612903 
41.0 	 216 	 518 	 30.0 	 32.0 	 0.03225806451612903 
42.0 	 216 	 518 	 30.0 	 32.0 	 0.03225806451612903 
43.0 	 216 	 518 	 30.0 	 32.0 	 0.03225806451612903 
44.0 	 216 	 518 	 30.0 	 32.0 	 0.03225806451612903 
45.0 	 216 	 518 	 30.0 	 31.0 	 0.01639344262295082 
46.0 	 216 	 518 	 30.0 	 31.0 	 0.01639344262295082 
47.0 	 216 	 518 	 30.0 	 31.0 	 0.01639344262295082 
48.0 	 216 	 518 	 30.0 	 31.0 	 0.01639344262295082 
49.0 	 216 	 518 	 30.0 	 31.0 	 0.01639344262295082 
50.0 	 216 	 518 	 30.0 	 31.0 	 0.01639344262295082 
51.0 	 216 	 518 	 30.0 	 31.0 	 0.01639344262295082 
52.0 	 216 	 518 	 30.0 	 31.0 	 0.01639344262295082 
53.0 	 216 	 518 	 30.0 	 31.0 	 0.01639344262295082 
54.0 	 216 	 518 	 30.0 	 31.0 	 0.01639344262295082 
55.0 	 216 	 518 	 30.0 	 31.0 	 0.01639344262295082 
56.0 	 217 	 518 	 30.0 	 31.0 	 0.01639344262295082 
57.0 	 217 	 518 	 30.0 	 31.0 	 0.01639344262295082 
58.0 	 217 	 518 	 30.0 	 31.0 	 0.01639344262295082 
59.0 	 217 	 518 	 30.0 	 31.0 	 0.01639344262295082 
60.0 	 217 	 518 	 30.0 	 32.0 	 0.03225806451612903 
61.0 	 217 	 518 	 30.0 	 32.0 	 0.03225806451612903 
62.0 	 217 	 518 	 30.0 	 32.0 	 0.03225806451612903 
63.0 	 217 	 518 	 30.0 	 32.0 	 0.03225806451612903 
64.0 	 217 	 518 	 30.0 	 32.0 	 0.03225806451612903 
65.0 	 217 	 518 	 30.0 	 32.0 	 0.03225806451612903 
66.0 	 217 	 518 	 30.0 	 32.0 	 0.03225806451612903 
67.0 	 217 	 518 	 30.0 	 32.0 	 0.03225806451612903 
68.0 	 217 	 518 	 30.0 	 32.0 	 0.03225806451612903 
69.0 	 218 	 518 	 30.0 	 31.0 	 0.01639344262295082 
70.0 	 218 	 518 	 30.0 	 32.0 	 0.03225806451612903 
71.0 	 219 	 518 	 30.0 	 31.0 	 0.01639344262295082 
72.0 	 219 	 518 	 30.0 	 31.0 	 0.01639344262295082 
73.0 	 219 	 518 	 30.0 	 31.0 	 0.01639344262295082 
74.0 	 220 	 518 	 31.939001083374023 	 30.04163360595703 	 0.030612262796715 
75.0 	 220 	 518 	 30.0 	 31.0 	 0.01639344262295082 
76.0 	 221 	 518 	 30.0 	 31.0 	 0.01639344262295082 
77.0 	 222 	 518 	 30.0 	 31.0 	 0.01639344262295082 
78.0 	 222 	 518 	 30.0 	 31.0 	 0.01639344262295082 
79.0 	 223 	 518 	 30.0 	 31.0 	 0.01639344262295082 
80.0 	 224 	 518 	 30.0 	 31.0 	 0.01639344262295082 
81.0 	 225 	 518 	 30.0 	 31.0 	 0.01639344262295082 
82.0 	 226 	 518 	 30.0 	 31.0 	 0.01639344262295082 
83.0 	 227 	 518 	 30.0 	 31.0 	 0.01639344262295082 
84.0 	 229 	 518 	 30.0 	 30.0 	 0.0 
85.0 	 230 	 518 	 30.0 	 30.0 	 0.0 
86.0 	 232 	 518 	 30.0 	 30.0 	 0.0 
87.0 	 233 	 518 	 30.0 	 31.0 	 0.01639344262295082 
88.0 	 235 	 518 	 30.0 	 31.0 	 0.01639344262295082 
89.0 	 237 	 518 	 30.0 	 30.0 	 0.0 
90.0 	 238 	 518 	 30.0 	 31.0 	 0.01639344262295082 
91.0 	 240 	 518 	 30.0 	 30.0 	 0.0 
92.0 	 241 	 518 	 30.0 	 30.0 	 0.0 
93.0 	 243 	 518 	 30.0 	 31.0 	 0.01639344262295082 
94.0 	 245 	 518 	 30.0 	 31.0 	 0.01639344262295082 
95.0 	 246 	 518 	 30.0 	 31.0 	 0.01639344262295082 
96.0 	 248 	 518 	 30.0 	 31.0 	 0.01639344262295082 
97.0 	 250 	 518 	 31.0 	 31.0 	 0.0 
98.0 	 251 	 518 	 31.574085235595703 	 30.433910369873047 	 0.018387545905807337 
99.0 	 253 	 518 	 30.0 	 31.0 	 0.01639344262295082 
100.0 	 255 	 518 	 30.0 	 31.0 	 0.01639344262295082 
101.0 	 257 	 518 	 30.0 	 31.0 	 0.01639344262295082 
102.0 	 259 	 518 	 30.0 	 31.0 	 0.01639344262295082 
103.0 	 261 	 518 	 30.0 	 31.0 	 0.01639344262295082 
104.0 	 262 	 518 	 30.0 	 30.0 	 0.0 
105.0 	 264 	 518 	 30.0 	 31.0 	 0.01639344262295082 
106.0 	 266 	 518 	 30.0 	 31.0 	 0.01639344262295082 
107.0 	 268 	 518 	 30.0 	 31.0 	 0.01639344262295082 
108.0 	 269 	 518 	 32.13583755493164 	 29.681547164916992 	 0.0397022682395461 
109.0 	 272 	 518 	 31.0 	 30.0 	 0.01639344262295082 
110.0 	 274 	 518 	 31.0 	 30.0 	 0.01639344262295082 
111.0 	 276 	 518 	 30.0 	 31.0 	 0.01639344262295082 
112.0 	 278 	 518 	 30.0 	 31.0 	 0.01639344262295082 
113.0 	 279 	 518 	 30.0 	 31.0 	 0.01639344262295082 
114.0 	 281 	 518 	 29.0 	 31.0 	 0.03333333333333333 
115.0 	 283 	 518 	 30.0 	 31.0 	 0.01639344262295082 
116.0 	 285 	 518 	 31.966930389404297 	 30.005767822265625 	 0.03164558948910458 
117.0 	 287 	 518 	 30.0 	 31.0 	 0.01639344262295082 
118.0 	 289 	 518 	 30.0 	 31.0 	 0.01639344262295082 
119.0 	 291 	 518 	 29.0 	 32.0 	 0.04918032786885246 
120.0 	 293 	 518 	 29.0 	 32.0 	 0.04918032786885246 
121.0 	 295 	 518 	 29.0 	 31.0 	 0.03333333333333333 
122.0 	 297 	 518 	 30.0 	 31.0 	 0.01639344262295082 
123.0 	 299 	 518 	 29.0 	 31.0 	 0.03333333333333333 
124.0 	 301 	 518 	 29.0 	 31.0 	 0.03333333333333333 
125.0 	 303 	 517 	 29.0 	 31.0 	 0.03333333333333333 
126.0 	 305 	 518 	 29.0 	 31.0 	 0.03333333333333333 
127.0 	 307 	 518 	 29.0 	 32.0 	 0.04918032786885246 
128.0 	 309 	 518 	 29.0 	 31.0 	 0.03333333333333333 
129.0 	 311 	 518 	 30.0 	 31.0 	 0.01639344262295082 
130.0 	 313 	 518 	 30.0 	 32.0 	 0.03225806451612903 
131.0 	 315 	 518 	 30.0 	 32.0 	 0.03225806451612903 
132.0 	 317 	 518 	 30.0 	 32.0 	 0.03225806451612903 
133.0 	 319 	 518 	 30.0 	 32.0 	 0.03225806451612903 
134.0 	 321 	 518 	 30.0 	 32.0 	 0.03225806451612903 
135.0 	 324 	 518 	 30.0 	 32.0 	 0.03225806451612903 
136.0 	 326 	 518 	 30.0 	 32.0 	 0.03225806451612903 
137.0 	 328 	 518 	 30.0 	 32.0 	 0.03225806451612903 
138.0 	 330 	 518 	 30.0 	 33.0 	 0.047619047619047616 
139.0 	 332 	 517 	 30.0 	 32.0 	 0.03225806451612903 
140.0 	 334 	 517 	 30.0 	 32.0 	 0.03225806451612903 
141.0 	 336 	 518 	 30.0 	 32.0 	 0.03225806451612903 
142.0 	 338 	 518 	 30.0 	 32.0 	 0.03225806451612903 
143.0 	 340 	 518 	 30.0 	 32.0 	 0.03225806451612903 
144.0 	 343 	 517 	 31.0 	 32.0 	 0.015873015873015872 
145.0 	 345 	 517 	 30.742610931396484 	 32.879798889160156 	 0.033591747998723845 
146.0 	 347 	 517 	 30.790233612060547 	 32.947513580322266 	 0.03384619104516345 
147.0 	 349 	 517 	 30.0 	 32.0 	 0.03225806451612903 
148.0 	 351 	 517 	 30.0 	 32.0 	 0.03225806451612903 
149.0 	 353 	 517 	 30.0 	 32.0 	 0.03225806451612903 
150.0 	 355 	 517 	 32.0 	 30.0 	 0.03225806451612903 
151.0 	 357 	 517 	 30.0 	 32.0 	 0.03225806451612903 
152.0 	 359 	 517 	 30.0 	 32.0 	 0.03225806451612903 
153.0 	 362 	 518 	 31.0 	 30.0 	 0.01639344262295082 
154.0 	 364 	 518 	 31.0 	 30.0 	 0.01639344262295082 
155.0 	 366 	 517 	 32.0 	 30.0 	 0.03225806451612903 
156.0 	 368 	 517 	 29.0 	 32.0 	 0.04918032786885246 
157.0 	 371 	 517 	 29.0 	 32.0 	 0.04918032786885246 
158.0 	 373 	 517 	 29.0 	 32.0 	 0.04918032786885246 
159.0 	 375 	 517 	 29.0 	 32.0 	 0.04918032786885246 
160.0 	 377 	 517 	 29.0 	 32.0 	 0.04918032786885246 
161.0 	 379 	 517 	 29.0 	 32.0 	 0.04918032786885246 
162.0 	 382 	 517 	 30.0 	 32.0 	 0.03225806451612903 
163.0 	 384 	 517 	 30.0 	 32.0 	 0.03225806451612903 
164.0 	 386 	 517 	 30.0 	 33.0 	 0.047619047619047616 
165.0 	 388 	 517 	 30.0 	 33.0 	 0.047619047619047616 
166.0 	 390 	 517 	 30.0 	 33.0 	 0.047619047619047616 
167.0 	 392 	 517 	 30.0 	 33.0 	 0.047619047619047616 
168.0 	 395 	 517 	 30.0 	 33.0 	 0.047619047619047616 
169.0 	 396 	 517 	 30.0 	 32.0 	 0.03225806451612903 
170.0 	 399 	 517 	 30.0 	 32.0 	 0.03225806451612903 
171.0 	 401 	 517 	 30.0 	 33.0 	 0.047619047619047616 
172.0 	 403 	 517 	 30.0 	 32.0 	 0.03225806451612903 
173.0 	 405 	 517 	 30.0 	 32.0 	 0.03225806451612903 
174.0 	 407 	 517 	 30.0 	 32.0 	 0.03225806451612903 
175.0 	 410 	 517 	 30.0 	 33.0 	 0.047619047619047616 
176.0 	 412 	 517 	 30.0 	 32.0 	 0.03225806451612903 
177.0 	 414 	 517 	 30.0 	 32.0 	 0.03225806451612903 
178.0 	 416 	 517 	 30.0 	 32.0 	 0.03225806451612903 
179.0 	 418 	 517 	 30.0 	 33.0 	 0.047619047619047616 
180.0 	 420 	 517 	 30.0 	 33.0 	 0.047619047619047616 
181.0 	 422 	 517 	 30.0 	 32.0 	 0.03225806451612903 
182.0 	 425 	 517 	 30.0 	 33.0 	 0.047619047619047616 
183.0 	 427 	 517 	 30.0 	 33.0 	 0.047619047619047616 
184.0 	 429 	 517 	 30.0 	 33.0 	 0.047619047619047616 
185.0 	 431 	 517 	 30.0 	 33.0 	 0.047619047619047616 
186.0 	 433 	 517 	 30.0 	 32.0 	 0.03225806451612903 
187.0 	 435 	 517 	 30.0 	 32.0 	 0.03225806451612903 
188.0 	 438 	 517 	 30.0 	 33.0 	 0.047619047619047616 
189.0 	 440 	 517 	 33.203914642333984 	 29.409177780151367 	 0.060606124300288784 
190.0 	 442 	 517 	 33.203914642333984 	 29.725406646728516 	 0.055276426383611015 
191.0 	 444 	 517 	 29.0 	 33.0 	 0.06451612903225806 
192.0 	 446 	 517 	 29.0 	 33.0 	 0.06451612903225806 
193.0 	 448 	 517 	 29.0 	 33.0 	 0.06451612903225806 
194.0 	 450 	 517 	 29.0 	 33.0 	 0.06451612903225806 
195.0 	 453 	 517 	 28.0 	 33.0 	 0.08196721311475409 
196.0 	 455 	 517 	 28.0 	 32.0 	 0.06666666666666667 
197.0 	 457 	 517 	 28.0 	 32.0 	 0.06666666666666667 
198.0 	 459 	 517 	 29.0 	 31.0 	 0.03333333333333333 
199.0 	 461 	 517 	 29.0 	 33.0 	 0.06451612903225806 
200.0 	 463 	 517 	 29.0 	 33.0 	 0.06451612903225806 
201.0 	 465 	 517 	 29.0 	 33.0 	 0.06451612903225806 
202.0 	 467 	 517 	 29.0 	 33.0 	 0.06451612903225806 
203.0 	 469 	 517 	 29.0 	 33.0 	 0.06451612903225806 
204.0 	 471 	 517 	 29.0 	 33.0 	 0.06451612903225806 
205.0 	 473 	 517 	 29.0 	 32.0 	 0.04918032786885246 
206.0 	 476 	 517 	 29.0 	 33.0 	 0.06451612903225806 
207.0 	 478 	 517 	 29.0 	 33.0 	 0.06451612903225806 
208.0 	 479 	 517 	 29.0 	 33.0 	 0.06451612903225806 
209.0 	 481 	 517 	 29.0 	 33.0 	 0.06451612903225806 
210.0 	 483 	 517 	 29.0 	 33.0 	 0.06451612903225806 
211.0 	 486 	 517 	 32.0 	 29.0 	 0.04918032786885246 
212.0 	 488 	 517 	 28.0 	 32.0 	 0.06666666666666667 
213.0 	 490 	 517 	 32.0 	 29.0 	 0.04918032786885246 
214.0 	 492 	 517 	 29.0 	 32.0 	 0.04918032786885246 
215.0 	 494 	 517 	 29.0 	 32.0 	 0.04918032786885246 
216.0 	 496 	 517 	 29.0 	 32.0 	 0.04918032786885246 
217.0 	 498 	 517 	 29.0 	 32.0 	 0.04918032786885246 
218.0 	 500 	 517 	 29.0 	 32.0 	 0.04918032786885246 
219.0 	 502 	 517 	 28.0 	 32.0 	 0.06666666666666667 
220.0 	 504 	 517 	 28.0 	 33.0 	 0.08196721311475409 
221.0 	 506 	 517 	 28.0 	 33.0 	 0.08196721311475409 
222.0 	 509 	 517 	 28.0 	 32.0 	 0.06666666666666667 
223.0 	 511 	 517 	 29.0 	 33.0 	 0.06451612903225806 
224.0 	 513 	 517 	 28.0 	 33.0 	 0.08196721311475409 
225.0 	 515 	 516 	 28.769821166992188 	 33.04419708251953 	 0.06914897359161905 
226.0 	 517 	 516 	 29.0 	 32.0 	 0.04918032786885246 
227.0 	 519 	 517 	 29.0 	 31.0 	 0.03333333333333333 
228.0 	 521 	 516 	 30.405588150024414 	 30.405588150024414 	 0.0 
229.0 	 523 	 517 	 31.304948806762695 	 29.516094207763672 	 0.029411771162355393 
230.0 	 525 	 517 	 28.0 	 32.0 	 0.06666666666666667 
231.0 	 527 	 517 	 27.0 	 32.0 	 0.0847457627118644 
232.0 	 529 	 517 	 27.0 	 32.0 	 0.0847457627118644 
233.0 	 532 	 517 	 27.0 	 33.0 	 0.1 
234.0 	 534 	 517 	 27.0 	 33.0 	 0.1 
235.0 	 536 	 517 	 27.0 	 33.0 	 0.1 
236.0 	 538 	 517 	 28.0 	 33.0 	 0.08196721311475409 
237.0 	 540 	 517 	 28.0 	 32.0 	 0.06666666666666667 
238.0 	 542 	 517 	 27.0 	 33.0 	 0.1 
239.0 	 544 	 517 	 27.0 	 32.0 	 0.0847457627118644 
240.0 	 546 	 517 	 28.0 	 32.0 	 0.06666666666666667 
241.0 	 548 	 517 	 28.0 	 32.0 	 0.06666666666666667 
242.0 	 551 	 517 	 28.0 	 31.0 	 0.05084745762711865 
243.0 	 553 	 517 	 28.0 	 32.0 	 0.06666666666666667 
244.0 	 555 	 517 	 28.0 	 32.0 	 0.06666666666666667 
245.0 	 557 	 517 	 28.0 	 32.0 	 0.06666666666666667 
246.0 	 559 	 517 	 31.11269760131836 	 29.698482513427734 	 0.02325584021264031 
247.0 	 561 	 517 	 28.0 	 32.0 	 0.06666666666666667 
248.0 	 563 	 517 	 28.0 	 32.0 	 0.06666666666666667 
249.0 	 566 	 517 	 27.0 	 32.0 	 0.0847457627118644 
250.0 	 568 	 517 	 27.0 	 31.0 	 0.06896551724137931 
251.0 	 570 	 517 	 27.0 	 31.0 	 0.06896551724137931 
252.0 	 572 	 517 	 27.0 	 31.0 	 0.06896551724137931 
253.0 	 574 	 517 	 27.0 	 30.0 	 0.05263157894736842 
254.0 	 576 	 517 	 27.0 	 30.0 	 0.05263157894736842 
255.0 	 579 	 517 	 28.0 	 31.0 	 0.05084745762711865 
256.0 	 581 	 517 	 28.0 	 31.0 	 0.05084745762711865 
257.0 	 583 	 517 	 28.0 	 31.0 	 0.05084745762711865 
258.0 	 585 	 517 	 28.0 	 31.0 	 0.05084745762711865 
259.0 	 587 	 517 	 28.0 	 31.0 	 0.05084745762711865 
260.0 	 589 	 517 	 27.0 	 31.0 	 0.06896551724137931 
261.0 	 592 	 516 	 28.0 	 30.0 	 0.034482758620689655 
262.0 	 594 	 517 	 29.0 	 30.0 	 0.01694915254237288 
263.0 	 596 	 517 	 29.0 	 29.0 	 0.0 
264.0 	 599 	 517 	 29.0 	 30.0 	 0.01694915254237288 
265.0 	 601 	 516 	 31.182466506958008 	 28.829071044921875 	 0.039215716811148625 
266.0 	 603 	 516 	 29.0 	 32.0 	 0.04918032786885246 
267.0 	 605 	 516 	 28.0 	 31.0 	 0.05084745762711865 
268.0 	 607 	 516 	 28.0 	 31.0 	 0.05084745762711865 
269.0 	 610 	 516 	 28.0 	 32.0 	 0.06666666666666667 
270.0 	 612 	 516 	 28.0 	 31.0 	 0.05084745762711865 
271.0 	 614 	 516 	 28.0 	 31.0 	 0.05084745762711865 
272.0 	 616 	 516 	 28.0 	 30.0 	 0.034482758620689655 
273.0 	 619 	 516 	 28.0 	 30.0 	 0.034482758620689655 
274.0 	 621 	 516 	 28.0 	 31.0 	 0.05084745762711865 
275.0 	 623 	 516 	 28.0 	 31.0 	 0.05084745762711865 
276.0 	 625 	 516 	 28.0 	 31.0 	 0.05084745762711865 
277.0 	 627 	 516 	 28.0 	 32.0 	 0.06666666666666667 
278.0 	 629 	 516 	 29.0 	 32.0 	 0.04918032786885246 
279.0 	 632 	 516 	 29.0 	 33.0 	 0.06451612903225806 
280.0 	 634 	 516 	 29.0 	 32.0 	 0.04918032786885246 
281.0 	 636 	 516 	 28.0 	 32.0 	 0.06666666666666667 
282.0 	 638 	 517 	 28.1600399017334 	 32.908599853515625 	 0.07775774883497506 
283.0 	 641 	 516 	 29.0 	 32.0 	 0.04918032786885246 
284.0 	 643 	 516 	 29.0 	 32.0 	 0.04918032786885246 
285.0 	 645 	 516 	 29.0 	 32.0 	 0.04918032786885246 
286.0 	 647 	 516 	 29.0 	 32.0 	 0.04918032786885246 
287.0 	 649 	 516 	 29.0 	 32.0 	 0.04918032786885246 
288.0 	 651 	 516 	 29.0 	 32.0 	 0.04918032786885246 
289.0 	 654 	 516 	 29.0 	 32.0 	 0.04918032786885246 
290.0 	 656 	 516 	 29.0 	 33.0 	 0.06451612903225806 
291.0 	 658 	 516 	 29.0 	 33.0 	 0.06451612903225806 
292.0 	 660 	 516 	 30.0 	 33.0 	 0.047619047619047616 
293.0 	 663 	 516 	 30.0 	 33.0 	 0.047619047619047616 
294.0 	 665 	 516 	 30.0 	 33.0 	 0.047619047619047616 
295.0 	 667 	 516 	 30.0 	 33.0 	 0.047619047619047616 
296.0 	 669 	 516 	 30.0 	 33.0 	 0.047619047619047616 
297.0 	 671 	 516 	 30.0 	 33.0 	 0.047619047619047616 
298.0 	 673 	 516 	 30.0 	 32.0 	 0.03225806451612903 
299.0 	 676 	 516 	 30.0 	 33.0 	 0.047619047619047616 
300.0 	 678 	 516 	 30.0 	 33.0 	 0.047619047619047616 
301.0 	 680 	 516 	 28.0 	 33.0 	 0.08196721311475409 
302.0 	 682 	 516 	 29.0 	 33.0 	 0.06451612903225806 
303.0 	 684 	 516 	 29.0 	 34.0 	 0.07936507936507936 
304.0 	 687 	 516 	 29.0 	 34.0 	 0.07936507936507936 
305.0 	 689 	 516 	 29.0 	 33.0 	 0.06451612903225806 
306.0 	 691 	 516 	 29.0 	 33.0 	 0.06451612903225806 
307.0 	 694 	 516 	 29.0 	 33.0 	 0.06451612903225806 
308.0 	 696 	 516 	 29.0 	 33.0 	 0.06451612903225806 
309.0 	 698 	 516 	 29.0 	 33.0 	 0.06451612903225806 
310.0 	 701 	 516 	 29.0 	 32.0 	 0.04918032786885246 
311.0 	 703 	 516 	 30.0 	 32.0 	 0.03225806451612903 
312.0 	 705 	 516 	 30.0 	 33.0 	 0.047619047619047616 
313.0 	 707 	 516 	 30.0 	 32.0 	 0.03225806451612903 
314.0 	 709 	 516 	 30.0 	 32.0 	 0.03225806451612903 
315.0 	 712 	 516 	 30.0 	 33.0 	 0.047619047619047616 
316.0 	 714 	 516 	 30.0 	 33.0 	 0.047619047619047616 
317.0 	 716 	 516 	 30.0 	 33.0 	 0.047619047619047616 
318.0 	 718 	 516 	 30.0 	 32.0 	 0.03225806451612903 
319.0 	 721 	 516 	 30.0 	 33.0 	 0.047619047619047616 
320.0 	 723 	 516 	 30.0 	 33.0 	 0.047619047619047616 
321.0 	 725 	 516 	 30.0 	 33.0 	 0.047619047619047616 
322.0 	 727 	 516 	 30.0 	 33.0 	 0.047619047619047616 
323.0 	 730 	 516 	 30.0 	 34.0 	 0.0625 
324.0 	 732 	 516 	 30.0 	 33.0 	 0.047619047619047616 
325.0 	 734 	 516 	 30.0 	 32.0 	 0.03225806451612903 
326.0 	 736 	 516 	 32.98484420776367 	 29.83188247680664 	 0.05019302815298547 
327.0 	 738 	 516 	 30.0 	 32.0 	 0.03225806451612903 
328.0 	 741 	 516 	 30.0 	 33.0 	 0.047619047619047616 
329.0 	 743 	 516 	 30.0 	 33.0 	 0.047619047619047616 
330.0 	 745 	 516 	 30.0 	 33.0 	 0.047619047619047616 
331.0 	 747 	 516 	 30.0 	 33.0 	 0.047619047619047616 
332.0 	 750 	 516 	 30.0 	 32.0 	 0.03225806451612903 
333.0 	 752 	 516 	 30.0 	 33.0 	 0.047619047619047616 
334.0 	 754 	 516 	 30.0 	 33.0 	 0.047619047619047616 
335.0 	 757 	 516 	 29.0 	 33.0 	 0.06451612903225806 
336.0 	 759 	 516 	 30.0 	 33.0 	 0.047619047619047616 
337.0 	 761 	 516 	 29.0 	 33.0 	 0.06451612903225806 
338.0 	 763 	 516 	 29.0 	 32.0 	 0.04918032786885246 
339.0 	 766 	 516 	 28.0 	 32.0 	 0.06666666666666667 
340.0 	 768 	 516 	 28.0 	 33.0 	 0.08196721311475409 
341.0 	 770 	 516 	 29.0 	 33.0 	 0.06451612903225806 
342.0 	 773 	 516 	 29.0 	 32.0 	 0.04918032786885246 
343.0 	 775 	 516 	 29.0 	 33.0 	 0.06451612903225806 
344.0 	 777 	 516 	 29.0 	 33.0 	 0.06451612903225806 
345.0 	 779 	 516 	 29.0 	 33.0 	 0.06451612903225806 
346.0 	 782 	 516 	 30.0 	 33.0 	 0.047619047619047616 
347.0 	 784 	 516 	 30.005769729614258 	 33.92809295654297 	 0.061349698925323354 
348.0 	 786 	 516 	 30.410520553588867 	 33.541019439697266 	 0.048951110269386 
349.0 	 788 	 516 	 30.0 	 33.0 	 0.047619047619047616 
350.0 	 791 	 516 	 30.0 	 33.0 	 0.047619047619047616 
351.0 	 793 	 516 	 30.0 	 33.0 	 0.047619047619047616 
352.0 	 795 	 516 	 30.0 	 33.0 	 0.047619047619047616 
353.0 	 798 	 516 	 30.0 	 33.0 	 0.047619047619047616 
354.0 	 800 	 516 	 30.0 	 33.0 	 0.047619047619047616 
355.0 	 802 	 516 	 30.0 	 33.0 	 0.047619047619047616 
356.0 	 804 	 516 	 30.0 	 34.0 	 0.0625 
357.0 	 807 	 516 	 30.0 	 34.0 	 0.0625 
358.0 	 809 	 516 	 30.0 	 33.0 	 0.047619047619047616 
359.0 	 811 	 516 	 30.0 	 33.0 	 0.047619047619047616 
360.0 	 813 	 516 	 30.0 	 33.0 	 0.047619047619047616 
361.0 	 816 	 516 	 29.0 	 33.0 	 0.06451612903225806 
362.0 	 818 	 516 	 29.0 	 33.0 	 0.06451612903225806 
363.0 	 820 	 516 	 29.0 	 33.0 	 0.06451612903225806 
364.0 	 822 	 516 	 29.0 	 33.0 	 0.06451612903225806 
365.0 	 825 	 516 	 29.0 	 33.0 	 0.06451612903225806 
366.0 	 827 	 516 	 29.0 	 33.0 	 0.06451612903225806 
367.0 	 829 	 516 	 30.0 	 33.0 	 0.047619047619047616 
368.0 	 832 	 516 	 30.39800262451172 	 33.535858154296875 	 0.049079712871418275 
369.0 	 834 	 516 	 30.0 	 33.0 	 0.047619047619047616 
370.0 	 836 	 516 	 30.0 	 33.0 	 0.047619047619047616 
371.0 	 839 	 516 	 30.316951751708984 	 33.46991729736328 	 0.049429695996344794 
372.0 	 841 	 516 	 30.0 	 33.0 	 0.047619047619047616 
373.0 	 843 	 516 	 30.0 	 33.0 	 0.047619047619047616 
374.0 	 845 	 516 	 30.0 	 32.0 	 0.03225806451612903 
375.0 	 847 	 516 	 30.0 	 32.0 	 0.03225806451612903 
376.0 	 850 	 516 	 30.0 	 32.0 	 0.03225806451612903 
377.0 	 852 	 516 	 30.0 	 32.0 	 0.03225806451612903 
378.0 	 854 	 516 	 29.0 	 32.0 	 0.04918032786885246 
379.0 	 857 	 517 	 33.5201416015625 	 27.828041076660156 	 0.09278352310382167 
380.0 	 859 	 517 	 28.0 	 33.0 	 0.08196721311475409 
381.0 	 861 	 517 	 28.0 	 33.0 	 0.08196721311475409 
382.0 	 864 	 517 	 27.0 	 32.0 	 0.0847457627118644 
383.0 	 866 	 517 	 28.0 	 32.0 	 0.06666666666666667 
384.0 	 869 	 517 	 28.0 	 32.0 	 0.06666666666666667 
385.0 	 871 	 517 	 27.0 	 32.0 	 0.0847457627118644 
386.0 	 873 	 517 	 27.0 	 33.0 	 0.1 
387.0 	 876 	 517 	 27.0 	 32.0 	 0.0847457627118644 
388.0 	 878 	 516 	 27.0 	 31.0 	 0.06896551724137931 
389.0 	 880 	 517 	 27.0 	 32.0 	 0.0847457627118644 
390.0 	 883 	 516 	 27.0 	 33.0 	 0.1 
391.0 	 885 	 516 	 27.0 	 33.0 	 0.1 
392.0 	 888 	 516 	 28.0 	 32.0 	 0.06666666666666667 
393.0 	 890 	 516 	 28.0 	 32.0 	 0.06666666666666667 
394.0 	 892 	 516 	 28.0 	 33.0 	 0.08196721311475409 
395.0 	 894 	 516 	 29.698484420776367 	 31.819805145263672 	 0.03448276503543002 
396.0 	 897 	 516 	 29.0 	 32.0 	 0.04918032786885246 
397.0 	 899 	 516 	 29.0 	 32.0 	 0.04918032786885246 
398.0 	 901 	 516 	 29.0 	 32.0 	 0.04918032786885246 
399.0 	 904 	 516 	 29.0 	 32.0 	 0.04918032786885246 
400.0 	 906 	 515 	 29.0 	 32.0 	 0.04918032786885246 
401.0 	 908 	 515 	 29.0 	 32.0 	 0.04918032786885246 
402.0 	 911 	 515 	 30.0 	 32.0 	 0.03225806451612903 
403.0 	 913 	 515 	 30.0 	 33.0 	 0.047619047619047616 
404.0 	 915 	 515 	 30.0 	 32.0 	 0.03225806451612903 
405.0 	 918 	 515 	 30.0 	 33.0 	 0.047619047619047616 
406.0 	 920 	 515 	 30.0 	 33.0 	 0.047619047619047616 
407.0 	 922 	 515 	 30.0 	 33.0 	 0.047619047619047616 
408.0 	 925 	 515 	 30.0 	 33.0 	 0.047619047619047616 
409.0 	 927 	 515 	 30.0 	 32.0 	 0.03225806451612903 
410.0 	 929 	 515 	 30.0 	 33.0 	 0.047619047619047616 
411.0 	 932 	 515 	 33.22737503051758 	 29.589345932006836 	 0.057914979368011585 
412.0 	 934 	 515 	 29.0 	 32.0 	 0.04918032786885246 
413.0 	 936 	 515 	 29.0 	 32.0 	 0.04918032786885246 
414.0 	 939 	 515 	 33.0 	 29.0 	 0.06451612903225806 
415.0 	 941 	 515 	 30.0 	 32.0 	 0.03225806451612903 
416.0 	 944 	 515 	 33.203914642333984 	 29.09295082092285 	 0.06598989838157765 
417.0 	 946 	 515 	 33.203914642333984 	 29.09295082092285 	 0.06598989838157765 
418.0 	 948 	 515 	 30.0 	 32.0 	 0.03225806451612903 
419.0 	 950 	 515 	 29.0 	 33.0 	 0.06451612903225806 
420.0 	 953 	 515 	 29.0 	 33.0 	 0.06451612903225806 
421.0 	 955 	 515 	 30.0 	 32.0 	 0.03225806451612903 
422.0 	 957 	 515 	 32.57145690917969 	 30.35786247253418 	 0.035175883966238136 
423.0 	 960 	 515 	 32.199378967285156 	 30.4105224609375 	 0.028571463387439443 
424.0 	 962 	 515 	 30.0 	 32.0 	 0.03225806451612903 
425.0 	 964 	 515 	 30.0 	 33.0 	 0.047619047619047616 
426.0 	 967 	 515 	 30.0 	 33.0 	 0.047619047619047616 
427.0 	 969 	 515 	 30.0 	 32.0 	 0.03225806451612903 
428.0 	 971 	 515 	 30.0 	 32.0 	 0.03225806451612903 
429.0 	 973 	 515 	 30.0 	 32.0 	 0.03225806451612903 
430.0 	 976 	 515 	 30.0 	 33.0 	 0.047619047619047616 
431.0 	 978 	 515 	 30.0 	 33.0 	 0.047619047619047616 
432.0 	 981 	 515 	 30.0 	 32.0 	 0.03225806451612903 
433.0 	 983 	 515 	 30.0 	 33.0 	 0.047619047619047616 
434.0 	 985 	 515 	 29.0 	 32.0 	 0.04918032786885246 
435.0 	 988 	 515 	 30.0 	 32.0 	 0.03225806451612903 
436.0 	 990 	 515 	 29.613536834716797 	 33.14362716674805 	 0.05624999772056068 
437.0 	 992 	 515 	 30.0 	 32.0 	 0.03225806451612903 
438.0 	 995 	 515 	 29.0 	 33.0 	 0.06451612903225806 
439.0 	 997 	 515 	 29.0 	 33.0 	 0.06451612903225806 
440.0 	 999 	 515 	 30.0 	 33.0 	 0.047619047619047616 
441.0 	 1002 	 515 	 30.0 	 33.0 	 0.047619047619047616 
442.0 	 1004 	 515 	 30.0 	 32.0 	 0.03225806451612903 
443.0 	 1006 	 515 	 30.0 	 32.0 	 0.03225806451612903 
444.0 	 1009 	 515 	 30.0 	 33.0 	 0.047619047619047616 
445.0 	 1011 	 515 	 30.0 	 33.0 	 0.047619047619047616 
446.0 	 1013 	 515 	 30.0 	 32.0 	 0.03225806451612903 
447.0 	 1015 	 515 	 30.0 	 33.0 	 0.047619047619047616 
448.0 	 1017 	 515 	 30.0 	 33.0 	 0.047619047619047616 
449.0 	 1020 	 515 	 30.0 	 32.0 	 0.03225806451612903 
450.0 	 1022 	 515 	 30.0 	 32.0 	 0.03225806451612903 
451.0 	 1025 	 515 	 30.0 	 32.0 	 0.03225806451612903 
452.0 	 1027 	 515 	 30.0 	 32.0 	 0.03225806451612903 
453.0 	 1029 	 515 	 30.0 	 33.0 	 0.047619047619047616 
454.0 	 1032 	 515 	 30.0 	 33.0 	 0.047619047619047616 
455.0 	 1034 	 515 	 30.0 	 33.0 	 0.047619047619047616 
456.0 	 1036 	 515 	 30.0 	 33.0 	 0.047619047619047616 
457.0 	 1038 	 515 	 30.0 	 33.0 	 0.047619047619047616 
458.0 	 1041 	 515 	 30.0 	 33.0 	 0.047619047619047616 
459.0 	 1043 	 515 	 30.0 	 32.0 	 0.03225806451612903 
460.0 	 1046 	 515 	 30.0 	 33.0 	 0.047619047619047616 
461.0 	 1048 	 515 	 30.0 	 33.0 	 0.047619047619047616 
462.0 	 1050 	 515 	 30.0 	 32.0 	 0.03225806451612903 
463.0 	 1052 	 515 	 30.0 	 32.0 	 0.03225806451612903 
464.0 	 1055 	 515 	 30.0 	 33.0 	 0.047619047619047616 
465.0 	 1057 	 515 	 30.0 	 32.0 	 0.03225806451612903 
466.0 	 1059 	 515 	 30.0 	 33.0 	 0.047619047619047616 
467.0 	 1062 	 515 	 30.0 	 33.0 	 0.047619047619047616 
468.0 	 1064 	 515 	 30.0 	 33.0 	 0.047619047619047616 
469.0 	 1066 	 515 	 29.0 	 32.0 	 0.04918032786885246 
470.0 	 1069 	 515 	 30.0 	 33.0 	 0.047619047619047616 
471.0 	 1071 	 515 	 30.0 	 33.0 	 0.047619047619047616 
472.0 	 1073 	 515 	 31.819805145263672 	 31.819805145263672 	 0.0 
473.0 	 1075 	 515 	 30.0 	 34.0 	 0.0625 
474.0 	 1078 	 515 	 30.0 	 33.0 	 0.047619047619047616 
475.0 	 1080 	 515 	 30.0 	 33.0 	 0.047619047619047616 
476.0 	 1082 	 515 	 30.0 	 32.0 	 0.03225806451612903 
477.0 	 1085 	 515 	 30.0 	 33.0 	 0.047619047619047616 
478.0 	 1087 	 515 	 30.0 	 33.0 	 0.047619047619047616 
479.0 	 1089 	 515 	 30.0 	 34.0 	 0.0625 
480.0 	 1091 	 515 	 31.819805145263672 	 31.819805145263672 	 0.0 
481.0 	 1093 	 515 	 30.0 	 32.0 	 0.03225806451612903 
482.0 	 1096 	 515 	 30.0 	 33.0 	 0.047619047619047616 
483.0 	 1098 	 515 	 30.0 	 33.0 	 0.047619047619047616 
484.0 	 1101 	 515 	 30.0 	 33.0 	 0.047619047619047616 
485.0 	 1103 	 515 	 30.0 	 33.0 	 0.047619047619047616 
486.0 	 1105 	 515 	 30.0 	 33.0 	 0.047619047619047616 
487.0 	 1107 	 515 	 30.0 	 33.0 	 0.047619047619047616 
488.0 	 1109 	 515 	 29.0 	 34.0 	 0.07936507936507936 
489.0 	 1112 	 515 	 30.0 	 33.0 	 0.047619047619047616 
490.0 	 1114 	 515 	 30.0 	 33.0 	 0.047619047619047616 
491.0 	 1116 	 515 	 31.819805145263672 	 31.819805145263672 	 0.0 
492.0 	 1119 	 515 	 30.0 	 33.0 	 0.047619047619047616 
493.0 	 1121 	 515 	 30.0 	 33.0 	 0.047619047619047616 
494.0 	 1123 	 515 	 30.0 	 33.0 	 0.047619047619047616 
495.0 	 1125 	 515 	 30.0 	 32.0 	 0.03225806451612903 
496.0 	 1127 	 515 	 30.0 	 32.0 	 0.03225806451612903 
497.0 	 1130 	 515 	 30.0 	 33.0 	 0.047619047619047616 
498.0 	 1132 	 514 	 31.819805145263672 	 31.819805145263672 	 0.0 
499.0 	 1134 	 514 	 29.0 	 33.0 	 0.06451612903225806 
500.0 	 1136 	 514 	 32.0 	 30.0 	 0.03225806451612903 
501.0 	 1139 	 514 	 29.0 	 32.0 	 0.04918032786885246 
502.0 	 1141 	 514 	 29.0 	 33.0 	 0.06451612903225806 
503.0 	 1143 	 514 	 29.0 	 32.0 	 0.04918032786885246 
504.0 	 1145 	 514 	 30.0 	 32.0 	 0.03225806451612903 
505.0 	 1147 	 514 	 29.0 	 32.0 	 0.04918032786885246 
506.0 	 1149 	 514 	 29.0 	 33.0 	 0.06451612903225806 
507.0 	 1152 	 514 	 29.0 	 33.0 	 0.06451612903225806 
508.0 	 1154 	 514 	 29.0 	 33.0 	 0.06451612903225806 
509.0 	 1156 	 514 	 29.0 	 33.0 	 0.06451612903225806 
510.0 	 1159 	 514 	 29.0 	 33.0 	 0.06451612903225806 
511.0 	 1161 	 514 	 29.0 	 33.0 	 0.06451612903225806 
512.0 	 1163 	 514 	 29.0 	 33.0 	 0.06451612903225806 
513.0 	 1165 	 514 	 30.0 	 33.0 	 0.047619047619047616 
514.0 	 1167 	 514 	 30.0 	 33.0 	 0.047619047619047616 
515.0 	 1169 	 514 	 30.0 	 33.0 	 0.047619047619047616 
516.0 	 1172 	 514 	 30.0 	 33.0 	 0.047619047619047616 
517.0 	 1174 	 514 	 29.0 	 33.0 	 0.06451612903225806 
518.0 	 1176 	 514 	 30.0 	 33.0 	 0.047619047619047616 
519.0 	 1178 	 514 	 30.0 	 32.0 	 0.03225806451612903 
520.0 	 1180 	 514 	 30.0 	 32.0 	 0.03225806451612903 
521.0 	 1182 	 514 	 30.0 	 32.0 	 0.03225806451612903 
522.0 	 1185 	 514 	 30.0 	 33.0 	 0.047619047619047616 
523.0 	 1187 	 514 	 30.0 	 33.0 	 0.047619047619047616 
524.0 	 1189 	 514 	 30.0 	 33.0 	 0.047619047619047616 
525.0 	 1191 	 514 	 30.0 	 33.0 	 0.047619047619047616 
526.0 	 1193 	 514 	 31.819805145263672 	 31.819805145263672 	 0.0 
527.0 	 1195 	 514 	 31.819805145263672 	 31.819805145263672 	 0.0 
528.0 	 1197 	 514 	 30.0 	 33.0 	 0.047619047619047616 
529.0 	 1199 	 514 	 30.0 	 33.0 	 0.047619047619047616 
530.0 	 1202 	 514 	 30.0 	 33.0 	 0.047619047619047616 
531.0 	 1204 	 514 	 30.0 	 33.0 	 0.047619047619047616 
532.0 	 1206 	 514 	 30.0 	 33.0 	 0.047619047619047616 
533.0 	 1208 	 514 	 30.0 	 33.0 	 0.047619047619047616 
534.0 	 1210 	 514 	 30.0 	 33.0 	 0.047619047619047616 
535.0 	 1212 	 514 	 30.0 	 33.0 	 0.047619047619047616 
536.0 	 1214 	 514 	 30.0 	 32.0 	 0.03225806451612903 
537.0 	 1216 	 514 	 30.0 	 33.0 	 0.047619047619047616 
538.0 	 1219 	 514 	 30.0 	 33.0 	 0.047619047619047616 
539.0 	 1221 	 514 	 30.0 	 33.0 	 0.047619047619047616 
540.0 	 1223 	 514 	 30.0 	 33.0 	 0.047619047619047616 
541.0 	 1225 	 514 	 30.0 	 33.0 	 0.047619047619047616 
542.0 	 1227 	 514 	 30.0 	 33.0 	 0.047619047619047616 
543.0 	 1229 	 514 	 30.0 	 33.0 	 0.047619047619047616 
544.0 	 1231 	 514 	 31.0 	 33.0 	 0.03125 
545.0 	 1233 	 514 	 31.0 	 33.0 	 0.03125 
546.0 	 1235 	 514 	 31.0 	 33.0 	 0.03125 
547.0 	 1237 	 514 	 33.98823165893555 	 29.96331024169922 	 0.06293705042311697 
548.0 	 1239 	 514 	 33.98823165893555 	 29.516094207763672 	 0.07042256397712587 
549.0 	 1242 	 514 	 33.98823165893555 	 29.96331024169922 	 0.06293705042311697 
550.0 	 1244 	 514 	 33.98823165893555 	 29.96331024169922 	 0.06293705042311697 
551.0 	 1246 	 514 	 33.98823165893555 	 29.96331024169922 	 0.06293705042311697 
552.0 	 1248 	 514 	 31.0 	 33.0 	 0.03125 
553.0 	 1250 	 514 	 30.0 	 33.0 	 0.047619047619047616 
554.0 	 1252 	 514 	 30.0 	 33.0 	 0.047619047619047616 
555.0 	 1254 	 514 	 30.0 	 33.0 	 0.047619047619047616 
556.0 	 1257 	 514 	 30.0 	 33.0 	 0.047619047619047616 
557.0 	 1259 	 514 	 30.0 	 33.0 	 0.047619047619047616 
558.0 	 1261 	 514 	 33.22737503051758 	 29.589345932006836 	 0.057914979368011585 
559.0 	 1263 	 514 	 30.0 	 33.0 	 0.047619047619047616 
560.0 	 1265 	 514 	 30.0 	 33.0 	 0.047619047619047616 
561.0 	 1267 	 514 	 30.0 	 32.0 	 0.03225806451612903 
562.0 	 1269 	 514 	 30.0 	 33.0 	 0.047619047619047616 
563.0 	 1272 	 514 	 30.0 	 33.0 	 0.047619047619047616 
564.0 	 1274 	 514 	 30.0 	 33.0 	 0.047619047619047616 
565.0 	 1276 	 514 	 30.0 	 32.0 	 0.03225806451612903 
566.0 	 1278 	 514 	 30.0 	 32.0 	 0.03225806451612903 
567.0 	 1280 	 513 	 30.0 	 33.0 	 0.047619047619047616 
568.0 	 1283 	 513 	 30.0 	 34.0 	 0.0625 
569.0 	 1285 	 513 	 29.0 	 34.0 	 0.07936507936507936 
570.0 	 1287 	 513 	 30.0 	 34.0 	 0.0625 
571.0 	 1289 	 513 	 30.0 	 33.0 	 0.047619047619047616 
572.0 	 1291 	 513 	 30.0 	 33.0 	 0.047619047619047616 
573.0 	 1293 	 513 	 30.0 	 32.0 	 0.03225806451612903 
574.0 	 1296 	 513 	 30.0 	 33.0 	 0.047619047619047616 
575.0 	 1298 	 513 	 30.0 	 33.0 	 0.047619047619047616 
576.0 	 1300 	 513 	 30.0 	 33.0 	 0.047619047619047616 
577.0 	 1302 	 514 	 34.47749328613281 	 29.53251838684082 	 0.07725314790685883 
578.0 	 1304 	 514 	 29.0 	 33.0 	 0.06451612903225806 
579.0 	 1307 	 514 	 29.0 	 33.0 	 0.06451612903225806 
580.0 	 1309 	 514 	 29.0 	 33.0 	 0.06451612903225806 
581.0 	 1311 	 514 	 29.0 	 34.0 	 0.07936507936507936 
582.0 	 1314 	 514 	 29.0 	 33.0 	 0.06451612903225806 
583.0 	 1316 	 514 	 29.0 	 32.0 	 0.04918032786885246 
584.0 	 1318 	 514 	 30.0 	 32.0 	 0.03225806451612903 
585.0 	 1320 	 514 	 30.0 	 32.0 	 0.03225806451612903 
586.0 	 1322 	 514 	 30.0 	 33.0 	 0.047619047619047616 
587.0 	 1324 	 514 	 29.96331024169922 	 33.09380340576172 	 0.04964536089559108 
588.0 	 1327 	 513 	 30.0 	 33.0 	 0.047619047619047616 
589.0 	 1329 	 514 	 30.0 	 34.0 	 0.0625 
590.0 	 1331 	 513 	 30.0 	 33.0 	 0.047619047619047616 
591.0 	 1333 	 513 	 30.0 	 33.0 	 0.047619047619047616 
592.0 	 1336 	 513 	 33.98823165893555 	 30.410520553588867 	 0.05555559669137314 
593.0 	 1338 	 513 	 30.857738494873047 	 33.093807220458984 	 0.034965045810454155 
594.0 	 1341 	 513 	 31.0 	 33.0 	 0.03125 
595.0 	 1343 	 513 	 30.0 	 33.0 	 0.047619047619047616 
596.0 	 1345 	 513 	 30.0 	 33.0 	 0.047619047619047616 
597.0 	 1347 	 513 	 30.0 	 34.0 	 0.0625 
598.0 	 1349 	 513 	 30.410520553588867 	 33.541019439697266 	 0.048951110269386 
599.0 	 1352 	 513 	 30.0 	 33.0 	 0.047619047619047616 
600.0 	 1354 	 513 	 30.0 	 34.0 	 0.0625 
601.0 	 1356 	 513 	 29.0 	 34.0 	 0.07936507936507936 
602.0 	 1358 	 513 	 34.32878494262695 	 29.55260467529297 	 0.07476638025410419 
603.0 	 1361 	 513 	 29.0 	 33.0 	 0.06451612903225806 
604.0 	 1363 	 513 	 29.0 	 33.0 	 0.06451612903225806 
605.0 	 1365 	 513 	 34.5650749206543 	 30.36867332458496 	 0.06462589500024747 
606.0 	 1367 	 513 	 31.0 	 34.0 	 0.046153846153846156 
607.0 	 1370 	 513 	 30.0 	 34.0 	 0.0625 
608.0 	 1372 	 513 	 31.0 	 34.0 	 0.046153846153846156 
609.0 	 1374 	 513 	 30.0 	 34.0 	 0.0625 
610.0 	 1376 	 513 	 30.0 	 33.0 	 0.047619047619047616 
611.0 	 1379 	 513 	 30.0 	 34.0 	 0.0625 
612.0 	 1381 	 513 	 31.0 	 34.0 	 0.046153846153846156 
613.0 	 1383 	 513 	 31.0 	 34.0 	 0.046153846153846156 
614.0 	 1385 	 513 	 31.0 	 34.0 	 0.046153846153846156 
615.0 	 1388 	 513 	 31.0 	 33.0 	 0.03125 
616.0 	 1390 	 513 	 31.0 	 34.0 	 0.046153846153846156 
617.0 	 1392 	 513 	 31.0 	 34.0 	 0.046153846153846156 
618.0 	 1394 	 513 	 30.0 	 35.0 	 0.07692307692307693 
619.0 	 1397 	 513 	 30.0 	 34.0 	 0.0625 
620.0 	 1399 	 513 	 30.0 	 34.0 	 0.0625 
621.0 	 1401 	 513 	 30.0 	 34.0 	 0.0625 
622.0 	 1404 	 513 	 30.0 	 34.0 	 0.0625 
623.0 	 1406 	 513 	 30.0 	 34.0 	 0.0625 
624.0 	 1409 	 513 	 31.0 	 34.0 	 0.046153846153846156 
625.0 	 1410 	 513 	 34.0 	 31.0 	 0.046153846153846156 
626.0 	 1413 	 513 	 30.0 	 34.0 	 0.0625 
627.0 	 1415 	 513 	 30.0 	 34.0 	 0.0625 
628.0 	 1417 	 513 	 30.0 	 34.0 	 0.0625 
629.0 	 1420 	 513 	 29.0 	 33.0 	 0.06451612903225806 
630.0 	 1422 	 513 	 30.0 	 33.0 	 0.047619047619047616 
631.0 	 1424 	 513 	 31.0 	 34.0 	 0.046153846153846156 
632.0 	 1427 	 513 	 30.0 	 34.0 	 0.0625 
633.0 	 1429 	 513 	 30.0 	 34.0 	 0.0625 
634.0 	 1431 	 512 	 29.0 	 34.0 	 0.07936507936507936 
635.0 	 1434 	 512 	 34.0 	 30.0 	 0.0625 
636.0 	 1436 	 512 	 29.0 	 35.0 	 0.09375 
637.0 	 1438 	 512 	 30.0 	 33.0 	 0.047619047619047616 
638.0 	 1440 	 512 	 30.0 	 33.0 	 0.047619047619047616 
639.0 	 1443 	 512 	 30.0 	 33.0 	 0.047619047619047616 
640.0 	 1445 	 512 	 33.0 	 30.0 	 0.047619047619047616 
641.0 	 1448 	 512 	 33.0 	 30.0 	 0.047619047619047616 
642.0 	 1450 	 512 	 29.0 	 34.0 	 0.07936507936507936 
643.0 	 1452 	 512 	 34.0 	 30.0 	 0.0625 
644.0 	 1455 	 512 	 30.0 	 33.0 	 0.047619047619047616 
645.0 	 1457 	 512 	 30.0 	 33.0 	 0.047619047619047616 
646.0 	 1459 	 512 	 30.0 	 33.0 	 0.047619047619047616 
647.0 	 1462 	 512 	 30.0 	 33.0 	 0.047619047619047616 
648.0 	 1464 	 512 	 30.0 	 33.0 	 0.047619047619047616 
649.0 	 1466 	 512 	 30.0 	 33.0 	 0.047619047619047616 
650.0 	 1468 	 512 	 29.0 	 34.0 	 0.07936507936507936 
651.0 	 1471 	 512 	 29.0 	 33.0 	 0.06451612903225806 
652.0 	 1473 	 512 	 29.0 	 33.0 	 0.06451612903225806 
653.0 	 1475 	 512 	 29.0 	 33.0 	 0.06451612903225806 
654.0 	 1477 	 512 	 29.0 	 33.0 	 0.06451612903225806 
655.0 	 1480 	 512 	 29.0 	 33.0 	 0.06451612903225806 
656.0 	 1482 	 512 	 29.0 	 33.0 	 0.06451612903225806 
657.0 	 1485 	 512 	 30.0 	 33.0 	 0.047619047619047616 
658.0 	 1487 	 512 	 29.0 	 33.0 	 0.06451612903225806 
659.0 	 1489 	 512 	 29.0 	 33.0 	 0.06451612903225806 
660.0 	 1492 	 512 	 29.0 	 32.0 	 0.04918032786885246 
661.0 	 1494 	 512 	 30.0 	 33.0 	 0.047619047619047616 
662.0 	 1496 	 512 	 29.809654235839844 	 33.14362716674805 	 0.05295947814995312 
663.0 	 1499 	 512 	 29.417421340942383 	 33.14362716674805 	 0.05956111533756685 
664.0 	 1501 	 512 	 30.0 	 32.0 	 0.03225806451612903 
665.0 	 1503 	 512 	 30.0 	 32.0 	 0.03225806451612903 
666.0 	 1506 	 512 	 30.0 	 32.0 	 0.03225806451612903 
667.0 	 1508 	 512 	 30.0 	 33.0 	 0.047619047619047616 
668.0 	 1510 	 512 	 30.0 	 33.0 	 0.047619047619047616 
669.0 	 1513 	 512 	 29.0 	 32.0 	 0.04918032786885246 
670.0 	 1515 	 512 	 30.0 	 32.0 	 0.03225806451612903 
671.0 	 1517 	 512 	 30.0 	 32.0 	 0.03225806451612903 
672.0 	 1520 	 512 	 30.0 	 33.0 	 0.047619047619047616 
673.0 	 1522 	 512 	 30.0 	 32.0 	 0.03225806451612903 
674.0 	 1524 	 512 	 30.0 	 33.0 	 0.047619047619047616 
675.0 	 1527 	 512 	 30.0 	 32.0 	 0.03225806451612903 
676.0 	 1529 	 512 	 30.0 	 32.0 	 0.03225806451612903 
677.0 	 1531 	 512 	 30.0 	 32.0 	 0.03225806451612903 
678.0 	 1534 	 512 	 30.0 	 32.0 	 0.03225806451612903 
679.0 	 1536 	 512 	 30.0 	 32.0 	 0.03225806451612903 
680.0 	 1538 	 512 	 30.0 	 33.0 	 0.047619047619047616 
681.0 	 1541 	 512 	 30.0 	 32.0 	 0.03225806451612903 
682.0 	 1543 	 512 	 30.0 	 33.0 	 0.047619047619047616 
683.0 	 1545 	 512 	 30.0 	 32.0 	 0.03225806451612903 
684.0 	 1548 	 512 	 30.0 	 33.0 	 0.047619047619047616 
685.0 	 1550 	 512 	 30.0 	 32.0 	 0.03225806451612903 
686.0 	 1552 	 512 	 30.0 	 32.0 	 0.03225806451612903 
687.0 	 1555 	 512 	 30.0 	 32.0 	 0.03225806451612903 
688.0 	 1557 	 512 	 30.0 	 32.0 	 0.03225806451612903 
689.0 	 1559 	 512 	 30.0 	 33.0 	 0.047619047619047616 
690.0 	 1562 	 512 	 30.0 	 32.0 	 0.03225806451612903 
691.0 	 1564 	 512 	 30.0 	 32.0 	 0.03225806451612903 
692.0 	 1566 	 512 	 30.0 	 33.0 	 0.047619047619047616 
693.0 	 1569 	 512 	 30.0 	 33.0 	 0.047619047619047616 
694.0 	 1571 	 512 	 30.0 	 32.0 	 0.03225806451612903 
695.0 	 1573 	 512 	 30.0 	 32.0 	 0.03225806451612903 
696.0 	 1576 	 512 	 30.0 	 31.0 	 0.01639344262295082 
697.0 	 1578 	 512 	 30.0 	 31.0 	 0.01639344262295082 
698.0 	 1580 	 512 	 30.0 	 32.0 	 0.03225806451612903 
699.0 	 1583 	 512 	 30.0 	 32.0 	 0.03225806451612903 
700.0 	 1585 	 512 	 32.0 	 30.0 	 0.03225806451612903 
701.0 	 1587 	 512 	 30.0 	 32.0 	 0.03225806451612903 
702.0 	 1590 	 512 	 29.0 	 32.0 	 0.04918032786885246 
703.0 	 1593 	 512 	 29.0 	 33.0 	 0.06451612903225806 
704.0 	 1595 	 512 	 29.0 	 31.0 	 0.03333333333333333 
705.0 	 1597 	 512 	 29.0 	 32.0 	 0.04918032786885246 
706.0 	 1600 	 512 	 29.0 	 33.0 	 0.06451612903225806 
707.0 	 1602 	 512 	 29.0 	 32.0 	 0.04918032786885246 
708.0 	 1604 	 512 	 29.0 	 31.0 	 0.03333333333333333 
709.0 	 1606 	 512 	 28.0 	 30.0 	 0.034482758620689655 
710.0 	 1608 	 512 	 28.0 	 31.0 	 0.05084745762711865 
711.0 	 1611 	 512 	 28.0 	 32.0 	 0.06666666666666667 
712.0 	 1613 	 512 	 28.0 	 32.0 	 0.06666666666666667 
713.0 	 1615 	 512 	 28.0 	 32.0 	 0.06666666666666667 
714.0 	 1618 	 512 	 28.0 	 32.0 	 0.06666666666666667 
715.0 	 1620 	 512 	 28.0 	 32.0 	 0.06666666666666667 
716.0 	 1623 	 512 	 28.619203567504883 	 32.25723648071289 	 0.05976093395616545 
717.0 	 1625 	 512 	 28.0 	 32.0 	 0.06666666666666667 
718.0 	 1628 	 512 	 27.0 	 32.0 	 0.0847457627118644 
719.0 	 1630 	 512 	 28.0 	 33.0 	 0.08196721311475409 
720.0 	 1632 	 512 	 28.0 	 33.0 	 0.08196721311475409 
721.0 	 1634 	 512 	 28.0 	 33.0 	 0.08196721311475409 
722.0 	 1637 	 512 	 28.0 	 33.0 	 0.08196721311475409 
723.0 	 1639 	 512 	 28.0 	 33.0 	 0.08196721311475409 
724.0 	 1642 	 512 	 28.0 	 33.0 	 0.08196721311475409 
725.0 	 1644 	 512 	 28.0 	 32.0 	 0.06666666666666667 
726.0 	 1646 	 512 	 29.0 	 33.0 	 0.06451612903225806 
727.0 	 1648 	 512 	 28.0 	 33.0 	 0.08196721311475409 
728.0 	 1651 	 512 	 28.0 	 34.0 	 0.0967741935483871 
729.0 	 1653 	 512 	 28.0 	 34.0 	 0.0967741935483871 
730.0 	 1656 	 512 	 28.0 	 33.0 	 0.08196721311475409 
731.0 	 1658 	 512 	 28.0 	 33.0 	 0.08196721311475409 
732.0 	 1660 	 512 	 29.0 	 33.0 	 0.06451612903225806 
733.0 	 1662 	 512 	 28.0 	 33.0 	 0.08196721311475409 
734.0 	 1665 	 512 	 28.0 	 34.0 	 0.0967741935483871 
735.0 	 1667 	 512 	 33.9280891418457 	 28.829071044921875 	 0.08124998138457773 
736.0 	 1669 	 512 	 28.861740112304688 	 32.98484420776367 	 0.06666664199466703 
737.0 	 1671 	 512 	 29.725406646728516 	 32.57145690917969 	 0.045685289756152644 
738.0 	 1674 	 512 	 29.0 	 33.0 	 0.06451612903225806 
739.0 	 1676 	 512 	 28.0 	 34.0 	 0.0967741935483871 
740.0 	 1678 	 512 	 29.0 	 33.0 	 0.06451612903225806 
741.0 	 1680 	 512 	 28.0 	 33.0 	 0.08196721311475409 
742.0 	 1683 	 512 	 28.0 	 34.0 	 0.0967741935483871 
743.0 	 1685 	 512 	 28.0 	 34.0 	 0.0967741935483871 
744.0 	 1688 	 512 	 28.0 	 33.0 	 0.08196721311475409 
745.0 	 1690 	 512 	 28.0 	 33.0 	 0.08196721311475409 
746.0 	 1692 	 512 	 28.0 	 34.0 	 0.0967741935483871 
747.0 	 1695 	 512 	 28.0 	 33.0 	 0.08196721311475409 
748.0 	 1697 	 512 	 27.0 	 33.0 	 0.1 
749.0 	 1699 	 512 	 28.0 	 32.0 	 0.06666666666666667 
750.0 	 1701 	 512 	 29.0 	 33.0 	 0.06451612903225806 
751.0 	 1704 	 511 	 29.0 	 33.0 	 0.06451612903225806 
752.0 	 1706 	 511 	 29.0 	 33.0 	 0.06451612903225806 
753.0 	 1708 	 511 	 29.0 	 33.0 	 0.06451612903225806 
754.0 	 1710 	 511 	 29.0 	 32.0 	 0.04918032786885246 
755.0 	 1712 	 511 	 29.0 	 33.0 	 0.06451612903225806 
756.0 	 1715 	 511 	 28.0 	 33.0 	 0.08196721311475409 
757.0 	 1717 	 511 	 29.0 	 33.0 	 0.06451612903225806 
758.0 	 1719 	 511 	 28.0 	 33.0 	 0.08196721311475409 
759.0 	 1721 	 511 	 28.0 	 33.0 	 0.08196721311475409 
760.0 	 1724 	 511 	 28.0 	 32.0 	 0.06666666666666667 
761.0 	 1726 	 511 	 28.0 	 32.0 	 0.06666666666666667 
762.0 	 1728 	 511 	 28.0 	 33.0 	 0.08196721311475409 
763.0 	 1730 	 511 	 28.0 	 33.0 	 0.08196721311475409 
764.0 	 1733 	 511 	 31.11269760131836 	 29.698482513427734 	 0.02325584021264031 
765.0 	 1735 	 511 	 28.0 	 32.0 	 0.06666666666666667 
766.0 	 1738 	 511 	 28.0 	 31.0 	 0.05084745762711865 
767.0 	 1740 	 511 	 28.0 	 32.0 	 0.06666666666666667 
768.0 	 1742 	 511 	 28.0 	 33.0 	 0.08196721311475409 
769.0 	 1744 	 511 	 27.891597747802734 	 32.7423095703125 	 0.07999998741728041 
770.0 	 1747 	 511 	 27.0 	 32.0 	 0.0847457627118644 
771.0 	 1749 	 511 	 32.0 	 27.0 	 0.0847457627118644 
772.0 	 1752 	 511 	 26.0 	 32.0 	 0.10344827586206896 
773.0 	 1754 	 511 	 27.0 	 32.0 	 0.0847457627118644 
774.0 	 1757 	 511 	 27.0 	 32.0 	 0.0847457627118644 
775.0 	 1759 	 511 	 27.0 	 31.0 	 0.06896551724137931 
776.0 	 1761 	 511 	 27.0 	 32.0 	 0.0847457627118644 
777.0 	 1764 	 511 	 27.0 	 32.0 	 0.0847457627118644 
778.0 	 1766 	 511 	 27.0 	 32.0 	 0.0847457627118644 
779.0 	 1768 	 511 	 27.0 	 33.0 	 0.1 
780.0 	 1770 	 511 	 27.0 	 32.0 	 0.0847457627118644 
781.0 	 1772 	 511 	 28.0 	 33.0 	 0.08196721311475409 
782.0 	 1775 	 511 	 28.0 	 33.0 	 0.08196721311475409 
783.0 	 1777 	 511 	 28.0 	 33.0 	 0.08196721311475409 
784.0 	 1779 	 511 	 28.0 	 32.0 	 0.06666666666666667 
785.0 	 1781 	 511 	 28.0 	 32.0 	 0.06666666666666667 
786.0 	 1783 	 511 	 28.0 	 33.0 	 0.08196721311475409 
787.0 	 1786 	 511 	 28.0 	 33.0 	 0.08196721311475409 
788.0 	 1788 	 511 	 32.88768768310547 	 28.776723861694336 	 0.06666671615644101 
789.0 	 1790 	 511 	 28.0 	 33.0 	 0.08196721311475409 
790.0 	 1792 	 511 	 28.0 	 32.0 	 0.06666666666666667 
791.0 	 1794 	 511 	 28.0 	 33.0 	 0.08196721311475409 
792.0 	 1796 	 511 	 28.0 	 33.0 	 0.08196721311475409 
793.0 	 1799 	 511 	 27.0 	 33.0 	 0.1 
794.0 	 1801 	 511 	 26.0 	 33.0 	 0.11864406779661017 
795.0 	 1803 	 511 	 26.0 	 32.0 	 0.10344827586206896 
796.0 	 1806 	 511 	 26.0 	 31.0 	 0.08771929824561403 
797.0 	 1808 	 511 	 26.0 	 31.0 	 0.08771929824561403 
798.0 	 1810 	 511 	 26.0 	 31.0 	 0.08771929824561403 
799.0 	 1812 	 511 	 26.0 	 31.0 	 0.08771929824561403 
800.0 	 1815 	 511 	 26.0 	 31.0 	 0.08771929824561403 
801.0 	 1817 	 511 	 26.0 	 32.0 	 0.10344827586206896 
802.0 	 1819 	 511 	 26.0 	 32.0 	 0.10344827586206896 
803.0 	 1822 	 511 	 26.0 	 31.0 	 0.08771929824561403 
804.0 	 1824 	 511 	 26.0 	 32.0 	 0.10344827586206896 
805.0 	 1826 	 511 	 26.0 	 32.0 	 0.10344827586206896 
806.0 	 1828 	 511 	 27.891597747802734 	 32.01470184326172 	 0.06882588515071596 
807.0 	 1831 	 511 	 27.0 	 33.0 	 0.1 
808.0 	 1833 	 511 	 28.0 	 31.0 	 0.05084745762711865 
809.0 	 1835 	 511 	 28.0 	 32.0 	 0.06666666666666667 
810.0 	 1837 	 511 	 28.0 	 32.0 	 0.06666666666666667 
811.0 	 1840 	 510 	 27.0 	 31.0 	 0.06896551724137931 
812.0 	 1842 	 511 	 28.0 	 32.0 	 0.06666666666666667 
813.0 	 1844 	 511 	 28.0 	 32.0 	 0.06666666666666667 
814.0 	 1846 	 511 	 29.0 	 32.0 	 0.04918032786885246 
815.0 	 1849 	 510 	 29.0 	 32.0 	 0.04918032786885246 
816.0 	 1851 	 510 	 29.0 	 31.0 	 0.03333333333333333 
817.0 	 1853 	 511 	 28.0 	 32.0 	 0.06666666666666667 
818.0 	 1855 	 510 	 29.0 	 31.0 	 0.03333333333333333 
819.0 	 1858 	 510 	 29.0 	 30.0 	 0.01694915254237288 
820.0 	 1860 	 510 	 29.0 	 30.0 	 0.01694915254237288 
821.0 	 1862 	 510 	 29.0 	 32.0 	 0.04918032786885246 
822.0 	 1864 	 510 	 28.0 	 32.0 	 0.06666666666666667 
823.0 	 1866 	 510 	 29.0 	 32.0 	 0.04918032786885246 
824.0 	 1868 	 510 	 29.0 	 32.0 	 0.04918032786885246 
825.0 	 1870 	 510 	 29.0 	 32.0 	 0.04918032786885246 
826.0 	 1873 	 510 	 29.0 	 32.0 	 0.04918032786885246 
827.0 	 1875 	 510 	 29.0 	 32.0 	 0.04918032786885246 
828.0 	 1877 	 510 	 29.0 	 32.0 	 0.04918032786885246 
829.0 	 1879 	 510 	 29.0 	 32.0 	 0.04918032786885246 
830.0 	 1881 	 510 	 29.0 	 32.0 	 0.04918032786885246 
831.0 	 1883 	 510 	 29.0 	 32.0 	 0.04918032786885246 
832.0 	 1885 	 510 	 28.0 	 32.0 	 0.06666666666666667 
833.0 	 1887 	 510 	 28.0 	 33.0 	 0.08196721311475409 
834.0 	 1890 	 510 	 28.0 	 33.0 	 0.08196721311475409 
835.0 	 1892 	 510 	 28.0 	 32.0 	 0.06666666666666667 
836.0 	 1894 	 510 	 28.0 	 32.0 	 0.06666666666666667 
837.0 	 1897 	 510 	 28.0 	 32.0 	 0.06666666666666667 
838.0 	 1899 	 510 	 28.0 	 32.0 	 0.06666666666666667 
839.0 	 1901 	 510 	 29.0 	 34.0 	 0.07936507936507936 
840.0 	 1903 	 510 	 29.0 	 31.0 	 0.03333333333333333 
841.0 	 1904 	 510 	 28.0 	 30.0 	 0.034482758620689655 
842.0 	 1906 	 510 	 28.0 	 28.0 	 0.0 
843.0 	 1907 	 510 	 28.0 	 26.0 	 0.037037037037037035 
844.0 	 1908 	 510 	 28.0 	 23.0 	 0.09803921568627451 
845.0 	 1909 	 510 	 28.0 	 21.0 	 0.14285714285714285 
