frame 	 x 	 y 	 width 	 height 	 deformation 
1.0 	 65 	 563 	 49.0 	 58.0 	 0.08411214953271028 
2.0 	 65 	 563 	 49.0 	 58.0 	 0.08411214953271028 
3.0 	 65 	 563 	 50.0 	 59.0 	 0.08256880733944955 
4.0 	 65 	 563 	 49.0 	 59.0 	 0.09259259259259259 
5.0 	 65 	 563 	 50.0 	 58.0 	 0.07407407407407407 
6.0 	 65 	 563 	 49.0 	 59.0 	 0.09259259259259259 
7.0 	 65 	 563 	 49.0 	 59.0 	 0.09259259259259259 
8.0 	 65 	 563 	 49.0 	 58.0 	 0.08411214953271028 
9.0 	 65 	 562 	 50.0 	 59.0 	 0.08256880733944955 
10.0 	 66 	 563 	 50.0 	 59.0 	 0.08256880733944955 
11.0 	 65 	 563 	 49.0 	 57.0 	 0.07547169811320754 
12.0 	 66 	 563 	 49.0 	 58.0 	 0.08411214953271028 
13.0 	 66 	 563 	 50.0 	 58.0 	 0.07407407407407407 
14.0 	 66 	 563 	 50.0 	 58.0 	 0.07407407407407407 
15.0 	 66 	 563 	 50.0 	 57.0 	 0.06542056074766354 
16.0 	 66 	 563 	 50.0 	 59.0 	 0.08256880733944955 
17.0 	 66 	 563 	 50.0 	 57.0 	 0.06542056074766354 
18.0 	 66 	 562 	 50.0 	 57.0 	 0.06542056074766354 
19.0 	 67 	 563 	 51.0 	 59.0 	 0.07272727272727272 
20.0 	 66 	 563 	 50.0 	 58.0 	 0.07407407407407407 
21.0 	 67 	 563 	 50.0 	 56.0 	 0.05660377358490566 
22.0 	 67 	 563 	 51.0 	 58.0 	 0.06422018348623854 
23.0 	 67 	 563 	 51.0 	 58.0 	 0.06422018348623854 
24.0 	 67 	 563 	 50.0 	 57.0 	 0.06542056074766354 
25.0 	 67 	 563 	 50.0 	 59.0 	 0.08256880733944955 
26.0 	 68 	 563 	 49.84025573730469 	 58.885101318359375 	 0.08318984481627412 
27.0 	 68 	 563 	 49.0 	 57.0 	 0.07547169811320754 
28.0 	 68 	 563 	 50.0 	 58.0 	 0.07407407407407407 
29.0 	 68 	 563 	 50.0 	 58.0 	 0.07407407407407407 
30.0 	 68 	 563 	 50.0 	 56.0 	 0.05660377358490566 
31.0 	 68 	 563 	 50.0 	 58.0 	 0.07407407407407407 
32.0 	 68 	 563 	 50.0 	 58.0 	 0.07407407407407407 
33.0 	 68 	 563 	 50.0 	 56.0 	 0.05660377358490566 
34.0 	 68 	 563 	 50.0 	 58.0 	 0.07407407407407407 
35.0 	 68 	 563 	 50.0 	 58.0 	 0.07407407407407407 
36.0 	 68 	 562 	 50.0 	 56.0 	 0.05660377358490566 
37.0 	 69 	 563 	 49.0 	 58.0 	 0.08411214953271028 
38.0 	 69 	 563 	 49.0 	 58.0 	 0.08411214953271028 
39.0 	 69 	 563 	 49.0 	 58.0 	 0.08411214953271028 
40.0 	 69 	 563 	 50.0 	 58.0 	 0.07407407407407407 
41.0 	 69 	 563 	 50.0 	 58.0 	 0.07407407407407407 
42.0 	 69 	 563 	 50.0 	 58.0 	 0.07407407407407407 
43.0 	 69 	 563 	 50.0 	 56.0 	 0.05660377358490566 
44.0 	 69 	 563 	 50.0 	 58.0 	 0.07407407407407407 
45.0 	 69 	 563 	 51.0 	 57.0 	 0.05555555555555555 
46.0 	 69 	 563 	 51.0 	 56.0 	 0.04672897196261682 
47.0 	 70 	 563 	 51.0 	 58.0 	 0.06422018348623854 
48.0 	 70 	 563 	 51.0 	 58.0 	 0.06422018348623854 
49.0 	 70 	 563 	 49.0 	 57.0 	 0.07547169811320754 
50.0 	 71 	 563 	 50.0 	 58.0 	 0.07407407407407407 
51.0 	 71 	 562 	 50.0 	 58.0 	 0.07407407407407407 
52.0 	 71 	 562 	 49.0 	 57.0 	 0.07547169811320754 
53.0 	 72 	 562 	 51.0 	 58.0 	 0.06422018348623854 
54.0 	 72 	 562 	 50.0 	 58.0 	 0.07407407407407407 
55.0 	 72 	 563 	 50.0 	 56.0 	 0.05660377358490566 
56.0 	 72 	 563 	 50.0 	 58.0 	 0.07407407407407407 
57.0 	 73 	 563 	 50.0 	 58.0 	 0.07407407407407407 
58.0 	 74 	 563 	 50.0 	 57.0 	 0.06542056074766354 
59.0 	 74 	 563 	 50.0 	 58.0 	 0.07407407407407407 
60.0 	 75 	 563 	 50.0 	 57.0 	 0.06542056074766354 
61.0 	 75 	 563 	 50.0 	 57.0 	 0.06542056074766354 
62.0 	 76 	 563 	 50.0 	 58.0 	 0.07407407407407407 
63.0 	 77 	 563 	 50.0 	 58.0 	 0.07407407407407407 
64.0 	 78 	 563 	 50.0 	 57.0 	 0.06542056074766354 
65.0 	 79 	 563 	 50.0 	 58.0 	 0.07407407407407407 
66.0 	 80 	 563 	 49.0 	 59.0 	 0.09259259259259259 
67.0 	 81 	 563 	 49.0 	 57.0 	 0.07547169811320754 
68.0 	 82 	 563 	 50.0 	 57.0 	 0.06542056074766354 
69.0 	 84 	 563 	 51.0 	 58.0 	 0.06422018348623854 
70.0 	 85 	 563 	 50.0 	 59.0 	 0.08256880733944955 
71.0 	 86 	 563 	 50.0 	 58.0 	 0.07407407407407407 
72.0 	 87 	 563 	 50.0 	 59.0 	 0.08256880733944955 
73.0 	 89 	 563 	 49.0 	 60.0 	 0.10091743119266056 
74.0 	 90 	 563 	 49.0 	 58.0 	 0.08411214953271028 
75.0 	 91 	 563 	 49.0 	 59.0 	 0.09259259259259259 
76.0 	 93 	 563 	 49.0 	 61.0 	 0.10909090909090909 
77.0 	 94 	 563 	 48.0 	 59.0 	 0.102803738317757 
78.0 	 96 	 563 	 48.0 	 59.0 	 0.102803738317757 
79.0 	 97 	 563 	 48.0 	 60.0 	 0.1111111111111111 
80.0 	 98 	 563 	 48.0 	 60.0 	 0.1111111111111111 
81.0 	 100 	 563 	 48.0 	 61.0 	 0.11926605504587157 
82.0 	 101 	 563 	 48.0 	 61.0 	 0.11926605504587157 
83.0 	 103 	 563 	 48.0 	 60.0 	 0.1111111111111111 
84.0 	 104 	 563 	 48.0 	 61.0 	 0.11926605504587157 
85.0 	 106 	 563 	 48.0 	 62.0 	 0.12727272727272726 
86.0 	 108 	 563 	 46.0 	 61.0 	 0.14018691588785046 
87.0 	 110 	 563 	 46.0 	 62.0 	 0.14814814814814814 
88.0 	 111 	 563 	 47.0 	 62.0 	 0.13761467889908258 
89.0 	 113 	 563 	 46.0 	 62.0 	 0.14814814814814814 
90.0 	 114 	 563 	 47.0 	 63.0 	 0.14545454545454545 
91.0 	 116 	 563 	 47.0 	 63.0 	 0.14545454545454545 
92.0 	 118 	 563 	 46.0 	 62.0 	 0.14814814814814814 
93.0 	 119 	 563 	 46.0 	 63.0 	 0.1559633027522936 
94.0 	 121 	 563 	 46.0 	 64.0 	 0.16363636363636364 
95.0 	 123 	 563 	 46.0 	 63.0 	 0.1559633027522936 
96.0 	 125 	 563 	 46.0 	 64.0 	 0.16363636363636364 
97.0 	 127 	 563 	 46.0 	 64.0 	 0.16363636363636364 
98.0 	 128 	 563 	 46.0 	 64.0 	 0.16363636363636364 
99.0 	 130 	 563 	 46.0 	 63.0 	 0.1559633027522936 
100.0 	 132 	 564 	 64.0 	 46.0 	 0.16363636363636364 
101.0 	 134 	 564 	 45.0 	 64.0 	 0.1743119266055046 
102.0 	 136 	 563 	 45.0 	 64.0 	 0.1743119266055046 
103.0 	 137 	 564 	 45.0 	 66.0 	 0.1891891891891892 
104.0 	 139 	 563 	 45.0 	 65.0 	 0.18181818181818182 
105.0 	 141 	 564 	 45.0 	 65.0 	 0.18181818181818182 
106.0 	 143 	 564 	 45.0 	 67.0 	 0.19642857142857142 
107.0 	 145 	 564 	 45.0 	 68.0 	 0.20353982300884957 
108.0 	 147 	 564 	 45.0 	 67.0 	 0.19642857142857142 
109.0 	 148 	 564 	 44.0 	 67.0 	 0.2072072072072072 
110.0 	 150 	 564 	 44.0 	 67.0 	 0.2072072072072072 
111.0 	 153 	 564 	 44.0 	 67.0 	 0.2072072072072072 
112.0 	 154 	 564 	 67.0 	 45.0 	 0.19642857142857142 
113.0 	 156 	 564 	 44.0 	 67.0 	 0.2072072072072072 
114.0 	 158 	 564 	 44.0 	 67.0 	 0.2072072072072072 
115.0 	 160 	 564 	 45.0 	 69.0 	 0.21052631578947367 
116.0 	 162 	 564 	 45.0 	 69.0 	 0.21052631578947367 
117.0 	 164 	 564 	 44.0 	 68.0 	 0.21428571428571427 
118.0 	 166 	 564 	 45.0 	 70.0 	 0.21739130434782608 
119.0 	 168 	 564 	 70.0 	 45.0 	 0.21739130434782608 
120.0 	 170 	 564 	 44.0 	 70.0 	 0.22807017543859648 
121.0 	 172 	 564 	 44.0 	 70.0 	 0.22807017543859648 
122.0 	 174 	 564 	 44.0 	 70.0 	 0.22807017543859648 
123.0 	 176 	 564 	 44.0 	 70.0 	 0.22807017543859648 
124.0 	 178 	 564 	 43.0 	 70.0 	 0.23893805309734514 
125.0 	 180 	 564 	 44.0 	 71.0 	 0.23478260869565218 
126.0 	 182 	 564 	 44.0 	 70.0 	 0.22807017543859648 
127.0 	 184 	 564 	 44.0 	 70.0 	 0.22807017543859648 
128.0 	 186 	 564 	 44.0 	 71.0 	 0.23478260869565218 
129.0 	 188 	 564 	 44.0 	 71.0 	 0.23478260869565218 
130.0 	 191 	 564 	 44.0 	 71.0 	 0.23478260869565218 
131.0 	 193 	 564 	 44.0 	 72.0 	 0.2413793103448276 
132.0 	 194 	 564 	 44.0 	 71.0 	 0.23478260869565218 
133.0 	 197 	 564 	 43.0 	 71.0 	 0.24561403508771928 
134.0 	 199 	 564 	 43.0 	 72.0 	 0.25217391304347825 
135.0 	 200 	 564 	 43.0 	 71.0 	 0.24561403508771928 
136.0 	 202 	 564 	 43.0 	 72.0 	 0.25217391304347825 
137.0 	 204 	 564 	 44.0 	 72.0 	 0.2413793103448276 
138.0 	 206 	 564 	 44.0 	 72.0 	 0.2413793103448276 
139.0 	 209 	 564 	 44.0 	 71.0 	 0.23478260869565218 
140.0 	 211 	 564 	 43.0 	 72.0 	 0.25217391304347825 
141.0 	 213 	 564 	 44.0 	 72.0 	 0.2413793103448276 
142.0 	 215 	 564 	 43.0 	 72.0 	 0.25217391304347825 
143.0 	 217 	 564 	 43.0 	 72.0 	 0.25217391304347825 
144.0 	 219 	 564 	 43.0 	 72.0 	 0.25217391304347825 
145.0 	 221 	 564 	 43.0 	 72.0 	 0.25217391304347825 
146.0 	 223 	 564 	 44.0 	 73.0 	 0.24786324786324787 
147.0 	 225 	 564 	 44.0 	 74.0 	 0.2542372881355932 
148.0 	 227 	 564 	 43.0 	 72.0 	 0.25217391304347825 
149.0 	 229 	 564 	 43.0 	 73.0 	 0.25862068965517243 
150.0 	 231 	 565 	 43.0 	 73.0 	 0.25862068965517243 
151.0 	 234 	 564 	 43.0 	 73.0 	 0.25862068965517243 
152.0 	 236 	 565 	 43.0 	 74.0 	 0.26495726495726496 
153.0 	 238 	 564 	 44.0 	 74.0 	 0.2542372881355932 
154.0 	 240 	 564 	 43.0 	 73.0 	 0.25862068965517243 
155.0 	 242 	 564 	 43.0 	 73.0 	 0.25862068965517243 
156.0 	 244 	 564 	 43.0 	 74.0 	 0.26495726495726496 
157.0 	 246 	 565 	 42.0 	 74.0 	 0.27586206896551724 
158.0 	 248 	 565 	 42.0 	 74.0 	 0.27586206896551724 
159.0 	 251 	 565 	 42.0 	 74.0 	 0.27586206896551724 
160.0 	 252 	 565 	 42.0 	 74.0 	 0.27586206896551724 
161.0 	 255 	 565 	 42.0 	 74.0 	 0.27586206896551724 
162.0 	 257 	 565 	 43.0 	 76.0 	 0.2773109243697479 
163.0 	 259 	 565 	 43.0 	 76.0 	 0.2773109243697479 
164.0 	 261 	 565 	 43.0 	 75.0 	 0.2711864406779661 
165.0 	 263 	 565 	 44.0 	 75.0 	 0.2605042016806723 
166.0 	 265 	 565 	 43.0 	 75.0 	 0.2711864406779661 
167.0 	 267 	 565 	 44.0 	 74.0 	 0.2542372881355932 
168.0 	 269 	 565 	 44.0 	 74.0 	 0.2542372881355932 
169.0 	 272 	 565 	 42.0 	 75.0 	 0.28205128205128205 
170.0 	 274 	 565 	 42.0 	 75.0 	 0.28205128205128205 
171.0 	 276 	 565 	 42.0 	 75.0 	 0.28205128205128205 
172.0 	 278 	 565 	 42.0 	 76.0 	 0.288135593220339 
173.0 	 280 	 565 	 42.0 	 75.0 	 0.28205128205128205 
174.0 	 282 	 565 	 42.0 	 76.0 	 0.288135593220339 
175.0 	 285 	 565 	 42.0 	 77.0 	 0.29411764705882354 
176.0 	 287 	 565 	 42.0 	 75.0 	 0.28205128205128205 
177.0 	 289 	 565 	 42.0 	 76.0 	 0.288135593220339 
178.0 	 291 	 565 	 42.0 	 76.0 	 0.288135593220339 
179.0 	 293 	 565 	 42.0 	 76.0 	 0.288135593220339 
180.0 	 295 	 565 	 42.0 	 76.0 	 0.288135593220339 
181.0 	 297 	 565 	 42.0 	 77.0 	 0.29411764705882354 
182.0 	 300 	 565 	 42.0 	 77.0 	 0.29411764705882354 
183.0 	 302 	 565 	 42.0 	 76.0 	 0.288135593220339 
184.0 	 304 	 565 	 42.0 	 77.0 	 0.29411764705882354 
185.0 	 306 	 565 	 42.0 	 77.0 	 0.29411764705882354 
186.0 	 309 	 565 	 42.0 	 76.0 	 0.288135593220339 
187.0 	 311 	 565 	 42.0 	 77.0 	 0.29411764705882354 
188.0 	 313 	 565 	 42.0 	 77.0 	 0.29411764705882354 
189.0 	 315 	 565 	 42.0 	 77.0 	 0.29411764705882354 
190.0 	 317 	 565 	 42.0 	 77.0 	 0.29411764705882354 
191.0 	 319 	 565 	 42.0 	 77.0 	 0.29411764705882354 
192.0 	 321 	 565 	 42.0 	 76.0 	 0.288135593220339 
193.0 	 323 	 565 	 42.0 	 78.0 	 0.3 
194.0 	 326 	 565 	 42.0 	 78.0 	 0.3 
195.0 	 328 	 565 	 42.0 	 78.0 	 0.3 
196.0 	 331 	 565 	 42.0 	 79.0 	 0.30578512396694213 
197.0 	 333 	 565 	 42.0 	 78.0 	 0.3 
198.0 	 335 	 565 	 42.0 	 77.0 	 0.29411764705882354 
199.0 	 338 	 565 	 42.0 	 77.0 	 0.29411764705882354 
200.0 	 339 	 565 	 42.0 	 78.0 	 0.3 
201.0 	 342 	 565 	 42.0 	 76.0 	 0.288135593220339 
202.0 	 343 	 565 	 42.0 	 78.0 	 0.3 
203.0 	 345 	 565 	 42.0 	 79.0 	 0.30578512396694213 
204.0 	 348 	 565 	 42.0 	 78.0 	 0.3 
205.0 	 350 	 565 	 41.0 	 77.0 	 0.3050847457627119 
206.0 	 353 	 566 	 41.0 	 79.0 	 0.31666666666666665 
207.0 	 355 	 565 	 41.0 	 77.0 	 0.3050847457627119 
208.0 	 357 	 565 	 41.0 	 78.0 	 0.31092436974789917 
209.0 	 359 	 565 	 41.0 	 79.0 	 0.31666666666666665 
210.0 	 361 	 565 	 41.0 	 78.0 	 0.31092436974789917 
211.0 	 364 	 565 	 41.0 	 77.0 	 0.3050847457627119 
212.0 	 366 	 566 	 41.0 	 78.0 	 0.31092436974789917 
213.0 	 368 	 566 	 41.0 	 79.0 	 0.31666666666666665 
214.0 	 371 	 566 	 41.0 	 78.0 	 0.31092436974789917 
215.0 	 373 	 566 	 41.0 	 78.0 	 0.31092436974789917 
216.0 	 375 	 566 	 41.0 	 79.0 	 0.31666666666666665 
217.0 	 377 	 566 	 41.0 	 77.0 	 0.3050847457627119 
218.0 	 379 	 566 	 41.0 	 79.0 	 0.31666666666666665 
219.0 	 382 	 566 	 41.0 	 80.0 	 0.32231404958677684 
220.0 	 384 	 566 	 41.0 	 79.0 	 0.31666666666666665 
221.0 	 386 	 566 	 41.0 	 79.0 	 0.31666666666666665 
222.0 	 389 	 566 	 41.0 	 80.0 	 0.32231404958677684 
223.0 	 391 	 566 	 41.0 	 79.0 	 0.31666666666666665 
224.0 	 393 	 566 	 41.0 	 79.0 	 0.31666666666666665 
225.0 	 395 	 566 	 41.0 	 80.0 	 0.32231404958677684 
226.0 	 398 	 566 	 40.0 	 79.0 	 0.3277310924369748 
227.0 	 399 	 566 	 40.0 	 80.0 	 0.3333333333333333 
228.0 	 402 	 566 	 40.0 	 80.0 	 0.3333333333333333 
229.0 	 404 	 566 	 40.0 	 79.0 	 0.3277310924369748 
230.0 	 406 	 566 	 40.0 	 78.0 	 0.3220338983050847 
231.0 	 409 	 566 	 40.0 	 79.0 	 0.3277310924369748 
232.0 	 411 	 566 	 40.0 	 78.0 	 0.3220338983050847 
233.0 	 413 	 566 	 40.0 	 79.0 	 0.3277310924369748 
234.0 	 415 	 566 	 40.0 	 80.0 	 0.3333333333333333 
235.0 	 417 	 566 	 40.0 	 79.0 	 0.3277310924369748 
236.0 	 419 	 565 	 39.0 	 78.0 	 0.3333333333333333 
237.0 	 421 	 566 	 39.0 	 79.0 	 0.3389830508474576 
238.0 	 424 	 566 	 39.0 	 79.0 	 0.3389830508474576 
239.0 	 426 	 565 	 39.0 	 79.0 	 0.3389830508474576 
240.0 	 428 	 565 	 39.0 	 79.0 	 0.3389830508474576 
241.0 	 431 	 566 	 37.0 	 79.0 	 0.3620689655172414 
242.0 	 434 	 566 	 37.0 	 78.0 	 0.3565217391304348 
243.0 	 437 	 566 	 37.0 	 79.0 	 0.3620689655172414 
244.0 	 439 	 566 	 37.0 	 79.0 	 0.3620689655172414 
245.0 	 442 	 565 	 36.0 	 78.0 	 0.3684210526315789 
246.0 	 444 	 566 	 36.0 	 79.0 	 0.3739130434782609 
247.0 	 446 	 565 	 37.41878890991211 	 80.3523178100586 	 0.36455061089161145 
248.0 	 449 	 565 	 79.17668914794922 	 37.729827880859375 	 0.35452994683672195 
249.0 	 451 	 566 	 37.0 	 80.0 	 0.36752136752136755 
250.0 	 454 	 566 	 79.7231216430664 	 36.86361312866211 	 0.3676190828941324 
251.0 	 456 	 566 	 80.88804626464844 	 36.475830078125 	 0.37841470110285835 
252.0 	 459 	 566 	 80.04710388183594 	 37.26421356201172 	 0.36469533589802805 
253.0 	 461 	 566 	 80.22817993164062 	 35.530609130859375 	 0.386126800070864 
254.0 	 463 	 566 	 79.08201599121094 	 35.528358459472656 	 0.38001496583958244 
255.0 	 466 	 566 	 37.0 	 80.0 	 0.36752136752136755 
256.0 	 468 	 566 	 80.0 	 37.0 	 0.36752136752136755 
257.0 	 471 	 566 	 37.0 	 81.0 	 0.3728813559322034 
258.0 	 473 	 566 	 37.0 	 80.0 	 0.36752136752136755 
259.0 	 476 	 566 	 37.0 	 81.0 	 0.3728813559322034 
260.0 	 479 	 566 	 38.0 	 80.0 	 0.3559322033898305 
261.0 	 482 	 566 	 39.0 	 79.0 	 0.3389830508474576 
262.0 	 484 	 566 	 39.0 	 80.0 	 0.3445378151260504 
263.0 	 486 	 566 	 39.0 	 80.0 	 0.3445378151260504 
264.0 	 488 	 566 	 39.0 	 81.0 	 0.35 
265.0 	 491 	 566 	 37.0 	 80.0 	 0.36752136752136755 
266.0 	 494 	 566 	 37.0 	 79.0 	 0.3620689655172414 
267.0 	 496 	 566 	 38.0 	 79.0 	 0.3504273504273504 
268.0 	 499 	 566 	 39.0 	 80.0 	 0.3445378151260504 
269.0 	 501 	 566 	 39.0 	 81.0 	 0.35 
270.0 	 504 	 566 	 39.0 	 81.0 	 0.35 
271.0 	 506 	 567 	 40.0 	 82.0 	 0.3442622950819672 
272.0 	 508 	 567 	 40.0 	 81.0 	 0.33884297520661155 
273.0 	 511 	 567 	 39.805484771728516 	 80.3779296875 	 0.33758772038828566 
274.0 	 512 	 566 	 40.0 	 82.0 	 0.3442622950819672 
275.0 	 515 	 566 	 39.0 	 81.0 	 0.35 
276.0 	 518 	 566 	 40.0 	 80.0 	 0.3333333333333333 
277.0 	 519 	 567 	 39.0 	 81.0 	 0.35 
278.0 	 522 	 567 	 39.0 	 81.0 	 0.35 
279.0 	 525 	 566 	 40.0 	 79.0 	 0.3277310924369748 
280.0 	 527 	 567 	 39.0 	 81.0 	 0.35 
281.0 	 529 	 567 	 39.0 	 80.0 	 0.3445378151260504 
282.0 	 531 	 567 	 40.0 	 79.0 	 0.3277310924369748 
283.0 	 534 	 567 	 40.0 	 80.0 	 0.3333333333333333 
284.0 	 536 	 567 	 81.54812622070312 	 40.3495979309082 	 0.3379761892728522 
285.0 	 539 	 567 	 39.0 	 80.0 	 0.3445378151260504 
286.0 	 542 	 567 	 40.0 	 81.0 	 0.33884297520661155 
287.0 	 544 	 567 	 40.0 	 82.0 	 0.3442622950819672 
288.0 	 547 	 567 	 40.0 	 83.0 	 0.34959349593495936 
289.0 	 549 	 567 	 40.0 	 82.0 	 0.3442622950819672 
290.0 	 551 	 567 	 40.0 	 82.0 	 0.3442622950819672 
291.0 	 553 	 567 	 82.0 	 40.0 	 0.3442622950819672 
292.0 	 556 	 567 	 39.0 	 82.0 	 0.35537190082644626 
293.0 	 558 	 567 	 40.0 	 83.0 	 0.34959349593495936 
294.0 	 561 	 567 	 40.0 	 82.0 	 0.3442622950819672 
295.0 	 564 	 567 	 40.0 	 82.0 	 0.3442622950819672 
296.0 	 566 	 567 	 41.0 	 84.0 	 0.344 
297.0 	 568 	 567 	 40.0 	 83.0 	 0.34959349593495936 
298.0 	 571 	 567 	 40.0 	 83.0 	 0.34959349593495936 
299.0 	 573 	 567 	 40.0 	 84.0 	 0.3548387096774194 
300.0 	 575 	 567 	 40.0 	 83.0 	 0.34959349593495936 
301.0 	 578 	 567 	 39.0 	 83.0 	 0.36065573770491804 
302.0 	 580 	 567 	 40.0 	 83.0 	 0.34959349593495936 
303.0 	 583 	 567 	 40.0 	 83.0 	 0.34959349593495936 
304.0 	 585 	 567 	 41.0 	 82.0 	 0.3333333333333333 
305.0 	 588 	 567 	 41.0 	 84.0 	 0.344 
306.0 	 590 	 567 	 41.0 	 83.0 	 0.3387096774193548 
307.0 	 593 	 567 	 41.0 	 82.0 	 0.3333333333333333 
308.0 	 595 	 567 	 40.0 	 84.0 	 0.3548387096774194 
309.0 	 597 	 567 	 41.0 	 84.0 	 0.344 
310.0 	 600 	 567 	 41.0 	 84.0 	 0.344 
311.0 	 602 	 567 	 41.0 	 84.0 	 0.344 
312.0 	 605 	 568 	 41.0 	 84.0 	 0.344 
313.0 	 608 	 567 	 40.0 	 82.0 	 0.3442622950819672 
314.0 	 610 	 567 	 40.0 	 83.0 	 0.34959349593495936 
315.0 	 612 	 567 	 41.0 	 83.0 	 0.3387096774193548 
316.0 	 615 	 567 	 41.0 	 82.0 	 0.3333333333333333 
317.0 	 617 	 567 	 41.0 	 84.0 	 0.344 
318.0 	 620 	 567 	 41.0 	 85.0 	 0.3492063492063492 
319.0 	 623 	 567 	 41.0 	 85.0 	 0.3492063492063492 
320.0 	 625 	 568 	 41.0 	 85.0 	 0.3492063492063492 
321.0 	 627 	 568 	 41.0 	 84.0 	 0.344 
322.0 	 630 	 568 	 41.0 	 85.0 	 0.3492063492063492 
323.0 	 632 	 568 	 42.0 	 84.0 	 0.3333333333333333 
324.0 	 635 	 568 	 41.0 	 85.0 	 0.3492063492063492 
325.0 	 637 	 568 	 41.0 	 85.0 	 0.3492063492063492 
326.0 	 640 	 568 	 41.0 	 85.0 	 0.3492063492063492 
327.0 	 642 	 568 	 41.0 	 85.0 	 0.3492063492063492 
328.0 	 645 	 568 	 41.0 	 85.0 	 0.3492063492063492 
329.0 	 647 	 568 	 41.0 	 84.0 	 0.344 
330.0 	 649 	 568 	 41.0 	 85.0 	 0.3492063492063492 
331.0 	 652 	 568 	 41.0 	 85.0 	 0.3492063492063492 
332.0 	 654 	 568 	 41.0 	 84.0 	 0.344 
333.0 	 656 	 568 	 41.0 	 85.0 	 0.3492063492063492 
334.0 	 659 	 568 	 41.0 	 85.0 	 0.3492063492063492 
335.0 	 661 	 568 	 41.0 	 84.0 	 0.344 
336.0 	 664 	 568 	 41.0 	 85.0 	 0.3492063492063492 
337.0 	 666 	 568 	 41.0 	 85.0 	 0.3492063492063492 
338.0 	 669 	 568 	 41.0 	 84.0 	 0.344 
339.0 	 671 	 568 	 41.0 	 84.0 	 0.344 
340.0 	 673 	 568 	 41.0 	 86.0 	 0.3543307086614173 
341.0 	 676 	 568 	 41.0 	 85.0 	 0.3492063492063492 
342.0 	 678 	 568 	 41.0 	 85.0 	 0.3492063492063492 
343.0 	 680 	 568 	 41.0 	 86.0 	 0.3543307086614173 
344.0 	 683 	 568 	 41.0 	 85.0 	 0.3492063492063492 
345.0 	 685 	 568 	 41.0 	 84.0 	 0.344 
346.0 	 687 	 568 	 41.0 	 85.0 	 0.3492063492063492 
347.0 	 690 	 568 	 41.0 	 86.0 	 0.3543307086614173 
348.0 	 693 	 568 	 40.0 	 85.0 	 0.36 
349.0 	 695 	 568 	 41.0 	 86.0 	 0.3543307086614173 
350.0 	 697 	 568 	 41.0 	 86.0 	 0.3543307086614173 
351.0 	 699 	 568 	 41.0 	 85.0 	 0.3492063492063492 
352.0 	 701 	 568 	 41.0 	 85.0 	 0.3492063492063492 
353.0 	 704 	 568 	 40.0 	 86.0 	 0.36507936507936506 
354.0 	 706 	 568 	 85.58301544189453 	 41.16967010498047 	 0.3503937225889337 
355.0 	 709 	 568 	 41.0 	 85.0 	 0.3492063492063492 
356.0 	 711 	 568 	 40.0 	 86.0 	 0.36507936507936506 
357.0 	 714 	 568 	 40.0 	 85.0 	 0.36 
358.0 	 716 	 568 	 40.0 	 86.0 	 0.36507936507936506 
359.0 	 718 	 568 	 40.0 	 86.0 	 0.36507936507936506 
360.0 	 721 	 568 	 40.0 	 85.0 	 0.36 
361.0 	 722 	 568 	 39.0 	 85.0 	 0.3709677419354839 
362.0 	 725 	 568 	 39.0 	 86.0 	 0.376 
363.0 	 727 	 568 	 39.0 	 85.0 	 0.3709677419354839 
364.0 	 729 	 568 	 39.0 	 85.0 	 0.3709677419354839 
365.0 	 732 	 568 	 39.0 	 84.0 	 0.36585365853658536 
366.0 	 735 	 568 	 39.0 	 84.0 	 0.36585365853658536 
367.0 	 737 	 568 	 39.0 	 84.0 	 0.36585365853658536 
368.0 	 739 	 568 	 39.0 	 85.0 	 0.3709677419354839 
369.0 	 742 	 568 	 39.0 	 84.0 	 0.36585365853658536 
370.0 	 744 	 568 	 39.0 	 85.0 	 0.3709677419354839 
371.0 	 746 	 568 	 39.0 	 85.0 	 0.3709677419354839 
372.0 	 749 	 568 	 39.0 	 84.0 	 0.36585365853658536 
373.0 	 750 	 568 	 39.0 	 84.0 	 0.36585365853658536 
374.0 	 753 	 569 	 39.0 	 84.0 	 0.36585365853658536 
375.0 	 756 	 569 	 39.0 	 84.0 	 0.36585365853658536 
376.0 	 758 	 568 	 39.0 	 84.0 	 0.36585365853658536 
377.0 	 761 	 568 	 39.0 	 84.0 	 0.36585365853658536 
378.0 	 763 	 568 	 39.0 	 84.0 	 0.36585365853658536 
379.0 	 765 	 569 	 39.0 	 84.0 	 0.36585365853658536 
380.0 	 767 	 569 	 39.0 	 85.0 	 0.3709677419354839 
381.0 	 769 	 569 	 39.0 	 85.0 	 0.3709677419354839 
382.0 	 772 	 569 	 39.0 	 84.0 	 0.36585365853658536 
383.0 	 774 	 569 	 39.0 	 85.0 	 0.3709677419354839 
384.0 	 776 	 569 	 39.0 	 84.0 	 0.36585365853658536 
385.0 	 778 	 569 	 39.0 	 84.0 	 0.36585365853658536 
386.0 	 781 	 569 	 39.0 	 85.0 	 0.3709677419354839 
387.0 	 783 	 569 	 39.0 	 84.0 	 0.36585365853658536 
388.0 	 785 	 569 	 39.0 	 83.0 	 0.36065573770491804 
389.0 	 788 	 569 	 39.0 	 85.0 	 0.3709677419354839 
390.0 	 790 	 569 	 39.0 	 84.0 	 0.36585365853658536 
391.0 	 792 	 569 	 39.0 	 84.0 	 0.36585365853658536 
392.0 	 795 	 569 	 39.0 	 85.0 	 0.3709677419354839 
393.0 	 797 	 569 	 39.0 	 85.0 	 0.3709677419354839 
394.0 	 799 	 569 	 39.0 	 85.0 	 0.3709677419354839 
395.0 	 802 	 569 	 39.0 	 84.0 	 0.36585365853658536 
396.0 	 804 	 569 	 39.0 	 84.0 	 0.36585365853658536 
397.0 	 806 	 569 	 39.0 	 83.0 	 0.36065573770491804 
398.0 	 808 	 569 	 39.0 	 84.0 	 0.36585365853658536 
399.0 	 810 	 569 	 39.0 	 85.0 	 0.3709677419354839 
400.0 	 813 	 569 	 38.0 	 85.0 	 0.3821138211382114 
401.0 	 816 	 569 	 38.0 	 84.0 	 0.3770491803278688 
402.0 	 818 	 569 	 39.0 	 85.0 	 0.3709677419354839 
403.0 	 820 	 569 	 38.0 	 84.0 	 0.3770491803278688 
404.0 	 823 	 569 	 38.0 	 85.0 	 0.3821138211382114 
405.0 	 825 	 569 	 39.0 	 85.0 	 0.3709677419354839 
406.0 	 828 	 569 	 39.0 	 84.0 	 0.36585365853658536 
407.0 	 830 	 569 	 39.0 	 84.0 	 0.36585365853658536 
408.0 	 832 	 569 	 39.0 	 84.0 	 0.36585365853658536 
409.0 	 834 	 569 	 39.0 	 85.0 	 0.3709677419354839 
410.0 	 837 	 569 	 39.0 	 85.0 	 0.3709677419354839 
411.0 	 839 	 569 	 39.0 	 85.0 	 0.3709677419354839 
412.0 	 842 	 569 	 39.0 	 85.0 	 0.3709677419354839 
413.0 	 844 	 569 	 39.0 	 84.0 	 0.36585365853658536 
414.0 	 846 	 569 	 40.0 	 85.0 	 0.36 
415.0 	 848 	 569 	 40.0 	 85.0 	 0.36 
416.0 	 851 	 569 	 40.0 	 84.0 	 0.3548387096774194 
417.0 	 853 	 569 	 40.0 	 84.0 	 0.3548387096774194 
418.0 	 855 	 569 	 40.0 	 84.0 	 0.3548387096774194 
419.0 	 857 	 569 	 40.0 	 83.0 	 0.34959349593495936 
420.0 	 860 	 569 	 40.0 	 84.0 	 0.3548387096774194 
421.0 	 862 	 569 	 38.0 	 83.0 	 0.371900826446281 
422.0 	 865 	 569 	 39.0 	 84.0 	 0.36585365853658536 
423.0 	 867 	 569 	 39.0 	 83.0 	 0.36065573770491804 
424.0 	 869 	 569 	 84.0 	 40.0 	 0.3548387096774194 
425.0 	 871 	 569 	 84.0 	 40.0 	 0.3548387096774194 
426.0 	 873 	 569 	 40.0 	 84.0 	 0.3548387096774194 
427.0 	 875 	 569 	 39.0 	 85.0 	 0.3709677419354839 
428.0 	 877 	 569 	 40.0 	 84.0 	 0.3548387096774194 
429.0 	 879 	 569 	 84.0 	 40.0 	 0.3548387096774194 
430.0 	 882 	 569 	 40.0 	 85.0 	 0.36 
431.0 	 884 	 569 	 85.0 	 40.0 	 0.36 
432.0 	 887 	 569 	 39.0 	 84.0 	 0.36585365853658536 
433.0 	 889 	 569 	 39.0 	 84.0 	 0.36585365853658536 
434.0 	 891 	 569 	 39.0 	 84.0 	 0.36585365853658536 
435.0 	 893 	 569 	 39.0 	 85.0 	 0.3709677419354839 
436.0 	 895 	 569 	 39.0 	 85.0 	 0.3709677419354839 
437.0 	 897 	 569 	 39.0 	 86.0 	 0.376 
438.0 	 900 	 569 	 39.0 	 86.0 	 0.376 
439.0 	 902 	 569 	 40.0 	 86.0 	 0.36507936507936506 
440.0 	 905 	 569 	 40.0 	 86.0 	 0.36507936507936506 
441.0 	 907 	 569 	 39.0 	 85.0 	 0.3709677419354839 
442.0 	 910 	 569 	 40.0 	 85.0 	 0.36 
443.0 	 912 	 569 	 40.0 	 86.0 	 0.36507936507936506 
444.0 	 914 	 569 	 40.0 	 85.0 	 0.36 
445.0 	 916 	 569 	 39.0 	 84.0 	 0.36585365853658536 
446.0 	 918 	 569 	 39.0 	 84.0 	 0.36585365853658536 
447.0 	 921 	 569 	 39.0 	 83.0 	 0.36065573770491804 
448.0 	 923 	 569 	 40.0 	 84.0 	 0.3548387096774194 
449.0 	 926 	 569 	 40.0 	 85.0 	 0.36 
450.0 	 929 	 569 	 39.0 	 85.0 	 0.3709677419354839 
451.0 	 931 	 569 	 39.0 	 85.0 	 0.3709677419354839 
452.0 	 933 	 569 	 39.0 	 86.0 	 0.376 
453.0 	 936 	 569 	 39.0 	 85.0 	 0.3709677419354839 
454.0 	 938 	 569 	 39.0 	 85.0 	 0.3709677419354839 
455.0 	 940 	 570 	 39.0 	 85.0 	 0.3709677419354839 
456.0 	 942 	 570 	 39.0 	 85.0 	 0.3709677419354839 
457.0 	 944 	 570 	 38.0 	 85.0 	 0.3821138211382114 
458.0 	 946 	 570 	 39.0 	 86.0 	 0.376 
459.0 	 949 	 570 	 39.0 	 86.0 	 0.376 
460.0 	 952 	 570 	 39.0 	 85.0 	 0.3709677419354839 
461.0 	 954 	 570 	 39.0 	 87.0 	 0.38095238095238093 
462.0 	 956 	 570 	 39.0 	 86.0 	 0.376 
463.0 	 958 	 570 	 39.0 	 86.0 	 0.376 
464.0 	 960 	 570 	 39.0 	 87.0 	 0.38095238095238093 
465.0 	 962 	 570 	 39.0 	 86.0 	 0.376 
466.0 	 965 	 570 	 39.0 	 85.0 	 0.3709677419354839 
467.0 	 967 	 570 	 39.0 	 86.0 	 0.376 
468.0 	 970 	 570 	 39.0 	 85.0 	 0.3709677419354839 
469.0 	 972 	 570 	 38.0 	 85.0 	 0.3821138211382114 
470.0 	 974 	 570 	 38.0 	 86.0 	 0.3870967741935484 
471.0 	 977 	 570 	 39.0 	 85.0 	 0.3709677419354839 
472.0 	 979 	 570 	 39.0 	 85.0 	 0.3709677419354839 
473.0 	 981 	 570 	 39.0 	 85.0 	 0.3709677419354839 
474.0 	 983 	 570 	 39.0 	 86.0 	 0.376 
475.0 	 985 	 570 	 39.0 	 86.0 	 0.376 
476.0 	 988 	 570 	 39.0 	 86.0 	 0.376 
477.0 	 990 	 570 	 39.0 	 88.0 	 0.3858267716535433 
478.0 	 992 	 570 	 39.0 	 87.0 	 0.38095238095238093 
479.0 	 994 	 570 	 39.0 	 87.0 	 0.38095238095238093 
480.0 	 997 	 570 	 39.0 	 88.0 	 0.3858267716535433 
481.0 	 999 	 570 	 39.0 	 87.0 	 0.38095238095238093 
482.0 	 1001 	 570 	 39.0 	 86.0 	 0.376 
483.0 	 1003 	 570 	 39.0 	 88.0 	 0.3858267716535433 
484.0 	 1005 	 570 	 39.0 	 86.0 	 0.376 
485.0 	 1007 	 570 	 39.0 	 93.0 	 0.4090909090909091 
486.0 	 1009 	 570 	 39.0 	 88.0 	 0.3858267716535433 
487.0 	 1011 	 570 	 39.0 	 95.0 	 0.417910447761194 
488.0 	 1014 	 570 	 39.0 	 95.0 	 0.417910447761194 
489.0 	 1016 	 570 	 39.0 	 96.0 	 0.4222222222222222 
490.0 	 1018 	 571 	 39.0 	 95.0 	 0.417910447761194 
491.0 	 1021 	 571 	 39.0 	 94.0 	 0.41353383458646614 
492.0 	 1022 	 571 	 39.0 	 96.0 	 0.4222222222222222 
493.0 	 1025 	 570 	 39.0 	 94.0 	 0.41353383458646614 
494.0 	 1027 	 570 	 39.0 	 94.0 	 0.41353383458646614 
495.0 	 1029 	 570 	 39.0 	 95.0 	 0.417910447761194 
496.0 	 1031 	 570 	 39.0 	 95.0 	 0.417910447761194 
497.0 	 1033 	 570 	 39.0 	 94.0 	 0.41353383458646614 
498.0 	 1035 	 570 	 39.0 	 95.0 	 0.417910447761194 
499.0 	 1038 	 570 	 39.0 	 93.0 	 0.4090909090909091 
500.0 	 1041 	 571 	 39.0 	 94.0 	 0.41353383458646614 
501.0 	 1042 	 571 	 39.0 	 94.0 	 0.41353383458646614 
502.0 	 1044 	 571 	 39.0 	 96.0 	 0.4222222222222222 
503.0 	 1047 	 571 	 39.0 	 95.0 	 0.417910447761194 
504.0 	 1049 	 571 	 39.0 	 95.0 	 0.417910447761194 
505.0 	 1050 	 571 	 39.0 	 95.0 	 0.417910447761194 
506.0 	 1053 	 571 	 39.0 	 95.0 	 0.417910447761194 
507.0 	 1055 	 571 	 39.0 	 95.0 	 0.417910447761194 
508.0 	 1057 	 571 	 39.0 	 94.0 	 0.41353383458646614 
509.0 	 1060 	 571 	 39.0 	 95.0 	 0.417910447761194 
510.0 	 1062 	 571 	 39.0 	 95.0 	 0.417910447761194 
511.0 	 1064 	 571 	 39.0 	 95.0 	 0.417910447761194 
512.0 	 1067 	 571 	 39.0 	 96.0 	 0.4222222222222222 
513.0 	 1069 	 571 	 39.0 	 96.0 	 0.4222222222222222 
514.0 	 1071 	 571 	 39.0 	 96.0 	 0.4222222222222222 
515.0 	 1073 	 571 	 39.0 	 96.0 	 0.4222222222222222 
516.0 	 1075 	 571 	 39.0 	 95.0 	 0.417910447761194 
517.0 	 1077 	 571 	 39.0 	 96.0 	 0.4222222222222222 
518.0 	 1080 	 571 	 39.0 	 95.0 	 0.417910447761194 
519.0 	 1082 	 571 	 39.0 	 95.0 	 0.417910447761194 
520.0 	 1084 	 571 	 39.0 	 95.0 	 0.417910447761194 
521.0 	 1087 	 571 	 39.0 	 95.0 	 0.417910447761194 
522.0 	 1089 	 571 	 39.0 	 95.0 	 0.417910447761194 
523.0 	 1091 	 571 	 39.0 	 96.0 	 0.4222222222222222 
524.0 	 1093 	 571 	 39.0 	 95.0 	 0.417910447761194 
525.0 	 1096 	 571 	 39.0 	 94.0 	 0.41353383458646614 
526.0 	 1098 	 571 	 39.0 	 95.0 	 0.417910447761194 
527.0 	 1100 	 571 	 39.0 	 95.0 	 0.417910447761194 
528.0 	 1103 	 571 	 39.0 	 95.0 	 0.417910447761194 
529.0 	 1104 	 571 	 39.0 	 95.0 	 0.417910447761194 
530.0 	 1107 	 571 	 39.0 	 96.0 	 0.4222222222222222 
531.0 	 1109 	 571 	 39.0 	 97.0 	 0.4264705882352941 
532.0 	 1111 	 571 	 39.0 	 97.0 	 0.4264705882352941 
533.0 	 1114 	 571 	 39.0 	 97.0 	 0.4264705882352941 
534.0 	 1116 	 571 	 39.0 	 96.0 	 0.4222222222222222 
535.0 	 1118 	 571 	 39.0 	 96.0 	 0.4222222222222222 
536.0 	 1120 	 571 	 39.0 	 96.0 	 0.4222222222222222 
537.0 	 1123 	 572 	 39.0 	 96.0 	 0.4222222222222222 
538.0 	 1125 	 572 	 39.0 	 95.0 	 0.417910447761194 
539.0 	 1127 	 572 	 39.0 	 96.0 	 0.4222222222222222 
540.0 	 1129 	 572 	 39.0 	 97.0 	 0.4264705882352941 
541.0 	 1131 	 572 	 39.0 	 96.0 	 0.4222222222222222 
542.0 	 1133 	 572 	 39.0 	 96.0 	 0.4222222222222222 
543.0 	 1136 	 572 	 39.0 	 95.0 	 0.417910447761194 
544.0 	 1138 	 572 	 39.0 	 95.0 	 0.417910447761194 
545.0 	 1140 	 572 	 39.0 	 96.0 	 0.4222222222222222 
546.0 	 1143 	 572 	 39.0 	 95.0 	 0.417910447761194 
547.0 	 1146 	 572 	 39.0 	 95.0 	 0.417910447761194 
548.0 	 1148 	 572 	 38.0 	 96.0 	 0.43283582089552236 
549.0 	 1150 	 572 	 38.0 	 97.0 	 0.43703703703703706 
550.0 	 1153 	 572 	 39.3541259765625 	 96.12657928466797 	 0.4190445657825464 
551.0 	 1155 	 572 	 39.368438720703125 	 97.17239379882812 	 0.42334555906458626 
552.0 	 1157 	 572 	 39.47388458251953 	 96.17274475097656 	 0.4179894513195693 
553.0 	 1159 	 572 	 38.0 	 94.0 	 0.42424242424242425 
554.0 	 1161 	 572 	 39.637367248535156 	 96.01050567626953 	 0.4155843892884658 
555.0 	 1164 	 572 	 39.637367248535156 	 96.18668365478516 	 0.416342437367752 
556.0 	 1166 	 572 	 40.0 	 95.0 	 0.4074074074074074 
557.0 	 1168 	 572 	 40.0 	 96.0 	 0.4117647058823529 
558.0 	 1171 	 572 	 40.0 	 96.0 	 0.4117647058823529 
559.0 	 1173 	 572 	 40.0 	 97.0 	 0.41605839416058393 
560.0 	 1175 	 572 	 40.0 	 97.0 	 0.41605839416058393 
561.0 	 1178 	 572 	 40.0 	 97.0 	 0.41605839416058393 
562.0 	 1180 	 572 	 40.0 	 95.0 	 0.4074074074074074 
563.0 	 1182 	 572 	 40.0 	 97.0 	 0.41605839416058393 
564.0 	 1185 	 572 	 40.0 	 96.0 	 0.4117647058823529 
565.0 	 1187 	 572 	 40.0 	 97.0 	 0.41605839416058393 
566.0 	 1189 	 572 	 40.0 	 98.0 	 0.42028985507246375 
567.0 	 1191 	 572 	 40.0 	 99.0 	 0.4244604316546763 
568.0 	 1194 	 572 	 40.0 	 98.0 	 0.42028985507246375 
569.0 	 1196 	 572 	 40.0 	 96.0 	 0.4117647058823529 
570.0 	 1199 	 572 	 40.0 	 98.0 	 0.42028985507246375 
571.0 	 1201 	 572 	 39.778282165527344 	 96.92833709716797 	 0.4180489228675982 
572.0 	 1203 	 572 	 40.0 	 95.0 	 0.4074074074074074 
573.0 	 1205 	 572 	 40.0 	 98.0 	 0.42028985507246375 
574.0 	 1208 	 572 	 40.0 	 98.0 	 0.42028985507246375 
575.0 	 1210 	 572 	 39.0 	 97.0 	 0.4264705882352941 
576.0 	 1212 	 572 	 40.0 	 97.0 	 0.41605839416058393 
577.0 	 1215 	 572 	 40.0 	 98.0 	 0.42028985507246375 
578.0 	 1217 	 572 	 39.0 	 97.0 	 0.4264705882352941 
579.0 	 1219 	 572 	 98.0 	 40.0 	 0.42028985507246375 
580.0 	 1222 	 572 	 98.15975952148438 	 40.69228744506836 	 0.41387558434957045 
581.0 	 1224 	 572 	 40.0 	 96.0 	 0.4117647058823529 
582.0 	 1226 	 572 	 97.95967102050781 	 40.83161926269531 	 0.4116112159577371 
583.0 	 1229 	 573 	 40.0 	 98.0 	 0.42028985507246375 
584.0 	 1232 	 573 	 40.0 	 97.0 	 0.41605839416058393 
585.0 	 1234 	 573 	 40.0 	 99.0 	 0.4244604316546763 
586.0 	 1236 	 573 	 40.0 	 98.0 	 0.42028985507246375 
587.0 	 1239 	 573 	 40.984092712402344 	 95.9959487915039 	 0.40160490152525463 
588.0 	 1241 	 573 	 40.0 	 97.0 	 0.41605839416058393 
589.0 	 1243 	 573 	 40.0 	 98.0 	 0.42028985507246375 
590.0 	 1246 	 573 	 40.0 	 97.0 	 0.41605839416058393 
591.0 	 1248 	 573 	 40.0 	 97.0 	 0.41605839416058393 
592.0 	 1250 	 573 	 40.0 	 98.0 	 0.42028985507246375 
593.0 	 1253 	 573 	 40.0 	 97.0 	 0.41605839416058393 
594.0 	 1256 	 573 	 40.0 	 97.0 	 0.41605839416058393 
595.0 	 1258 	 573 	 40.0 	 98.0 	 0.42028985507246375 
596.0 	 1260 	 573 	 40.0 	 98.0 	 0.42028985507246375 
597.0 	 1263 	 573 	 40.0 	 97.0 	 0.41605839416058393 
598.0 	 1265 	 573 	 40.0 	 99.0 	 0.4244604316546763 
599.0 	 1268 	 573 	 40.0 	 97.0 	 0.41605839416058393 
600.0 	 1270 	 573 	 41.0 	 96.0 	 0.40145985401459855 
601.0 	 1272 	 573 	 40.0 	 97.0 	 0.41605839416058393 
602.0 	 1275 	 573 	 40.0 	 97.0 	 0.41605839416058393 
603.0 	 1278 	 573 	 40.0 	 97.0 	 0.41605839416058393 
604.0 	 1280 	 573 	 40.0 	 98.0 	 0.42028985507246375 
605.0 	 1283 	 573 	 40.0 	 99.0 	 0.4244604316546763 
606.0 	 1285 	 573 	 39.0 	 97.0 	 0.4264705882352941 
607.0 	 1287 	 573 	 40.0 	 97.0 	 0.41605839416058393 
608.0 	 1290 	 573 	 41.0 	 98.0 	 0.41007194244604317 
609.0 	 1292 	 573 	 41.0 	 96.0 	 0.40145985401459855 
610.0 	 1295 	 573 	 41.0 	 96.0 	 0.40145985401459855 
611.0 	 1298 	 573 	 41.0 	 97.0 	 0.4057971014492754 
612.0 	 1300 	 573 	 41.0 	 97.0 	 0.4057971014492754 
613.0 	 1303 	 573 	 40.0 	 96.0 	 0.4117647058823529 
614.0 	 1305 	 573 	 41.0 	 99.0 	 0.4142857142857143 
615.0 	 1307 	 573 	 41.0 	 97.0 	 0.4057971014492754 
616.0 	 1310 	 573 	 41.0 	 96.0 	 0.40145985401459855 
617.0 	 1312 	 573 	 41.0 	 98.0 	 0.41007194244604317 
618.0 	 1314 	 573 	 41.0 	 98.0 	 0.41007194244604317 
619.0 	 1317 	 573 	 97.12800598144531 	 40.60405731201172 	 0.4103906332180734 
620.0 	 1319 	 573 	 41.0 	 98.0 	 0.41007194244604317 
621.0 	 1322 	 573 	 40.0 	 97.0 	 0.41605839416058393 
622.0 	 1325 	 573 	 41.0 	 97.0 	 0.4057971014492754 
623.0 	 1327 	 573 	 41.0 	 97.0 	 0.4057971014492754 
624.0 	 1330 	 573 	 41.0 	 99.0 	 0.4142857142857143 
625.0 	 1332 	 573 	 39.0 	 96.0 	 0.4222222222222222 
626.0 	 1335 	 573 	 39.0 	 97.0 	 0.4264705882352941 
627.0 	 1337 	 574 	 40.0 	 98.0 	 0.42028985507246375 
628.0 	 1340 	 574 	 40.0 	 97.0 	 0.41605839416058393 
629.0 	 1342 	 573 	 40.0 	 97.0 	 0.41605839416058393 
630.0 	 1345 	 573 	 40.0 	 98.0 	 0.42028985507246375 
631.0 	 1348 	 574 	 40.0 	 98.0 	 0.42028985507246375 
632.0 	 1350 	 574 	 40.0 	 99.0 	 0.4244604316546763 
633.0 	 1352 	 574 	 40.0 	 100.0 	 0.42857142857142855 
634.0 	 1354 	 574 	 40.0 	 99.0 	 0.4244604316546763 
635.0 	 1357 	 574 	 40.0 	 97.0 	 0.41605839416058393 
636.0 	 1359 	 574 	 40.0 	 99.0 	 0.4244604316546763 
637.0 	 1362 	 574 	 39.0 	 98.0 	 0.4306569343065693 
638.0 	 1364 	 574 	 39.0 	 98.0 	 0.4306569343065693 
639.0 	 1367 	 574 	 39.0 	 99.0 	 0.43478260869565216 
640.0 	 1369 	 574 	 39.0 	 97.0 	 0.4264705882352941 
641.0 	 1372 	 574 	 39.0 	 97.0 	 0.4264705882352941 
642.0 	 1375 	 574 	 39.0 	 98.0 	 0.4306569343065693 
643.0 	 1377 	 574 	 39.0 	 99.0 	 0.43478260869565216 
644.0 	 1379 	 574 	 40.04841995239258 	 98.65299987792969 	 0.42252328777333287 
645.0 	 1382 	 574 	 39.98970031738281 	 97.71343994140625 	 0.4191897114004933 
646.0 	 1384 	 574 	 40.0 	 98.0 	 0.42028985507246375 
647.0 	 1386 	 574 	 40.10714340209961 	 97.47855377197266 	 0.41698673298349626 
648.0 	 1389 	 574 	 40.0 	 98.0 	 0.42028985507246375 
649.0 	 1391 	 574 	 39.0 	 99.0 	 0.43478260869565216 
650.0 	 1394 	 574 	 39.0 	 100.0 	 0.43884892086330934 
651.0 	 1396 	 574 	 39.0 	 99.0 	 0.43478260869565216 
652.0 	 1398 	 574 	 39.0 	 99.0 	 0.43478260869565216 
653.0 	 1401 	 574 	 39.0 	 99.0 	 0.43478260869565216 
654.0 	 1404 	 574 	 39.0 	 101.0 	 0.44285714285714284 
655.0 	 1406 	 574 	 39.0 	 103.0 	 0.4507042253521127 
656.0 	 1409 	 574 	 39.0 	 103.0 	 0.4507042253521127 
657.0 	 1411 	 574 	 39.0 	 101.0 	 0.44285714285714284 
658.0 	 1414 	 574 	 39.0 	 100.0 	 0.43884892086330934 
659.0 	 1416 	 574 	 39.0 	 100.0 	 0.43884892086330934 
660.0 	 1419 	 574 	 39.0 	 100.0 	 0.43884892086330934 
661.0 	 1421 	 574 	 39.0 	 101.0 	 0.44285714285714284 
662.0 	 1423 	 574 	 39.0 	 102.0 	 0.44680851063829785 
663.0 	 1425 	 574 	 39.0 	 103.0 	 0.4507042253521127 
664.0 	 1427 	 574 	 39.0 	 100.0 	 0.43884892086330934 
665.0 	 1429 	 574 	 39.0 	 101.0 	 0.44285714285714284 
666.0 	 1432 	 574 	 39.0 	 101.0 	 0.44285714285714284 
667.0 	 1435 	 574 	 39.0 	 101.0 	 0.44285714285714284 
668.0 	 1437 	 574 	 40.0 	 101.0 	 0.4326241134751773 
669.0 	 1439 	 574 	 40.0 	 101.0 	 0.4326241134751773 
670.0 	 1442 	 574 	 39.0 	 101.0 	 0.44285714285714284 
671.0 	 1444 	 574 	 39.0 	 102.0 	 0.44680851063829785 
672.0 	 1447 	 574 	 40.0 	 102.0 	 0.43661971830985913 
673.0 	 1449 	 574 	 39.0 	 98.0 	 0.4306569343065693 
674.0 	 1452 	 574 	 39.0 	 99.0 	 0.43478260869565216 
675.0 	 1454 	 575 	 39.0 	 98.0 	 0.4306569343065693 
676.0 	 1457 	 575 	 39.0 	 98.0 	 0.4306569343065693 
677.0 	 1460 	 575 	 39.0 	 98.0 	 0.4306569343065693 
678.0 	 1462 	 575 	 39.0 	 99.0 	 0.43478260869565216 
679.0 	 1464 	 575 	 40.0 	 101.0 	 0.4326241134751773 
680.0 	 1466 	 575 	 40.0 	 100.0 	 0.42857142857142855 
681.0 	 1468 	 575 	 40.0 	 101.0 	 0.4326241134751773 
682.0 	 1471 	 575 	 41.0 	 100.0 	 0.41843971631205673 
683.0 	 1473 	 575 	 40.0 	 97.0 	 0.41605839416058393 
684.0 	 1475 	 575 	 40.0 	 99.0 	 0.4244604316546763 
685.0 	 1477 	 575 	 40.0 	 100.0 	 0.42857142857142855 
686.0 	 1480 	 575 	 40.0 	 98.0 	 0.42028985507246375 
687.0 	 1482 	 575 	 40.0 	 99.0 	 0.4244604316546763 
688.0 	 1485 	 575 	 41.0 	 100.0 	 0.41843971631205673 
689.0 	 1487 	 575 	 41.0 	 98.0 	 0.41007194244604317 
690.0 	 1489 	 575 	 41.0 	 99.0 	 0.4142857142857143 
691.0 	 1491 	 575 	 41.0 	 100.0 	 0.41843971631205673 
692.0 	 1493 	 575 	 41.0 	 101.0 	 0.4225352112676056 
693.0 	 1496 	 575 	 41.0 	 101.0 	 0.4225352112676056 
694.0 	 1498 	 575 	 40.0 	 103.0 	 0.4405594405594406 
695.0 	 1501 	 575 	 40.0 	 102.0 	 0.43661971830985913 
696.0 	 1504 	 575 	 40.0 	 98.0 	 0.42028985507246375 
697.0 	 1506 	 575 	 41.0 	 99.0 	 0.4142857142857143 
698.0 	 1509 	 575 	 40.0 	 100.0 	 0.42857142857142855 
699.0 	 1511 	 575 	 40.0 	 97.0 	 0.41605839416058393 
700.0 	 1513 	 575 	 41.0 	 98.0 	 0.41007194244604317 
701.0 	 1516 	 575 	 41.0 	 99.0 	 0.4142857142857143 
702.0 	 1518 	 575 	 41.0 	 97.0 	 0.4057971014492754 
703.0 	 1520 	 575 	 40.0 	 99.0 	 0.4244604316546763 
704.0 	 1522 	 575 	 41.0 	 101.0 	 0.4225352112676056 
705.0 	 1525 	 575 	 41.0 	 98.0 	 0.41007194244604317 
706.0 	 1528 	 575 	 41.0 	 99.0 	 0.4142857142857143 
707.0 	 1530 	 575 	 41.0 	 99.0 	 0.4142857142857143 
708.0 	 1532 	 575 	 41.0 	 97.0 	 0.4057971014492754 
709.0 	 1535 	 575 	 41.0 	 97.0 	 0.4057971014492754 
710.0 	 1536 	 575 	 41.0 	 97.0 	 0.4057971014492754 
711.0 	 1539 	 575 	 41.0 	 96.0 	 0.40145985401459855 
712.0 	 1541 	 575 	 41.0 	 94.0 	 0.3925925925925926 
713.0 	 1543 	 575 	 41.0 	 96.0 	 0.40145985401459855 
714.0 	 1546 	 575 	 41.0 	 98.0 	 0.41007194244604317 
715.0 	 1549 	 575 	 40.84266662597656 	 95.78736114501953 	 0.4021421602221665 
716.0 	 1551 	 575 	 41.0 	 98.0 	 0.41007194244604317 
717.0 	 1553 	 575 	 41.0 	 98.0 	 0.41007194244604317 
718.0 	 1556 	 575 	 39.0 	 96.0 	 0.4222222222222222 
719.0 	 1558 	 576 	 41.0 	 98.0 	 0.41007194244604317 
720.0 	 1560 	 576 	 99.0 	 41.0 	 0.4142857142857143 
721.0 	 1563 	 576 	 39.0 	 96.0 	 0.4222222222222222 
722.0 	 1564 	 576 	 40.0 	 97.0 	 0.41605839416058393 
723.0 	 1567 	 576 	 40.0 	 99.0 	 0.4244604316546763 
724.0 	 1570 	 576 	 38.0 	 96.0 	 0.43283582089552236 
725.0 	 1572 	 576 	 38.0 	 97.0 	 0.43703703703703706 
726.0 	 1574 	 576 	 39.0 	 98.0 	 0.4306569343065693 
727.0 	 1577 	 576 	 39.04880905151367 	 96.87348175048828 	 0.42542450070391935 
728.0 	 1579 	 576 	 39.0 	 96.0 	 0.4222222222222222 
729.0 	 1581 	 576 	 39.0 	 95.0 	 0.417910447761194 
730.0 	 1583 	 576 	 38.0 	 96.0 	 0.43283582089552236 
731.0 	 1586 	 576 	 38.0 	 95.0 	 0.42857142857142855 
732.0 	 1588 	 576 	 38.0 	 96.0 	 0.43283582089552236 
733.0 	 1591 	 576 	 38.0 	 95.0 	 0.42857142857142855 
734.0 	 1593 	 576 	 38.0 	 93.0 	 0.4198473282442748 
735.0 	 1595 	 576 	 38.0 	 95.0 	 0.42857142857142855 
736.0 	 1597 	 576 	 38.0 	 96.0 	 0.43283582089552236 
737.0 	 1600 	 576 	 37.0 	 94.0 	 0.4351145038167939 
738.0 	 1602 	 576 	 37.0 	 95.0 	 0.4393939393939394 
739.0 	 1604 	 576 	 37.0 	 95.0 	 0.4393939393939394 
740.0 	 1607 	 576 	 37.0 	 94.0 	 0.4351145038167939 
741.0 	 1609 	 576 	 37.0 	 96.0 	 0.44360902255639095 
742.0 	 1611 	 576 	 37.0 	 96.0 	 0.44360902255639095 
743.0 	 1613 	 576 	 37.0 	 93.0 	 0.4307692307692308 
744.0 	 1616 	 576 	 37.0 	 95.0 	 0.4393939393939394 
745.0 	 1618 	 576 	 38.0 	 95.0 	 0.42857142857142855 
746.0 	 1620 	 576 	 37.0 	 93.0 	 0.4307692307692308 
747.0 	 1622 	 576 	 37.0 	 94.0 	 0.4351145038167939 
748.0 	 1625 	 576 	 37.0 	 96.0 	 0.44360902255639095 
749.0 	 1627 	 576 	 37.0 	 95.0 	 0.4393939393939394 
750.0 	 1629 	 576 	 37.0 	 93.0 	 0.4307692307692308 
751.0 	 1631 	 576 	 37.0 	 95.0 	 0.4393939393939394 
752.0 	 1633 	 576 	 37.0 	 93.0 	 0.4307692307692308 
753.0 	 1636 	 576 	 37.0 	 93.0 	 0.4307692307692308 
754.0 	 1638 	 576 	 36.0 	 94.0 	 0.4461538461538462 
755.0 	 1640 	 576 	 36.0 	 93.0 	 0.4418604651162791 
756.0 	 1643 	 576 	 36.0 	 92.0 	 0.4375 
757.0 	 1644 	 576 	 35.0 	 94.0 	 0.4573643410852713 
758.0 	 1647 	 576 	 35.0 	 94.0 	 0.4573643410852713 
759.0 	 1649 	 576 	 35.0 	 91.0 	 0.4444444444444444 
760.0 	 1651 	 576 	 35.0 	 93.0 	 0.453125 
761.0 	 1653 	 576 	 35.0 	 94.0 	 0.4573643410852713 
762.0 	 1656 	 576 	 35.0 	 93.0 	 0.453125 
763.0 	 1658 	 577 	 35.0 	 93.0 	 0.453125 
764.0 	 1660 	 577 	 36.0 	 94.0 	 0.4461538461538462 
765.0 	 1663 	 577 	 36.0 	 91.0 	 0.4330708661417323 
766.0 	 1665 	 577 	 36.0 	 92.0 	 0.4375 
767.0 	 1667 	 577 	 36.0 	 95.0 	 0.45038167938931295 
768.0 	 1669 	 577 	 36.0 	 93.0 	 0.4418604651162791 
769.0 	 1672 	 577 	 36.0 	 94.0 	 0.4461538461538462 
770.0 	 1674 	 577 	 36.0 	 96.0 	 0.45454545454545453 
771.0 	 1676 	 577 	 36.0 	 94.0 	 0.4461538461538462 
772.0 	 1678 	 577 	 35.73738479614258 	 92.15213775634766 	 0.4411209912606448 
773.0 	 1680 	 577 	 36.0 	 94.0 	 0.4461538461538462 
774.0 	 1682 	 577 	 36.0 	 94.0 	 0.4461538461538462 
775.0 	 1685 	 577 	 36.0 	 93.0 	 0.4418604651162791 
776.0 	 1687 	 577 	 36.0 	 95.0 	 0.45038167938931295 
777.0 	 1690 	 577 	 36.0 	 94.0 	 0.4461538461538462 
778.0 	 1692 	 577 	 36.0 	 93.0 	 0.4418604651162791 
779.0 	 1694 	 577 	 94.02775573730469 	 35.84512710571289 	 0.44799674387700633 
780.0 	 1696 	 577 	 94.13140106201172 	 35.9378776550293 	 0.44740406021301476 
781.0 	 1698 	 577 	 36.0 	 94.0 	 0.4461538461538462 
782.0 	 1701 	 577 	 36.0 	 93.0 	 0.4418604651162791 
783.0 	 1703 	 577 	 36.0 	 94.0 	 0.4461538461538462 
784.0 	 1705 	 577 	 36.0 	 93.0 	 0.4418604651162791 
785.0 	 1708 	 577 	 36.0 	 92.0 	 0.4375 
786.0 	 1710 	 577 	 37.0 	 94.0 	 0.4351145038167939 
787.0 	 1712 	 577 	 37.0 	 92.0 	 0.4263565891472868 
788.0 	 1714 	 577 	 36.37392044067383 	 91.35003662109375 	 0.43042916493601396 
789.0 	 1716 	 577 	 37.0 	 93.0 	 0.4307692307692308 
790.0 	 1719 	 577 	 36.76347732543945 	 93.11988830566406 	 0.4339001434586231 
791.0 	 1720 	 577 	 36.955238342285156 	 91.10089874267578 	 0.4228275319945564 
792.0 	 1723 	 577 	 36.865570068359375 	 93.00602722167969 	 0.43227663572923647 
793.0 	 1725 	 577 	 35.0 	 91.0 	 0.4444444444444444 
794.0 	 1727 	 577 	 35.0 	 90.0 	 0.44 
795.0 	 1730 	 577 	 37.0 	 91.0 	 0.421875 
796.0 	 1732 	 577 	 37.0 	 93.0 	 0.4307692307692308 
797.0 	 1734 	 577 	 37.0 	 92.0 	 0.4263565891472868 
798.0 	 1737 	 577 	 37.0 	 92.0 	 0.4263565891472868 
799.0 	 1739 	 577 	 38.0 	 93.0 	 0.4198473282442748 
800.0 	 1741 	 577 	 38.0 	 93.0 	 0.4198473282442748 
801.0 	 1743 	 577 	 38.0 	 92.0 	 0.4153846153846154 
802.0 	 1745 	 577 	 39.0 	 93.0 	 0.4090909090909091 
803.0 	 1747 	 577 	 39.0 	 95.0 	 0.417910447761194 
804.0 	 1749 	 577 	 39.0 	 92.0 	 0.40458015267175573 
805.0 	 1751 	 577 	 38.0 	 92.0 	 0.4153846153846154 
806.0 	 1754 	 577 	 38.0 	 93.0 	 0.4198473282442748 
807.0 	 1756 	 577 	 38.0 	 92.0 	 0.4153846153846154 
808.0 	 1758 	 577 	 39.0 	 94.0 	 0.41353383458646614 
809.0 	 1760 	 577 	 38.0 	 94.0 	 0.42424242424242425 
810.0 	 1762 	 577 	 37.0 	 90.0 	 0.41732283464566927 
811.0 	 1764 	 577 	 37.0 	 91.0 	 0.421875 
812.0 	 1766 	 577 	 37.0 	 91.0 	 0.421875 
813.0 	 1769 	 577 	 37.0 	 91.0 	 0.421875 
814.0 	 1772 	 577 	 38.0 	 91.0 	 0.4108527131782946 
815.0 	 1774 	 577 	 39.0 	 92.0 	 0.40458015267175573 
816.0 	 1776 	 577 	 39.0 	 91.0 	 0.4 
817.0 	 1778 	 577 	 38.0 	 93.0 	 0.4198473282442748 
818.0 	 1780 	 577 	 38.0 	 96.0 	 0.43283582089552236 
819.0 	 1782 	 577 	 38.0 	 97.0 	 0.43703703703703706 
820.0 	 1784 	 577 	 37.98844909667969 	 93.97724151611328 	 0.4242677938443339 
821.0 	 1786 	 577 	 38.0 	 96.0 	 0.43283582089552236 
822.0 	 1788 	 577 	 38.0 	 97.0 	 0.43703703703703706 
823.0 	 1791 	 577 	 38.004085540771484 	 93.70682525634766 	 0.4229166693819153 
824.0 	 1793 	 577 	 38.94690704345703 	 95.2586669921875 	 0.41959330194269173 
825.0 	 1796 	 577 	 38.0 	 95.0 	 0.42857142857142855 
826.0 	 1798 	 577 	 38.07866287231445 	 93.27411651611328 	 0.42020773295233055 
827.0 	 1800 	 577 	 37.0 	 95.0 	 0.4393939393939394 
828.0 	 1802 	 577 	 37.0 	 96.0 	 0.44360902255639095 
829.0 	 1805 	 577 	 38.0 	 94.0 	 0.42424242424242425 
830.0 	 1807 	 577 	 38.0 	 94.0 	 0.42424242424242425 
831.0 	 1809 	 578 	 38.0 	 94.0 	 0.42424242424242425 
832.0 	 1812 	 577 	 38.0 	 93.0 	 0.4198473282442748 
833.0 	 1815 	 577 	 38.0 	 92.0 	 0.4153846153846154 
834.0 	 1817 	 577 	 38.0 	 94.0 	 0.42424242424242425 
835.0 	 1819 	 578 	 37.0 	 94.0 	 0.4351145038167939 
836.0 	 1822 	 577 	 37.0 	 93.0 	 0.4307692307692308 
837.0 	 1824 	 577 	 38.0 	 96.0 	 0.43283582089552236 
838.0 	 1827 	 577 	 38.0 	 94.0 	 0.42424242424242425 
839.0 	 1829 	 577 	 37.0 	 92.0 	 0.4263565891472868 
840.0 	 1831 	 577 	 38.0 	 94.0 	 0.42424242424242425 
841.0 	 1833 	 578 	 39.0 	 95.0 	 0.417910447761194 
842.0 	 1836 	 578 	 37.0 	 93.0 	 0.4307692307692308 
843.0 	 1839 	 578 	 38.0 	 94.0 	 0.42424242424242425 
844.0 	 1841 	 578 	 39.0 	 95.0 	 0.417910447761194 
845.0 	 1844 	 578 	 38.0 	 92.0 	 0.4153846153846154 
846.0 	 1846 	 578 	 39.0 	 94.0 	 0.41353383458646614 
847.0 	 1848 	 578 	 40.39850997924805 	 95.424072265625 	 0.4051282296133346 
848.0 	 1851 	 578 	 39.0 	 93.0 	 0.4090909090909091 
849.0 	 1853 	 577 	 39.0 	 93.0 	 0.4090909090909091 
850.0 	 1855 	 578 	 40.0 	 95.0 	 0.4074074074074074 
851.0 	 1857 	 578 	 39.0 	 93.0 	 0.4090909090909091 
852.0 	 1860 	 578 	 39.0 	 93.0 	 0.4090909090909091 
853.0 	 1862 	 578 	 39.0 	 96.0 	 0.4222222222222222 
854.0 	 1864 	 578 	 39.0 	 96.0 	 0.4222222222222222 
855.0 	 1867 	 578 	 39.0 	 93.0 	 0.4090909090909091 
856.0 	 1869 	 578 	 40.0 	 95.0 	 0.4074074074074074 
857.0 	 1870 	 578 	 40.0 	 94.0 	 0.40298507462686567 
858.0 	 1873 	 578 	 40.0 	 94.0 	 0.40298507462686567 
859.0 	 1875 	 578 	 41.0 	 94.0 	 0.3925925925925926 
860.0 	 1876 	 578 	 41.0 	 92.0 	 0.38345864661654133 
861.0 	 1879 	 578 	 40.434051513671875 	 88.1091537475586 	 0.3708877660005407 
862.0 	 1880 	 578 	 40.254581451416016 	 87.20639038085938 	 0.36836223868767276 
863.0 	 1881 	 578 	 40.24399185180664 	 85.87602233886719 	 0.3618143462787121 
864.0 	 1882 	 578 	 38.0 	 80.0 	 0.3559322033898305 
865.0 	 1884 	 578 	 38.0 	 79.0 	 0.3504273504273504 
866.0 	 1884 	 578 	 39.0 	 78.0 	 0.3333333333333333 
867.0 	 1886 	 578 	 38.0 	 73.0 	 0.3153153153153153 
868.0 	 1888 	 578 	 38.0 	 70.0 	 0.2962962962962963 
869.0 	 1888 	 578 	 40.0 	 71.0 	 0.27927927927927926 
870.0 	 1889 	 578 	 39.0 	 67.0 	 0.2641509433962264 
871.0 	 1891 	 578 	 38.0 	 64.0 	 0.2549019607843137 
872.0 	 1891 	 578 	 39.0 	 62.0 	 0.22772277227722773 
873.0 	 1892 	 578 	 38.0 	 60.0 	 0.22448979591836735 
874.0 	 1894 	 578 	 37.0 	 58.0 	 0.22105263157894736 
875.0 	 1893 	 578 	 38.0 	 59.0 	 0.21649484536082475 
876.0 	 1894 	 578 	 38.0 	 57.0 	 0.2 
877.0 	 1896 	 578 	 35.0 	 53.0 	 0.20454545454545456 
878.0 	 1896 	 578 	 36.0 	 52.0 	 0.18181818181818182 
879.0 	 1897 	 578 	 36.0 	 51.0 	 0.1724137931034483 
880.0 	 1899 	 578 	 35.0 	 47.0 	 0.14634146341463414 
881.0 	 1899 	 578 	 33.0 	 45.0 	 0.15384615384615385 
882.0 	 1900 	 578 	 33.0 	 42.0 	 0.12 
883.0 	 1902 	 578 	 32.0 	 38.0 	 0.08571428571428572 
884.0 	 1903 	 578 	 31.0 	 37.0 	 0.08823529411764706 
885.0 	 1903 	 578 	 32.0 	 36.0 	 0.058823529411764705 
886.0 	 1904 	 578 	 29.0 	 33.0 	 0.06451612903225806 
887.0 	 1906 	 579 	 27.0 	 30.0 	 0.05263157894736842 
888.0 	 1906 	 578 	 30.0 	 30.0 	 0.0 
889.0 	 1908 	 579 	 27.0 	 27.0 	 0.0 
