frame 	 x 	 y 	 width 	 height 	 deformation 
1.0 	 82 	 573 	 50.0 	 55.0 	 0.047619047619047616 
2.0 	 83 	 573 	 55.0 	 49.0 	 0.057692307692307696 
3.0 	 83 	 573 	 49.0 	 56.0 	 0.06666666666666667 
4.0 	 83 	 573 	 49.0 	 55.0 	 0.057692307692307696 
5.0 	 83 	 573 	 49.0 	 56.0 	 0.06666666666666667 
6.0 	 83 	 573 	 49.0 	 56.0 	 0.06666666666666667 
7.0 	 83 	 573 	 49.85136413574219 	 55.92109298706055 	 0.05738477687316417 
8.0 	 83 	 573 	 49.0 	 55.0 	 0.057692307692307696 
9.0 	 83 	 573 	 49.0 	 54.0 	 0.04854368932038835 
10.0 	 83 	 573 	 49.0 	 55.0 	 0.057692307692307696 
11.0 	 83 	 573 	 48.0 	 54.0 	 0.058823529411764705 
12.0 	 83 	 573 	 50.0 	 56.0 	 0.05660377358490566 
13.0 	 84 	 573 	 49.0 	 55.0 	 0.057692307692307696 
14.0 	 84 	 573 	 50.0 	 54.0 	 0.038461538461538464 
15.0 	 83 	 573 	 50.0 	 55.0 	 0.047619047619047616 
16.0 	 83 	 573 	 50.0 	 55.0 	 0.047619047619047616 
17.0 	 84 	 573 	 50.0 	 53.0 	 0.02912621359223301 
18.0 	 84 	 573 	 49.0 	 55.0 	 0.057692307692307696 
19.0 	 84 	 573 	 49.0 	 55.0 	 0.057692307692307696 
20.0 	 84 	 573 	 48.0 	 54.0 	 0.058823529411764705 
21.0 	 84 	 573 	 55.0 	 50.0 	 0.047619047619047616 
22.0 	 84 	 573 	 50.0 	 55.0 	 0.047619047619047616 
23.0 	 84 	 573 	 50.0 	 55.0 	 0.047619047619047616 
24.0 	 84 	 573 	 50.0 	 54.0 	 0.038461538461538464 
25.0 	 84 	 573 	 50.0 	 54.0 	 0.038461538461538464 
26.0 	 85 	 573 	 48.0 	 53.0 	 0.04950495049504951 
27.0 	 85 	 573 	 48.0 	 53.0 	 0.04950495049504951 
28.0 	 84 	 574 	 50.0 	 55.0 	 0.047619047619047616 
29.0 	 85 	 574 	 50.0 	 54.0 	 0.038461538461538464 
30.0 	 85 	 573 	 49.0 	 53.0 	 0.0392156862745098 
31.0 	 85 	 574 	 49.0 	 54.0 	 0.04854368932038835 
32.0 	 85 	 574 	 49.0 	 54.0 	 0.04854368932038835 
33.0 	 85 	 573 	 48.0 	 53.0 	 0.04950495049504951 
34.0 	 85 	 574 	 49.0 	 54.0 	 0.04854368932038835 
35.0 	 85 	 574 	 49.0 	 54.0 	 0.04854368932038835 
36.0 	 85 	 574 	 48.0 	 52.0 	 0.04 
37.0 	 85 	 573 	 49.0 	 54.0 	 0.04854368932038835 
38.0 	 85 	 573 	 49.0 	 54.0 	 0.04854368932038835 
39.0 	 85 	 574 	 48.0 	 53.0 	 0.04950495049504951 
40.0 	 85 	 573 	 50.0 	 54.0 	 0.038461538461538464 
41.0 	 85 	 573 	 50.0 	 54.0 	 0.038461538461538464 
42.0 	 86 	 573 	 48.0 	 53.0 	 0.04950495049504951 
43.0 	 86 	 573 	 48.0 	 54.0 	 0.058823529411764705 
44.0 	 86 	 573 	 49.0 	 54.0 	 0.04854368932038835 
45.0 	 86 	 574 	 49.0 	 53.0 	 0.0392156862745098 
46.0 	 86 	 574 	 49.0 	 54.0 	 0.04854368932038835 
47.0 	 86 	 574 	 49.0 	 54.0 	 0.04854368932038835 
48.0 	 86 	 573 	 48.0 	 53.0 	 0.04950495049504951 
49.0 	 86 	 573 	 48.0 	 53.0 	 0.04950495049504951 
50.0 	 86 	 573 	 49.0 	 53.0 	 0.0392156862745098 
51.0 	 86 	 573 	 48.0 	 53.0 	 0.04950495049504951 
52.0 	 86 	 573 	 48.0 	 53.0 	 0.04950495049504951 
53.0 	 86 	 573 	 48.0 	 54.0 	 0.058823529411764705 
54.0 	 86 	 573 	 48.0 	 53.0 	 0.04950495049504951 
55.0 	 87 	 573 	 48.0 	 52.0 	 0.04 
56.0 	 87 	 574 	 49.0 	 53.0 	 0.0392156862745098 
57.0 	 87 	 574 	 49.0 	 53.0 	 0.0392156862745098 
58.0 	 87 	 573 	 48.0 	 52.0 	 0.04 
59.0 	 87 	 573 	 48.0 	 54.0 	 0.058823529411764705 
60.0 	 87 	 574 	 49.0 	 54.0 	 0.04854368932038835 
61.0 	 87 	 573 	 49.0 	 53.0 	 0.0392156862745098 
62.0 	 88 	 573 	 49.0 	 54.0 	 0.04854368932038835 
63.0 	 88 	 573 	 49.0 	 55.0 	 0.057692307692307696 
64.0 	 89 	 573 	 49.0 	 54.0 	 0.04854368932038835 
65.0 	 89 	 574 	 49.0 	 55.0 	 0.057692307692307696 
66.0 	 89 	 574 	 49.0 	 55.0 	 0.057692307692307696 
67.0 	 90 	 574 	 47.0 	 54.0 	 0.06930693069306931 
68.0 	 91 	 574 	 48.0 	 56.0 	 0.07692307692307693 
69.0 	 91 	 573 	 48.758148193359375 	 55.13719940185547 	 0.06139881482806547 
70.0 	 92 	 573 	 48.0 	 54.0 	 0.058823529411764705 
71.0 	 93 	 573 	 48.0 	 54.0 	 0.058823529411764705 
72.0 	 94 	 573 	 48.0 	 54.0 	 0.058823529411764705 
73.0 	 95 	 573 	 48.0 	 54.0 	 0.058823529411764705 
74.0 	 96 	 573 	 48.0 	 54.0 	 0.058823529411764705 
75.0 	 97 	 573 	 48.0 	 55.0 	 0.06796116504854369 
76.0 	 99 	 573 	 48.0 	 54.0 	 0.058823529411764705 
77.0 	 100 	 573 	 48.0 	 54.0 	 0.058823529411764705 
78.0 	 101 	 573 	 48.0 	 55.0 	 0.06796116504854369 
79.0 	 103 	 573 	 48.0 	 54.0 	 0.058823529411764705 
80.0 	 104 	 573 	 48.0 	 55.0 	 0.06796116504854369 
81.0 	 106 	 573 	 48.0 	 54.0 	 0.058823529411764705 
82.0 	 107 	 573 	 48.0 	 55.0 	 0.06796116504854369 
83.0 	 108 	 573 	 48.0 	 54.0 	 0.058823529411764705 
84.0 	 110 	 573 	 48.0 	 54.0 	 0.058823529411764705 
85.0 	 111 	 573 	 47.0 	 55.0 	 0.0784313725490196 
86.0 	 113 	 573 	 47.0 	 54.0 	 0.06930693069306931 
87.0 	 114 	 573 	 48.0 	 56.0 	 0.07692307692307693 
88.0 	 116 	 573 	 47.0 	 56.0 	 0.08737864077669903 
89.0 	 118 	 573 	 46.0 	 55.0 	 0.0891089108910891 
90.0 	 119 	 573 	 47.0 	 56.0 	 0.08737864077669903 
91.0 	 120 	 573 	 48.0 	 56.0 	 0.07692307692307693 
92.0 	 122 	 573 	 47.0 	 56.0 	 0.08737864077669903 
93.0 	 123 	 573 	 48.0 	 55.0 	 0.06796116504854369 
94.0 	 125 	 573 	 48.0 	 56.0 	 0.07692307692307693 
95.0 	 126 	 573 	 46.92070007324219 	 56.72006607055664 	 0.09455126936941098 
96.0 	 128 	 573 	 48.0 	 56.0 	 0.07692307692307693 
97.0 	 130 	 573 	 46.0 	 56.0 	 0.09803921568627451 
98.0 	 131 	 573 	 46.0 	 56.0 	 0.09803921568627451 
99.0 	 133 	 573 	 46.0 	 56.0 	 0.09803921568627451 
100.0 	 134 	 573 	 46.0 	 56.0 	 0.09803921568627451 
101.0 	 136 	 573 	 46.0 	 55.0 	 0.0891089108910891 
102.0 	 138 	 573 	 46.0 	 56.0 	 0.09803921568627451 
103.0 	 139 	 573 	 46.0 	 56.0 	 0.09803921568627451 
104.0 	 141 	 573 	 46.0 	 57.0 	 0.10679611650485436 
105.0 	 143 	 573 	 46.0 	 57.0 	 0.10679611650485436 
106.0 	 144 	 573 	 46.0 	 58.0 	 0.11538461538461539 
107.0 	 146 	 573 	 46.0 	 57.0 	 0.10679611650485436 
108.0 	 148 	 573 	 46.0 	 58.0 	 0.11538461538461539 
109.0 	 150 	 573 	 46.0 	 59.0 	 0.12380952380952381 
110.0 	 152 	 573 	 45.0 	 59.0 	 0.1346153846153846 
111.0 	 154 	 573 	 45.0 	 59.0 	 0.1346153846153846 
112.0 	 155 	 573 	 45.0 	 60.0 	 0.14285714285714285 
113.0 	 157 	 573 	 45.0 	 60.0 	 0.14285714285714285 
114.0 	 159 	 573 	 45.0 	 60.0 	 0.14285714285714285 
115.0 	 161 	 573 	 44.0 	 61.0 	 0.1619047619047619 
116.0 	 163 	 573 	 44.0 	 61.0 	 0.1619047619047619 
117.0 	 164 	 573 	 61.068641662597656 	 44.61434555053711 	 0.15569484309595227 
118.0 	 166 	 573 	 45.0 	 61.0 	 0.1509433962264151 
119.0 	 168 	 573 	 45.0 	 61.0 	 0.1509433962264151 
120.0 	 170 	 573 	 44.0 	 61.0 	 0.1619047619047619 
121.0 	 172 	 573 	 44.0 	 59.0 	 0.14563106796116504 
122.0 	 174 	 573 	 44.0 	 59.0 	 0.14563106796116504 
123.0 	 176 	 573 	 44.0 	 58.0 	 0.13725490196078433 
124.0 	 178 	 573 	 44.0 	 60.0 	 0.15384615384615385 
125.0 	 179 	 573 	 43.0 	 59.0 	 0.1568627450980392 
126.0 	 181 	 573 	 43.0 	 60.0 	 0.1650485436893204 
127.0 	 183 	 573 	 61.0 	 44.0 	 0.1619047619047619 
128.0 	 185 	 573 	 43.0 	 60.0 	 0.1650485436893204 
129.0 	 187 	 573 	 43.0 	 60.0 	 0.1650485436893204 
130.0 	 189 	 574 	 43.0 	 61.0 	 0.17307692307692307 
131.0 	 191 	 573 	 61.0 	 44.0 	 0.1619047619047619 
132.0 	 193 	 573 	 43.0 	 62.0 	 0.18095238095238095 
133.0 	 195 	 573 	 43.0 	 62.0 	 0.18095238095238095 
134.0 	 197 	 573 	 43.0 	 63.0 	 0.18867924528301888 
135.0 	 199 	 573 	 43.0 	 61.0 	 0.17307692307692307 
136.0 	 201 	 573 	 43.0 	 63.0 	 0.18867924528301888 
137.0 	 203 	 573 	 45.0 	 62.0 	 0.1588785046728972 
138.0 	 205 	 573 	 45.0 	 62.0 	 0.1588785046728972 
139.0 	 207 	 573 	 45.0 	 62.0 	 0.1588785046728972 
140.0 	 209 	 573 	 45.0 	 64.0 	 0.1743119266055046 
141.0 	 211 	 573 	 44.0 	 63.0 	 0.17757009345794392 
142.0 	 213 	 573 	 43.0 	 62.0 	 0.18095238095238095 
143.0 	 215 	 573 	 44.0 	 64.0 	 0.18518518518518517 
144.0 	 217 	 573 	 64.0 	 44.0 	 0.18518518518518517 
145.0 	 220 	 573 	 44.0 	 63.0 	 0.17757009345794392 
146.0 	 221 	 573 	 45.0 	 64.0 	 0.1743119266055046 
147.0 	 224 	 573 	 44.0 	 63.0 	 0.17757009345794392 
148.0 	 226 	 573 	 44.0 	 63.0 	 0.17757009345794392 
149.0 	 228 	 573 	 44.0 	 64.0 	 0.18518518518518517 
150.0 	 230 	 573 	 44.0 	 64.0 	 0.18518518518518517 
151.0 	 232 	 573 	 44.0 	 64.0 	 0.18518518518518517 
152.0 	 233 	 573 	 44.0 	 65.0 	 0.1926605504587156 
153.0 	 235 	 573 	 44.0 	 65.0 	 0.1926605504587156 
154.0 	 238 	 573 	 43.0 	 64.0 	 0.19626168224299065 
155.0 	 240 	 573 	 44.0 	 64.0 	 0.18518518518518517 
156.0 	 242 	 573 	 44.0 	 64.0 	 0.18518518518518517 
157.0 	 244 	 573 	 63.0 	 44.0 	 0.17757009345794392 
158.0 	 247 	 573 	 44.0 	 65.0 	 0.1926605504587156 
159.0 	 249 	 573 	 44.0 	 65.0 	 0.1926605504587156 
160.0 	 251 	 573 	 44.0 	 64.0 	 0.18518518518518517 
161.0 	 253 	 573 	 44.0 	 64.0 	 0.18518518518518517 
162.0 	 255 	 573 	 44.0 	 66.0 	 0.2 
163.0 	 257 	 573 	 44.0 	 65.0 	 0.1926605504587156 
164.0 	 259 	 573 	 44.0 	 66.0 	 0.2 
165.0 	 261 	 573 	 44.0 	 67.0 	 0.2072072072072072 
166.0 	 264 	 573 	 44.0 	 66.0 	 0.2 
167.0 	 266 	 573 	 44.0 	 65.0 	 0.1926605504587156 
168.0 	 268 	 573 	 44.0 	 66.0 	 0.2 
169.0 	 270 	 573 	 44.0 	 64.0 	 0.18518518518518517 
170.0 	 272 	 573 	 43.0 	 64.0 	 0.19626168224299065 
171.0 	 274 	 573 	 44.0 	 65.0 	 0.1926605504587156 
172.0 	 276 	 573 	 66.0 	 44.0 	 0.2 
173.0 	 278 	 573 	 43.0 	 65.0 	 0.2037037037037037 
174.0 	 280 	 573 	 67.18126678466797 	 43.66132354736328 	 0.2121922914905743 
175.0 	 283 	 573 	 43.0 	 67.0 	 0.21818181818181817 
176.0 	 285 	 573 	 43.0 	 65.0 	 0.2037037037037037 
177.0 	 288 	 573 	 43.0 	 67.0 	 0.21818181818181817 
178.0 	 290 	 573 	 43.0 	 66.0 	 0.21100917431192662 
179.0 	 292 	 573 	 42.0 	 66.0 	 0.2222222222222222 
180.0 	 295 	 573 	 42.0 	 67.0 	 0.22935779816513763 
181.0 	 297 	 573 	 43.0 	 65.0 	 0.2037037037037037 
182.0 	 299 	 573 	 43.0 	 65.0 	 0.2037037037037037 
183.0 	 301 	 573 	 43.0 	 66.0 	 0.21100917431192662 
184.0 	 303 	 573 	 43.0 	 66.0 	 0.21100917431192662 
185.0 	 306 	 573 	 43.0 	 66.0 	 0.21100917431192662 
186.0 	 308 	 573 	 43.0 	 67.0 	 0.21818181818181817 
187.0 	 311 	 573 	 43.0 	 68.0 	 0.22522522522522523 
188.0 	 313 	 573 	 43.0 	 67.0 	 0.21818181818181817 
189.0 	 315 	 573 	 42.0 	 67.0 	 0.22935779816513763 
190.0 	 317 	 573 	 43.0 	 68.0 	 0.22522522522522523 
191.0 	 320 	 573 	 43.0 	 67.0 	 0.21818181818181817 
192.0 	 322 	 573 	 42.0 	 67.0 	 0.22935779816513763 
193.0 	 324 	 573 	 42.0 	 67.0 	 0.22935779816513763 
194.0 	 326 	 573 	 42.0 	 66.0 	 0.2222222222222222 
195.0 	 329 	 573 	 42.0 	 67.0 	 0.22935779816513763 
196.0 	 331 	 573 	 42.0 	 67.0 	 0.22935779816513763 
197.0 	 333 	 573 	 42.0 	 67.0 	 0.22935779816513763 
198.0 	 336 	 573 	 42.0 	 67.0 	 0.22935779816513763 
199.0 	 338 	 573 	 42.0 	 68.0 	 0.23636363636363636 
200.0 	 340 	 573 	 42.0 	 68.0 	 0.23636363636363636 
201.0 	 343 	 573 	 42.0 	 67.0 	 0.22935779816513763 
202.0 	 345 	 573 	 42.0 	 68.0 	 0.23636363636363636 
203.0 	 348 	 573 	 42.0 	 68.0 	 0.23636363636363636 
204.0 	 350 	 573 	 42.0 	 67.0 	 0.22935779816513763 
205.0 	 352 	 573 	 42.0 	 67.0 	 0.22935779816513763 
206.0 	 354 	 573 	 42.0 	 68.0 	 0.23636363636363636 
207.0 	 356 	 573 	 42.0 	 68.0 	 0.23636363636363636 
208.0 	 359 	 573 	 42.0 	 69.0 	 0.24324324324324326 
209.0 	 362 	 573 	 42.0 	 68.0 	 0.23636363636363636 
210.0 	 364 	 573 	 42.0 	 68.0 	 0.23636363636363636 
211.0 	 366 	 573 	 42.0 	 68.0 	 0.23636363636363636 
212.0 	 368 	 573 	 42.0 	 70.0 	 0.25 
213.0 	 371 	 573 	 42.0 	 69.0 	 0.24324324324324326 
214.0 	 373 	 573 	 42.0 	 69.0 	 0.24324324324324326 
215.0 	 375 	 573 	 42.0 	 70.0 	 0.25 
216.0 	 377 	 573 	 42.0 	 68.0 	 0.23636363636363636 
217.0 	 380 	 572 	 42.0 	 68.0 	 0.23636363636363636 
218.0 	 382 	 572 	 42.0 	 69.0 	 0.24324324324324326 
219.0 	 384 	 573 	 42.0 	 68.0 	 0.23636363636363636 
220.0 	 387 	 573 	 42.0 	 69.0 	 0.24324324324324326 
221.0 	 389 	 573 	 42.0 	 70.0 	 0.25 
222.0 	 392 	 573 	 41.0 	 70.0 	 0.26126126126126126 
223.0 	 394 	 573 	 41.0 	 68.0 	 0.24770642201834864 
224.0 	 396 	 572 	 41.0 	 69.0 	 0.2545454545454545 
225.0 	 398 	 572 	 41.0 	 70.0 	 0.26126126126126126 
226.0 	 401 	 572 	 41.0 	 70.0 	 0.26126126126126126 
227.0 	 403 	 572 	 41.0 	 70.0 	 0.26126126126126126 
228.0 	 405 	 572 	 42.0 	 70.0 	 0.25 
229.0 	 407 	 572 	 41.0 	 69.0 	 0.2545454545454545 
230.0 	 410 	 572 	 41.0 	 69.0 	 0.2545454545454545 
231.0 	 412 	 572 	 41.0 	 70.0 	 0.26126126126126126 
232.0 	 415 	 572 	 41.0 	 69.0 	 0.2545454545454545 
233.0 	 417 	 572 	 41.0 	 71.0 	 0.26785714285714285 
234.0 	 419 	 572 	 40.0 	 71.0 	 0.27927927927927926 
235.0 	 422 	 572 	 40.0 	 70.0 	 0.2727272727272727 
236.0 	 424 	 572 	 40.0 	 70.0 	 0.2727272727272727 
237.0 	 426 	 572 	 40.0 	 69.0 	 0.26605504587155965 
238.0 	 429 	 572 	 39.0 	 69.0 	 0.2777777777777778 
239.0 	 431 	 572 	 39.0 	 69.0 	 0.2777777777777778 
240.0 	 433 	 572 	 39.0 	 69.0 	 0.2777777777777778 
241.0 	 435 	 572 	 39.0 	 69.0 	 0.2777777777777778 
242.0 	 437 	 572 	 39.0 	 70.0 	 0.28440366972477066 
243.0 	 440 	 572 	 39.0 	 69.0 	 0.2777777777777778 
244.0 	 443 	 572 	 39.0 	 69.0 	 0.2777777777777778 
245.0 	 445 	 572 	 39.0 	 70.0 	 0.28440366972477066 
246.0 	 448 	 572 	 39.0 	 69.0 	 0.2777777777777778 
247.0 	 450 	 572 	 39.0 	 69.0 	 0.2777777777777778 
248.0 	 452 	 572 	 39.0 	 70.0 	 0.28440366972477066 
249.0 	 454 	 572 	 39.0 	 70.0 	 0.28440366972477066 
250.0 	 456 	 572 	 38.0 	 70.0 	 0.2962962962962963 
251.0 	 458 	 572 	 38.0 	 69.0 	 0.2897196261682243 
252.0 	 461 	 572 	 39.0 	 70.0 	 0.28440366972477066 
253.0 	 463 	 572 	 39.0 	 70.0 	 0.28440366972477066 
254.0 	 465 	 572 	 39.0 	 69.0 	 0.2777777777777778 
255.0 	 468 	 572 	 39.0 	 70.0 	 0.28440366972477066 
256.0 	 470 	 572 	 39.0 	 69.0 	 0.2777777777777778 
257.0 	 473 	 572 	 39.0 	 69.0 	 0.2777777777777778 
258.0 	 475 	 572 	 39.0 	 70.0 	 0.28440366972477066 
259.0 	 477 	 572 	 38.0 	 70.0 	 0.2962962962962963 
260.0 	 479 	 572 	 38.0 	 70.0 	 0.2962962962962963 
261.0 	 482 	 572 	 39.0 	 70.0 	 0.28440366972477066 
262.0 	 484 	 572 	 39.0 	 69.0 	 0.2777777777777778 
263.0 	 487 	 572 	 39.0 	 69.0 	 0.2777777777777778 
264.0 	 489 	 572 	 39.0 	 70.0 	 0.28440366972477066 
265.0 	 491 	 572 	 38.0 	 70.0 	 0.2962962962962963 
266.0 	 494 	 572 	 38.0 	 70.0 	 0.2962962962962963 
267.0 	 496 	 572 	 40.0 	 69.0 	 0.26605504587155965 
268.0 	 499 	 572 	 40.0 	 69.0 	 0.26605504587155965 
269.0 	 502 	 572 	 39.0 	 69.0 	 0.2777777777777778 
270.0 	 503 	 572 	 40.0 	 71.0 	 0.27927927927927926 
271.0 	 506 	 572 	 40.0 	 71.0 	 0.27927927927927926 
272.0 	 508 	 572 	 39.0 	 71.0 	 0.2909090909090909 
273.0 	 510 	 572 	 40.0 	 71.0 	 0.27927927927927926 
274.0 	 512 	 572 	 40.0 	 71.0 	 0.27927927927927926 
275.0 	 515 	 572 	 40.0 	 70.0 	 0.2727272727272727 
276.0 	 518 	 572 	 40.0 	 70.0 	 0.2727272727272727 
277.0 	 520 	 572 	 39.0 	 70.0 	 0.28440366972477066 
278.0 	 522 	 572 	 39.0 	 69.0 	 0.2777777777777778 
279.0 	 525 	 572 	 39.0 	 69.0 	 0.2777777777777778 
280.0 	 527 	 572 	 40.0 	 70.0 	 0.2727272727272727 
281.0 	 529 	 572 	 40.0 	 70.0 	 0.2727272727272727 
282.0 	 531 	 572 	 40.0 	 69.0 	 0.26605504587155965 
283.0 	 533 	 572 	 41.0 	 69.0 	 0.2545454545454545 
284.0 	 535 	 572 	 41.0 	 68.0 	 0.24770642201834864 
285.0 	 538 	 572 	 41.0 	 68.0 	 0.24770642201834864 
286.0 	 540 	 572 	 41.0 	 69.0 	 0.2545454545454545 
287.0 	 543 	 572 	 41.0 	 71.0 	 0.26785714285714285 
288.0 	 546 	 572 	 71.0 	 41.0 	 0.26785714285714285 
289.0 	 548 	 572 	 40.0 	 71.0 	 0.27927927927927926 
290.0 	 550 	 572 	 40.0 	 71.0 	 0.27927927927927926 
291.0 	 552 	 572 	 40.0 	 72.0 	 0.2857142857142857 
292.0 	 555 	 572 	 41.0 	 71.0 	 0.26785714285714285 
293.0 	 557 	 572 	 42.0 	 72.0 	 0.2631578947368421 
294.0 	 559 	 572 	 41.731712341308594 	 71.32233428955078 	 0.2617387243542072 
295.0 	 561 	 572 	 42.0 	 73.0 	 0.26956521739130435 
296.0 	 563 	 572 	 41.87629318237305 	 73.09176635742188 	 0.27151430840879714 
297.0 	 566 	 572 	 42.0 	 72.0 	 0.2631578947368421 
298.0 	 568 	 572 	 42.0 	 73.0 	 0.26956521739130435 
299.0 	 571 	 572 	 42.33646774291992 	 73.78203582763672 	 0.2708058329877602 
300.0 	 573 	 572 	 43.0 	 72.0 	 0.25217391304347825 
301.0 	 575 	 572 	 41.0 	 73.0 	 0.2807017543859649 
302.0 	 578 	 572 	 42.0 	 73.0 	 0.26956521739130435 
303.0 	 580 	 572 	 42.0 	 72.0 	 0.2631578947368421 
304.0 	 582 	 572 	 42.0 	 72.0 	 0.2631578947368421 
305.0 	 584 	 572 	 42.0 	 73.0 	 0.26956521739130435 
306.0 	 586 	 572 	 42.0 	 73.0 	 0.26956521739130435 
307.0 	 588 	 572 	 42.0 	 72.0 	 0.2631578947368421 
308.0 	 591 	 572 	 42.0 	 72.0 	 0.2631578947368421 
309.0 	 593 	 572 	 42.0 	 73.0 	 0.26956521739130435 
310.0 	 595 	 572 	 42.0 	 72.0 	 0.2631578947368421 
311.0 	 598 	 572 	 42.0 	 71.0 	 0.25663716814159293 
312.0 	 600 	 572 	 42.0 	 71.0 	 0.25663716814159293 
313.0 	 602 	 571 	 41.0 	 70.0 	 0.26126126126126126 
314.0 	 605 	 571 	 42.0 	 72.0 	 0.2631578947368421 
315.0 	 607 	 571 	 42.0 	 72.0 	 0.2631578947368421 
316.0 	 609 	 571 	 42.0 	 71.0 	 0.25663716814159293 
317.0 	 611 	 572 	 42.0 	 73.0 	 0.26956521739130435 
318.0 	 613 	 571 	 42.0 	 73.0 	 0.26956521739130435 
319.0 	 615 	 572 	 42.0 	 73.0 	 0.26956521739130435 
320.0 	 618 	 571 	 42.0 	 72.0 	 0.2631578947368421 
321.0 	 620 	 571 	 42.0 	 73.0 	 0.26956521739130435 
322.0 	 623 	 571 	 42.0 	 73.0 	 0.26956521739130435 
323.0 	 625 	 571 	 42.0 	 74.0 	 0.27586206896551724 
324.0 	 627 	 571 	 42.0 	 74.0 	 0.27586206896551724 
325.0 	 629 	 571 	 73.0 	 42.0 	 0.26956521739130435 
326.0 	 632 	 571 	 42.0 	 73.0 	 0.26956521739130435 
327.0 	 634 	 571 	 42.0 	 74.0 	 0.27586206896551724 
328.0 	 636 	 571 	 41.0 	 73.0 	 0.2807017543859649 
329.0 	 638 	 571 	 41.0 	 74.0 	 0.28695652173913044 
330.0 	 641 	 571 	 42.0 	 74.0 	 0.27586206896551724 
331.0 	 643 	 571 	 41.0 	 74.0 	 0.28695652173913044 
332.0 	 646 	 571 	 41.0 	 74.0 	 0.28695652173913044 
333.0 	 648 	 571 	 41.0 	 74.0 	 0.28695652173913044 
334.0 	 651 	 571 	 42.0 	 74.0 	 0.27586206896551724 
335.0 	 653 	 571 	 41.0 	 74.0 	 0.28695652173913044 
336.0 	 656 	 571 	 41.0 	 74.0 	 0.28695652173913044 
337.0 	 657 	 571 	 41.0 	 73.0 	 0.2807017543859649 
338.0 	 659 	 571 	 40.0 	 73.0 	 0.2920353982300885 
339.0 	 662 	 571 	 40.0 	 73.0 	 0.2920353982300885 
340.0 	 664 	 571 	 40.0 	 72.0 	 0.2857142857142857 
341.0 	 666 	 571 	 41.0 	 71.0 	 0.26785714285714285 
342.0 	 669 	 571 	 41.0 	 73.0 	 0.2807017543859649 
343.0 	 671 	 571 	 41.0 	 73.0 	 0.2807017543859649 
344.0 	 674 	 571 	 72.0 	 41.0 	 0.2743362831858407 
345.0 	 676 	 571 	 73.0 	 41.0 	 0.2807017543859649 
346.0 	 679 	 571 	 41.0 	 74.0 	 0.28695652173913044 
347.0 	 681 	 571 	 41.0 	 74.0 	 0.28695652173913044 
348.0 	 683 	 571 	 41.0 	 73.0 	 0.2807017543859649 
349.0 	 685 	 571 	 40.0 	 74.0 	 0.2982456140350877 
350.0 	 687 	 571 	 40.0 	 73.0 	 0.2920353982300885 
351.0 	 689 	 571 	 40.0 	 74.0 	 0.2982456140350877 
352.0 	 692 	 571 	 40.0 	 74.0 	 0.2982456140350877 
353.0 	 695 	 571 	 40.0 	 74.0 	 0.2982456140350877 
354.0 	 697 	 571 	 40.0 	 75.0 	 0.30434782608695654 
355.0 	 699 	 571 	 40.0 	 75.0 	 0.30434782608695654 
356.0 	 702 	 571 	 40.0 	 74.0 	 0.2982456140350877 
357.0 	 704 	 571 	 40.0 	 73.0 	 0.2920353982300885 
358.0 	 706 	 571 	 40.0 	 74.0 	 0.2982456140350877 
359.0 	 708 	 571 	 40.0 	 74.0 	 0.2982456140350877 
360.0 	 711 	 571 	 40.0 	 73.0 	 0.2920353982300885 
361.0 	 713 	 571 	 40.0 	 74.0 	 0.2982456140350877 
362.0 	 715 	 571 	 40.0 	 74.0 	 0.2982456140350877 
363.0 	 718 	 571 	 40.0 	 74.0 	 0.2982456140350877 
364.0 	 721 	 571 	 40.0 	 74.0 	 0.2982456140350877 
365.0 	 723 	 571 	 40.0 	 75.0 	 0.30434782608695654 
366.0 	 725 	 571 	 40.0 	 74.0 	 0.2982456140350877 
367.0 	 728 	 571 	 40.0 	 74.0 	 0.2982456140350877 
368.0 	 730 	 571 	 41.0 	 74.0 	 0.28695652173913044 
369.0 	 732 	 571 	 41.0 	 73.0 	 0.2807017543859649 
370.0 	 734 	 571 	 41.0 	 74.0 	 0.28695652173913044 
371.0 	 736 	 571 	 41.0 	 74.0 	 0.28695652173913044 
372.0 	 739 	 571 	 73.0 	 41.0 	 0.2807017543859649 
373.0 	 741 	 571 	 40.0 	 74.0 	 0.2982456140350877 
374.0 	 744 	 571 	 40.0 	 74.0 	 0.2982456140350877 
375.0 	 746 	 571 	 40.0 	 73.0 	 0.2920353982300885 
376.0 	 749 	 571 	 40.0 	 73.0 	 0.2920353982300885 
377.0 	 751 	 571 	 40.0 	 74.0 	 0.2982456140350877 
378.0 	 754 	 571 	 40.0 	 73.0 	 0.2920353982300885 
379.0 	 756 	 571 	 41.0 	 73.0 	 0.2807017543859649 
380.0 	 758 	 571 	 41.0 	 73.0 	 0.2807017543859649 
381.0 	 760 	 571 	 40.0 	 73.0 	 0.2920353982300885 
382.0 	 762 	 571 	 40.0 	 74.0 	 0.2982456140350877 
383.0 	 764 	 571 	 40.0 	 74.0 	 0.2982456140350877 
384.0 	 767 	 571 	 41.0 	 73.0 	 0.2807017543859649 
385.0 	 769 	 571 	 39.0 	 75.0 	 0.3157894736842105 
386.0 	 771 	 571 	 39.0 	 74.0 	 0.30973451327433627 
387.0 	 774 	 571 	 39.0 	 74.0 	 0.30973451327433627 
388.0 	 776 	 571 	 39.0 	 73.0 	 0.30357142857142855 
389.0 	 778 	 571 	 39.0 	 74.0 	 0.30973451327433627 
390.0 	 780 	 571 	 39.0 	 75.0 	 0.3157894736842105 
391.0 	 783 	 571 	 39.0 	 74.0 	 0.30973451327433627 
392.0 	 784 	 571 	 40.0 	 75.0 	 0.30434782608695654 
393.0 	 786 	 571 	 39.0 	 75.0 	 0.3157894736842105 
394.0 	 789 	 571 	 40.0 	 74.0 	 0.2982456140350877 
395.0 	 790 	 571 	 40.0 	 74.0 	 0.2982456140350877 
396.0 	 793 	 571 	 40.0 	 74.0 	 0.2982456140350877 
397.0 	 795 	 571 	 39.0 	 75.0 	 0.3157894736842105 
398.0 	 798 	 571 	 39.0 	 76.0 	 0.3217391304347826 
399.0 	 800 	 571 	 39.0 	 76.0 	 0.3217391304347826 
400.0 	 803 	 571 	 39.0 	 75.0 	 0.3157894736842105 
401.0 	 805 	 571 	 39.0 	 75.0 	 0.3157894736842105 
402.0 	 807 	 571 	 39.0 	 75.0 	 0.3157894736842105 
403.0 	 809 	 571 	 39.0 	 75.0 	 0.3157894736842105 
404.0 	 811 	 571 	 39.0 	 75.0 	 0.3157894736842105 
405.0 	 813 	 571 	 39.0 	 75.0 	 0.3157894736842105 
406.0 	 816 	 571 	 38.0 	 74.0 	 0.32142857142857145 
407.0 	 818 	 571 	 40.0 	 74.0 	 0.2982456140350877 
408.0 	 820 	 571 	 40.0 	 75.0 	 0.30434782608695654 
409.0 	 822 	 570 	 39.0 	 74.0 	 0.30973451327433627 
410.0 	 825 	 570 	 39.0 	 74.0 	 0.30973451327433627 
411.0 	 827 	 570 	 40.0 	 75.0 	 0.30434782608695654 
412.0 	 830 	 570 	 40.0 	 74.0 	 0.2982456140350877 
413.0 	 832 	 570 	 40.0 	 74.0 	 0.2982456140350877 
414.0 	 834 	 570 	 40.0 	 74.0 	 0.2982456140350877 
415.0 	 836 	 570 	 40.0 	 74.0 	 0.2982456140350877 
416.0 	 838 	 570 	 40.0 	 74.0 	 0.2982456140350877 
417.0 	 840 	 570 	 40.0 	 75.0 	 0.30434782608695654 
418.0 	 842 	 570 	 40.0 	 75.0 	 0.30434782608695654 
419.0 	 845 	 570 	 40.0 	 75.0 	 0.30434782608695654 
420.0 	 847 	 570 	 40.0 	 74.0 	 0.2982456140350877 
421.0 	 849 	 570 	 39.0 	 74.0 	 0.30973451327433627 
422.0 	 852 	 570 	 39.0 	 75.0 	 0.3157894736842105 
423.0 	 854 	 570 	 39.0 	 74.0 	 0.30973451327433627 
424.0 	 857 	 570 	 39.0 	 74.0 	 0.30973451327433627 
425.0 	 859 	 570 	 38.0 	 74.0 	 0.32142857142857145 
426.0 	 861 	 570 	 39.0 	 75.0 	 0.3157894736842105 
427.0 	 863 	 570 	 39.0 	 75.0 	 0.3157894736842105 
428.0 	 865 	 570 	 39.0 	 74.0 	 0.30973451327433627 
429.0 	 867 	 570 	 41.0 	 74.0 	 0.28695652173913044 
430.0 	 869 	 570 	 41.0 	 75.0 	 0.29310344827586204 
431.0 	 871 	 570 	 40.0 	 74.0 	 0.2982456140350877 
432.0 	 874 	 570 	 40.0 	 75.0 	 0.30434782608695654 
433.0 	 875 	 570 	 39.0 	 75.0 	 0.3157894736842105 
434.0 	 878 	 570 	 39.0 	 74.0 	 0.30973451327433627 
435.0 	 880 	 570 	 39.0 	 74.0 	 0.30973451327433627 
436.0 	 882 	 570 	 39.0 	 75.0 	 0.3157894736842105 
437.0 	 884 	 570 	 39.0 	 74.0 	 0.30973451327433627 
438.0 	 886 	 570 	 39.0 	 74.0 	 0.30973451327433627 
439.0 	 888 	 570 	 40.0 	 75.0 	 0.30434782608695654 
440.0 	 890 	 570 	 40.0 	 75.0 	 0.30434782608695654 
441.0 	 893 	 570 	 40.0 	 75.0 	 0.30434782608695654 
442.0 	 895 	 570 	 41.0 	 75.0 	 0.29310344827586204 
443.0 	 897 	 570 	 41.0 	 74.0 	 0.28695652173913044 
444.0 	 900 	 570 	 75.0 	 40.0 	 0.30434782608695654 
445.0 	 902 	 570 	 40.0 	 74.0 	 0.2982456140350877 
446.0 	 904 	 570 	 40.0 	 75.0 	 0.30434782608695654 
447.0 	 907 	 570 	 40.0 	 74.0 	 0.2982456140350877 
448.0 	 909 	 570 	 75.0 	 41.0 	 0.29310344827586204 
449.0 	 911 	 570 	 41.0 	 75.0 	 0.29310344827586204 
450.0 	 913 	 570 	 40.0 	 75.0 	 0.30434782608695654 
451.0 	 915 	 570 	 40.0 	 75.0 	 0.30434782608695654 
452.0 	 917 	 570 	 40.0 	 75.0 	 0.30434782608695654 
453.0 	 920 	 570 	 40.0 	 75.0 	 0.30434782608695654 
454.0 	 922 	 570 	 40.0 	 75.0 	 0.30434782608695654 
455.0 	 925 	 570 	 41.0 	 75.0 	 0.29310344827586204 
456.0 	 927 	 570 	 40.0 	 75.0 	 0.30434782608695654 
457.0 	 929 	 570 	 39.0 	 75.0 	 0.3157894736842105 
458.0 	 931 	 570 	 39.0 	 75.0 	 0.3157894736842105 
459.0 	 933 	 570 	 39.0 	 74.0 	 0.30973451327433627 
460.0 	 936 	 570 	 39.0 	 74.0 	 0.30973451327433627 
461.0 	 938 	 570 	 39.0 	 75.0 	 0.3157894736842105 
462.0 	 940 	 570 	 39.0 	 75.0 	 0.3157894736842105 
463.0 	 942 	 570 	 39.0 	 75.0 	 0.3157894736842105 
464.0 	 945 	 570 	 39.0 	 74.0 	 0.30973451327433627 
465.0 	 947 	 570 	 39.0 	 75.0 	 0.3157894736842105 
466.0 	 949 	 570 	 39.0 	 76.0 	 0.3217391304347826 
467.0 	 952 	 570 	 39.0 	 76.0 	 0.3217391304347826 
468.0 	 954 	 570 	 39.0 	 75.0 	 0.3157894736842105 
469.0 	 956 	 570 	 39.0 	 75.0 	 0.3157894736842105 
470.0 	 958 	 570 	 39.0 	 76.0 	 0.3217391304347826 
471.0 	 960 	 570 	 39.0 	 75.0 	 0.3157894736842105 
472.0 	 962 	 570 	 39.0 	 75.0 	 0.3157894736842105 
473.0 	 964 	 570 	 39.0 	 76.0 	 0.3217391304347826 
474.0 	 967 	 570 	 39.0 	 76.0 	 0.3217391304347826 
475.0 	 969 	 570 	 38.0 	 75.0 	 0.3274336283185841 
476.0 	 971 	 570 	 39.0 	 76.0 	 0.3217391304347826 
477.0 	 974 	 570 	 39.0 	 75.0 	 0.3157894736842105 
478.0 	 976 	 570 	 39.0 	 75.0 	 0.3157894736842105 
479.0 	 979 	 570 	 39.0 	 75.0 	 0.3157894736842105 
480.0 	 981 	 570 	 39.0 	 76.0 	 0.3217391304347826 
481.0 	 983 	 570 	 38.0 	 76.0 	 0.3333333333333333 
482.0 	 985 	 570 	 38.0 	 76.0 	 0.3333333333333333 
483.0 	 987 	 570 	 39.0 	 77.0 	 0.3275862068965517 
484.0 	 990 	 570 	 39.0 	 76.0 	 0.3217391304347826 
485.0 	 992 	 570 	 39.0 	 76.0 	 0.3217391304347826 
486.0 	 994 	 570 	 39.0 	 76.0 	 0.3217391304347826 
487.0 	 997 	 570 	 39.0 	 75.0 	 0.3157894736842105 
488.0 	 999 	 570 	 39.0 	 75.0 	 0.3157894736842105 
489.0 	 1002 	 570 	 39.0 	 76.0 	 0.3217391304347826 
490.0 	 1004 	 570 	 39.0 	 76.0 	 0.3217391304347826 
491.0 	 1006 	 570 	 39.0 	 76.0 	 0.3217391304347826 
492.0 	 1008 	 570 	 39.0 	 76.0 	 0.3217391304347826 
493.0 	 1010 	 570 	 38.0 	 75.0 	 0.3274336283185841 
494.0 	 1012 	 570 	 38.0 	 77.0 	 0.3391304347826087 
495.0 	 1015 	 570 	 38.0 	 76.0 	 0.3333333333333333 
496.0 	 1017 	 570 	 38.0 	 76.0 	 0.3333333333333333 
497.0 	 1020 	 570 	 38.0 	 76.0 	 0.3333333333333333 
498.0 	 1023 	 570 	 38.0 	 76.0 	 0.3333333333333333 
499.0 	 1025 	 570 	 38.0 	 76.0 	 0.3333333333333333 
500.0 	 1027 	 570 	 38.0 	 75.0 	 0.3274336283185841 
501.0 	 1029 	 570 	 38.0 	 75.0 	 0.3274336283185841 
502.0 	 1031 	 570 	 39.0 	 77.0 	 0.3275862068965517 
503.0 	 1034 	 570 	 39.0 	 76.0 	 0.3217391304347826 
504.0 	 1036 	 570 	 39.0 	 75.0 	 0.3157894736842105 
505.0 	 1038 	 570 	 38.0 	 76.0 	 0.3333333333333333 
506.0 	 1041 	 570 	 38.0 	 76.0 	 0.3333333333333333 
507.0 	 1043 	 570 	 38.0 	 76.0 	 0.3333333333333333 
508.0 	 1045 	 570 	 38.0 	 77.0 	 0.3391304347826087 
509.0 	 1048 	 570 	 38.0 	 77.0 	 0.3391304347826087 
510.0 	 1051 	 570 	 38.0 	 78.0 	 0.3448275862068966 
511.0 	 1053 	 570 	 38.0 	 77.0 	 0.3391304347826087 
512.0 	 1055 	 570 	 38.0 	 77.0 	 0.3391304347826087 
513.0 	 1057 	 570 	 38.0 	 77.0 	 0.3391304347826087 
514.0 	 1059 	 570 	 38.0 	 77.0 	 0.3391304347826087 
515.0 	 1062 	 570 	 38.0 	 77.0 	 0.3391304347826087 
516.0 	 1064 	 570 	 37.0 	 76.0 	 0.34513274336283184 
517.0 	 1066 	 570 	 37.0 	 76.0 	 0.34513274336283184 
518.0 	 1069 	 570 	 37.0 	 77.0 	 0.3508771929824561 
519.0 	 1071 	 570 	 37.0 	 77.0 	 0.3508771929824561 
520.0 	 1074 	 570 	 37.0 	 76.0 	 0.34513274336283184 
521.0 	 1076 	 570 	 37.0 	 77.0 	 0.3508771929824561 
522.0 	 1078 	 570 	 37.0 	 77.0 	 0.3508771929824561 
523.0 	 1081 	 570 	 37.0 	 77.0 	 0.3508771929824561 
524.0 	 1083 	 570 	 37.0 	 78.0 	 0.3565217391304348 
525.0 	 1085 	 570 	 37.0 	 77.0 	 0.3508771929824561 
526.0 	 1087 	 569 	 37.0 	 78.0 	 0.3565217391304348 
527.0 	 1090 	 569 	 37.0 	 78.0 	 0.3565217391304348 
528.0 	 1092 	 569 	 37.0 	 78.0 	 0.3565217391304348 
529.0 	 1095 	 569 	 38.0 	 78.0 	 0.3448275862068966 
530.0 	 1097 	 569 	 38.0 	 77.0 	 0.3391304347826087 
531.0 	 1100 	 569 	 38.0 	 78.0 	 0.3448275862068966 
532.0 	 1102 	 569 	 79.0 	 38.0 	 0.3504273504273504 
533.0 	 1104 	 569 	 38.0 	 78.0 	 0.3448275862068966 
534.0 	 1107 	 569 	 37.0 	 79.0 	 0.3620689655172414 
535.0 	 1109 	 570 	 79.0 	 39.0 	 0.3389830508474576 
536.0 	 1111 	 570 	 38.0 	 79.0 	 0.3504273504273504 
537.0 	 1113 	 570 	 38.0 	 79.0 	 0.3504273504273504 
538.0 	 1115 	 570 	 38.0 	 80.0 	 0.3559322033898305 
539.0 	 1118 	 569 	 38.0 	 79.0 	 0.3504273504273504 
540.0 	 1121 	 569 	 38.0 	 79.0 	 0.3504273504273504 
541.0 	 1123 	 569 	 38.0 	 78.0 	 0.3448275862068966 
542.0 	 1125 	 569 	 38.0 	 77.0 	 0.3391304347826087 
543.0 	 1128 	 569 	 38.0 	 79.0 	 0.3504273504273504 
544.0 	 1130 	 569 	 38.0 	 80.0 	 0.3559322033898305 
545.0 	 1132 	 570 	 38.0 	 79.0 	 0.3504273504273504 
546.0 	 1134 	 570 	 39.0 	 80.0 	 0.3445378151260504 
547.0 	 1136 	 570 	 38.0 	 81.0 	 0.36134453781512604 
548.0 	 1138 	 569 	 38.0 	 81.0 	 0.36134453781512604 
549.0 	 1140 	 570 	 38.0 	 80.0 	 0.3559322033898305 
550.0 	 1143 	 570 	 38.0 	 80.0 	 0.3559322033898305 
551.0 	 1145 	 570 	 38.0 	 81.0 	 0.36134453781512604 
552.0 	 1148 	 570 	 38.0 	 81.0 	 0.36134453781512604 
553.0 	 1150 	 570 	 37.0 	 80.0 	 0.36752136752136755 
554.0 	 1153 	 570 	 37.0 	 81.0 	 0.3728813559322034 
555.0 	 1155 	 570 	 38.0 	 81.0 	 0.36134453781512604 
556.0 	 1157 	 570 	 82.0 	 39.0 	 0.35537190082644626 
557.0 	 1159 	 570 	 38.0 	 82.0 	 0.36666666666666664 
558.0 	 1162 	 570 	 39.0 	 83.0 	 0.36065573770491804 
559.0 	 1163 	 570 	 39.0 	 86.0 	 0.376 
560.0 	 1166 	 570 	 39.0 	 87.0 	 0.38095238095238093 
561.0 	 1168 	 570 	 39.0 	 87.0 	 0.38095238095238093 
562.0 	 1170 	 570 	 39.0 	 88.0 	 0.3858267716535433 
563.0 	 1172 	 569 	 39.0 	 88.0 	 0.3858267716535433 
564.0 	 1175 	 569 	 40.0 	 87.0 	 0.3700787401574803 
565.0 	 1177 	 569 	 38.0 	 88.0 	 0.3968253968253968 
566.0 	 1179 	 569 	 39.0 	 90.0 	 0.3953488372093023 
567.0 	 1181 	 569 	 89.0 	 39.0 	 0.390625 
568.0 	 1184 	 569 	 38.0 	 88.0 	 0.3968253968253968 
569.0 	 1186 	 569 	 39.0 	 89.0 	 0.390625 
570.0 	 1188 	 569 	 38.0 	 90.0 	 0.40625 
571.0 	 1191 	 569 	 38.0 	 88.0 	 0.3968253968253968 
572.0 	 1193 	 569 	 38.0 	 90.0 	 0.40625 
573.0 	 1195 	 569 	 38.0 	 90.0 	 0.40625 
574.0 	 1198 	 569 	 38.0 	 89.0 	 0.4015748031496063 
575.0 	 1200 	 569 	 38.0 	 89.0 	 0.4015748031496063 
576.0 	 1202 	 569 	 39.74519348144531 	 88.90609741210938 	 0.3821252285088962 
577.0 	 1204 	 569 	 38.0 	 88.0 	 0.3968253968253968 
578.0 	 1206 	 569 	 38.0 	 86.0 	 0.3870967741935484 
579.0 	 1208 	 569 	 39.0 	 88.0 	 0.3858267716535433 
580.0 	 1210 	 569 	 39.0 	 88.0 	 0.3858267716535433 
581.0 	 1213 	 569 	 39.0 	 87.0 	 0.38095238095238093 
582.0 	 1214 	 569 	 39.0 	 87.0 	 0.38095238095238093 
583.0 	 1217 	 569 	 39.0 	 86.0 	 0.376 
584.0 	 1220 	 569 	 39.0 	 87.0 	 0.38095238095238093 
585.0 	 1222 	 569 	 40.0 	 89.0 	 0.3798449612403101 
586.0 	 1224 	 569 	 40.0 	 88.0 	 0.375 
587.0 	 1227 	 569 	 39.0 	 87.0 	 0.38095238095238093 
588.0 	 1229 	 569 	 40.0 	 89.0 	 0.3798449612403101 
589.0 	 1231 	 569 	 39.0 	 88.0 	 0.3858267716535433 
590.0 	 1233 	 569 	 39.0 	 87.0 	 0.38095238095238093 
591.0 	 1235 	 569 	 40.0 	 87.0 	 0.3700787401574803 
592.0 	 1238 	 569 	 40.0 	 89.0 	 0.3798449612403101 
593.0 	 1240 	 569 	 39.0 	 88.0 	 0.3858267716535433 
594.0 	 1242 	 569 	 39.0 	 89.0 	 0.390625 
595.0 	 1244 	 569 	 39.0 	 88.0 	 0.3858267716535433 
596.0 	 1247 	 569 	 39.0 	 87.0 	 0.38095238095238093 
597.0 	 1249 	 569 	 39.0 	 87.0 	 0.38095238095238093 
598.0 	 1251 	 569 	 39.8829460144043 	 89.19578552246094 	 0.3820369081793522 
599.0 	 1253 	 569 	 39.8597297668457 	 88.01576232910156 	 0.3765853157079038 
600.0 	 1256 	 569 	 39.844879150390625 	 88.13768005371094 	 0.37733892183156653 
601.0 	 1258 	 569 	 38.0 	 87.0 	 0.392 
602.0 	 1260 	 569 	 38.0 	 87.0 	 0.392 
603.0 	 1263 	 569 	 38.0 	 85.0 	 0.3821138211382114 
604.0 	 1265 	 569 	 40.0 	 88.0 	 0.375 
605.0 	 1267 	 569 	 40.0 	 86.0 	 0.36507936507936506 
606.0 	 1269 	 569 	 39.0 	 85.0 	 0.3709677419354839 
607.0 	 1271 	 569 	 40.0 	 87.0 	 0.3700787401574803 
608.0 	 1274 	 569 	 39.0 	 86.0 	 0.376 
609.0 	 1276 	 569 	 39.0 	 86.0 	 0.376 
610.0 	 1278 	 569 	 39.0 	 87.0 	 0.38095238095238093 
611.0 	 1281 	 569 	 39.0 	 87.0 	 0.38095238095238093 
612.0 	 1283 	 569 	 39.0 	 86.0 	 0.376 
613.0 	 1285 	 569 	 39.0 	 86.0 	 0.376 
614.0 	 1287 	 569 	 40.0 	 88.0 	 0.375 
615.0 	 1290 	 569 	 39.0 	 87.0 	 0.38095238095238093 
616.0 	 1292 	 569 	 39.0 	 87.0 	 0.38095238095238093 
617.0 	 1294 	 569 	 40.0 	 88.0 	 0.375 
618.0 	 1296 	 569 	 40.0 	 87.0 	 0.3700787401574803 
619.0 	 1299 	 569 	 40.0 	 86.0 	 0.36507936507936506 
620.0 	 1301 	 569 	 40.0 	 86.0 	 0.36507936507936506 
621.0 	 1304 	 569 	 40.0 	 87.0 	 0.3700787401574803 
622.0 	 1306 	 569 	 40.0 	 86.0 	 0.36507936507936506 
623.0 	 1308 	 569 	 40.63880920410156 	 87.35134887695312 	 0.36496977871743114 
624.0 	 1310 	 569 	 40.0 	 86.0 	 0.36507936507936506 
625.0 	 1312 	 569 	 39.0 	 86.0 	 0.376 
626.0 	 1314 	 569 	 40.0 	 88.0 	 0.375 
627.0 	 1316 	 569 	 40.0 	 88.0 	 0.375 
628.0 	 1319 	 569 	 40.0 	 88.0 	 0.375 
629.0 	 1321 	 569 	 41.0 	 88.0 	 0.3643410852713178 
630.0 	 1323 	 569 	 40.0 	 89.0 	 0.3798449612403101 
631.0 	 1326 	 569 	 40.0 	 87.0 	 0.3700787401574803 
632.0 	 1328 	 569 	 39.0 	 89.0 	 0.390625 
633.0 	 1330 	 569 	 39.0 	 89.0 	 0.390625 
634.0 	 1333 	 569 	 39.0 	 88.0 	 0.3858267716535433 
635.0 	 1335 	 569 	 39.0 	 88.0 	 0.3858267716535433 
636.0 	 1337 	 569 	 39.0 	 89.0 	 0.390625 
637.0 	 1339 	 569 	 38.0 	 87.0 	 0.392 
638.0 	 1341 	 569 	 38.0 	 86.0 	 0.3870967741935484 
639.0 	 1344 	 569 	 39.0 	 87.0 	 0.38095238095238093 
640.0 	 1346 	 569 	 39.0 	 87.0 	 0.38095238095238093 
641.0 	 1349 	 569 	 39.0 	 87.0 	 0.38095238095238093 
642.0 	 1351 	 569 	 39.0 	 88.0 	 0.3858267716535433 
643.0 	 1353 	 569 	 39.0 	 88.0 	 0.3858267716535433 
644.0 	 1356 	 569 	 39.0 	 87.0 	 0.38095238095238093 
645.0 	 1358 	 569 	 38.0 	 89.0 	 0.4015748031496063 
646.0 	 1360 	 569 	 39.0 	 87.0 	 0.38095238095238093 
647.0 	 1362 	 569 	 39.0 	 89.0 	 0.390625 
648.0 	 1364 	 569 	 38.60713195800781 	 88.14186096191406 	 0.39080964560563847 
649.0 	 1366 	 569 	 38.0 	 89.0 	 0.4015748031496063 
650.0 	 1369 	 569 	 38.0 	 89.0 	 0.4015748031496063 
651.0 	 1372 	 569 	 38.0 	 88.0 	 0.3968253968253968 
652.0 	 1374 	 569 	 38.0 	 90.0 	 0.40625 
653.0 	 1376 	 569 	 39.0 	 90.0 	 0.3953488372093023 
654.0 	 1378 	 569 	 39.0 	 89.0 	 0.390625 
655.0 	 1381 	 569 	 38.8607292175293 	 90.13595581054688 	 0.39749259123874003 
656.0 	 1383 	 569 	 38.8412971496582 	 90.21338653564453 	 0.39806450970238433 
657.0 	 1386 	 569 	 38.73585891723633 	 89.13977813720703 	 0.394163582532231 
658.0 	 1388 	 569 	 38.832881927490234 	 90.13224029541016 	 0.3977769918230704 
659.0 	 1390 	 569 	 39.0 	 89.0 	 0.390625 
660.0 	 1393 	 568 	 39.0 	 90.0 	 0.3953488372093023 
661.0 	 1395 	 569 	 38.0 	 89.0 	 0.4015748031496063 
662.0 	 1397 	 568 	 38.0 	 90.0 	 0.40625 
663.0 	 1400 	 569 	 39.0 	 89.0 	 0.390625 
664.0 	 1402 	 569 	 39.0 	 87.0 	 0.38095238095238093 
665.0 	 1404 	 568 	 39.0 	 88.0 	 0.3858267716535433 
666.0 	 1406 	 569 	 90.30599212646484 	 38.70256805419922 	 0.4 
667.0 	 1410 	 569 	 38.0 	 92.0 	 0.4153846153846154 
668.0 	 1412 	 569 	 38.0 	 92.0 	 0.4153846153846154 
669.0 	 1414 	 569 	 38.0 	 92.0 	 0.4153846153846154 
670.0 	 1417 	 569 	 37.68468475341797 	 90.29607391357422 	 0.4110882738010005 
671.0 	 1419 	 569 	 37.57320022583008 	 90.2625503540039 	 0.41216443670246294 
672.0 	 1421 	 569 	 38.838775634765625 	 91.12835693359375 	 0.4023292679118326 
673.0 	 1424 	 569 	 37.0 	 90.0 	 0.41732283464566927 
674.0 	 1426 	 569 	 37.0 	 91.0 	 0.421875 
675.0 	 1428 	 568 	 38.0 	 91.0 	 0.4108527131782946 
676.0 	 1431 	 568 	 37.0 	 90.0 	 0.41732283464566927 
677.0 	 1433 	 568 	 37.0 	 90.0 	 0.41732283464566927 
678.0 	 1435 	 568 	 38.0 	 91.0 	 0.4108527131782946 
679.0 	 1437 	 568 	 38.0 	 90.0 	 0.40625 
680.0 	 1440 	 568 	 38.0 	 90.0 	 0.40625 
681.0 	 1442 	 569 	 40.0 	 91.0 	 0.3893129770992366 
682.0 	 1444 	 568 	 39.0 	 92.0 	 0.40458015267175573 
683.0 	 1447 	 568 	 39.0 	 90.0 	 0.3953488372093023 
684.0 	 1449 	 569 	 38.0 	 90.0 	 0.40625 
685.0 	 1451 	 568 	 37.0 	 89.0 	 0.4126984126984127 
686.0 	 1453 	 568 	 37.0 	 90.0 	 0.41732283464566927 
687.0 	 1455 	 568 	 38.0 	 91.0 	 0.4108527131782946 
688.0 	 1458 	 569 	 39.0 	 92.0 	 0.40458015267175573 
689.0 	 1460 	 568 	 38.0 	 91.0 	 0.4108527131782946 
690.0 	 1462 	 569 	 39.0 	 92.0 	 0.40458015267175573 
691.0 	 1465 	 569 	 39.0 	 91.0 	 0.4 
692.0 	 1467 	 569 	 39.0 	 90.0 	 0.3953488372093023 
693.0 	 1469 	 569 	 39.0 	 91.0 	 0.4 
694.0 	 1472 	 569 	 93.0 	 40.0 	 0.39849624060150374 
695.0 	 1474 	 569 	 40.0 	 92.0 	 0.3939393939393939 
696.0 	 1476 	 569 	 40.0 	 92.0 	 0.3939393939393939 
697.0 	 1478 	 568 	 39.0 	 91.0 	 0.4 
698.0 	 1480 	 568 	 39.0 	 89.0 	 0.390625 
699.0 	 1483 	 568 	 38.0 	 90.0 	 0.40625 
700.0 	 1485 	 569 	 39.0 	 91.0 	 0.4 
701.0 	 1487 	 569 	 39.0 	 91.0 	 0.4 
702.0 	 1489 	 569 	 40.0 	 92.0 	 0.3939393939393939 
703.0 	 1491 	 569 	 40.0 	 92.0 	 0.3939393939393939 
704.0 	 1494 	 569 	 40.0 	 92.0 	 0.3939393939393939 
705.0 	 1496 	 568 	 39.0 	 93.0 	 0.4090909090909091 
706.0 	 1499 	 568 	 40.0 	 93.0 	 0.39849624060150374 
707.0 	 1502 	 569 	 40.0 	 92.0 	 0.3939393939393939 
708.0 	 1504 	 568 	 40.0 	 89.0 	 0.3798449612403101 
709.0 	 1506 	 568 	 39.0 	 90.0 	 0.3953488372093023 
710.0 	 1508 	 568 	 39.0 	 90.0 	 0.3953488372093023 
711.0 	 1510 	 568 	 39.0 	 88.0 	 0.3858267716535433 
712.0 	 1513 	 569 	 39.0 	 90.0 	 0.3953488372093023 
713.0 	 1515 	 569 	 39.0 	 90.0 	 0.3953488372093023 
714.0 	 1518 	 568 	 39.0 	 89.0 	 0.390625 
715.0 	 1520 	 569 	 40.0 	 89.0 	 0.3798449612403101 
716.0 	 1522 	 568 	 40.0 	 89.0 	 0.3798449612403101 
717.0 	 1525 	 568 	 40.0 	 88.0 	 0.375 
718.0 	 1527 	 568 	 40.0 	 88.0 	 0.375 
719.0 	 1529 	 569 	 41.0 	 90.0 	 0.37404580152671757 
720.0 	 1532 	 569 	 41.0 	 89.0 	 0.36923076923076925 
721.0 	 1533 	 568 	 39.0 	 88.0 	 0.3858267716535433 
722.0 	 1536 	 568 	 41.0 	 89.0 	 0.36923076923076925 
723.0 	 1538 	 569 	 41.0 	 88.0 	 0.3643410852713178 
724.0 	 1540 	 568 	 40.00049591064453 	 87.76227569580078 	 0.3738317444480579 
725.0 	 1543 	 568 	 39.0 	 89.0 	 0.390625 
726.0 	 1545 	 568 	 39.0 	 90.0 	 0.3953488372093023 
727.0 	 1547 	 568 	 39.0 	 88.0 	 0.3858267716535433 
728.0 	 1549 	 568 	 40.0 	 90.0 	 0.38461538461538464 
729.0 	 1552 	 568 	 39.865787506103516 	 89.00782012939453 	 0.38131960084707767 
730.0 	 1554 	 568 	 38.0 	 88.0 	 0.3968253968253968 
731.0 	 1556 	 568 	 40.0 	 90.0 	 0.38461538461538464 
732.0 	 1559 	 568 	 39.0 	 89.0 	 0.390625 
733.0 	 1561 	 568 	 37.0 	 89.0 	 0.4126984126984127 
734.0 	 1563 	 568 	 37.0 	 88.0 	 0.408 
735.0 	 1565 	 568 	 38.0 	 90.0 	 0.40625 
736.0 	 1568 	 568 	 37.0 	 89.0 	 0.4126984126984127 
737.0 	 1570 	 568 	 37.0 	 89.0 	 0.4126984126984127 
738.0 	 1572 	 568 	 39.0 	 90.0 	 0.3953488372093023 
739.0 	 1575 	 568 	 38.0 	 89.0 	 0.4015748031496063 
740.0 	 1577 	 568 	 38.0 	 87.0 	 0.392 
741.0 	 1580 	 568 	 38.0 	 90.0 	 0.40625 
742.0 	 1582 	 568 	 38.0 	 90.0 	 0.40625 
743.0 	 1584 	 568 	 89.12641906738281 	 37.35699462890625 	 0.4092981279172689 
744.0 	 1586 	 569 	 90.0 	 38.0 	 0.40625 
745.0 	 1588 	 568 	 37.0 	 87.0 	 0.4032258064516129 
746.0 	 1590 	 568 	 37.0 	 86.0 	 0.3983739837398374 
747.0 	 1592 	 568 	 36.7766227722168 	 88.08638763427734 	 0.4109284622805468 
748.0 	 1595 	 568 	 36.0 	 88.0 	 0.41935483870967744 
749.0 	 1597 	 568 	 36.740814208984375 	 86.08203887939453 	 0.4017267424565198 
750.0 	 1600 	 568 	 37.75825881958008 	 88.9638671875 	 0.40407788269791983 
751.0 	 1602 	 568 	 37.0 	 90.0 	 0.41732283464566927 
752.0 	 1605 	 568 	 38.0 	 87.0 	 0.392 
753.0 	 1607 	 568 	 38.0 	 86.0 	 0.3870967741935484 
754.0 	 1609 	 568 	 38.0 	 88.0 	 0.3968253968253968 
755.0 	 1611 	 568 	 37.0 	 87.0 	 0.4032258064516129 
756.0 	 1613 	 568 	 37.0 	 87.0 	 0.4032258064516129 
757.0 	 1615 	 568 	 35.97861862182617 	 87.01725769042969 	 0.41496219709861765 
758.0 	 1618 	 568 	 36.0 	 87.0 	 0.4146341463414634 
759.0 	 1620 	 568 	 35.0 	 87.0 	 0.4262295081967213 
760.0 	 1622 	 568 	 36.0 	 88.0 	 0.41935483870967744 
761.0 	 1625 	 568 	 36.0 	 87.0 	 0.4146341463414634 
762.0 	 1627 	 568 	 36.0 	 86.0 	 0.4098360655737705 
763.0 	 1629 	 568 	 37.0 	 88.0 	 0.408 
764.0 	 1632 	 568 	 87.0 	 37.0 	 0.4032258064516129 
765.0 	 1634 	 568 	 86.0 	 37.0 	 0.3983739837398374 
766.0 	 1636 	 568 	 37.0 	 87.0 	 0.4032258064516129 
767.0 	 1638 	 568 	 37.0 	 87.0 	 0.4032258064516129 
768.0 	 1640 	 568 	 36.0 	 87.0 	 0.4146341463414634 
769.0 	 1642 	 568 	 35.0 	 84.0 	 0.4117647058823529 
770.0 	 1644 	 568 	 35.0 	 86.0 	 0.4214876033057851 
771.0 	 1647 	 568 	 35.0 	 85.0 	 0.4166666666666667 
772.0 	 1649 	 568 	 35.0 	 85.0 	 0.4166666666666667 
773.0 	 1651 	 568 	 35.0 	 87.0 	 0.4262295081967213 
774.0 	 1654 	 568 	 35.0 	 85.0 	 0.4166666666666667 
775.0 	 1656 	 568 	 35.0 	 83.0 	 0.4067796610169492 
776.0 	 1658 	 568 	 36.0 	 85.0 	 0.4049586776859504 
777.0 	 1660 	 568 	 36.0 	 84.0 	 0.4 
778.0 	 1663 	 568 	 35.0 	 86.0 	 0.4214876033057851 
779.0 	 1665 	 568 	 36.66093063354492 	 85.43990325927734 	 0.3994974569014791 
780.0 	 1668 	 568 	 36.0 	 85.0 	 0.4049586776859504 
781.0 	 1669 	 568 	 35.0 	 86.0 	 0.4214876033057851 
782.0 	 1672 	 568 	 36.60427474975586 	 86.39207458496094 	 0.4047908747251902 
783.0 	 1675 	 568 	 36.0 	 86.0 	 0.4098360655737705 
784.0 	 1677 	 568 	 35.0 	 85.0 	 0.4166666666666667 
785.0 	 1679 	 568 	 35.816558837890625 	 87.23448944091797 	 0.41785853369184467 
786.0 	 1681 	 568 	 36.0 	 88.0 	 0.41935483870967744 
787.0 	 1684 	 568 	 36.0 	 86.0 	 0.4098360655737705 
788.0 	 1686 	 568 	 36.0 	 87.0 	 0.4146341463414634 
789.0 	 1688 	 568 	 36.36654281616211 	 88.20289611816406 	 0.41612416131480223 
790.0 	 1691 	 568 	 36.0 	 88.0 	 0.41935483870967744 
791.0 	 1694 	 568 	 36.0 	 87.0 	 0.4146341463414634 
792.0 	 1695 	 568 	 37.0 	 88.0 	 0.408 
793.0 	 1697 	 568 	 35.0 	 86.0 	 0.4214876033057851 
794.0 	 1700 	 568 	 35.0 	 85.0 	 0.4166666666666667 
795.0 	 1702 	 568 	 35.0 	 87.0 	 0.4262295081967213 
796.0 	 1704 	 568 	 36.0 	 87.0 	 0.4146341463414634 
797.0 	 1707 	 568 	 34.0 	 86.0 	 0.43333333333333335 
798.0 	 1708 	 568 	 36.0 	 88.0 	 0.41935483870967744 
799.0 	 1711 	 568 	 36.0 	 87.0 	 0.4146341463414634 
800.0 	 1713 	 568 	 87.05142974853516 	 34.56888961791992 	 0.4315277282941488 
801.0 	 1716 	 568 	 35.0 	 88.0 	 0.43089430894308944 
802.0 	 1718 	 568 	 88.24628448486328 	 35.424652099609375 	 0.42711435559618666 
803.0 	 1720 	 568 	 35.0 	 86.0 	 0.4214876033057851 
804.0 	 1723 	 568 	 35.0 	 85.0 	 0.4166666666666667 
805.0 	 1726 	 567 	 35.0 	 84.0 	 0.4117647058823529 
806.0 	 1728 	 567 	 35.0 	 84.0 	 0.4117647058823529 
807.0 	 1730 	 567 	 35.0 	 84.0 	 0.4117647058823529 
808.0 	 1732 	 567 	 36.0 	 86.0 	 0.4098360655737705 
809.0 	 1734 	 567 	 36.0 	 87.0 	 0.4146341463414634 
810.0 	 1737 	 567 	 35.54008102416992 	 86.3521728515625 	 0.41686071273400893 
811.0 	 1739 	 568 	 36.0 	 86.0 	 0.4098360655737705 
812.0 	 1742 	 568 	 36.63096618652344 	 86.467529296875 	 0.4048511146675446 
813.0 	 1744 	 568 	 35.0 	 84.0 	 0.4117647058823529 
814.0 	 1746 	 568 	 37.0 	 86.0 	 0.3983739837398374 
815.0 	 1749 	 568 	 37.0 	 87.0 	 0.4032258064516129 
816.0 	 1751 	 568 	 36.82374954223633 	 85.19691467285156 	 0.3964342059747113 
817.0 	 1753 	 568 	 35.0 	 83.0 	 0.4067796610169492 
818.0 	 1755 	 568 	 35.0 	 85.0 	 0.4166666666666667 
819.0 	 1758 	 568 	 35.0 	 84.0 	 0.4117647058823529 
820.0 	 1760 	 568 	 35.0 	 85.0 	 0.4166666666666667 
821.0 	 1762 	 568 	 36.0 	 87.0 	 0.4146341463414634 
822.0 	 1764 	 568 	 35.0 	 86.0 	 0.4214876033057851 
823.0 	 1767 	 568 	 85.0911636352539 	 34.747535705566406 	 0.42009491263344423 
824.0 	 1769 	 568 	 36.0 	 86.0 	 0.4098360655737705 
825.0 	 1771 	 568 	 36.0 	 85.0 	 0.4049586776859504 
826.0 	 1774 	 568 	 83.59667205810547 	 35.00680160522461 	 0.4096833672073461 
827.0 	 1776 	 568 	 86.45035552978516 	 35.792606353759766 	 0.4144021741250398 
828.0 	 1778 	 568 	 35.0 	 87.0 	 0.4262295081967213 
829.0 	 1781 	 568 	 34.76343536376953 	 85.38182067871094 	 0.42130989589005463 
830.0 	 1783 	 568 	 35.0 	 87.0 	 0.4262295081967213 
831.0 	 1785 	 568 	 35.0 	 88.0 	 0.43089430894308944 
832.0 	 1788 	 568 	 86.08946990966797 	 34.779701232910156 	 0.424506664451537 
833.0 	 1790 	 567 	 35.83259963989258 	 86.78810119628906 	 0.41555382744445274 
834.0 	 1793 	 568 	 36.0 	 87.0 	 0.4146341463414634 
835.0 	 1795 	 568 	 35.920841217041016 	 85.07568359375 	 0.4062500344830163 
836.0 	 1797 	 568 	 34.0 	 85.0 	 0.42857142857142855 
837.0 	 1799 	 568 	 35.0 	 87.0 	 0.4262295081967213 
838.0 	 1802 	 568 	 35.0 	 85.0 	 0.4166666666666667 
839.0 	 1805 	 568 	 35.0 	 86.0 	 0.4214876033057851 
840.0 	 1807 	 568 	 36.0 	 87.0 	 0.4146341463414634 
841.0 	 1809 	 567 	 34.0 	 84.0 	 0.423728813559322 
842.0 	 1812 	 567 	 34.0 	 84.0 	 0.423728813559322 
843.0 	 1814 	 567 	 35.0 	 86.0 	 0.4214876033057851 
844.0 	 1817 	 567 	 35.0 	 86.0 	 0.4214876033057851 
845.0 	 1820 	 568 	 34.0 	 84.0 	 0.423728813559322 
846.0 	 1821 	 567 	 35.0 	 88.0 	 0.43089430894308944 
847.0 	 1823 	 567 	 35.0 	 88.0 	 0.43089430894308944 
848.0 	 1826 	 567 	 34.0 	 86.0 	 0.43333333333333335 
849.0 	 1828 	 567 	 35.0 	 87.0 	 0.4262295081967213 
850.0 	 1831 	 567 	 35.0 	 88.0 	 0.43089430894308944 
851.0 	 1833 	 567 	 34.970184326171875 	 86.67518615722656 	 0.42504701679634516 
852.0 	 1836 	 567 	 35.0 	 89.0 	 0.43548387096774194 
853.0 	 1839 	 567 	 36.0 	 85.0 	 0.4049586776859504 
854.0 	 1841 	 567 	 36.0 	 85.0 	 0.4049586776859504 
855.0 	 1844 	 567 	 35.0 	 84.0 	 0.4117647058823529 
856.0 	 1846 	 567 	 37.0 	 87.0 	 0.4032258064516129 
857.0 	 1848 	 568 	 36.0 	 87.0 	 0.4146341463414634 
858.0 	 1851 	 567 	 36.0 	 86.0 	 0.4098360655737705 
859.0 	 1853 	 567 	 37.0 	 88.0 	 0.408 
860.0 	 1855 	 567 	 37.0 	 86.0 	 0.3983739837398374 
861.0 	 1857 	 567 	 35.0 	 85.0 	 0.4166666666666667 
862.0 	 1860 	 567 	 37.0 	 89.0 	 0.4126984126984127 
863.0 	 1862 	 567 	 36.0 	 89.0 	 0.424 
864.0 	 1865 	 567 	 35.0 	 87.0 	 0.4262295081967213 
865.0 	 1868 	 567 	 34.0 	 86.0 	 0.43333333333333335 
866.0 	 1870 	 567 	 35.0 	 87.0 	 0.4262295081967213 
867.0 	 1871 	 567 	 33.0 	 85.0 	 0.4406779661016949 
868.0 	 1874 	 567 	 35.0 	 88.0 	 0.43089430894308944 
869.0 	 1876 	 567 	 35.0 	 88.0 	 0.43089430894308944 
870.0 	 1878 	 567 	 34.0 	 84.0 	 0.423728813559322 
871.0 	 1879 	 567 	 35.0 	 83.0 	 0.4067796610169492 
872.0 	 1881 	 567 	 35.0 	 81.0 	 0.39655172413793105 
873.0 	 1883 	 567 	 34.0 	 77.0 	 0.38738738738738737 
874.0 	 1885 	 567 	 34.0 	 74.0 	 0.37037037037037035 
875.0 	 1885 	 567 	 36.0 	 73.0 	 0.3394495412844037 
876.0 	 1887 	 567 	 35.0 	 70.0 	 0.3333333333333333 
877.0 	 1888 	 567 	 33.0 	 68.0 	 0.3465346534653465 
878.0 	 1889 	 567 	 35.0 	 66.0 	 0.3069306930693069 
879.0 	 1890 	 567 	 35.0 	 63.0 	 0.2857142857142857 
880.0 	 1892 	 567 	 33.0 	 60.0 	 0.2903225806451613 
881.0 	 1892 	 567 	 35.0 	 59.0 	 0.2553191489361702 
882.0 	 1894 	 567 	 34.0 	 56.0 	 0.24444444444444444 
883.0 	 1895 	 567 	 33.0 	 54.0 	 0.2413793103448276 
884.0 	 1895 	 567 	 35.0 	 53.0 	 0.20454545454545456 
885.0 	 1897 	 567 	 34.0 	 50.0 	 0.19047619047619047 
886.0 	 1898 	 567 	 32.0 	 46.0 	 0.1794871794871795 
887.0 	 1899 	 567 	 33.0 	 45.0 	 0.15384615384615385 
888.0 	 1900 	 567 	 33.0 	 44.0 	 0.14285714285714285 
889.0 	 1901 	 567 	 29.0 	 39.0 	 0.14705882352941177 
890.0 	 1902 	 567 	 29.0 	 37.0 	 0.12121212121212122 
891.0 	 1902 	 567 	 31.0 	 36.0 	 0.07462686567164178 
892.0 	 1904 	 567 	 28.0 	 33.0 	 0.08196721311475409 
893.0 	 1905 	 567 	 30.0 	 28.0 	 0.034482758620689655 
894.0 	 1905 	 567 	 28.0 	 30.0 	 0.034482758620689655 
895.0 	 1907 	 567 	 28.0 	 26.0 	 0.037037037037037035 
896.0 	 1909 	 567 	 26.0 	 23.0 	 0.061224489795918366 
