frame 	 x 	 y 	 width 	 height 	 deformation 
1.0 	 214 	 617 	 45.0 	 43.0 	 0.022727272727272728 
2.0 	 214 	 617 	 43.0 	 46.0 	 0.033707865168539325 
3.0 	 214 	 617 	 43.0 	 46.0 	 0.033707865168539325 
4.0 	 213 	 617 	 43.0 	 46.0 	 0.033707865168539325 
5.0 	 213 	 617 	 46.0 	 43.0 	 0.033707865168539325 
6.0 	 213 	 617 	 43.0 	 47.0 	 0.044444444444444446 
7.0 	 214 	 617 	 47.0 	 44.0 	 0.03296703296703297 
8.0 	 214 	 617 	 47.0 	 44.0 	 0.03296703296703297 
9.0 	 214 	 617 	 44.0 	 47.0 	 0.03296703296703297 
10.0 	 214 	 617 	 46.0 	 44.0 	 0.022222222222222223 
11.0 	 214 	 617 	 46.0 	 45.0 	 0.01098901098901099 
12.0 	 214 	 617 	 46.0 	 45.0 	 0.01098901098901099 
13.0 	 214 	 617 	 46.0 	 45.0 	 0.01098901098901099 
14.0 	 214 	 617 	 45.0 	 46.0 	 0.01098901098901099 
15.0 	 214 	 617 	 45.0 	 45.0 	 0.0 
16.0 	 214 	 617 	 45.0 	 45.0 	 0.0 
17.0 	 214 	 617 	 45.0 	 46.0 	 0.01098901098901099 
18.0 	 214 	 617 	 46.0 	 45.0 	 0.01098901098901099 
19.0 	 214 	 617 	 46.0 	 46.0 	 0.0 
20.0 	 214 	 617 	 46.0 	 46.0 	 0.0 
21.0 	 213 	 617 	 46.0 	 45.0 	 0.01098901098901099 
22.0 	 214 	 617 	 45.0 	 44.0 	 0.011235955056179775 
23.0 	 214 	 617 	 44.0 	 44.0 	 0.0 
24.0 	 214 	 617 	 44.0 	 45.0 	 0.011235955056179775 
25.0 	 214 	 617 	 43.0 	 44.0 	 0.011494252873563218 
26.0 	 214 	 617 	 43.0 	 44.0 	 0.011494252873563218 
27.0 	 214 	 617 	 43.0 	 44.0 	 0.011494252873563218 
28.0 	 214 	 617 	 43.0 	 44.0 	 0.011494252873563218 
29.0 	 214 	 617 	 44.0 	 44.0 	 0.0 
30.0 	 214 	 617 	 45.0 	 44.0 	 0.011235955056179775 
31.0 	 214 	 617 	 45.0 	 45.0 	 0.0 
32.0 	 214 	 617 	 46.0 	 45.0 	 0.01098901098901099 
33.0 	 214 	 617 	 46.0 	 46.0 	 0.0 
34.0 	 214 	 617 	 46.0 	 45.0 	 0.01098901098901099 
35.0 	 214 	 617 	 46.0 	 46.0 	 0.0 
36.0 	 214 	 617 	 46.0 	 46.0 	 0.0 
37.0 	 214 	 617 	 47.0 	 46.0 	 0.010752688172043012 
38.0 	 214 	 617 	 47.0 	 45.0 	 0.021739130434782608 
39.0 	 214 	 617 	 47.0 	 45.0 	 0.021739130434782608 
40.0 	 214 	 617 	 47.0 	 45.0 	 0.021739130434782608 
41.0 	 214 	 617 	 47.0 	 46.0 	 0.010752688172043012 
42.0 	 214 	 617 	 47.0 	 46.0 	 0.010752688172043012 
43.0 	 214 	 617 	 47.0 	 46.0 	 0.010752688172043012 
44.0 	 214 	 617 	 47.0 	 46.0 	 0.010752688172043012 
45.0 	 214 	 617 	 47.0 	 45.0 	 0.021739130434782608 
46.0 	 214 	 617 	 47.0 	 46.0 	 0.010752688172043012 
47.0 	 214 	 617 	 47.0 	 45.0 	 0.021739130434782608 
48.0 	 214 	 617 	 47.0 	 45.0 	 0.021739130434782608 
49.0 	 214 	 617 	 44.0 	 45.0 	 0.011235955056179775 
50.0 	 214 	 617 	 45.0 	 45.0 	 0.0 
51.0 	 214 	 617 	 45.0 	 45.0 	 0.0 
52.0 	 214 	 617 	 45.0 	 45.0 	 0.0 
53.0 	 214 	 617 	 44.0 	 45.0 	 0.011235955056179775 
54.0 	 214 	 617 	 44.0 	 45.0 	 0.011235955056179775 
55.0 	 214 	 617 	 44.0 	 45.0 	 0.011235955056179775 
56.0 	 214 	 617 	 44.0 	 45.0 	 0.011235955056179775 
57.0 	 214 	 617 	 44.0 	 45.0 	 0.011235955056179775 
58.0 	 214 	 617 	 44.0 	 45.0 	 0.011235955056179775 
59.0 	 214 	 617 	 45.0 	 45.0 	 0.0 
60.0 	 214 	 617 	 45.0 	 45.0 	 0.0 
61.0 	 214 	 617 	 45.0 	 45.0 	 0.0 
62.0 	 214 	 617 	 45.0 	 45.0 	 0.0 
63.0 	 215 	 617 	 45.0 	 46.0 	 0.01098901098901099 
64.0 	 215 	 617 	 45.0 	 45.0 	 0.0 
65.0 	 215 	 617 	 45.0 	 46.0 	 0.01098901098901099 
66.0 	 215 	 617 	 45.0 	 45.0 	 0.0 
67.0 	 216 	 617 	 46.0 	 46.0 	 0.0 
68.0 	 216 	 617 	 45.0 	 46.0 	 0.01098901098901099 
69.0 	 217 	 617 	 45.0 	 45.0 	 0.0 
70.0 	 218 	 617 	 45.0 	 45.0 	 0.0 
71.0 	 219 	 617 	 46.0 	 45.0 	 0.01098901098901099 
72.0 	 221 	 617 	 45.66936111450195 	 45.241878509521484 	 0.0047021975142829955 
73.0 	 224 	 617 	 45.0 	 46.0 	 0.01098901098901099 
74.0 	 226 	 618 	 46.0 	 45.0 	 0.01098901098901099 
75.0 	 228 	 618 	 45.71112060546875 	 46.247989654541016 	 0.0058381279196187885 
76.0 	 231 	 618 	 43.0 	 45.0 	 0.022727272727272728 
77.0 	 233 	 617 	 44.0 	 44.0 	 0.0 
78.0 	 235 	 617 	 44.0 	 46.0 	 0.022222222222222223 
79.0 	 238 	 617 	 44.0 	 47.0 	 0.03296703296703297 
80.0 	 241 	 617 	 44.0 	 46.0 	 0.022222222222222223 
81.0 	 244 	 617 	 44.0 	 47.0 	 0.03296703296703297 
82.0 	 246 	 617 	 43.0 	 46.0 	 0.033707865168539325 
83.0 	 249 	 617 	 44.0 	 46.0 	 0.022222222222222223 
84.0 	 252 	 617 	 44.0 	 46.0 	 0.022222222222222223 
85.0 	 255 	 617 	 44.03907012939453 	 47.59463119506836 	 0.03880189290929168 
86.0 	 258 	 617 	 43.0 	 48.0 	 0.054945054945054944 
87.0 	 261 	 618 	 48.69190979003906 	 43.10431671142578 	 0.06086952908161336 
88.0 	 264 	 617 	 48.69190979003906 	 44.23513412475586 	 0.04795994231097713 
89.0 	 267 	 618 	 44.0 	 49.0 	 0.053763440860215055 
90.0 	 270 	 618 	 48.69190979003906 	 43.23735046386719 	 0.05933431108992417 
91.0 	 273 	 618 	 43.0 	 48.0 	 0.054945054945054944 
92.0 	 276 	 618 	 46.0 	 48.0 	 0.02127659574468085 
93.0 	 279 	 618 	 48.1663818359375 	 44.09715270996094 	 0.044104414013666896 
94.0 	 282 	 618 	 49.929420471191406 	 43.10343551635742 	 0.07337176616127478 
95.0 	 285 	 618 	 44.0 	 49.0 	 0.053763440860215055 
96.0 	 288 	 618 	 49.993377685546875 	 43.0175666809082 	 0.0749998943904341 
97.0 	 291 	 618 	 43.0 	 51.0 	 0.0851063829787234 
98.0 	 294 	 618 	 44.0 	 50.0 	 0.06382978723404255 
99.0 	 297 	 618 	 50.790550231933594 	 44.362510681152344 	 0.0675547322292943 
100.0 	 300 	 618 	 52.627593994140625 	 43.609405517578125 	 0.09370812184833711 
101.0 	 303 	 618 	 51.86216735839844 	 44.75157928466797 	 0.07359809882955996 
102.0 	 306 	 618 	 46.0 	 50.0 	 0.041666666666666664 
103.0 	 310 	 618 	 51.263328552246094 	 46.90238571166992 	 0.04442429694803512 
104.0 	 313 	 618 	 47.0 	 52.0 	 0.050505050505050504 
105.0 	 316 	 618 	 48.0 	 52.0 	 0.04 
106.0 	 320 	 618 	 49.92301559448242 	 47.03857421875 	 0.029748288794443634 
107.0 	 323 	 618 	 49.8876838684082 	 47.99005126953125 	 0.019387786162017466 
108.0 	 326 	 618 	 49.937618255615234 	 48.838993072509766 	 0.011122321046790694 
109.0 	 330 	 619 	 45.0 	 50.0 	 0.05263157894736842 
110.0 	 333 	 619 	 45.0 	 51.0 	 0.0625 
111.0 	 336 	 619 	 52.2391242980957 	 45.35840606689453 	 0.07050094613530707 
112.0 	 340 	 619 	 43.0 	 51.0 	 0.0851063829787234 
113.0 	 342 	 619 	 46.0 	 51.0 	 0.05154639175257732 
114.0 	 346 	 619 	 44.59281921386719 	 51.78138732910156 	 0.07459016652997634 
115.0 	 349 	 619 	 44.0 	 51.0 	 0.07368421052631578 
116.0 	 352 	 619 	 42.0 	 52.0 	 0.10638297872340426 
117.0 	 356 	 619 	 43.043243408203125 	 51.26432418823242 	 0.0871730762393242 
118.0 	 359 	 619 	 43.0 	 52.0 	 0.09473684210526316 
119.0 	 362 	 619 	 44.0 	 53.0 	 0.09278350515463918 
120.0 	 366 	 619 	 43.0 	 52.0 	 0.09473684210526316 
121.0 	 370 	 619 	 42.0 	 51.0 	 0.0967741935483871 
122.0 	 373 	 619 	 42.0 	 50.0 	 0.08695652173913043 
123.0 	 376 	 619 	 44.0 	 52.0 	 0.08333333333333333 
124.0 	 380 	 619 	 43.0 	 52.0 	 0.09473684210526316 
125.0 	 383 	 619 	 44.0 	 53.0 	 0.09278350515463918 
126.0 	 386 	 619 	 44.0 	 53.0 	 0.09278350515463918 
127.0 	 390 	 619 	 43.0 	 54.0 	 0.1134020618556701 
128.0 	 393 	 619 	 43.0 	 54.0 	 0.1134020618556701 
129.0 	 397 	 619 	 43.0 	 55.0 	 0.12244897959183673 
130.0 	 401 	 619 	 43.0 	 53.0 	 0.10416666666666667 
131.0 	 404 	 619 	 43.0 	 54.0 	 0.1134020618556701 
132.0 	 408 	 619 	 43.0 	 54.0 	 0.1134020618556701 
133.0 	 412 	 619 	 42.0 	 54.0 	 0.125 
134.0 	 416 	 619 	 42.0 	 55.0 	 0.13402061855670103 
135.0 	 419 	 619 	 44.0 	 54.0 	 0.10204081632653061 
136.0 	 423 	 619 	 54.9813232421875 	 43.89516830444336 	 0.11212124099807719 
137.0 	 427 	 619 	 54.081581115722656 	 43.85506820678711 	 0.10441967312215453 
138.0 	 430 	 619 	 42.0 	 55.0 	 0.13402061855670103 
139.0 	 434 	 619 	 42.0 	 54.0 	 0.125 
140.0 	 437 	 619 	 53.9168586730957 	 42.0462760925293 	 0.12369940404258838 
141.0 	 441 	 619 	 42.0 	 55.0 	 0.13402061855670103 
142.0 	 444 	 619 	 42.0 	 55.0 	 0.13402061855670103 
143.0 	 448 	 619 	 43.0 	 55.0 	 0.12244897959183673 
144.0 	 452 	 619 	 43.0 	 54.0 	 0.1134020618556701 
145.0 	 456 	 619 	 40.0 	 55.0 	 0.15789473684210525 
146.0 	 459 	 619 	 40.0 	 55.0 	 0.15789473684210525 
147.0 	 463 	 619 	 40.0 	 55.0 	 0.15789473684210525 
148.0 	 467 	 619 	 40.0 	 55.0 	 0.15789473684210525 
149.0 	 471 	 619 	 40.0 	 55.0 	 0.15789473684210525 
150.0 	 478 	 619 	 40.0 	 56.0 	 0.16666666666666666 
151.0 	 482 	 619 	 40.0 	 56.0 	 0.16666666666666666 
152.0 	 486 	 619 	 40.0 	 55.0 	 0.15789473684210525 
153.0 	 490 	 619 	 55.0 	 41.0 	 0.14583333333333334 
154.0 	 494 	 619 	 41.0 	 56.0 	 0.15463917525773196 
155.0 	 498 	 619 	 42.0 	 55.0 	 0.13402061855670103 
156.0 	 498 	 619 	 42.0 	 55.0 	 0.13402061855670103 
157.0 	 501 	 619 	 41.0 	 56.0 	 0.15463917525773196 
158.0 	 505 	 619 	 41.0 	 56.0 	 0.15463917525773196 
159.0 	 509 	 619 	 41.0 	 57.0 	 0.16326530612244897 
160.0 	 513 	 619 	 41.0 	 57.0 	 0.16326530612244897 
161.0 	 517 	 619 	 41.0 	 57.0 	 0.16326530612244897 
162.0 	 521 	 619 	 41.0 	 56.0 	 0.15463917525773196 
163.0 	 525 	 619 	 41.0 	 57.0 	 0.16326530612244897 
164.0 	 529 	 619 	 58.0 	 41.0 	 0.1717171717171717 
165.0 	 532 	 619 	 41.0 	 56.0 	 0.15463917525773196 
166.0 	 536 	 619 	 41.0 	 56.0 	 0.15463917525773196 
167.0 	 540 	 619 	 41.0 	 56.0 	 0.15463917525773196 
168.0 	 545 	 619 	 41.0 	 57.0 	 0.16326530612244897 
169.0 	 548 	 619 	 40.0 	 54.0 	 0.14893617021276595 
170.0 	 552 	 619 	 40.0 	 55.0 	 0.15789473684210525 
171.0 	 556 	 619 	 40.0 	 56.0 	 0.16666666666666666 
172.0 	 560 	 619 	 39.0 	 56.0 	 0.17894736842105263 
173.0 	 564 	 619 	 40.0 	 57.0 	 0.17525773195876287 
174.0 	 568 	 619 	 40.0 	 57.0 	 0.17525773195876287 
175.0 	 572 	 619 	 40.0 	 57.0 	 0.17525773195876287 
176.0 	 575 	 619 	 40.312625885009766 	 56.92121887207031 	 0.17081082238961032 
177.0 	 579 	 619 	 40.260066986083984 	 56.86865997314453 	 0.1709956828120716 
178.0 	 583 	 619 	 40.27123260498047 	 58.631813049316406 	 0.18564221478591297 
179.0 	 588 	 619 	 40.48762512207031 	 57.553977966308594 	 0.17407256008302863 
180.0 	 591 	 619 	 40.40074920654297 	 57.60630798339844 	 0.1755542842543516 
181.0 	 595 	 619 	 41.482547760009766 	 56.685577392578125 	 0.1548672709083268 
182.0 	 599 	 619 	 41.0 	 56.0 	 0.15463917525773196 
183.0 	 603 	 619 	 42.0 	 56.0 	 0.14285714285714285 
184.0 	 607 	 619 	 40.0 	 56.0 	 0.16666666666666666 
185.0 	 612 	 619 	 41.0 	 56.0 	 0.15463917525773196 
186.0 	 616 	 619 	 41.0 	 56.0 	 0.15463917525773196 
187.0 	 620 	 619 	 41.0 	 55.0 	 0.14583333333333334 
188.0 	 624 	 619 	 41.0 	 55.0 	 0.14583333333333334 
189.0 	 627 	 619 	 40.90249252319336 	 55.500328063964844 	 0.15142539867465307 
190.0 	 631 	 619 	 41.522743225097656 	 56.88615798950195 	 0.1561181414971945 
191.0 	 636 	 619 	 42.59537887573242 	 55.725502014160156 	 0.13354358727859522 
192.0 	 640 	 619 	 42.0 	 56.0 	 0.14285714285714285 
193.0 	 644 	 619 	 40.0 	 57.0 	 0.17525773195876287 
194.0 	 648 	 619 	 40.0 	 57.0 	 0.17525773195876287 
195.0 	 652 	 619 	 40.0 	 57.0 	 0.17525773195876287 
196.0 	 656 	 619 	 40.0 	 56.0 	 0.16666666666666666 
197.0 	 660 	 619 	 40.0 	 55.0 	 0.15789473684210525 
198.0 	 664 	 619 	 40.0 	 56.0 	 0.16666666666666666 
199.0 	 668 	 619 	 41.0 	 56.0 	 0.15463917525773196 
200.0 	 672 	 619 	 40.0 	 57.0 	 0.17525773195876287 
201.0 	 676 	 619 	 40.0 	 57.0 	 0.17525773195876287 
202.0 	 680 	 619 	 40.0 	 56.0 	 0.16666666666666666 
203.0 	 684 	 619 	 56.0 	 41.0 	 0.15463917525773196 
204.0 	 688 	 619 	 40.0 	 56.0 	 0.16666666666666666 
205.0 	 692 	 619 	 39.0 	 57.0 	 0.1875 
206.0 	 696 	 619 	 39.0 	 57.0 	 0.1875 
207.0 	 701 	 619 	 39.0 	 56.0 	 0.17894736842105263 
208.0 	 705 	 619 	 39.47845458984375 	 57.705867767333984 	 0.18755507817917108 
209.0 	 709 	 619 	 39.4024772644043 	 56.84292221069336 	 0.18120808933627594 
210.0 	 713 	 619 	 39.0 	 57.0 	 0.1875 
211.0 	 717 	 619 	 39.0 	 58.0 	 0.1958762886597938 
212.0 	 721 	 619 	 39.0 	 56.0 	 0.17894736842105263 
213.0 	 726 	 619 	 39.0 	 58.0 	 0.1958762886597938 
214.0 	 730 	 619 	 38.0 	 58.0 	 0.20833333333333334 
215.0 	 734 	 619 	 38.0 	 57.0 	 0.2 
216.0 	 738 	 619 	 38.0 	 56.0 	 0.19148936170212766 
217.0 	 743 	 619 	 39.0 	 58.0 	 0.1958762886597938 
218.0 	 747 	 619 	 39.48842239379883 	 59.43247985839844 	 0.20161621063415447 
219.0 	 752 	 619 	 39.0 	 57.0 	 0.1875 
220.0 	 756 	 619 	 40.0 	 57.0 	 0.17525773195876287 
221.0 	 760 	 619 	 40.0 	 58.0 	 0.1836734693877551 
222.0 	 764 	 619 	 40.0 	 58.0 	 0.1836734693877551 
223.0 	 768 	 619 	 40.0 	 58.0 	 0.1836734693877551 
224.0 	 773 	 619 	 40.0 	 58.0 	 0.1836734693877551 
225.0 	 777 	 619 	 40.0 	 57.0 	 0.17525773195876287 
226.0 	 781 	 619 	 41.0 	 57.0 	 0.16326530612244897 
227.0 	 786 	 619 	 41.0 	 57.0 	 0.16326530612244897 
228.0 	 790 	 619 	 40.0 	 57.0 	 0.17525773195876287 
229.0 	 794 	 618 	 40.0 	 58.0 	 0.1836734693877551 
230.0 	 799 	 618 	 40.0 	 58.0 	 0.1836734693877551 
231.0 	 803 	 618 	 40.0 	 58.0 	 0.1836734693877551 
232.0 	 808 	 619 	 39.0 	 58.0 	 0.1958762886597938 
233.0 	 812 	 619 	 39.0 	 58.0 	 0.1958762886597938 
234.0 	 817 	 619 	 39.0 	 58.0 	 0.1958762886597938 
235.0 	 821 	 619 	 38.66667556762695 	 58.37909698486328 	 0.20312498833037007 
236.0 	 826 	 619 	 38.0 	 58.0 	 0.20833333333333334 
237.0 	 830 	 619 	 38.0 	 58.0 	 0.20833333333333334 
238.0 	 834 	 619 	 38.0 	 59.0 	 0.21649484536082475 
239.0 	 839 	 619 	 38.0 	 59.0 	 0.21649484536082475 
240.0 	 843 	 619 	 38.0 	 58.0 	 0.20833333333333334 
241.0 	 847 	 619 	 38.0 	 59.0 	 0.21649484536082475 
242.0 	 852 	 619 	 38.0 	 59.0 	 0.21649484536082475 
243.0 	 857 	 619 	 38.0 	 58.0 	 0.20833333333333334 
244.0 	 861 	 619 	 38.0 	 59.0 	 0.21649484536082475 
245.0 	 865 	 619 	 38.0 	 58.0 	 0.20833333333333334 
246.0 	 869 	 619 	 38.0 	 57.0 	 0.2 
247.0 	 874 	 619 	 39.0 	 58.0 	 0.1958762886597938 
248.0 	 878 	 619 	 39.0 	 58.0 	 0.1958762886597938 
249.0 	 883 	 619 	 39.0 	 57.0 	 0.1875 
250.0 	 887 	 619 	 38.0 	 58.0 	 0.20833333333333334 
251.0 	 891 	 619 	 39.0 	 58.0 	 0.1958762886597938 
252.0 	 895 	 619 	 38.0 	 58.0 	 0.20833333333333334 
253.0 	 899 	 619 	 38.0 	 58.0 	 0.20833333333333334 
254.0 	 904 	 619 	 38.0 	 58.0 	 0.20833333333333334 
255.0 	 908 	 619 	 39.0 	 58.0 	 0.1958762886597938 
256.0 	 912 	 619 	 39.0 	 58.0 	 0.1958762886597938 
257.0 	 916 	 619 	 38.0 	 58.0 	 0.20833333333333334 
258.0 	 921 	 619 	 38.0 	 57.0 	 0.2 
259.0 	 925 	 619 	 39.0 	 58.0 	 0.1958762886597938 
260.0 	 929 	 619 	 38.0 	 56.0 	 0.19148936170212766 
261.0 	 934 	 620 	 38.0 	 57.0 	 0.2 
262.0 	 938 	 620 	 38.0 	 56.0 	 0.19148936170212766 
263.0 	 942 	 619 	 38.0 	 57.0 	 0.2 
264.0 	 946 	 619 	 38.0 	 57.0 	 0.2 
265.0 	 950 	 619 	 38.0 	 56.0 	 0.19148936170212766 
266.0 	 955 	 619 	 38.0 	 58.0 	 0.20833333333333334 
267.0 	 959 	 619 	 38.0 	 57.0 	 0.2 
268.0 	 963 	 619 	 37.0 	 56.0 	 0.20430107526881722 
269.0 	 967 	 619 	 38.40203094482422 	 57.378326416015625 	 0.1981230389410714 
270.0 	 971 	 619 	 37.0 	 58.0 	 0.22105263157894736 
271.0 	 975 	 619 	 37.0 	 56.0 	 0.20430107526881722 
272.0 	 980 	 619 	 37.0 	 57.0 	 0.2127659574468085 
273.0 	 984 	 619 	 37.0 	 56.0 	 0.20430107526881722 
274.0 	 988 	 619 	 37.0 	 56.0 	 0.20430107526881722 
275.0 	 993 	 619 	 37.0 	 57.0 	 0.2127659574468085 
276.0 	 997 	 619 	 37.0 	 57.0 	 0.2127659574468085 
277.0 	 1001 	 619 	 39.0 	 56.0 	 0.17894736842105263 
278.0 	 1005 	 619 	 39.0 	 56.0 	 0.17894736842105263 
279.0 	 1009 	 619 	 56.0 	 39.0 	 0.17894736842105263 
280.0 	 1013 	 619 	 39.0 	 56.0 	 0.17894736842105263 
281.0 	 1018 	 619 	 38.0 	 56.0 	 0.19148936170212766 
282.0 	 1021 	 619 	 38.0 	 57.0 	 0.2 
283.0 	 1025 	 619 	 38.0 	 56.0 	 0.19148936170212766 
284.0 	 1030 	 620 	 38.0 	 56.0 	 0.19148936170212766 
285.0 	 1034 	 619 	 38.0 	 56.0 	 0.19148936170212766 
286.0 	 1038 	 620 	 38.0 	 56.0 	 0.19148936170212766 
287.0 	 1042 	 620 	 39.0 	 56.0 	 0.17894736842105263 
288.0 	 1046 	 620 	 39.0 	 55.0 	 0.1702127659574468 
289.0 	 1050 	 619 	 38.0109748840332 	 55.70254898071289 	 0.18878357538036242 
290.0 	 1054 	 619 	 37.93349075317383 	 55.72802734375 	 0.18998770201612403 
291.0 	 1058 	 620 	 38.0 	 55.0 	 0.1827956989247312 
292.0 	 1062 	 620 	 37.0 	 56.0 	 0.20430107526881722 
293.0 	 1066 	 620 	 38.0 	 55.0 	 0.1827956989247312 
294.0 	 1071 	 620 	 38.0 	 55.0 	 0.1827956989247312 
295.0 	 1075 	 620 	 38.0 	 55.0 	 0.1827956989247312 
296.0 	 1079 	 620 	 38.0 	 55.0 	 0.1827956989247312 
297.0 	 1083 	 620 	 38.0 	 55.0 	 0.1827956989247312 
298.0 	 1087 	 620 	 38.0 	 55.0 	 0.1827956989247312 
299.0 	 1091 	 620 	 38.0 	 54.0 	 0.17391304347826086 
300.0 	 1095 	 620 	 38.0 	 55.0 	 0.1827956989247312 
301.0 	 1099 	 620 	 38.0 	 57.0 	 0.2 
302.0 	 1103 	 620 	 39.0 	 57.0 	 0.1875 
303.0 	 1107 	 620 	 39.0 	 56.0 	 0.17894736842105263 
304.0 	 1111 	 620 	 38.0 	 57.0 	 0.2 
305.0 	 1114 	 620 	 38.0 	 57.0 	 0.2 
306.0 	 1118 	 620 	 38.0 	 58.0 	 0.20833333333333334 
307.0 	 1122 	 620 	 38.0 	 57.0 	 0.2 
308.0 	 1126 	 620 	 38.0 	 57.0 	 0.2 
309.0 	 1130 	 620 	 39.0 	 55.0 	 0.1702127659574468 
310.0 	 1134 	 620 	 40.0 	 56.0 	 0.16666666666666666 
311.0 	 1138 	 620 	 40.0 	 56.0 	 0.16666666666666666 
312.0 	 1142 	 620 	 40.0 	 56.0 	 0.16666666666666666 
313.0 	 1146 	 620 	 40.0 	 55.0 	 0.15789473684210525 
314.0 	 1150 	 620 	 56.71465301513672 	 39.208648681640625 	 0.18250001849221406 
315.0 	 1154 	 620 	 55.86027145385742 	 39.31068801879883 	 0.1738932078310452 
316.0 	 1158 	 620 	 39.0 	 56.0 	 0.17894736842105263 
317.0 	 1162 	 620 	 39.0 	 56.0 	 0.17894736842105263 
318.0 	 1166 	 620 	 39.0 	 55.0 	 0.1702127659574468 
319.0 	 1170 	 620 	 40.0 	 55.0 	 0.15789473684210525 
320.0 	 1174 	 620 	 40.0 	 55.0 	 0.15789473684210525 
321.0 	 1178 	 620 	 41.0 	 55.0 	 0.14583333333333334 
322.0 	 1182 	 620 	 41.0 	 55.0 	 0.14583333333333334 
323.0 	 1186 	 620 	 41.0 	 55.0 	 0.14583333333333334 
324.0 	 1190 	 621 	 55.0 	 41.0 	 0.14583333333333334 
325.0 	 1194 	 621 	 41.0 	 56.0 	 0.15463917525773196 
326.0 	 1198 	 621 	 41.0 	 56.0 	 0.15463917525773196 
327.0 	 1202 	 621 	 41.0 	 56.0 	 0.15463917525773196 
328.0 	 1206 	 621 	 41.0 	 56.0 	 0.15463917525773196 
329.0 	 1210 	 621 	 43.0 	 55.0 	 0.12244897959183673 
330.0 	 1215 	 621 	 42.0 	 57.0 	 0.15151515151515152 
331.0 	 1219 	 621 	 42.0 	 57.0 	 0.15151515151515152 
332.0 	 1223 	 621 	 41.0 	 57.0 	 0.16326530612244897 
333.0 	 1227 	 621 	 41.27717590332031 	 56.611995697021484 	 0.1566549143587566 
334.0 	 1231 	 621 	 41.85492706298828 	 56.13874816894531 	 0.14576268388903435 
335.0 	 1235 	 621 	 43.90263366699219 	 55.60366439819336 	 0.11759085564147857 
336.0 	 1239 	 621 	 43.91503143310547 	 56.5118293762207 	 0.1254325570031701 
337.0 	 1243 	 621 	 43.00754928588867 	 56.33174514770508 	 0.13412815077646192 
338.0 	 1247 	 621 	 42.88570785522461 	 56.55477523803711 	 0.13745978456271943 
339.0 	 1251 	 621 	 42.705196380615234 	 56.27507400512695 	 0.13709679284192397 
340.0 	 1256 	 621 	 42.84287643432617 	 55.70240020751953 	 0.13049355800106166 
341.0 	 1260 	 621 	 42.878326416015625 	 56.41300964355469 	 0.13631283216310902 
342.0 	 1264 	 621 	 57.445682525634766 	 41.722896575927734 	 0.1585460444442256 
343.0 	 1268 	 621 	 44.0 	 56.0 	 0.12 
344.0 	 1272 	 621 	 44.35295104980469 	 56.41475296020508 	 0.11969908443286781 
345.0 	 1276 	 621 	 44.0 	 57.0 	 0.12871287128712872 
346.0 	 1281 	 621 	 42.0 	 56.0 	 0.14285714285714285 
347.0 	 1285 	 621 	 42.0 	 55.0 	 0.13402061855670103 
348.0 	 1289 	 621 	 40.0 	 57.0 	 0.17525773195876287 
349.0 	 1293 	 621 	 58.24931716918945 	 40.48349380493164 	 0.17993839321473812 
350.0 	 1298 	 621 	 38.0 	 56.0 	 0.19148936170212766 
351.0 	 1302 	 621 	 39.0 	 57.0 	 0.1875 
352.0 	 1306 	 621 	 39.0 	 58.0 	 0.1958762886597938 
353.0 	 1311 	 621 	 39.0 	 57.0 	 0.1875 
354.0 	 1315 	 621 	 56.6746826171875 	 39.208648681640625 	 0.18215923142170118 
355.0 	 1320 	 621 	 39.0 	 57.0 	 0.1875 
356.0 	 1324 	 621 	 39.0 	 57.0 	 0.1875 
357.0 	 1329 	 621 	 39.0 	 56.0 	 0.17894736842105263 
358.0 	 1333 	 621 	 40.0 	 56.0 	 0.16666666666666666 
359.0 	 1337 	 621 	 39.7603645324707 	 56.53538131713867 	 0.17420309315498195 
360.0 	 1341 	 621 	 40.0 	 58.0 	 0.1836734693877551 
361.0 	 1345 	 621 	 40.0 	 57.0 	 0.17525773195876287 
362.0 	 1349 	 621 	 40.0 	 57.0 	 0.17525773195876287 
363.0 	 1354 	 621 	 40.0 	 56.0 	 0.16666666666666666 
364.0 	 1358 	 621 	 39.0 	 57.0 	 0.1875 
365.0 	 1363 	 621 	 39.0 	 57.0 	 0.1875 
366.0 	 1368 	 621 	 38.0 	 58.0 	 0.20833333333333334 
367.0 	 1372 	 621 	 38.0 	 58.0 	 0.20833333333333334 
368.0 	 1375 	 621 	 38.0 	 58.0 	 0.20833333333333334 
369.0 	 1380 	 621 	 38.0 	 58.0 	 0.20833333333333334 
370.0 	 1384 	 621 	 39.0 	 59.0 	 0.20408163265306123 
371.0 	 1388 	 621 	 39.17824935913086 	 59.63355255126953 	 0.20701275350374576 
372.0 	 1393 	 621 	 38.0 	 58.0 	 0.20833333333333334 
373.0 	 1397 	 621 	 40.0 	 58.0 	 0.1836734693877551 
374.0 	 1401 	 621 	 40.28330993652344 	 58.01736068725586 	 0.18040620311335384 
375.0 	 1406 	 621 	 38.82522964477539 	 57.47911071777344 	 0.19369719996807366 
376.0 	 1410 	 621 	 38.0 	 58.0 	 0.20833333333333334 
377.0 	 1414 	 621 	 39.0 	 57.0 	 0.1875 
378.0 	 1419 	 621 	 39.0 	 58.0 	 0.1958762886597938 
379.0 	 1423 	 621 	 39.96224594116211 	 58.423065185546875 	 0.1876379617340372 
380.0 	 1427 	 621 	 39.91880798339844 	 58.423065185546875 	 0.18816254567735616 
381.0 	 1431 	 621 	 40.65724563598633 	 58.37963104248047 	 0.17894733760669423 
382.0 	 1435 	 621 	 40.47030258178711 	 58.70821762084961 	 0.1838897676815472 
383.0 	 1439 	 621 	 40.50363540649414 	 57.713138580322266 	 0.17521959310268273 
384.0 	 1444 	 621 	 40.50651550292969 	 57.69993591308594 	 0.1750742457572632 
385.0 	 1448 	 621 	 40.0 	 57.0 	 0.17525773195876287 
386.0 	 1453 	 621 	 39.0 	 56.0 	 0.17894736842105263 
387.0 	 1457 	 621 	 39.0 	 57.0 	 0.1875 
388.0 	 1461 	 621 	 39.0 	 57.0 	 0.1875 
389.0 	 1466 	 621 	 39.0 	 57.0 	 0.1875 
390.0 	 1470 	 621 	 39.0 	 58.0 	 0.1958762886597938 
391.0 	 1474 	 621 	 39.0 	 57.0 	 0.1875 
392.0 	 1479 	 621 	 39.0 	 57.0 	 0.1875 
393.0 	 1483 	 621 	 39.0 	 57.0 	 0.1875 
394.0 	 1488 	 621 	 39.0 	 57.0 	 0.1875 
395.0 	 1492 	 621 	 39.0 	 57.0 	 0.1875 
396.0 	 1496 	 621 	 39.0 	 57.0 	 0.1875 
397.0 	 1500 	 621 	 38.0 	 58.0 	 0.20833333333333334 
398.0 	 1504 	 621 	 38.0 	 59.0 	 0.21649484536082475 
399.0 	 1509 	 621 	 39.0 	 59.0 	 0.20408163265306123 
400.0 	 1513 	 621 	 39.63216018676758 	 57.102813720703125 	 0.18060327954031022 
401.0 	 1518 	 621 	 40.35477828979492 	 56.4582633972168 	 0.1663359070927971 
402.0 	 1522 	 621 	 39.61336135864258 	 57.068885803222656 	 0.1805452909607704 
403.0 	 1526 	 621 	 39.0 	 58.0 	 0.1958762886597938 
404.0 	 1531 	 621 	 39.67390441894531 	 57.61667251586914 	 0.18442452149241176 
405.0 	 1536 	 621 	 40.0 	 59.0 	 0.1919191919191919 
406.0 	 1540 	 621 	 40.0 	 58.0 	 0.1836734693877551 
407.0 	 1545 	 621 	 58.0 	 40.0 	 0.1836734693877551 
408.0 	 1549 	 621 	 39.0 	 58.0 	 0.1958762886597938 
409.0 	 1553 	 621 	 38.0 	 57.0 	 0.2 
410.0 	 1558 	 621 	 38.0 	 57.0 	 0.2 
411.0 	 1562 	 621 	 39.0 	 57.0 	 0.1875 
412.0 	 1567 	 621 	 39.0 	 59.0 	 0.20408163265306123 
413.0 	 1571 	 621 	 39.0 	 59.0 	 0.20408163265306123 
414.0 	 1576 	 621 	 39.0 	 59.0 	 0.20408163265306123 
415.0 	 1580 	 621 	 39.0 	 60.0 	 0.21212121212121213 
416.0 	 1585 	 621 	 39.25096893310547 	 58.3271369934082 	 0.1954963962373798 
417.0 	 1589 	 621 	 39.0 	 59.0 	 0.20408163265306123 
418.0 	 1594 	 621 	 39.0 	 59.0 	 0.20408163265306123 
419.0 	 1598 	 621 	 39.0 	 59.0 	 0.20408163265306123 
420.0 	 1603 	 621 	 39.0 	 57.0 	 0.1875 
421.0 	 1607 	 621 	 38.0 	 59.0 	 0.21649484536082475 
422.0 	 1611 	 621 	 39.0 	 58.0 	 0.1958762886597938 
423.0 	 1616 	 621 	 38.0 	 58.0 	 0.20833333333333334 
424.0 	 1620 	 621 	 38.0 	 59.0 	 0.21649484536082475 
425.0 	 1625 	 621 	 38.0 	 58.0 	 0.20833333333333334 
426.0 	 1629 	 621 	 39.0 	 58.0 	 0.1958762886597938 
427.0 	 1633 	 621 	 38.0 	 57.0 	 0.2 
428.0 	 1638 	 621 	 38.0 	 58.0 	 0.20833333333333334 
429.0 	 1643 	 621 	 38.0 	 58.0 	 0.20833333333333334 
430.0 	 1647 	 621 	 39.0 	 59.0 	 0.20408163265306123 
431.0 	 1651 	 622 	 59.775352478027344 	 38.94748306274414 	 0.21097316847915612 
432.0 	 1656 	 621 	 38.0 	 59.0 	 0.21649484536082475 
433.0 	 1660 	 621 	 38.0 	 59.0 	 0.21649484536082475 
434.0 	 1664 	 621 	 38.0 	 61.0 	 0.23232323232323232 
435.0 	 1669 	 621 	 38.0 	 61.0 	 0.23232323232323232 
436.0 	 1674 	 621 	 38.0 	 62.0 	 0.24 
437.0 	 1678 	 621 	 38.0 	 60.0 	 0.22448979591836735 
438.0 	 1682 	 621 	 39.0 	 60.0 	 0.21212121212121213 
439.0 	 1686 	 621 	 39.0 	 61.0 	 0.22 
440.0 	 1691 	 621 	 39.0 	 61.0 	 0.22 
441.0 	 1695 	 621 	 39.0 	 60.0 	 0.21212121212121213 
442.0 	 1699 	 622 	 39.0 	 61.0 	 0.22 
443.0 	 1704 	 621 	 39.0 	 60.0 	 0.21212121212121213 
444.0 	 1708 	 621 	 39.0 	 61.0 	 0.22 
445.0 	 1713 	 621 	 38.0 	 59.0 	 0.21649484536082475 
446.0 	 1717 	 621 	 38.0 	 58.0 	 0.20833333333333334 
447.0 	 1722 	 621 	 38.0 	 57.0 	 0.2 
448.0 	 1726 	 621 	 38.0 	 58.0 	 0.20833333333333334 
449.0 	 1730 	 621 	 38.0 	 58.0 	 0.20833333333333334 
450.0 	 1734 	 621 	 38.0 	 60.0 	 0.22448979591836735 
451.0 	 1738 	 621 	 38.0 	 60.0 	 0.22448979591836735 
452.0 	 1743 	 621 	 38.0 	 60.0 	 0.22448979591836735 
453.0 	 1747 	 621 	 38.0 	 60.0 	 0.22448979591836735 
454.0 	 1751 	 621 	 38.0 	 61.0 	 0.23232323232323232 
455.0 	 1755 	 621 	 38.0 	 61.0 	 0.23232323232323232 
456.0 	 1760 	 621 	 39.0 	 59.0 	 0.20408163265306123 
457.0 	 1764 	 621 	 38.0 	 60.0 	 0.22448979591836735 
458.0 	 1768 	 621 	 39.2885856628418 	 60.43167495727539 	 0.21202400758836631 
459.0 	 1772 	 621 	 38.49212646484375 	 60.477054595947266 	 0.22213913357128268 
460.0 	 1777 	 621 	 38.63314437866211 	 62.4458122253418 	 0.23558482048810966 
461.0 	 1781 	 621 	 38.82522964477539 	 60.44004440307617 	 0.21774799863929453 
462.0 	 1786 	 621 	 38.0 	 60.0 	 0.22448979591836735 
463.0 	 1790 	 621 	 39.0 	 61.0 	 0.22 
464.0 	 1794 	 621 	 39.0 	 60.0 	 0.21212121212121213 
465.0 	 1798 	 621 	 39.0 	 61.0 	 0.22 
466.0 	 1802 	 621 	 39.0 	 60.0 	 0.21212121212121213 
467.0 	 1806 	 621 	 39.65818405151367 	 60.377742767333984 	 0.20712117510882663 
468.0 	 1810 	 621 	 39.65818405151367 	 59.422122955322266 	 0.19947393685856266 
469.0 	 1814 	 621 	 38.0 	 61.0 	 0.23232323232323232 
470.0 	 1818 	 621 	 38.0 	 59.0 	 0.21649484536082475 
471.0 	 1823 	 621 	 38.0 	 60.0 	 0.22448979591836735 
472.0 	 1827 	 621 	 38.0 	 59.0 	 0.21649484536082475 
473.0 	 1831 	 621 	 39.0 	 59.0 	 0.20408163265306123 
474.0 	 1835 	 621 	 39.0 	 59.0 	 0.20408163265306123 
475.0 	 1839 	 621 	 39.0 	 59.0 	 0.20408163265306123 
476.0 	 1844 	 621 	 39.0 	 59.0 	 0.20408163265306123 
477.0 	 1848 	 621 	 39.0 	 60.0 	 0.21212121212121213 
478.0 	 1852 	 621 	 39.0 	 59.0 	 0.20408163265306123 
479.0 	 1856 	 621 	 39.0 	 59.0 	 0.20408163265306123 
480.0 	 1860 	 621 	 39.0 	 59.0 	 0.20408163265306123 
481.0 	 1864 	 621 	 38.0 	 60.0 	 0.22448979591836735 
482.0 	 1869 	 621 	 39.0 	 59.0 	 0.20408163265306123 
483.0 	 1873 	 621 	 40.0 	 59.0 	 0.1919191919191919 
484.0 	 1877 	 621 	 39.0 	 60.0 	 0.21212121212121213 
485.0 	 1881 	 621 	 40.0 	 59.0 	 0.1919191919191919 
486.0 	 1885 	 621 	 58.757511138916016 	 39.14140319824219 	 0.20037104674232736 
487.0 	 1889 	 621 	 39.0 	 58.0 	 0.1958762886597938 
488.0 	 1892 	 621 	 38.0 	 54.0 	 0.17391304347826086 
489.0 	 1894 	 621 	 39.0 	 49.0 	 0.11363636363636363 
490.0 	 1896 	 621 	 39.0 	 46.0 	 0.08235294117647059 
