frame 	 x 	 y 	 width 	 height 	 deformation 
1.0 	 138 	 567 	 46.0 	 59.0 	 0.12380952380952381 
2.0 	 138 	 567 	 47.0 	 59.0 	 0.11320754716981132 
3.0 	 138 	 567 	 46.0 	 59.0 	 0.12380952380952381 
4.0 	 138 	 567 	 47.0 	 58.0 	 0.10476190476190476 
5.0 	 139 	 567 	 47.0 	 59.0 	 0.11320754716981132 
6.0 	 139 	 567 	 47.0 	 59.0 	 0.11320754716981132 
7.0 	 139 	 567 	 47.0 	 59.0 	 0.11320754716981132 
8.0 	 139 	 567 	 48.0 	 59.0 	 0.102803738317757 
9.0 	 139 	 567 	 47.0 	 60.0 	 0.12149532710280374 
10.0 	 139 	 567 	 47.0 	 58.0 	 0.10476190476190476 
11.0 	 140 	 567 	 47.0 	 58.0 	 0.10476190476190476 
12.0 	 140 	 567 	 47.0 	 59.0 	 0.11320754716981132 
13.0 	 140 	 567 	 47.0 	 58.0 	 0.10476190476190476 
14.0 	 140 	 567 	 47.0 	 58.0 	 0.10476190476190476 
15.0 	 140 	 567 	 48.0 	 59.0 	 0.102803738317757 
16.0 	 140 	 567 	 48.0 	 58.0 	 0.09433962264150944 
17.0 	 140 	 567 	 48.0 	 57.0 	 0.08571428571428572 
18.0 	 140 	 567 	 48.0 	 59.0 	 0.102803738317757 
19.0 	 140 	 567 	 48.0 	 59.0 	 0.102803738317757 
20.0 	 141 	 567 	 48.0 	 58.0 	 0.09433962264150944 
21.0 	 141 	 567 	 48.0 	 59.0 	 0.102803738317757 
22.0 	 141 	 568 	 48.0 	 59.0 	 0.102803738317757 
23.0 	 141 	 567 	 48.0 	 57.0 	 0.08571428571428572 
24.0 	 142 	 567 	 48.0 	 58.0 	 0.09433962264150944 
25.0 	 142 	 567 	 47.0 	 58.0 	 0.10476190476190476 
26.0 	 142 	 567 	 47.0 	 57.0 	 0.09615384615384616 
27.0 	 142 	 567 	 47.0 	 58.0 	 0.10476190476190476 
28.0 	 142 	 567 	 47.0 	 59.0 	 0.11320754716981132 
29.0 	 143 	 567 	 47.0 	 58.0 	 0.10476190476190476 
30.0 	 142 	 567 	 47.0 	 58.0 	 0.10476190476190476 
31.0 	 143 	 567 	 47.0 	 58.0 	 0.10476190476190476 
32.0 	 143 	 567 	 47.0 	 58.0 	 0.10476190476190476 
33.0 	 143 	 567 	 47.0 	 59.0 	 0.11320754716981132 
34.0 	 143 	 568 	 47.0 	 59.0 	 0.11320754716981132 
35.0 	 143 	 567 	 47.0 	 59.0 	 0.11320754716981132 
36.0 	 143 	 568 	 47.0 	 59.0 	 0.11320754716981132 
37.0 	 143 	 567 	 47.0 	 59.0 	 0.11320754716981132 
38.0 	 143 	 567 	 47.0 	 59.0 	 0.11320754716981132 
39.0 	 143 	 567 	 47.0 	 58.0 	 0.10476190476190476 
40.0 	 143 	 568 	 47.0 	 58.0 	 0.10476190476190476 
41.0 	 144 	 567 	 47.0 	 58.0 	 0.10476190476190476 
42.0 	 144 	 567 	 47.0 	 58.0 	 0.10476190476190476 
43.0 	 144 	 567 	 47.0 	 58.0 	 0.10476190476190476 
44.0 	 144 	 567 	 47.0 	 58.0 	 0.10476190476190476 
45.0 	 144 	 567 	 47.0 	 57.0 	 0.09615384615384616 
46.0 	 144 	 567 	 47.0 	 57.0 	 0.09615384615384616 
47.0 	 144 	 567 	 47.0 	 58.0 	 0.10476190476190476 
48.0 	 144 	 567 	 47.0 	 58.0 	 0.10476190476190476 
49.0 	 144 	 567 	 47.0 	 58.0 	 0.10476190476190476 
50.0 	 144 	 567 	 47.0 	 58.0 	 0.10476190476190476 
51.0 	 145 	 567 	 47.0 	 57.0 	 0.09615384615384616 
52.0 	 145 	 567 	 47.0 	 57.0 	 0.09615384615384616 
53.0 	 145 	 568 	 47.0 	 57.0 	 0.09615384615384616 
54.0 	 145 	 567 	 47.0 	 57.0 	 0.09615384615384616 
55.0 	 145 	 567 	 47.0 	 57.0 	 0.09615384615384616 
56.0 	 145 	 567 	 47.0 	 57.0 	 0.09615384615384616 
57.0 	 145 	 567 	 47.0 	 57.0 	 0.09615384615384616 
58.0 	 145 	 567 	 47.0 	 57.0 	 0.09615384615384616 
59.0 	 146 	 567 	 47.0 	 57.0 	 0.09615384615384616 
60.0 	 146 	 567 	 47.0 	 57.0 	 0.09615384615384616 
61.0 	 146 	 567 	 47.0 	 56.0 	 0.08737864077669903 
62.0 	 146 	 567 	 47.0 	 56.0 	 0.08737864077669903 
63.0 	 146 	 567 	 47.0 	 57.0 	 0.09615384615384616 
64.0 	 146 	 567 	 47.0 	 58.0 	 0.10476190476190476 
65.0 	 146 	 567 	 47.0 	 57.0 	 0.09615384615384616 
66.0 	 146 	 567 	 47.0 	 57.0 	 0.09615384615384616 
67.0 	 146 	 567 	 47.0 	 56.0 	 0.08737864077669903 
68.0 	 147 	 568 	 47.0 	 58.0 	 0.10476190476190476 
69.0 	 147 	 567 	 47.0 	 57.0 	 0.09615384615384616 
70.0 	 147 	 567 	 47.0 	 58.0 	 0.10476190476190476 
71.0 	 147 	 567 	 47.0 	 57.0 	 0.09615384615384616 
72.0 	 147 	 567 	 47.0 	 57.0 	 0.09615384615384616 
73.0 	 147 	 567 	 47.0 	 56.0 	 0.08737864077669903 
74.0 	 147 	 567 	 47.0 	 57.0 	 0.09615384615384616 
75.0 	 148 	 567 	 47.0 	 56.0 	 0.08737864077669903 
76.0 	 148 	 567 	 47.0 	 57.0 	 0.09615384615384616 
77.0 	 148 	 568 	 47.0 	 57.0 	 0.09615384615384616 
78.0 	 149 	 568 	 47.0 	 58.0 	 0.10476190476190476 
79.0 	 149 	 567 	 47.0 	 57.0 	 0.09615384615384616 
80.0 	 149 	 567 	 47.0 	 58.0 	 0.10476190476190476 
81.0 	 150 	 567 	 47.0 	 57.0 	 0.09615384615384616 
82.0 	 151 	 568 	 47.0 	 56.0 	 0.08737864077669903 
83.0 	 151 	 567 	 47.0 	 57.0 	 0.09615384615384616 
84.0 	 151 	 567 	 47.0 	 56.0 	 0.08737864077669903 
85.0 	 152 	 567 	 57.0 	 48.0 	 0.08571428571428572 
86.0 	 152 	 568 	 47.0 	 57.0 	 0.09615384615384616 
87.0 	 153 	 567 	 47.0 	 56.0 	 0.08737864077669903 
88.0 	 154 	 567 	 47.0 	 56.0 	 0.08737864077669903 
89.0 	 155 	 568 	 47.0 	 57.0 	 0.09615384615384616 
90.0 	 156 	 567 	 47.0 	 57.0 	 0.09615384615384616 
91.0 	 157 	 568 	 47.0 	 56.0 	 0.08737864077669903 
92.0 	 158 	 568 	 47.0 	 57.0 	 0.09615384615384616 
93.0 	 159 	 567 	 47.0 	 57.0 	 0.09615384615384616 
94.0 	 160 	 567 	 47.0 	 57.0 	 0.09615384615384616 
95.0 	 162 	 568 	 47.0 	 58.0 	 0.10476190476190476 
96.0 	 163 	 568 	 47.0 	 57.0 	 0.09615384615384616 
97.0 	 164 	 568 	 47.0 	 57.0 	 0.09615384615384616 
98.0 	 165 	 568 	 47.0 	 58.0 	 0.10476190476190476 
99.0 	 166 	 568 	 47.0 	 58.0 	 0.10476190476190476 
100.0 	 168 	 567 	 47.0 	 59.0 	 0.11320754716981132 
101.0 	 169 	 567 	 47.0 	 58.0 	 0.10476190476190476 
102.0 	 171 	 568 	 47.0 	 59.0 	 0.11320754716981132 
103.0 	 172 	 568 	 47.0 	 58.0 	 0.10476190476190476 
104.0 	 174 	 568 	 47.0 	 59.0 	 0.11320754716981132 
105.0 	 176 	 568 	 46.0 	 60.0 	 0.1320754716981132 
106.0 	 177 	 568 	 47.0 	 60.0 	 0.12149532710280374 
107.0 	 178 	 568 	 45.0 	 59.0 	 0.1346153846153846 
108.0 	 180 	 567 	 45.0 	 60.0 	 0.14285714285714285 
109.0 	 181 	 568 	 45.0 	 59.0 	 0.1346153846153846 
110.0 	 183 	 567 	 46.0 	 60.0 	 0.1320754716981132 
111.0 	 185 	 568 	 45.0 	 60.0 	 0.14285714285714285 
112.0 	 187 	 568 	 45.0 	 60.0 	 0.14285714285714285 
113.0 	 188 	 568 	 45.0 	 61.0 	 0.1509433962264151 
114.0 	 190 	 568 	 45.0 	 61.0 	 0.1509433962264151 
115.0 	 191 	 568 	 45.0 	 62.0 	 0.1588785046728972 
116.0 	 193 	 568 	 45.0 	 62.0 	 0.1588785046728972 
117.0 	 195 	 568 	 45.0 	 62.0 	 0.1588785046728972 
118.0 	 196 	 568 	 45.0 	 63.0 	 0.16666666666666666 
119.0 	 198 	 568 	 62.0 	 45.0 	 0.1588785046728972 
120.0 	 199 	 568 	 64.11561584472656 	 44.90817642211914 	 0.17617658515854465 
121.0 	 202 	 568 	 44.0 	 63.0 	 0.17757009345794392 
122.0 	 203 	 568 	 43.0 	 63.0 	 0.18867924528301888 
123.0 	 205 	 568 	 43.0 	 64.0 	 0.19626168224299065 
124.0 	 207 	 568 	 43.0 	 65.0 	 0.2037037037037037 
125.0 	 209 	 568 	 43.0 	 64.0 	 0.19626168224299065 
126.0 	 211 	 568 	 43.0 	 64.0 	 0.19626168224299065 
127.0 	 212 	 568 	 43.0 	 65.0 	 0.2037037037037037 
128.0 	 214 	 568 	 43.0 	 65.0 	 0.2037037037037037 
129.0 	 216 	 568 	 43.0 	 66.0 	 0.21100917431192662 
130.0 	 218 	 568 	 43.0 	 66.0 	 0.21100917431192662 
131.0 	 220 	 568 	 43.0 	 66.0 	 0.21100917431192662 
132.0 	 222 	 568 	 43.0 	 66.0 	 0.21100917431192662 
133.0 	 224 	 568 	 43.0 	 66.0 	 0.21100917431192662 
134.0 	 225 	 568 	 43.0 	 67.0 	 0.21818181818181817 
135.0 	 228 	 568 	 42.0 	 67.0 	 0.22935779816513763 
136.0 	 229 	 568 	 43.0 	 68.0 	 0.22522522522522523 
137.0 	 231 	 568 	 43.0 	 68.0 	 0.22522522522522523 
138.0 	 233 	 568 	 42.0 	 67.0 	 0.22935779816513763 
139.0 	 235 	 568 	 42.0 	 68.0 	 0.23636363636363636 
140.0 	 237 	 568 	 42.0 	 68.0 	 0.23636363636363636 
141.0 	 239 	 568 	 68.0 	 43.0 	 0.22522522522522523 
142.0 	 242 	 568 	 42.0 	 68.0 	 0.23636363636363636 
143.0 	 244 	 568 	 42.0 	 70.0 	 0.25 
144.0 	 246 	 568 	 42.0 	 69.0 	 0.24324324324324326 
145.0 	 248 	 568 	 42.0 	 69.0 	 0.24324324324324326 
146.0 	 249 	 568 	 42.0 	 70.0 	 0.25 
147.0 	 251 	 568 	 42.0 	 69.0 	 0.24324324324324326 
148.0 	 253 	 568 	 42.0 	 69.0 	 0.24324324324324326 
149.0 	 255 	 568 	 42.0 	 71.0 	 0.25663716814159293 
150.0 	 257 	 568 	 42.0 	 71.0 	 0.25663716814159293 
151.0 	 260 	 568 	 41.0 	 72.0 	 0.2743362831858407 
152.0 	 262 	 568 	 42.0 	 72.0 	 0.2631578947368421 
153.0 	 264 	 568 	 42.0 	 71.0 	 0.25663716814159293 
154.0 	 266 	 568 	 42.0 	 71.0 	 0.25663716814159293 
155.0 	 268 	 568 	 42.0 	 71.0 	 0.25663716814159293 
156.0 	 269 	 568 	 42.0 	 71.0 	 0.25663716814159293 
157.0 	 272 	 568 	 41.0 	 71.0 	 0.26785714285714285 
158.0 	 274 	 568 	 40.0 	 72.0 	 0.2857142857142857 
159.0 	 276 	 568 	 41.0 	 73.0 	 0.2807017543859649 
160.0 	 279 	 568 	 42.0 	 72.0 	 0.2631578947368421 
161.0 	 281 	 568 	 42.0 	 73.0 	 0.26956521739130435 
162.0 	 283 	 568 	 42.0 	 73.0 	 0.26956521739130435 
163.0 	 285 	 568 	 41.0 	 72.0 	 0.2743362831858407 
164.0 	 287 	 568 	 42.0 	 73.0 	 0.26956521739130435 
165.0 	 289 	 568 	 42.0 	 73.0 	 0.26956521739130435 
166.0 	 291 	 568 	 73.0 	 42.0 	 0.26956521739130435 
167.0 	 293 	 568 	 73.0 	 42.0 	 0.26956521739130435 
168.0 	 296 	 568 	 41.0 	 74.0 	 0.28695652173913044 
169.0 	 298 	 568 	 40.0 	 72.0 	 0.2857142857142857 
170.0 	 300 	 568 	 40.0 	 73.0 	 0.2920353982300885 
171.0 	 303 	 568 	 40.0 	 73.0 	 0.2920353982300885 
172.0 	 305 	 568 	 40.0 	 73.0 	 0.2920353982300885 
173.0 	 307 	 568 	 40.0 	 73.0 	 0.2920353982300885 
174.0 	 309 	 568 	 40.0 	 74.0 	 0.2982456140350877 
175.0 	 311 	 568 	 40.0 	 74.0 	 0.2982456140350877 
176.0 	 313 	 568 	 40.0 	 74.0 	 0.2982456140350877 
177.0 	 316 	 568 	 40.0 	 75.0 	 0.30434782608695654 
178.0 	 318 	 568 	 40.0 	 75.0 	 0.30434782608695654 
179.0 	 321 	 568 	 40.0 	 75.0 	 0.30434782608695654 
180.0 	 323 	 568 	 40.0 	 75.0 	 0.30434782608695654 
181.0 	 325 	 568 	 40.0 	 75.0 	 0.30434782608695654 
182.0 	 327 	 568 	 40.0 	 75.0 	 0.30434782608695654 
183.0 	 329 	 568 	 40.0 	 76.0 	 0.3103448275862069 
184.0 	 332 	 568 	 40.0 	 76.0 	 0.3103448275862069 
185.0 	 334 	 568 	 40.0 	 75.0 	 0.30434782608695654 
186.0 	 336 	 568 	 40.0 	 75.0 	 0.30434782608695654 
187.0 	 339 	 568 	 40.0 	 76.0 	 0.3103448275862069 
188.0 	 341 	 568 	 40.0 	 76.0 	 0.3103448275862069 
189.0 	 343 	 568 	 40.0 	 77.0 	 0.3162393162393162 
190.0 	 345 	 568 	 40.0 	 77.0 	 0.3162393162393162 
191.0 	 348 	 568 	 40.0 	 77.0 	 0.3162393162393162 
192.0 	 350 	 568 	 40.0 	 77.0 	 0.3162393162393162 
193.0 	 352 	 568 	 39.0 	 76.0 	 0.3217391304347826 
194.0 	 354 	 568 	 39.0 	 77.0 	 0.3275862068965517 
195.0 	 356 	 568 	 77.0 	 40.0 	 0.3162393162393162 
196.0 	 359 	 568 	 39.0 	 78.0 	 0.3333333333333333 
197.0 	 361 	 568 	 40.0 	 78.0 	 0.3220338983050847 
198.0 	 364 	 568 	 39.0 	 78.0 	 0.3333333333333333 
199.0 	 366 	 568 	 40.0 	 77.0 	 0.3162393162393162 
200.0 	 368 	 568 	 39.0 	 77.0 	 0.3275862068965517 
201.0 	 370 	 568 	 39.0 	 79.0 	 0.3389830508474576 
202.0 	 372 	 568 	 39.0 	 78.0 	 0.3333333333333333 
203.0 	 374 	 568 	 39.8615608215332 	 78.1316146850586 	 0.3243412485443906 
204.0 	 376 	 568 	 39.0 	 78.0 	 0.3333333333333333 
205.0 	 379 	 568 	 39.0 	 77.0 	 0.3275862068965517 
206.0 	 381 	 568 	 39.0 	 76.0 	 0.3217391304347826 
207.0 	 383 	 568 	 39.0 	 77.0 	 0.3275862068965517 
208.0 	 386 	 568 	 39.0 	 78.0 	 0.3333333333333333 
209.0 	 388 	 568 	 39.0 	 78.0 	 0.3333333333333333 
210.0 	 390 	 568 	 39.0 	 79.0 	 0.3389830508474576 
211.0 	 392 	 568 	 39.0 	 79.0 	 0.3389830508474576 
212.0 	 395 	 568 	 39.0 	 79.0 	 0.3389830508474576 
213.0 	 397 	 568 	 39.0 	 78.0 	 0.3333333333333333 
214.0 	 398 	 568 	 39.0 	 78.0 	 0.3333333333333333 
215.0 	 401 	 568 	 39.0 	 78.0 	 0.3333333333333333 
216.0 	 403 	 568 	 39.0 	 78.0 	 0.3333333333333333 
217.0 	 405 	 568 	 39.0 	 78.0 	 0.3333333333333333 
218.0 	 407 	 568 	 39.85960006713867 	 78.0068588256836 	 0.3236481278633542 
219.0 	 410 	 568 	 40.0 	 77.0 	 0.3162393162393162 
220.0 	 412 	 568 	 39.0 	 77.0 	 0.3275862068965517 
221.0 	 413 	 568 	 39.0 	 77.0 	 0.3275862068965517 
222.0 	 416 	 568 	 39.0 	 77.0 	 0.3275862068965517 
223.0 	 418 	 568 	 38.0 	 77.0 	 0.3391304347826087 
224.0 	 420 	 568 	 38.0 	 76.0 	 0.3333333333333333 
225.0 	 422 	 567 	 38.0 	 76.0 	 0.3333333333333333 
226.0 	 424 	 568 	 38.0 	 76.0 	 0.3333333333333333 
227.0 	 426 	 567 	 37.0 	 77.0 	 0.3508771929824561 
228.0 	 429 	 567 	 37.0 	 78.0 	 0.3565217391304348 
229.0 	 431 	 567 	 35.0 	 77.0 	 0.375 
230.0 	 434 	 567 	 35.0 	 78.0 	 0.3805309734513274 
231.0 	 436 	 567 	 35.0 	 77.0 	 0.375 
232.0 	 439 	 567 	 35.0 	 78.0 	 0.3805309734513274 
233.0 	 441 	 567 	 35.0 	 78.0 	 0.3805309734513274 
234.0 	 444 	 567 	 33.90045166015625 	 78.22520446777344 	 0.3953132078624797 
235.0 	 446 	 567 	 33.87582015991211 	 78.13652801513672 	 0.3951413266156655 
236.0 	 449 	 567 	 34.0 	 79.0 	 0.39823008849557523 
237.0 	 451 	 568 	 78.32267761230469 	 34.3438720703125 	 0.39034483319033847 
238.0 	 454 	 568 	 78.61460876464844 	 33.9731559753418 	 0.39650358893261134 
239.0 	 456 	 568 	 80.21428680419922 	 34.117496490478516 	 0.4031843900738541 
240.0 	 458 	 568 	 79.17163848876953 	 34.51448440551758 	 0.392810951295939 
241.0 	 461 	 568 	 77.45061492919922 	 34.4780158996582 	 0.3839285686898783 
242.0 	 464 	 568 	 78.1899185180664 	 35.51361846923828 	 0.37532957355225505 
243.0 	 466 	 568 	 35.0 	 77.0 	 0.375 
244.0 	 469 	 568 	 34.0 	 78.0 	 0.39285714285714285 
245.0 	 471 	 568 	 36.0 	 79.0 	 0.3739130434782609 
246.0 	 473 	 568 	 36.0 	 78.0 	 0.3684210526315789 
247.0 	 476 	 568 	 35.0 	 77.0 	 0.375 
248.0 	 478 	 568 	 36.0 	 79.0 	 0.3739130434782609 
249.0 	 480 	 569 	 35.98678207397461 	 78.95805358886719 	 0.37384255905969244 
250.0 	 483 	 568 	 36.0 	 78.0 	 0.3684210526315789 
251.0 	 485 	 569 	 36.0 	 78.0 	 0.3684210526315789 
252.0 	 488 	 569 	 36.0 	 79.0 	 0.3739130434782609 
253.0 	 491 	 568 	 35.0 	 77.0 	 0.375 
254.0 	 493 	 569 	 36.0 	 78.0 	 0.3684210526315789 
255.0 	 496 	 569 	 36.0 	 78.0 	 0.3684210526315789 
256.0 	 498 	 568 	 36.0 	 77.0 	 0.36283185840707965 
257.0 	 500 	 568 	 38.0 	 78.0 	 0.3448275862068966 
258.0 	 502 	 568 	 38.0 	 79.0 	 0.3504273504273504 
259.0 	 505 	 568 	 36.0 	 78.0 	 0.3684210526315789 
260.0 	 507 	 568 	 36.0 	 78.0 	 0.3684210526315789 
261.0 	 509 	 569 	 38.0 	 78.0 	 0.3448275862068966 
262.0 	 512 	 569 	 38.0 	 78.0 	 0.3448275862068966 
263.0 	 515 	 568 	 38.0 	 79.0 	 0.3504273504273504 
264.0 	 516 	 569 	 37.0 	 79.0 	 0.3620689655172414 
265.0 	 518 	 568 	 37.0 	 77.0 	 0.3508771929824561 
266.0 	 520 	 569 	 38.0 	 77.0 	 0.3391304347826087 
267.0 	 522 	 569 	 38.0 	 79.0 	 0.3504273504273504 
268.0 	 525 	 569 	 38.0 	 78.0 	 0.3448275862068966 
269.0 	 527 	 569 	 77.47383117675781 	 38.612159729003906 	 0.334766246508605 
270.0 	 529 	 569 	 39.0 	 77.0 	 0.3275862068965517 
271.0 	 532 	 569 	 39.0 	 77.0 	 0.3275862068965517 
272.0 	 535 	 569 	 76.63224029541016 	 38.63909149169922 	 0.3295975522680623 
273.0 	 538 	 569 	 39.0 	 79.0 	 0.3389830508474576 
274.0 	 540 	 569 	 39.0 	 78.0 	 0.3333333333333333 
275.0 	 542 	 569 	 79.45075225830078 	 38.45196533203125 	 0.34773402822422655 
276.0 	 544 	 569 	 38.0 	 80.0 	 0.3559322033898305 
277.0 	 546 	 569 	 38.0 	 81.0 	 0.36134453781512604 
278.0 	 548 	 569 	 38.0 	 80.0 	 0.3559322033898305 
279.0 	 551 	 569 	 38.0 	 80.0 	 0.3559322033898305 
280.0 	 553 	 569 	 38.0 	 81.0 	 0.36134453781512604 
281.0 	 556 	 569 	 38.0 	 81.0 	 0.36134453781512604 
282.0 	 558 	 569 	 38.0 	 81.0 	 0.36134453781512604 
283.0 	 560 	 569 	 39.0 	 81.0 	 0.35 
284.0 	 562 	 569 	 38.0 	 80.0 	 0.3559322033898305 
285.0 	 564 	 569 	 39.0 	 81.0 	 0.35 
286.0 	 567 	 569 	 39.0 	 82.0 	 0.35537190082644626 
287.0 	 569 	 569 	 39.0 	 82.0 	 0.35537190082644626 
288.0 	 572 	 569 	 39.0 	 82.0 	 0.35537190082644626 
289.0 	 574 	 569 	 38.0 	 81.0 	 0.36134453781512604 
290.0 	 576 	 569 	 38.0 	 82.0 	 0.36666666666666664 
291.0 	 579 	 569 	 38.0 	 81.0 	 0.36134453781512604 
292.0 	 581 	 569 	 39.0 	 81.0 	 0.35 
293.0 	 583 	 569 	 39.0 	 82.0 	 0.35537190082644626 
294.0 	 585 	 569 	 39.0 	 82.0 	 0.35537190082644626 
295.0 	 587 	 569 	 39.0 	 82.0 	 0.35537190082644626 
296.0 	 589 	 569 	 40.0 	 82.0 	 0.3442622950819672 
297.0 	 592 	 569 	 40.0 	 81.0 	 0.33884297520661155 
298.0 	 594 	 569 	 40.0 	 82.0 	 0.3442622950819672 
299.0 	 597 	 569 	 41.0 	 82.0 	 0.3333333333333333 
300.0 	 600 	 569 	 40.0 	 81.0 	 0.33884297520661155 
301.0 	 601 	 569 	 39.0 	 83.0 	 0.36065573770491804 
302.0 	 604 	 569 	 39.0 	 82.0 	 0.35537190082644626 
303.0 	 606 	 569 	 39.0 	 82.0 	 0.35537190082644626 
304.0 	 608 	 569 	 39.0 	 82.0 	 0.35537190082644626 
305.0 	 610 	 569 	 39.0 	 82.0 	 0.35537190082644626 
306.0 	 612 	 569 	 39.0 	 81.0 	 0.35 
307.0 	 615 	 569 	 39.0 	 81.0 	 0.35 
308.0 	 617 	 569 	 39.0 	 83.0 	 0.36065573770491804 
309.0 	 619 	 569 	 39.0 	 82.0 	 0.35537190082644626 
310.0 	 622 	 569 	 83.0 	 40.0 	 0.34959349593495936 
311.0 	 624 	 569 	 83.0 	 40.0 	 0.34959349593495936 
312.0 	 626 	 569 	 40.0 	 84.0 	 0.3548387096774194 
313.0 	 628 	 569 	 40.0 	 83.0 	 0.34959349593495936 
314.0 	 631 	 569 	 40.0 	 83.0 	 0.34959349593495936 
315.0 	 633 	 569 	 40.0 	 83.0 	 0.34959349593495936 
316.0 	 635 	 569 	 40.0 	 82.0 	 0.3442622950819672 
317.0 	 638 	 569 	 40.0 	 83.0 	 0.34959349593495936 
318.0 	 640 	 569 	 40.0 	 82.0 	 0.3442622950819672 
319.0 	 643 	 569 	 40.0 	 83.0 	 0.34959349593495936 
320.0 	 645 	 569 	 40.0 	 83.0 	 0.34959349593495936 
321.0 	 647 	 569 	 40.0 	 83.0 	 0.34959349593495936 
322.0 	 649 	 569 	 40.0 	 83.0 	 0.34959349593495936 
323.0 	 652 	 569 	 40.0 	 83.0 	 0.34959349593495936 
324.0 	 654 	 569 	 40.0 	 83.0 	 0.34959349593495936 
325.0 	 656 	 569 	 39.0 	 82.0 	 0.35537190082644626 
326.0 	 658 	 569 	 40.0 	 82.0 	 0.3442622950819672 
327.0 	 661 	 569 	 40.0 	 83.0 	 0.34959349593495936 
328.0 	 663 	 569 	 40.0 	 82.0 	 0.3442622950819672 
329.0 	 665 	 569 	 40.0 	 83.0 	 0.34959349593495936 
330.0 	 668 	 569 	 40.0 	 83.0 	 0.34959349593495936 
331.0 	 670 	 569 	 40.0 	 82.0 	 0.3442622950819672 
332.0 	 672 	 569 	 40.0 	 82.0 	 0.3442622950819672 
333.0 	 674 	 569 	 40.0 	 83.0 	 0.34959349593495936 
334.0 	 676 	 569 	 40.0 	 83.0 	 0.34959349593495936 
335.0 	 679 	 569 	 40.0 	 83.0 	 0.34959349593495936 
336.0 	 681 	 569 	 40.0 	 83.0 	 0.34959349593495936 
337.0 	 683 	 569 	 82.0 	 40.0 	 0.3442622950819672 
338.0 	 686 	 569 	 39.0 	 83.0 	 0.36065573770491804 
339.0 	 688 	 569 	 39.0 	 83.0 	 0.36065573770491804 
340.0 	 690 	 569 	 39.0 	 82.0 	 0.35537190082644626 
341.0 	 692 	 569 	 83.58690643310547 	 40.04685974121094 	 0.3521695410500203 
342.0 	 694 	 569 	 39.0 	 84.0 	 0.36585365853658536 
343.0 	 696 	 569 	 39.0 	 83.0 	 0.36065573770491804 
344.0 	 699 	 569 	 39.0 	 84.0 	 0.36585365853658536 
345.0 	 701 	 569 	 39.0 	 84.0 	 0.36585365853658536 
346.0 	 704 	 569 	 39.0 	 84.0 	 0.36585365853658536 
347.0 	 706 	 569 	 39.0 	 83.0 	 0.36065573770491804 
348.0 	 708 	 569 	 39.0 	 83.0 	 0.36065573770491804 
349.0 	 710 	 569 	 39.0 	 83.0 	 0.36065573770491804 
350.0 	 712 	 569 	 39.0 	 83.0 	 0.36065573770491804 
351.0 	 714 	 569 	 39.0 	 83.0 	 0.36065573770491804 
352.0 	 716 	 569 	 39.0 	 83.0 	 0.36065573770491804 
353.0 	 719 	 569 	 39.0 	 82.0 	 0.35537190082644626 
354.0 	 722 	 569 	 39.0 	 83.0 	 0.36065573770491804 
355.0 	 724 	 569 	 39.0 	 84.0 	 0.36585365853658536 
356.0 	 727 	 569 	 39.0 	 83.0 	 0.36065573770491804 
357.0 	 729 	 569 	 39.0 	 83.0 	 0.36065573770491804 
358.0 	 731 	 569 	 39.0 	 83.0 	 0.36065573770491804 
359.0 	 733 	 569 	 39.0 	 82.0 	 0.35537190082644626 
360.0 	 735 	 569 	 39.0 	 84.0 	 0.36585365853658536 
361.0 	 737 	 569 	 38.0 	 83.0 	 0.371900826446281 
362.0 	 739 	 569 	 83.0 	 39.0 	 0.36065573770491804 
363.0 	 742 	 569 	 38.0 	 84.0 	 0.3770491803278688 
364.0 	 744 	 569 	 38.64909744262695 	 83.4532699584961 	 0.36693942525030065 
365.0 	 747 	 569 	 38.716407775878906 	 83.38597869873047 	 0.3658370013279011 
366.0 	 749 	 569 	 39.0 	 82.0 	 0.35537190082644626 
367.0 	 751 	 569 	 39.0 	 82.0 	 0.35537190082644626 
368.0 	 754 	 569 	 38.0 	 83.0 	 0.371900826446281 
369.0 	 756 	 569 	 39.0 	 83.0 	 0.36065573770491804 
370.0 	 758 	 569 	 39.0 	 82.0 	 0.35537190082644626 
371.0 	 760 	 569 	 39.0 	 82.0 	 0.35537190082644626 
372.0 	 763 	 569 	 39.0 	 83.0 	 0.36065573770491804 
373.0 	 765 	 569 	 38.0 	 83.0 	 0.371900826446281 
374.0 	 767 	 569 	 38.0 	 84.0 	 0.3770491803278688 
375.0 	 770 	 569 	 38.0 	 83.0 	 0.371900826446281 
376.0 	 772 	 569 	 38.0 	 84.0 	 0.3770491803278688 
377.0 	 774 	 569 	 38.0 	 84.0 	 0.3770491803278688 
378.0 	 777 	 569 	 38.0 	 83.0 	 0.371900826446281 
379.0 	 779 	 569 	 38.0 	 83.0 	 0.371900826446281 
380.0 	 781 	 569 	 38.0 	 83.0 	 0.371900826446281 
381.0 	 783 	 569 	 38.0 	 83.0 	 0.371900826446281 
382.0 	 785 	 569 	 38.0 	 84.0 	 0.3770491803278688 
383.0 	 788 	 570 	 38.0 	 83.0 	 0.371900826446281 
384.0 	 791 	 570 	 83.0 	 38.0 	 0.371900826446281 
385.0 	 793 	 570 	 37.0 	 83.0 	 0.38333333333333336 
386.0 	 795 	 570 	 37.0 	 84.0 	 0.3884297520661157 
387.0 	 797 	 570 	 37.0 	 83.0 	 0.38333333333333336 
388.0 	 799 	 570 	 37.0 	 83.0 	 0.38333333333333336 
389.0 	 801 	 570 	 37.0 	 83.0 	 0.38333333333333336 
390.0 	 804 	 570 	 37.0 	 83.0 	 0.38333333333333336 
391.0 	 806 	 570 	 37.0 	 83.0 	 0.38333333333333336 
392.0 	 809 	 570 	 37.0 	 84.0 	 0.3884297520661157 
393.0 	 811 	 569 	 37.0 	 83.0 	 0.38333333333333336 
394.0 	 814 	 569 	 37.0 	 83.0 	 0.38333333333333336 
395.0 	 816 	 570 	 36.0 	 83.0 	 0.3949579831932773 
396.0 	 818 	 570 	 36.7358283996582 	 83.30120086669922 	 0.3879250657204644 
397.0 	 820 	 569 	 37.0 	 83.0 	 0.38333333333333336 
398.0 	 823 	 569 	 37.0 	 84.0 	 0.3884297520661157 
399.0 	 825 	 569 	 83.0 	 38.0 	 0.371900826446281 
400.0 	 827 	 570 	 38.0 	 83.0 	 0.371900826446281 
401.0 	 830 	 570 	 38.0 	 84.0 	 0.3770491803278688 
402.0 	 832 	 570 	 38.0 	 83.0 	 0.371900826446281 
403.0 	 835 	 570 	 38.0 	 83.0 	 0.371900826446281 
404.0 	 837 	 570 	 38.0 	 83.0 	 0.371900826446281 
405.0 	 839 	 570 	 38.0 	 84.0 	 0.3770491803278688 
406.0 	 841 	 570 	 38.0 	 82.0 	 0.36666666666666664 
407.0 	 844 	 570 	 38.0 	 84.0 	 0.3770491803278688 
408.0 	 846 	 570 	 38.0 	 84.0 	 0.3770491803278688 
409.0 	 848 	 569 	 38.0 	 83.0 	 0.371900826446281 
410.0 	 850 	 569 	 38.0 	 83.0 	 0.371900826446281 
411.0 	 852 	 570 	 38.0 	 84.0 	 0.3770491803278688 
412.0 	 855 	 570 	 38.0 	 83.0 	 0.371900826446281 
413.0 	 857 	 569 	 39.0 	 84.0 	 0.36585365853658536 
414.0 	 860 	 570 	 39.0 	 84.0 	 0.36585365853658536 
415.0 	 862 	 569 	 38.71807098388672 	 83.59331512451172 	 0.3668934313347927 
416.0 	 864 	 569 	 39.0 	 83.0 	 0.36065573770491804 
417.0 	 867 	 569 	 39.0 	 84.0 	 0.36585365853658536 
418.0 	 869 	 569 	 39.0 	 83.0 	 0.36065573770491804 
419.0 	 871 	 569 	 39.0 	 84.0 	 0.36585365853658536 
420.0 	 872 	 570 	 39.0 	 84.0 	 0.36585365853658536 
421.0 	 874 	 569 	 37.0 	 82.0 	 0.37815126050420167 
422.0 	 877 	 569 	 37.0 	 83.0 	 0.38333333333333336 
423.0 	 879 	 570 	 38.0 	 84.0 	 0.3770491803278688 
424.0 	 881 	 570 	 37.0 	 83.0 	 0.38333333333333336 
425.0 	 884 	 569 	 38.0 	 83.0 	 0.371900826446281 
426.0 	 886 	 570 	 38.0 	 84.0 	 0.3770491803278688 
427.0 	 888 	 570 	 38.0 	 83.0 	 0.371900826446281 
428.0 	 890 	 570 	 38.0 	 82.0 	 0.36666666666666664 
429.0 	 892 	 570 	 38.0 	 84.0 	 0.3770491803278688 
430.0 	 895 	 570 	 38.0 	 83.0 	 0.371900826446281 
431.0 	 897 	 570 	 38.0 	 83.0 	 0.371900826446281 
432.0 	 899 	 570 	 38.0 	 83.0 	 0.371900826446281 
433.0 	 902 	 570 	 38.0 	 83.0 	 0.371900826446281 
434.0 	 904 	 570 	 38.0 	 83.0 	 0.371900826446281 
435.0 	 906 	 570 	 38.0 	 84.0 	 0.3770491803278688 
436.0 	 908 	 570 	 38.0 	 83.0 	 0.371900826446281 
437.0 	 911 	 570 	 38.0 	 83.0 	 0.371900826446281 
438.0 	 913 	 570 	 38.0 	 83.0 	 0.371900826446281 
439.0 	 915 	 570 	 38.0 	 84.0 	 0.3770491803278688 
440.0 	 918 	 570 	 38.0 	 83.0 	 0.371900826446281 
441.0 	 920 	 570 	 38.0 	 84.0 	 0.3770491803278688 
442.0 	 922 	 570 	 38.0 	 84.0 	 0.3770491803278688 
443.0 	 925 	 570 	 38.0 	 84.0 	 0.3770491803278688 
444.0 	 927 	 570 	 38.0 	 84.0 	 0.3770491803278688 
445.0 	 929 	 570 	 38.0 	 84.0 	 0.3770491803278688 
446.0 	 931 	 570 	 38.0 	 83.0 	 0.371900826446281 
447.0 	 933 	 570 	 38.0 	 83.0 	 0.371900826446281 
448.0 	 936 	 570 	 38.0 	 83.0 	 0.371900826446281 
449.0 	 938 	 570 	 38.0 	 84.0 	 0.3770491803278688 
450.0 	 941 	 570 	 38.0 	 83.0 	 0.371900826446281 
451.0 	 943 	 570 	 38.0 	 84.0 	 0.3770491803278688 
452.0 	 946 	 570 	 38.0 	 83.0 	 0.371900826446281 
453.0 	 948 	 570 	 38.0 	 84.0 	 0.3770491803278688 
454.0 	 950 	 570 	 38.0 	 84.0 	 0.3770491803278688 
455.0 	 952 	 570 	 38.0 	 84.0 	 0.3770491803278688 
456.0 	 954 	 570 	 38.0 	 83.0 	 0.371900826446281 
457.0 	 956 	 570 	 38.0 	 84.0 	 0.3770491803278688 
458.0 	 959 	 570 	 38.0 	 84.0 	 0.3770491803278688 
459.0 	 961 	 570 	 38.0 	 84.0 	 0.3770491803278688 
460.0 	 963 	 570 	 38.0 	 85.0 	 0.3821138211382114 
461.0 	 966 	 570 	 38.0 	 84.0 	 0.3770491803278688 
462.0 	 968 	 570 	 38.0 	 84.0 	 0.3770491803278688 
463.0 	 970 	 570 	 38.0 	 84.0 	 0.3770491803278688 
464.0 	 973 	 570 	 38.0 	 84.0 	 0.3770491803278688 
465.0 	 975 	 570 	 38.0 	 84.0 	 0.3770491803278688 
466.0 	 977 	 570 	 38.0 	 84.0 	 0.3770491803278688 
467.0 	 979 	 570 	 38.0 	 84.0 	 0.3770491803278688 
468.0 	 982 	 570 	 38.0 	 85.0 	 0.3821138211382114 
469.0 	 984 	 570 	 38.0 	 84.0 	 0.3770491803278688 
470.0 	 987 	 570 	 38.0 	 84.0 	 0.3770491803278688 
471.0 	 989 	 570 	 38.0 	 84.0 	 0.3770491803278688 
472.0 	 991 	 570 	 38.0 	 84.0 	 0.3770491803278688 
473.0 	 994 	 570 	 38.0 	 84.0 	 0.3770491803278688 
474.0 	 996 	 570 	 38.0 	 84.0 	 0.3770491803278688 
475.0 	 998 	 570 	 38.0 	 85.0 	 0.3821138211382114 
476.0 	 1000 	 570 	 38.0 	 85.0 	 0.3821138211382114 
477.0 	 1003 	 570 	 38.0 	 85.0 	 0.3821138211382114 
478.0 	 1005 	 570 	 38.0 	 84.0 	 0.3770491803278688 
479.0 	 1008 	 570 	 85.44054412841797 	 38.756534576416016 	 0.37588653484314943 
480.0 	 1010 	 570 	 85.44054412841797 	 38.697811126708984 	 0.3765373957601109 
481.0 	 1012 	 570 	 39.0 	 85.0 	 0.3709677419354839 
482.0 	 1014 	 570 	 39.0 	 86.0 	 0.376 
483.0 	 1017 	 570 	 39.0 	 86.0 	 0.376 
484.0 	 1019 	 571 	 39.0 	 85.0 	 0.3709677419354839 
485.0 	 1021 	 571 	 86.0 	 39.0 	 0.376 
486.0 	 1024 	 570 	 38.0 	 85.0 	 0.3821138211382114 
487.0 	 1027 	 570 	 38.0 	 85.0 	 0.3821138211382114 
488.0 	 1029 	 570 	 39.0 	 86.0 	 0.376 
489.0 	 1031 	 570 	 39.0 	 85.0 	 0.3709677419354839 
490.0 	 1034 	 571 	 39.0 	 86.0 	 0.376 
491.0 	 1035 	 571 	 39.0 	 86.0 	 0.376 
492.0 	 1038 	 570 	 86.0 	 39.0 	 0.376 
493.0 	 1040 	 571 	 38.0 	 86.0 	 0.3870967741935484 
494.0 	 1042 	 571 	 38.0 	 87.0 	 0.392 
495.0 	 1045 	 571 	 38.0 	 86.0 	 0.3870967741935484 
496.0 	 1047 	 571 	 38.0 	 87.0 	 0.392 
497.0 	 1049 	 571 	 38.0 	 94.0 	 0.42424242424242425 
498.0 	 1051 	 571 	 38.0 	 94.0 	 0.42424242424242425 
499.0 	 1054 	 571 	 38.0 	 86.0 	 0.3870967741935484 
500.0 	 1056 	 571 	 38.0 	 86.0 	 0.3870967741935484 
501.0 	 1058 	 571 	 38.0 	 86.0 	 0.3870967741935484 
502.0 	 1060 	 571 	 38.0 	 86.0 	 0.3870967741935484 
503.0 	 1063 	 571 	 38.0 	 87.0 	 0.392 
504.0 	 1064 	 571 	 38.0 	 93.0 	 0.4198473282442748 
505.0 	 1066 	 571 	 38.0 	 93.0 	 0.4198473282442748 
506.0 	 1069 	 571 	 39.0 	 95.0 	 0.417910447761194 
507.0 	 1071 	 571 	 39.0 	 93.0 	 0.4090909090909091 
508.0 	 1074 	 571 	 38.0 	 93.0 	 0.4198473282442748 
509.0 	 1076 	 571 	 39.0 	 94.0 	 0.41353383458646614 
510.0 	 1078 	 571 	 39.0 	 95.0 	 0.417910447761194 
511.0 	 1080 	 571 	 94.0 	 39.0 	 0.41353383458646614 
512.0 	 1082 	 571 	 38.0 	 94.0 	 0.42424242424242425 
513.0 	 1084 	 571 	 39.0 	 95.0 	 0.417910447761194 
514.0 	 1087 	 571 	 39.0 	 94.0 	 0.41353383458646614 
515.0 	 1090 	 571 	 39.0 	 95.0 	 0.417910447761194 
516.0 	 1092 	 571 	 39.0 	 95.0 	 0.417910447761194 
517.0 	 1094 	 571 	 38.0 	 95.0 	 0.42857142857142855 
518.0 	 1096 	 571 	 38.0 	 95.0 	 0.42857142857142855 
519.0 	 1098 	 571 	 38.0 	 95.0 	 0.42857142857142855 
520.0 	 1100 	 571 	 38.0 	 95.0 	 0.42857142857142855 
521.0 	 1103 	 571 	 38.0 	 94.0 	 0.42424242424242425 
522.0 	 1105 	 571 	 38.0 	 95.0 	 0.42857142857142855 
523.0 	 1107 	 571 	 38.0 	 96.0 	 0.43283582089552236 
524.0 	 1110 	 571 	 38.0 	 96.0 	 0.43283582089552236 
525.0 	 1112 	 571 	 39.0 	 95.0 	 0.417910447761194 
526.0 	 1115 	 571 	 39.0 	 94.0 	 0.41353383458646614 
527.0 	 1117 	 571 	 39.0 	 93.0 	 0.4090909090909091 
528.0 	 1119 	 571 	 39.0 	 95.0 	 0.417910447761194 
529.0 	 1121 	 571 	 38.0 	 95.0 	 0.42857142857142855 
530.0 	 1123 	 571 	 39.0 	 94.0 	 0.41353383458646614 
531.0 	 1125 	 571 	 39.0 	 94.0 	 0.41353383458646614 
532.0 	 1128 	 571 	 39.0 	 94.0 	 0.41353383458646614 
533.0 	 1130 	 571 	 38.78057861328125 	 93.19312286376953 	 0.412298387038498 
534.0 	 1132 	 571 	 39.0 	 94.0 	 0.41353383458646614 
535.0 	 1135 	 571 	 38.0 	 94.0 	 0.42424242424242425 
536.0 	 1137 	 571 	 39.0 	 93.0 	 0.4090909090909091 
537.0 	 1140 	 572 	 39.0 	 94.0 	 0.41353383458646614 
538.0 	 1142 	 572 	 39.0 	 95.0 	 0.417910447761194 
539.0 	 1144 	 572 	 94.0 	 39.0 	 0.41353383458646614 
540.0 	 1146 	 572 	 39.0 	 95.0 	 0.417910447761194 
541.0 	 1149 	 572 	 39.0 	 95.0 	 0.417910447761194 
542.0 	 1151 	 572 	 40.0 	 94.0 	 0.40298507462686567 
543.0 	 1154 	 572 	 40.0 	 93.0 	 0.39849624060150374 
544.0 	 1156 	 572 	 40.0 	 94.0 	 0.40298507462686567 
545.0 	 1159 	 571 	 40.0 	 95.0 	 0.4074074074074074 
546.0 	 1161 	 572 	 40.0 	 94.0 	 0.40298507462686567 
547.0 	 1163 	 572 	 40.0 	 95.0 	 0.4074074074074074 
548.0 	 1165 	 572 	 40.0 	 95.0 	 0.4074074074074074 
549.0 	 1168 	 571 	 40.0 	 93.0 	 0.39849624060150374 
550.0 	 1169 	 571 	 40.0 	 95.0 	 0.4074074074074074 
551.0 	 1172 	 571 	 40.0 	 95.0 	 0.4074074074074074 
552.0 	 1175 	 571 	 40.0 	 94.0 	 0.40298507462686567 
553.0 	 1177 	 571 	 95.95179748535156 	 39.93097686767578 	 0.4122731588636252 
554.0 	 1179 	 571 	 40.0 	 96.0 	 0.4117647058823529 
555.0 	 1182 	 571 	 39.0 	 96.0 	 0.4222222222222222 
556.0 	 1184 	 571 	 39.0 	 96.0 	 0.4222222222222222 
557.0 	 1186 	 571 	 39.0 	 97.0 	 0.4264705882352941 
558.0 	 1189 	 571 	 39.0 	 96.0 	 0.4222222222222222 
559.0 	 1191 	 571 	 39.0 	 95.0 	 0.417910447761194 
560.0 	 1193 	 571 	 39.0 	 96.0 	 0.4222222222222222 
561.0 	 1196 	 571 	 39.0 	 95.0 	 0.417910447761194 
562.0 	 1198 	 571 	 39.0 	 94.0 	 0.41353383458646614 
563.0 	 1201 	 571 	 39.0 	 95.0 	 0.417910447761194 
564.0 	 1203 	 571 	 39.0 	 94.0 	 0.41353383458646614 
565.0 	 1205 	 571 	 39.0 	 94.0 	 0.41353383458646614 
566.0 	 1207 	 571 	 39.0 	 95.0 	 0.417910447761194 
567.0 	 1210 	 571 	 39.0 	 95.0 	 0.417910447761194 
568.0 	 1212 	 571 	 39.0 	 95.0 	 0.417910447761194 
569.0 	 1214 	 571 	 39.0 	 95.0 	 0.417910447761194 
570.0 	 1216 	 571 	 39.0 	 96.0 	 0.4222222222222222 
571.0 	 1219 	 571 	 39.0 	 94.0 	 0.41353383458646614 
572.0 	 1221 	 571 	 39.0 	 95.0 	 0.417910447761194 
573.0 	 1223 	 571 	 39.0 	 95.0 	 0.417910447761194 
574.0 	 1226 	 571 	 39.0 	 95.0 	 0.417910447761194 
575.0 	 1229 	 571 	 39.0 	 94.0 	 0.41353383458646614 
576.0 	 1231 	 571 	 40.0 	 95.0 	 0.4074074074074074 
577.0 	 1233 	 571 	 39.0 	 95.0 	 0.417910447761194 
578.0 	 1235 	 571 	 39.0 	 95.0 	 0.417910447761194 
579.0 	 1237 	 572 	 39.0 	 96.0 	 0.4222222222222222 
580.0 	 1240 	 571 	 39.0 	 95.0 	 0.417910447761194 
581.0 	 1242 	 571 	 39.0 	 96.0 	 0.4222222222222222 
582.0 	 1244 	 572 	 39.0 	 96.0 	 0.4222222222222222 
583.0 	 1247 	 571 	 39.0 	 96.0 	 0.4222222222222222 
584.0 	 1249 	 571 	 39.0 	 96.0 	 0.4222222222222222 
585.0 	 1252 	 572 	 39.0 	 97.0 	 0.4264705882352941 
586.0 	 1254 	 572 	 39.0 	 96.0 	 0.4222222222222222 
587.0 	 1256 	 571 	 39.0 	 95.0 	 0.417910447761194 
588.0 	 1259 	 572 	 39.0 	 96.0 	 0.4222222222222222 
589.0 	 1261 	 572 	 39.0 	 94.0 	 0.41353383458646614 
590.0 	 1263 	 571 	 39.0 	 95.0 	 0.417910447761194 
591.0 	 1266 	 571 	 39.0 	 95.0 	 0.417910447761194 
592.0 	 1268 	 572 	 39.0 	 94.0 	 0.41353383458646614 
593.0 	 1271 	 572 	 39.0 	 95.0 	 0.417910447761194 
594.0 	 1274 	 572 	 39.0 	 94.0 	 0.41353383458646614 
595.0 	 1276 	 572 	 39.0 	 95.0 	 0.417910447761194 
596.0 	 1278 	 572 	 39.0 	 95.0 	 0.417910447761194 
597.0 	 1280 	 571 	 39.0 	 94.0 	 0.41353383458646614 
598.0 	 1282 	 572 	 39.0 	 96.0 	 0.4222222222222222 
599.0 	 1285 	 572 	 39.0 	 94.0 	 0.41353383458646614 
600.0 	 1287 	 571 	 39.0 	 94.0 	 0.41353383458646614 
601.0 	 1289 	 572 	 38.0 	 94.0 	 0.42424242424242425 
602.0 	 1292 	 572 	 38.0 	 94.0 	 0.42424242424242425 
603.0 	 1295 	 572 	 38.0 	 93.0 	 0.4198473282442748 
604.0 	 1297 	 572 	 39.0 	 94.0 	 0.41353383458646614 
605.0 	 1300 	 572 	 39.0 	 93.0 	 0.4090909090909091 
606.0 	 1302 	 572 	 39.0 	 93.0 	 0.4090909090909091 
607.0 	 1304 	 572 	 39.0 	 95.0 	 0.417910447761194 
608.0 	 1306 	 572 	 39.0 	 95.0 	 0.417910447761194 
609.0 	 1308 	 572 	 39.0 	 95.0 	 0.417910447761194 
610.0 	 1310 	 572 	 39.0 	 94.0 	 0.41353383458646614 
611.0 	 1313 	 572 	 39.0 	 94.0 	 0.41353383458646614 
612.0 	 1315 	 572 	 40.0 	 95.0 	 0.4074074074074074 
613.0 	 1318 	 572 	 39.0 	 94.0 	 0.41353383458646614 
614.0 	 1320 	 572 	 39.0 	 95.0 	 0.417910447761194 
615.0 	 1322 	 572 	 39.0 	 95.0 	 0.417910447761194 
616.0 	 1325 	 572 	 39.0 	 95.0 	 0.417910447761194 
617.0 	 1327 	 572 	 39.0 	 97.0 	 0.4264705882352941 
618.0 	 1329 	 572 	 39.0 	 97.0 	 0.4264705882352941 
619.0 	 1331 	 572 	 39.0 	 96.0 	 0.4222222222222222 
620.0 	 1333 	 572 	 39.0 	 95.0 	 0.417910447761194 
621.0 	 1336 	 572 	 95.21986389160156 	 38.55110168457031 	 0.4236252759554383 
622.0 	 1338 	 572 	 95.08123016357422 	 38.60177993774414 	 0.42248787024637086 
623.0 	 1341 	 572 	 38.0 	 95.0 	 0.42857142857142855 
624.0 	 1343 	 572 	 38.0 	 95.0 	 0.42857142857142855 
625.0 	 1345 	 572 	 38.0 	 95.0 	 0.42857142857142855 
626.0 	 1348 	 572 	 38.0 	 94.0 	 0.42424242424242425 
627.0 	 1350 	 572 	 38.0 	 96.0 	 0.43283582089552236 
628.0 	 1352 	 572 	 38.0 	 96.0 	 0.43283582089552236 
629.0 	 1354 	 572 	 38.0 	 94.0 	 0.42424242424242425 
630.0 	 1356 	 572 	 38.0 	 95.0 	 0.42857142857142855 
631.0 	 1359 	 572 	 38.0 	 95.0 	 0.42857142857142855 
632.0 	 1361 	 572 	 38.0 	 94.0 	 0.42424242424242425 
633.0 	 1364 	 572 	 38.0 	 95.0 	 0.42857142857142855 
634.0 	 1366 	 572 	 38.0 	 95.0 	 0.42857142857142855 
635.0 	 1368 	 572 	 37.0 	 94.0 	 0.4351145038167939 
636.0 	 1370 	 572 	 37.0 	 96.0 	 0.44360902255639095 
637.0 	 1372 	 572 	 37.0 	 96.0 	 0.44360902255639095 
638.0 	 1375 	 572 	 36.0 	 95.0 	 0.45038167938931295 
639.0 	 1377 	 572 	 37.0 	 94.0 	 0.4351145038167939 
640.0 	 1379 	 572 	 37.80124282836914 	 96.00018310546875 	 0.4349650227634929 
641.0 	 1382 	 572 	 37.84931182861328 	 95.1221694946289 	 0.43071534659969873 
642.0 	 1384 	 572 	 37.68468475341797 	 95.0263671875 	 0.4320791795065429 
643.0 	 1386 	 572 	 37.0 	 96.0 	 0.44360902255639095 
644.0 	 1388 	 572 	 37.0 	 95.0 	 0.4393939393939394 
645.0 	 1391 	 572 	 36.0 	 94.0 	 0.4461538461538462 
646.0 	 1393 	 572 	 37.0 	 96.0 	 0.44360902255639095 
647.0 	 1395 	 572 	 37.0 	 96.0 	 0.44360902255639095 
648.0 	 1398 	 572 	 37.0 	 93.0 	 0.4307692307692308 
649.0 	 1399 	 572 	 37.0 	 95.0 	 0.4393939393939394 
650.0 	 1401 	 572 	 37.0 	 97.0 	 0.44776119402985076 
651.0 	 1403 	 572 	 37.0 	 95.0 	 0.4393939393939394 
652.0 	 1406 	 572 	 37.0 	 99.0 	 0.45588235294117646 
653.0 	 1409 	 572 	 37.0 	 100.0 	 0.45985401459854014 
654.0 	 1412 	 572 	 37.0 	 98.0 	 0.45185185185185184 
655.0 	 1414 	 572 	 37.0 	 96.0 	 0.44360902255639095 
656.0 	 1416 	 572 	 37.0 	 98.0 	 0.45185185185185184 
657.0 	 1418 	 572 	 36.785011291503906 	 96.18647766113281 	 0.4467233302229712 
658.0 	 1421 	 572 	 37.10944366455078 	 96.12954711914062 	 0.44296420370225414 
659.0 	 1422 	 572 	 37.78980255126953 	 97.12872314453125 	 0.43981299296919746 
660.0 	 1424 	 572 	 37.42697525024414 	 96.24969482421875 	 0.4400372895375697 
661.0 	 1427 	 572 	 37.0 	 96.0 	 0.44360902255639095 
662.0 	 1429 	 572 	 37.0 	 97.0 	 0.44776119402985076 
663.0 	 1431 	 572 	 38.0 	 96.0 	 0.43283582089552236 
664.0 	 1434 	 572 	 38.0 	 95.0 	 0.42857142857142855 
665.0 	 1436 	 572 	 38.0 	 96.0 	 0.43283582089552236 
666.0 	 1438 	 572 	 38.0 	 97.0 	 0.43703703703703706 
667.0 	 1441 	 572 	 38.0 	 94.0 	 0.42424242424242425 
668.0 	 1443 	 572 	 38.0 	 97.0 	 0.43703703703703706 
669.0 	 1445 	 572 	 38.0 	 96.0 	 0.43283582089552236 
670.0 	 1447 	 572 	 38.0 	 95.0 	 0.42857142857142855 
671.0 	 1449 	 572 	 39.0 	 96.0 	 0.4222222222222222 
672.0 	 1452 	 572 	 38.0 	 97.0 	 0.43703703703703706 
673.0 	 1455 	 572 	 37.0 	 93.0 	 0.4307692307692308 
674.0 	 1457 	 572 	 37.0 	 94.0 	 0.4351145038167939 
675.0 	 1459 	 573 	 39.0 	 96.0 	 0.4222222222222222 
676.0 	 1462 	 572 	 37.0 	 95.0 	 0.4393939393939394 
677.0 	 1464 	 572 	 37.0 	 94.0 	 0.4351145038167939 
678.0 	 1466 	 573 	 38.0 	 95.0 	 0.42857142857142855 
679.0 	 1468 	 573 	 38.0 	 95.0 	 0.42857142857142855 
680.0 	 1471 	 573 	 38.0 	 93.0 	 0.4198473282442748 
681.0 	 1472 	 573 	 38.0 	 95.0 	 0.42857142857142855 
682.0 	 1475 	 573 	 38.0 	 95.0 	 0.42857142857142855 
683.0 	 1477 	 573 	 38.0 	 94.0 	 0.42424242424242425 
684.0 	 1479 	 573 	 38.0 	 96.0 	 0.43283582089552236 
685.0 	 1482 	 573 	 37.0 	 97.0 	 0.44776119402985076 
686.0 	 1484 	 573 	 38.0 	 95.0 	 0.42857142857142855 
687.0 	 1486 	 573 	 39.0 	 96.0 	 0.4222222222222222 
688.0 	 1488 	 573 	 39.0 	 96.0 	 0.4222222222222222 
689.0 	 1490 	 572 	 39.0 	 95.0 	 0.417910447761194 
690.0 	 1492 	 573 	 39.0 	 97.0 	 0.4264705882352941 
691.0 	 1494 	 573 	 39.0 	 99.0 	 0.43478260869565216 
692.0 	 1497 	 573 	 39.0 	 98.0 	 0.4306569343065693 
693.0 	 1500 	 573 	 39.0 	 99.0 	 0.43478260869565216 
694.0 	 1503 	 573 	 39.0 	 98.0 	 0.4306569343065693 
695.0 	 1505 	 573 	 39.0 	 97.0 	 0.4264705882352941 
696.0 	 1508 	 573 	 39.0 	 96.0 	 0.4222222222222222 
697.0 	 1509 	 573 	 39.0 	 97.0 	 0.4264705882352941 
698.0 	 1511 	 573 	 39.0 	 96.0 	 0.4222222222222222 
699.0 	 1514 	 573 	 39.0 	 94.0 	 0.41353383458646614 
700.0 	 1516 	 573 	 40.0 	 96.0 	 0.4117647058823529 
701.0 	 1518 	 573 	 40.0 	 95.0 	 0.4074074074074074 
702.0 	 1520 	 573 	 40.0 	 92.0 	 0.3939393939393939 
703.0 	 1523 	 573 	 40.0 	 93.0 	 0.39849624060150374 
704.0 	 1525 	 573 	 40.0 	 93.0 	 0.39849624060150374 
705.0 	 1528 	 573 	 40.0 	 92.0 	 0.3939393939393939 
706.0 	 1530 	 573 	 40.0 	 94.0 	 0.40298507462686567 
707.0 	 1532 	 573 	 40.099998474121094 	 92.14044189453125 	 0.39352896341947124 
708.0 	 1535 	 573 	 39.86183166503906 	 91.26699829101562 	 0.39202032568432144 
709.0 	 1537 	 573 	 38.0 	 93.0 	 0.4198473282442748 
710.0 	 1539 	 573 	 38.0 	 94.0 	 0.42424242424242425 
711.0 	 1541 	 573 	 38.0 	 92.0 	 0.4153846153846154 
712.0 	 1544 	 573 	 38.0 	 92.0 	 0.4153846153846154 
713.0 	 1546 	 573 	 39.0 	 93.0 	 0.4090909090909091 
714.0 	 1549 	 573 	 39.0 	 92.0 	 0.40458015267175573 
715.0 	 1551 	 573 	 38.0 	 91.0 	 0.4108527131782946 
716.0 	 1554 	 573 	 38.0 	 92.0 	 0.4153846153846154 
717.0 	 1556 	 573 	 38.0 	 91.0 	 0.4108527131782946 
718.0 	 1559 	 573 	 38.0 	 90.0 	 0.40625 
719.0 	 1560 	 573 	 38.0 	 92.0 	 0.4153846153846154 
720.0 	 1562 	 573 	 38.0 	 91.0 	 0.4108527131782946 
721.0 	 1565 	 573 	 38.0 	 92.0 	 0.4153846153846154 
722.0 	 1568 	 573 	 39.0 	 94.0 	 0.41353383458646614 
723.0 	 1570 	 573 	 38.0 	 93.0 	 0.4198473282442748 
724.0 	 1572 	 573 	 38.0 	 92.0 	 0.4153846153846154 
725.0 	 1575 	 573 	 38.0 	 93.0 	 0.4198473282442748 
726.0 	 1577 	 573 	 38.0 	 93.0 	 0.4198473282442748 
727.0 	 1579 	 573 	 38.0 	 93.0 	 0.4198473282442748 
728.0 	 1582 	 573 	 38.0 	 92.0 	 0.4153846153846154 
729.0 	 1584 	 573 	 38.0 	 93.0 	 0.4198473282442748 
730.0 	 1587 	 573 	 38.0 	 91.0 	 0.4108527131782946 
731.0 	 1589 	 573 	 36.0 	 92.0 	 0.4375 
732.0 	 1591 	 573 	 37.81137466430664 	 93.10955047607422 	 0.4223784376139546 
733.0 	 1594 	 573 	 35.0 	 94.0 	 0.4573643410852713 
734.0 	 1596 	 573 	 36.0 	 92.0 	 0.4375 
735.0 	 1598 	 573 	 36.0 	 93.0 	 0.4418604651162791 
736.0 	 1601 	 573 	 35.891300201416016 	 93.20547485351562 	 0.4439628691554224 
737.0 	 1603 	 573 	 36.0 	 92.0 	 0.4375 
738.0 	 1605 	 573 	 36.0 	 94.0 	 0.4461538461538462 
739.0 	 1607 	 573 	 36.0 	 92.0 	 0.4375 
740.0 	 1610 	 573 	 36.0 	 91.0 	 0.4330708661417323 
741.0 	 1612 	 573 	 36.0 	 91.0 	 0.4330708661417323 
742.0 	 1615 	 573 	 36.0 	 92.0 	 0.4375 
743.0 	 1617 	 573 	 36.0 	 90.0 	 0.42857142857142855 
744.0 	 1619 	 573 	 35.0 	 90.0 	 0.44 
745.0 	 1622 	 573 	 36.0 	 92.0 	 0.4375 
746.0 	 1624 	 573 	 36.0 	 93.0 	 0.4418604651162791 
747.0 	 1626 	 573 	 36.0 	 92.0 	 0.4375 
748.0 	 1628 	 573 	 36.0 	 93.0 	 0.4418604651162791 
749.0 	 1631 	 573 	 36.0 	 93.0 	 0.4418604651162791 
750.0 	 1633 	 573 	 91.08650970458984 	 35.78123474121094 	 0.4359285743194236 
751.0 	 1635 	 573 	 36.0 	 91.0 	 0.4330708661417323 
752.0 	 1638 	 573 	 36.0 	 91.0 	 0.4330708661417323 
753.0 	 1640 	 573 	 35.0 	 90.0 	 0.44 
754.0 	 1642 	 573 	 36.0 	 90.0 	 0.42857142857142855 
755.0 	 1644 	 573 	 36.0 	 90.0 	 0.42857142857142855 
756.0 	 1647 	 573 	 35.85520935058594 	 89.3384017944336 	 0.42720384814121826 
757.0 	 1649 	 573 	 35.0 	 91.0 	 0.4444444444444444 
758.0 	 1651 	 573 	 35.0 	 92.0 	 0.44881889763779526 
759.0 	 1653 	 573 	 35.0 	 91.0 	 0.4444444444444444 
760.0 	 1656 	 573 	 35.0 	 91.0 	 0.4444444444444444 
761.0 	 1659 	 573 	 35.0 	 91.0 	 0.4444444444444444 
762.0 	 1661 	 573 	 36.0 	 91.0 	 0.4330708661417323 
763.0 	 1663 	 573 	 36.0 	 89.0 	 0.424 
764.0 	 1665 	 573 	 36.0 	 91.0 	 0.4330708661417323 
765.0 	 1668 	 573 	 36.0 	 92.0 	 0.4375 
766.0 	 1671 	 573 	 36.0 	 91.0 	 0.4330708661417323 
767.0 	 1672 	 573 	 36.0 	 91.0 	 0.4330708661417323 
768.0 	 1675 	 573 	 35.0 	 93.0 	 0.453125 
769.0 	 1678 	 573 	 35.0 	 90.0 	 0.44 
770.0 	 1680 	 573 	 35.0 	 93.0 	 0.453125 
771.0 	 1682 	 573 	 35.0 	 92.0 	 0.44881889763779526 
772.0 	 1685 	 573 	 35.0 	 91.0 	 0.4444444444444444 
773.0 	 1687 	 573 	 35.0 	 91.0 	 0.4444444444444444 
774.0 	 1689 	 573 	 35.0 	 92.0 	 0.44881889763779526 
775.0 	 1692 	 573 	 35.0 	 91.0 	 0.4444444444444444 
776.0 	 1694 	 573 	 35.0 	 92.0 	 0.44881889763779526 
777.0 	 1696 	 573 	 36.0 	 93.0 	 0.4418604651162791 
778.0 	 1699 	 573 	 36.0 	 91.0 	 0.4330708661417323 
779.0 	 1701 	 573 	 35.0 	 90.0 	 0.44 
780.0 	 1703 	 573 	 35.0 	 91.0 	 0.4444444444444444 
781.0 	 1705 	 573 	 34.0 	 92.0 	 0.4603174603174603 
782.0 	 1708 	 573 	 34.60063552856445 	 91.0877685546875 	 0.449421992729797 
783.0 	 1710 	 573 	 35.0 	 92.0 	 0.44881889763779526 
784.0 	 1712 	 573 	 35.0 	 93.0 	 0.453125 
785.0 	 1715 	 573 	 35.0 	 89.0 	 0.43548387096774194 
786.0 	 1717 	 573 	 34.0 	 91.0 	 0.456 
787.0 	 1719 	 573 	 35.0 	 91.0 	 0.4444444444444444 
788.0 	 1722 	 573 	 35.0 	 88.0 	 0.43089430894308944 
789.0 	 1724 	 573 	 35.0 	 90.0 	 0.44 
790.0 	 1726 	 573 	 35.0 	 91.0 	 0.4444444444444444 
791.0 	 1729 	 573 	 34.0 	 88.0 	 0.4426229508196721 
792.0 	 1731 	 574 	 34.91105270385742 	 89.20130920410156 	 0.43742827600449247 
793.0 	 1734 	 573 	 34.0 	 89.0 	 0.44715447154471544 
794.0 	 1737 	 573 	 34.0 	 89.0 	 0.44715447154471544 
795.0 	 1739 	 573 	 34.0 	 87.0 	 0.4380165289256198 
796.0 	 1741 	 574 	 35.0 	 90.0 	 0.44 
797.0 	 1743 	 574 	 34.0 	 88.0 	 0.4426229508196721 
798.0 	 1746 	 574 	 35.0 	 88.0 	 0.43089430894308944 
799.0 	 1748 	 574 	 35.0 	 88.0 	 0.43089430894308944 
800.0 	 1750 	 574 	 35.0 	 89.0 	 0.43548387096774194 
801.0 	 1753 	 574 	 35.0 	 86.0 	 0.4214876033057851 
802.0 	 1755 	 574 	 35.0 	 89.0 	 0.43548387096774194 
803.0 	 1757 	 574 	 35.0 	 87.0 	 0.4262295081967213 
804.0 	 1759 	 574 	 34.796058654785156 	 86.28427124023438 	 0.4252401081999952 
805.0 	 1761 	 574 	 34.0 	 88.0 	 0.4426229508196721 
806.0 	 1763 	 574 	 35.0 	 90.0 	 0.44 
807.0 	 1766 	 573 	 35.0 	 86.0 	 0.4214876033057851 
808.0 	 1768 	 574 	 35.0 	 88.0 	 0.43089430894308944 
809.0 	 1770 	 574 	 35.0 	 87.0 	 0.4262295081967213 
810.0 	 1773 	 574 	 34.0 	 87.0 	 0.4380165289256198 
811.0 	 1776 	 574 	 34.0 	 87.0 	 0.4380165289256198 
812.0 	 1778 	 574 	 35.0 	 89.0 	 0.43548387096774194 
813.0 	 1780 	 574 	 33.0 	 88.0 	 0.45454545454545453 
814.0 	 1782 	 573 	 33.0 	 87.0 	 0.45 
815.0 	 1784 	 574 	 34.0 	 89.0 	 0.44715447154471544 
816.0 	 1786 	 574 	 34.0 	 88.0 	 0.4426229508196721 
817.0 	 1789 	 574 	 32.0 	 88.0 	 0.4666666666666667 
818.0 	 1791 	 574 	 34.0 	 90.0 	 0.45161290322580644 
819.0 	 1794 	 574 	 33.0 	 90.0 	 0.4634146341463415 
820.0 	 1797 	 574 	 33.0 	 86.0 	 0.44537815126050423 
821.0 	 1799 	 574 	 33.0 	 88.0 	 0.45454545454545453 
822.0 	 1801 	 574 	 33.0 	 89.0 	 0.45901639344262296 
823.0 	 1804 	 574 	 33.0 	 90.0 	 0.4634146341463415 
824.0 	 1806 	 574 	 34.0 	 90.0 	 0.45161290322580644 
825.0 	 1808 	 574 	 34.0 	 91.0 	 0.456 
826.0 	 1811 	 574 	 33.0 	 87.0 	 0.45 
827.0 	 1813 	 574 	 33.0 	 90.0 	 0.4634146341463415 
828.0 	 1815 	 574 	 33.0 	 89.0 	 0.45901639344262296 
829.0 	 1819 	 574 	 32.0 	 92.0 	 0.4838709677419355 
830.0 	 1821 	 574 	 32.0 	 91.0 	 0.4796747967479675 
831.0 	 1823 	 574 	 33.0 	 92.0 	 0.472 
832.0 	 1826 	 574 	 32.0 	 91.0 	 0.4796747967479675 
833.0 	 1828 	 574 	 32.0 	 88.0 	 0.4666666666666667 
834.0 	 1831 	 574 	 90.04082489013672 	 33.29560470581055 	 0.4600848295205618 
835.0 	 1834 	 574 	 33.0 	 90.0 	 0.4634146341463415 
836.0 	 1836 	 574 	 88.00004577636719 	 32.55729293823242 	 0.45988700007211253 
837.0 	 1838 	 574 	 33.0 	 89.0 	 0.45901639344262296 
838.0 	 1841 	 574 	 34.0 	 90.0 	 0.45161290322580644 
839.0 	 1843 	 574 	 33.62189865112305 	 88.26527404785156 	 0.44831112402353895 
840.0 	 1846 	 574 	 35.0 	 90.0 	 0.44 
841.0 	 1848 	 574 	 35.0 	 88.0 	 0.43089430894308944 
842.0 	 1851 	 574 	 88.8266830444336 	 35.056602478027344 	 0.4340382186316599 
843.0 	 1852 	 574 	 35.0 	 90.0 	 0.44 
844.0 	 1854 	 574 	 35.0 	 90.0 	 0.44 
845.0 	 1858 	 574 	 35.0 	 86.0 	 0.4214876033057851 
846.0 	 1859 	 574 	 35.0 	 88.0 	 0.43089430894308944 
847.0 	 1861 	 574 	 36.660972595214844 	 89.104248046875 	 0.41699346754144656 
848.0 	 1864 	 574 	 35.0 	 88.0 	 0.43089430894308944 
849.0 	 1867 	 574 	 35.0 	 87.0 	 0.4262295081967213 
850.0 	 1869 	 574 	 35.920265197753906 	 89.0024185180664 	 0.42492005247874876 
851.0 	 1871 	 574 	 35.0 	 88.0 	 0.43089430894308944 
852.0 	 1874 	 574 	 34.0 	 86.0 	 0.43333333333333335 
853.0 	 1876 	 574 	 35.0 	 88.0 	 0.43089430894308944 
854.0 	 1877 	 574 	 35.0 	 86.0 	 0.4214876033057851 
855.0 	 1879 	 573 	 33.0 	 83.0 	 0.43103448275862066 
856.0 	 1881 	 574 	 35.0 	 82.0 	 0.4017094017094017 
857.0 	 1883 	 574 	 34.76343536376953 	 79.45089721679688 	 0.3912596680587785 
858.0 	 1885 	 574 	 34.796058654785156 	 77.39839172363281 	 0.379718719822195 
859.0 	 1886 	 574 	 35.0 	 76.0 	 0.36936936936936937 
860.0 	 1887 	 574 	 35.0 	 72.0 	 0.34579439252336447 
861.0 	 1889 	 574 	 33.0 	 69.0 	 0.35294117647058826 
862.0 	 1890 	 574 	 34.0 	 69.0 	 0.33980582524271846 
863.0 	 1891 	 574 	 34.0 	 67.0 	 0.32673267326732675 
864.0 	 1892 	 574 	 34.0 	 63.0 	 0.29896907216494845 
865.0 	 1893 	 574 	 33.0 	 62.0 	 0.30526315789473685 
866.0 	 1893 	 574 	 33.0 	 61.0 	 0.2978723404255319 
867.0 	 1895 	 574 	 32.499088287353516 	 58.760345458984375 	 0.2877648489977036 
868.0 	 1896 	 574 	 31.0 	 54.0 	 0.27058823529411763 
869.0 	 1896 	 574 	 33.0 	 53.0 	 0.23255813953488372 
870.0 	 1897 	 574 	 32.0 	 51.0 	 0.2289156626506024 
871.0 	 1898 	 574 	 31.0 	 49.0 	 0.225 
872.0 	 1899 	 574 	 33.0 	 47.0 	 0.175 
873.0 	 1900 	 574 	 31.0 	 44.0 	 0.17333333333333334 
874.0 	 1902 	 574 	 28.0 	 40.0 	 0.17647058823529413 
875.0 	 1902 	 574 	 28.0 	 39.0 	 0.16417910447761194 
876.0 	 1903 	 574 	 27.0 	 36.0 	 0.14285714285714285 
877.0 	 1904 	 574 	 25.0 	 35.0 	 0.16666666666666666 
878.0 	 1905 	 574 	 26.0 	 33.0 	 0.11864406779661017 
879.0 	 1906 	 574 	 25.0 	 31.0 	 0.10714285714285714 
