frame 	 x 	 y 	 width 	 height 	 deformation 
1.0 	 109 	 562 	 37.0 	 39.0 	 0.02631578947368421 
2.0 	 110 	 562 	 38.0 	 40.0 	 0.02564102564102564 
3.0 	 110 	 562 	 38.0 	 39.0 	 0.012987012987012988 
4.0 	 110 	 562 	 38.0 	 39.0 	 0.012987012987012988 
5.0 	 110 	 562 	 39.0 	 40.0 	 0.012658227848101266 
6.0 	 111 	 562 	 39.0 	 39.0 	 0.0 
7.0 	 110 	 562 	 37.0 	 38.0 	 0.013333333333333334 
8.0 	 111 	 562 	 39.0 	 40.0 	 0.012658227848101266 
9.0 	 111 	 562 	 39.0 	 39.0 	 0.0 
10.0 	 111 	 562 	 39.0 	 39.0 	 0.0 
11.0 	 111 	 562 	 39.0 	 40.0 	 0.012658227848101266 
12.0 	 112 	 562 	 39.0 	 40.0 	 0.012658227848101266 
13.0 	 111 	 562 	 38.0 	 39.0 	 0.012987012987012988 
14.0 	 112 	 562 	 38.0 	 40.0 	 0.02564102564102564 
15.0 	 112 	 562 	 38.0 	 41.0 	 0.0379746835443038 
16.0 	 112 	 562 	 38.0 	 39.0 	 0.012987012987012988 
17.0 	 112 	 562 	 38.0 	 41.0 	 0.0379746835443038 
18.0 	 112 	 562 	 38.0 	 41.0 	 0.0379746835443038 
19.0 	 113 	 562 	 37.0 	 39.0 	 0.02631578947368421 
20.0 	 113 	 562 	 38.0 	 40.0 	 0.02564102564102564 
21.0 	 113 	 562 	 38.0 	 41.0 	 0.0379746835443038 
22.0 	 113 	 562 	 38.0 	 38.0 	 0.0 
23.0 	 113 	 562 	 38.0 	 39.0 	 0.012987012987012988 
24.0 	 113 	 562 	 38.0 	 40.0 	 0.02564102564102564 
25.0 	 113 	 562 	 38.0 	 39.0 	 0.012987012987012988 
26.0 	 113 	 562 	 38.0 	 39.0 	 0.012987012987012988 
27.0 	 114 	 562 	 38.0 	 40.0 	 0.02564102564102564 
28.0 	 113 	 562 	 38.0 	 39.0 	 0.012987012987012988 
29.0 	 114 	 562 	 38.0 	 38.0 	 0.0 
30.0 	 114 	 562 	 39.0 	 40.0 	 0.012658227848101266 
31.0 	 114 	 562 	 38.0 	 38.0 	 0.0 
32.0 	 114 	 562 	 37.0 	 38.0 	 0.013333333333333334 
33.0 	 114 	 562 	 39.0 	 39.0 	 0.0 
34.0 	 114 	 562 	 39.0 	 39.0 	 0.0 
35.0 	 114 	 562 	 38.0 	 37.0 	 0.013333333333333334 
36.0 	 114 	 562 	 39.0 	 39.0 	 0.0 
37.0 	 115 	 562 	 38.0 	 39.0 	 0.012987012987012988 
38.0 	 115 	 562 	 37.0 	 38.0 	 0.013333333333333334 
39.0 	 115 	 562 	 39.0 	 39.0 	 0.0 
40.0 	 115 	 562 	 39.0 	 39.0 	 0.0 
41.0 	 116 	 562 	 37.0 	 38.0 	 0.013333333333333334 
42.0 	 116 	 561 	 39.0 	 39.0 	 0.0 
43.0 	 116 	 562 	 39.0 	 41.0 	 0.025 
44.0 	 117 	 562 	 37.0 	 38.0 	 0.013333333333333334 
45.0 	 117 	 561 	 38.0 	 39.0 	 0.012987012987012988 
46.0 	 118 	 562 	 39.0 	 40.0 	 0.012658227848101266 
47.0 	 119 	 562 	 37.0 	 38.0 	 0.013333333333333334 
48.0 	 120 	 561 	 38.0 	 39.0 	 0.012987012987012988 
49.0 	 121 	 561 	 38.0 	 40.0 	 0.02564102564102564 
50.0 	 122 	 562 	 37.0 	 38.0 	 0.013333333333333334 
51.0 	 123 	 561 	 37.0 	 38.0 	 0.013333333333333334 
52.0 	 124 	 562 	 39.0 	 39.0 	 0.0 
53.0 	 125 	 562 	 38.0 	 39.0 	 0.012987012987012988 
54.0 	 126 	 561 	 37.0 	 39.0 	 0.02631578947368421 
55.0 	 128 	 561 	 39.0 	 40.0 	 0.012658227848101266 
56.0 	 129 	 561 	 38.0 	 39.0 	 0.012987012987012988 
57.0 	 131 	 561 	 38.0 	 38.0 	 0.0 
58.0 	 132 	 561 	 39.0 	 40.0 	 0.012658227848101266 
59.0 	 133 	 561 	 39.0 	 40.0 	 0.012658227848101266 
60.0 	 135 	 561 	 38.0 	 39.0 	 0.012987012987012988 
61.0 	 136 	 561 	 37.0 	 39.0 	 0.02631578947368421 
62.0 	 138 	 562 	 37.0 	 39.0 	 0.02631578947368421 
63.0 	 139 	 561 	 37.0 	 37.0 	 0.0 
64.0 	 140 	 562 	 39.0 	 38.0 	 0.012987012987012988 
65.0 	 142 	 562 	 39.0 	 39.0 	 0.0 
66.0 	 143 	 562 	 37.0 	 38.0 	 0.013333333333333334 
67.0 	 145 	 562 	 37.0 	 38.0 	 0.013333333333333334 
68.0 	 147 	 562 	 37.0 	 39.0 	 0.02631578947368421 
69.0 	 148 	 562 	 37.0 	 38.0 	 0.013333333333333334 
70.0 	 150 	 562 	 37.0 	 39.0 	 0.02631578947368421 
71.0 	 152 	 562 	 37.0 	 39.0 	 0.02631578947368421 
72.0 	 153 	 562 	 37.0 	 38.0 	 0.013333333333333334 
73.0 	 155 	 562 	 37.0 	 38.0 	 0.013333333333333334 
74.0 	 157 	 561 	 37.0 	 40.0 	 0.03896103896103896 
75.0 	 159 	 562 	 37.0 	 39.0 	 0.02631578947368421 
76.0 	 161 	 562 	 39.0 	 37.0 	 0.02631578947368421 
77.0 	 162 	 562 	 37.0 	 40.0 	 0.03896103896103896 
78.0 	 164 	 562 	 37.0 	 38.0 	 0.013333333333333334 
79.0 	 166 	 562 	 37.0 	 38.0 	 0.013333333333333334 
80.0 	 168 	 562 	 38.0 	 40.0 	 0.02564102564102564 
81.0 	 170 	 562 	 37.0 	 39.0 	 0.02631578947368421 
82.0 	 172 	 562 	 37.0 	 38.0 	 0.013333333333333334 
83.0 	 174 	 562 	 38.0 	 39.0 	 0.012987012987012988 
84.0 	 175 	 562 	 38.0 	 39.0 	 0.012987012987012988 
85.0 	 178 	 562 	 37.0 	 39.0 	 0.02631578947368421 
86.0 	 179 	 562 	 37.0 	 40.0 	 0.03896103896103896 
87.0 	 181 	 562 	 37.0 	 40.0 	 0.03896103896103896 
88.0 	 183 	 562 	 36.0 	 39.0 	 0.04 
89.0 	 185 	 562 	 38.0 	 40.0 	 0.02564102564102564 
90.0 	 187 	 562 	 38.0 	 39.0 	 0.012987012987012988 
91.0 	 189 	 562 	 38.0 	 38.0 	 0.0 
92.0 	 191 	 562 	 38.0 	 40.0 	 0.02564102564102564 
93.0 	 193 	 562 	 38.0 	 39.0 	 0.012987012987012988 
94.0 	 195 	 562 	 39.0 	 38.0 	 0.012987012987012988 
95.0 	 196 	 562 	 38.0 	 41.0 	 0.0379746835443038 
96.0 	 198 	 562 	 38.0 	 40.0 	 0.02564102564102564 
97.0 	 201 	 562 	 36.0 	 40.0 	 0.05263157894736842 
98.0 	 203 	 562 	 38.0 	 41.0 	 0.0379746835443038 
99.0 	 204 	 562 	 38.0 	 41.0 	 0.0379746835443038 
100.0 	 206 	 562 	 37.0 	 40.0 	 0.03896103896103896 
101.0 	 208 	 562 	 38.0 	 41.0 	 0.0379746835443038 
102.0 	 210 	 562 	 38.0 	 41.0 	 0.0379746835443038 
103.0 	 212 	 562 	 37.0 	 39.0 	 0.02631578947368421 
104.0 	 215 	 562 	 37.0 	 41.0 	 0.05128205128205128 
105.0 	 216 	 562 	 38.0 	 41.0 	 0.0379746835443038 
106.0 	 219 	 562 	 37.0 	 40.0 	 0.03896103896103896 
107.0 	 220 	 562 	 37.0 	 41.0 	 0.05128205128205128 
108.0 	 222 	 562 	 38.0 	 42.0 	 0.05 
109.0 	 225 	 562 	 36.0 	 41.0 	 0.06493506493506493 
110.0 	 227 	 562 	 36.0 	 42.0 	 0.07692307692307693 
111.0 	 229 	 562 	 36.0 	 42.0 	 0.07692307692307693 
112.0 	 231 	 562 	 36.0 	 40.0 	 0.05263157894736842 
113.0 	 233 	 562 	 36.0 	 40.0 	 0.05263157894736842 
114.0 	 235 	 562 	 37.0 	 42.0 	 0.06329113924050633 
115.0 	 237 	 562 	 36.0 	 40.0 	 0.05263157894736842 
116.0 	 240 	 562 	 36.0 	 40.0 	 0.05263157894736842 
117.0 	 241 	 562 	 36.0 	 41.0 	 0.06493506493506493 
118.0 	 243 	 562 	 36.0 	 41.0 	 0.06493506493506493 
119.0 	 246 	 562 	 36.0 	 41.0 	 0.06493506493506493 
120.0 	 248 	 562 	 42.0 	 37.0 	 0.06329113924050633 
121.0 	 250 	 562 	 36.0 	 42.0 	 0.07692307692307693 
122.0 	 252 	 562 	 36.0 	 40.0 	 0.05263157894736842 
123.0 	 254 	 562 	 36.0 	 42.0 	 0.07692307692307693 
124.0 	 256 	 562 	 36.0 	 42.0 	 0.07692307692307693 
125.0 	 258 	 562 	 36.0 	 40.0 	 0.05263157894736842 
126.0 	 260 	 562 	 36.0 	 41.0 	 0.06493506493506493 
127.0 	 262 	 562 	 37.0 	 42.0 	 0.06329113924050633 
128.0 	 264 	 562 	 36.0 	 40.0 	 0.05263157894736842 
129.0 	 267 	 562 	 41.0 	 38.0 	 0.0379746835443038 
130.0 	 269 	 562 	 37.0 	 42.0 	 0.06329113924050633 
131.0 	 271 	 562 	 36.0 	 42.0 	 0.07692307692307693 
132.0 	 273 	 562 	 36.0 	 43.0 	 0.08860759493670886 
133.0 	 275 	 562 	 36.0 	 42.0 	 0.07692307692307693 
134.0 	 278 	 562 	 36.0 	 41.0 	 0.06493506493506493 
135.0 	 280 	 562 	 36.0 	 41.0 	 0.06493506493506493 
136.0 	 282 	 562 	 37.0 	 42.0 	 0.06329113924050633 
137.0 	 284 	 562 	 35.0 	 40.0 	 0.06666666666666667 
138.0 	 286 	 562 	 35.0 	 41.0 	 0.07894736842105263 
139.0 	 288 	 562 	 35.0 	 43.0 	 0.10256410256410256 
140.0 	 290 	 562 	 35.0 	 41.0 	 0.07894736842105263 
141.0 	 293 	 562 	 35.0 	 40.0 	 0.06666666666666667 
142.0 	 295 	 562 	 35.0 	 42.0 	 0.09090909090909091 
143.0 	 297 	 562 	 35.0 	 41.0 	 0.07894736842105263 
144.0 	 299 	 562 	 35.0 	 41.0 	 0.07894736842105263 
145.0 	 302 	 562 	 35.0 	 42.0 	 0.09090909090909091 
146.0 	 304 	 562 	 35.0 	 42.0 	 0.09090909090909091 
147.0 	 306 	 563 	 35.0 	 40.0 	 0.06666666666666667 
148.0 	 308 	 562 	 36.0 	 42.0 	 0.07692307692307693 
149.0 	 310 	 562 	 36.0 	 43.0 	 0.08860759493670886 
150.0 	 313 	 563 	 35.0 	 41.0 	 0.07894736842105263 
151.0 	 315 	 563 	 37.0 	 42.0 	 0.06329113924050633 
152.0 	 317 	 563 	 37.0 	 43.0 	 0.075 
153.0 	 319 	 562 	 35.0 	 41.0 	 0.07894736842105263 
154.0 	 322 	 562 	 35.0 	 43.0 	 0.10256410256410256 
155.0 	 324 	 562 	 43.0 	 36.0 	 0.08860759493670886 
156.0 	 326 	 562 	 36.0 	 43.0 	 0.08860759493670886 
157.0 	 328 	 562 	 36.0 	 42.0 	 0.07692307692307693 
158.0 	 330 	 562 	 36.0 	 43.0 	 0.08860759493670886 
159.0 	 333 	 562 	 36.0 	 41.0 	 0.06493506493506493 
160.0 	 335 	 562 	 36.0 	 42.0 	 0.07692307692307693 
161.0 	 337 	 562 	 36.0 	 43.0 	 0.08860759493670886 
162.0 	 339 	 562 	 36.0 	 41.0 	 0.06493506493506493 
163.0 	 342 	 562 	 36.0 	 41.0 	 0.06493506493506493 
164.0 	 344 	 562 	 36.0 	 42.0 	 0.07692307692307693 
165.0 	 346 	 562 	 36.0 	 41.0 	 0.06493506493506493 
166.0 	 348 	 562 	 36.0 	 40.0 	 0.05263157894736842 
167.0 	 350 	 562 	 37.0 	 42.0 	 0.06329113924050633 
168.0 	 353 	 562 	 36.0 	 41.0 	 0.06493506493506493 
169.0 	 355 	 563 	 35.0 	 41.0 	 0.07894736842105263 
170.0 	 357 	 563 	 35.0 	 42.0 	 0.09090909090909091 
171.0 	 359 	 563 	 35.0 	 42.0 	 0.09090909090909091 
172.0 	 361 	 563 	 35.0 	 41.0 	 0.07894736842105263 
173.0 	 364 	 563 	 35.0 	 42.0 	 0.09090909090909091 
174.0 	 366 	 563 	 35.0 	 43.0 	 0.10256410256410256 
175.0 	 369 	 563 	 35.0 	 41.0 	 0.07894736842105263 
176.0 	 371 	 563 	 35.0 	 42.0 	 0.09090909090909091 
177.0 	 373 	 563 	 35.0 	 43.0 	 0.10256410256410256 
178.0 	 375 	 563 	 35.0 	 41.0 	 0.07894736842105263 
179.0 	 378 	 563 	 36.0 	 42.0 	 0.07692307692307693 
180.0 	 380 	 563 	 36.0 	 43.0 	 0.08860759493670886 
181.0 	 382 	 563 	 36.0 	 42.0 	 0.07692307692307693 
182.0 	 385 	 563 	 36.0 	 43.0 	 0.08860759493670886 
183.0 	 387 	 563 	 36.0 	 44.0 	 0.1 
184.0 	 389 	 563 	 36.0 	 42.0 	 0.07692307692307693 
185.0 	 391 	 563 	 36.0 	 41.0 	 0.06493506493506493 
186.0 	 394 	 563 	 36.0 	 43.0 	 0.08860759493670886 
187.0 	 396 	 563 	 36.0 	 42.0 	 0.07692307692307693 
188.0 	 398 	 563 	 36.0 	 41.0 	 0.06493506493506493 
189.0 	 400 	 563 	 36.0 	 43.0 	 0.08860759493670886 
190.0 	 403 	 563 	 36.0 	 42.0 	 0.07692307692307693 
191.0 	 405 	 563 	 35.0 	 41.0 	 0.07894736842105263 
192.0 	 407 	 563 	 36.0 	 43.0 	 0.08860759493670886 
193.0 	 410 	 563 	 35.0 	 43.0 	 0.10256410256410256 
194.0 	 412 	 563 	 35.0 	 42.0 	 0.09090909090909091 
195.0 	 414 	 563 	 35.0 	 43.0 	 0.10256410256410256 
196.0 	 417 	 563 	 35.0 	 43.0 	 0.10256410256410256 
197.0 	 419 	 563 	 36.0 	 42.0 	 0.07692307692307693 
198.0 	 421 	 563 	 35.0 	 43.0 	 0.10256410256410256 
199.0 	 424 	 563 	 36.0 	 44.0 	 0.1 
200.0 	 426 	 563 	 36.0 	 43.0 	 0.08860759493670886 
201.0 	 428 	 563 	 36.0 	 43.0 	 0.08860759493670886 
202.0 	 431 	 563 	 36.0 	 43.0 	 0.08860759493670886 
203.0 	 434 	 563 	 36.0 	 42.0 	 0.07692307692307693 
204.0 	 436 	 563 	 36.0 	 43.0 	 0.08860759493670886 
205.0 	 438 	 563 	 35.0 	 44.0 	 0.11392405063291139 
206.0 	 440 	 563 	 35.0 	 42.0 	 0.09090909090909091 
207.0 	 442 	 563 	 35.0 	 43.0 	 0.10256410256410256 
208.0 	 445 	 563 	 36.0 	 44.0 	 0.1 
209.0 	 447 	 563 	 36.0 	 43.0 	 0.08860759493670886 
210.0 	 450 	 563 	 36.0 	 43.0 	 0.08860759493670886 
211.0 	 452 	 563 	 36.0 	 44.0 	 0.1 
212.0 	 454 	 563 	 36.0 	 43.0 	 0.08860759493670886 
213.0 	 457 	 563 	 36.0 	 44.0 	 0.1 
214.0 	 459 	 563 	 36.0 	 44.0 	 0.1 
215.0 	 461 	 563 	 35.0 	 43.0 	 0.10256410256410256 
216.0 	 464 	 563 	 35.0 	 43.0 	 0.10256410256410256 
217.0 	 465 	 563 	 36.0 	 44.0 	 0.1 
218.0 	 468 	 563 	 35.0 	 43.0 	 0.10256410256410256 
219.0 	 470 	 563 	 35.0 	 43.0 	 0.10256410256410256 
220.0 	 473 	 563 	 35.0 	 44.0 	 0.11392405063291139 
221.0 	 475 	 563 	 35.0 	 43.0 	 0.10256410256410256 
222.0 	 478 	 563 	 35.0 	 43.0 	 0.10256410256410256 
223.0 	 480 	 563 	 35.0 	 44.0 	 0.11392405063291139 
224.0 	 482 	 563 	 35.0 	 44.0 	 0.11392405063291139 
225.0 	 484 	 563 	 36.0 	 43.0 	 0.08860759493670886 
226.0 	 486 	 563 	 36.0 	 43.0 	 0.08860759493670886 
227.0 	 489 	 563 	 36.0 	 43.0 	 0.08860759493670886 
228.0 	 491 	 563 	 36.0 	 43.0 	 0.08860759493670886 
229.0 	 494 	 563 	 35.0 	 43.0 	 0.10256410256410256 
230.0 	 496 	 563 	 42.0 	 36.0 	 0.07692307692307693 
231.0 	 498 	 563 	 36.0 	 41.0 	 0.06493506493506493 
232.0 	 500 	 563 	 35.0 	 43.0 	 0.10256410256410256 
233.0 	 503 	 563 	 35.0 	 42.0 	 0.09090909090909091 
234.0 	 506 	 563 	 36.0 	 43.0 	 0.08860759493670886 
235.0 	 508 	 563 	 37.0 	 44.0 	 0.08641975308641975 
236.0 	 510 	 563 	 37.0 	 42.0 	 0.06329113924050633 
237.0 	 512 	 563 	 37.0 	 40.0 	 0.03896103896103896 
238.0 	 514 	 563 	 37.0 	 42.0 	 0.06329113924050633 
239.0 	 517 	 563 	 37.0 	 43.0 	 0.075 
240.0 	 519 	 563 	 37.0 	 42.0 	 0.06329113924050633 
241.0 	 521 	 563 	 36.0 	 42.0 	 0.07692307692307693 
242.0 	 523 	 563 	 36.0 	 43.0 	 0.08860759493670886 
243.0 	 526 	 563 	 36.0 	 42.0 	 0.07692307692307693 
244.0 	 528 	 563 	 36.0 	 43.0 	 0.08860759493670886 
245.0 	 530 	 563 	 37.0 	 43.0 	 0.075 
246.0 	 533 	 563 	 37.0 	 42.0 	 0.06329113924050633 
247.0 	 535 	 563 	 36.0 	 43.0 	 0.08860759493670886 
248.0 	 537 	 563 	 37.0 	 44.0 	 0.08641975308641975 
249.0 	 539 	 563 	 36.0 	 42.0 	 0.07692307692307693 
250.0 	 541 	 563 	 36.0 	 42.0 	 0.07692307692307693 
251.0 	 543 	 563 	 37.0 	 44.0 	 0.08641975308641975 
252.0 	 546 	 563 	 37.0 	 42.0 	 0.06329113924050633 
253.0 	 548 	 563 	 36.0 	 41.0 	 0.06493506493506493 
254.0 	 550 	 563 	 37.0 	 43.0 	 0.075 
255.0 	 552 	 563 	 36.0 	 43.0 	 0.08860759493670886 
256.0 	 555 	 563 	 36.0 	 43.0 	 0.08860759493670886 
257.0 	 557 	 563 	 37.0 	 44.0 	 0.08641975308641975 
258.0 	 560 	 563 	 35.0 	 44.0 	 0.11392405063291139 
259.0 	 562 	 563 	 35.0 	 43.0 	 0.10256410256410256 
260.0 	 564 	 564 	 37.0 	 44.0 	 0.08641975308641975 
261.0 	 567 	 564 	 37.0 	 44.0 	 0.08641975308641975 
262.0 	 569 	 564 	 36.0 	 42.0 	 0.07692307692307693 
263.0 	 571 	 564 	 37.0 	 44.0 	 0.08641975308641975 
264.0 	 573 	 564 	 37.0 	 43.0 	 0.075 
265.0 	 576 	 563 	 35.0 	 42.0 	 0.09090909090909091 
266.0 	 578 	 564 	 37.0 	 44.0 	 0.08641975308641975 
267.0 	 580 	 564 	 37.0 	 44.0 	 0.08641975308641975 
268.0 	 582 	 563 	 37.0 	 43.0 	 0.075 
269.0 	 584 	 564 	 37.0 	 43.0 	 0.075 
270.0 	 587 	 563 	 37.0 	 44.0 	 0.08641975308641975 
271.0 	 589 	 563 	 37.0 	 42.0 	 0.06329113924050633 
272.0 	 591 	 563 	 37.0 	 44.0 	 0.08641975308641975 
273.0 	 593 	 564 	 37.0 	 45.0 	 0.0975609756097561 
274.0 	 596 	 563 	 37.0 	 43.0 	 0.075 
275.0 	 598 	 563 	 37.048465728759766 	 43.81693649291992 	 0.08370045258175389 
276.0 	 600 	 563 	 37.0 	 44.0 	 0.08641975308641975 
277.0 	 602 	 563 	 37.0 	 43.0 	 0.075 
278.0 	 604 	 563 	 37.0 	 42.0 	 0.06329113924050633 
279.0 	 607 	 564 	 37.0 	 44.0 	 0.08641975308641975 
280.0 	 609 	 564 	 37.0 	 42.0 	 0.06329113924050633 
281.0 	 611 	 563 	 37.0 	 41.0 	 0.05128205128205128 
282.0 	 613 	 563 	 37.0 	 44.0 	 0.08641975308641975 
283.0 	 616 	 563 	 37.0 	 42.0 	 0.06329113924050633 
284.0 	 618 	 564 	 37.0 	 42.0 	 0.06329113924050633 
285.0 	 620 	 564 	 37.0 	 44.0 	 0.08641975308641975 
286.0 	 622 	 564 	 37.0 	 44.0 	 0.08641975308641975 
287.0 	 625 	 563 	 37.0 	 42.0 	 0.06329113924050633 
288.0 	 627 	 564 	 36.0 	 43.0 	 0.08860759493670886 
289.0 	 629 	 564 	 37.0 	 44.0 	 0.08641975308641975 
290.0 	 632 	 564 	 36.0 	 42.0 	 0.07692307692307693 
291.0 	 634 	 564 	 36.0 	 44.0 	 0.1 
292.0 	 636 	 564 	 36.0 	 44.0 	 0.1 
293.0 	 638 	 563 	 36.0 	 41.0 	 0.06493506493506493 
294.0 	 640 	 564 	 36.0 	 43.0 	 0.08860759493670886 
295.0 	 642 	 563 	 37.0 	 43.0 	 0.075 
296.0 	 645 	 563 	 37.0 	 42.0 	 0.06329113924050633 
297.0 	 647 	 563 	 36.663272857666016 	 42.516143798828125 	 0.07391909650652963 
298.0 	 649 	 563 	 37.0 	 43.0 	 0.075 
299.0 	 652 	 563 	 37.0 	 42.0 	 0.06329113924050633 
300.0 	 654 	 563 	 37.0 	 43.0 	 0.075 
301.0 	 656 	 564 	 37.0 	 45.0 	 0.0975609756097561 
302.0 	 658 	 564 	 43.0 	 37.0 	 0.075 
303.0 	 661 	 564 	 36.0 	 43.0 	 0.08860759493670886 
304.0 	 663 	 564 	 43.870399475097656 	 37.96477127075195 	 0.07216491577547317 
305.0 	 665 	 564 	 37.0 	 44.0 	 0.08641975308641975 
306.0 	 667 	 564 	 36.0 	 43.0 	 0.08860759493670886 
307.0 	 670 	 564 	 37.08638381958008 	 44.90057373046875 	 0.09531015840072501 
308.0 	 672 	 564 	 36.0 	 44.0 	 0.1 
309.0 	 674 	 564 	 36.0 	 43.0 	 0.08860759493670886 
310.0 	 676 	 564 	 43.0 	 37.0 	 0.075 
311.0 	 679 	 564 	 36.0 	 44.0 	 0.1 
312.0 	 681 	 564 	 36.0 	 43.0 	 0.08860759493670886 
313.0 	 683 	 564 	 36.0 	 43.0 	 0.08860759493670886 
314.0 	 685 	 564 	 36.0 	 43.0 	 0.08860759493670886 
315.0 	 688 	 563 	 36.0 	 42.0 	 0.07692307692307693 
316.0 	 690 	 563 	 37.0 	 42.0 	 0.06329113924050633 
317.0 	 692 	 563 	 37.0 	 44.0 	 0.08641975308641975 
318.0 	 694 	 564 	 36.0 	 42.0 	 0.07692307692307693 
319.0 	 697 	 564 	 36.0 	 42.0 	 0.07692307692307693 
320.0 	 699 	 564 	 36.0 	 44.0 	 0.1 
321.0 	 701 	 564 	 36.0 	 43.0 	 0.08860759493670886 
322.0 	 703 	 564 	 36.0 	 43.0 	 0.08860759493670886 
323.0 	 705 	 564 	 36.0 	 44.0 	 0.1 
324.0 	 708 	 564 	 36.0 	 43.0 	 0.08860759493670886 
325.0 	 710 	 564 	 37.0 	 42.0 	 0.06329113924050633 
326.0 	 712 	 564 	 37.0 	 43.0 	 0.075 
327.0 	 714 	 564 	 42.904754638671875 	 37.051082611083984 	 0.07321131550787137 
328.0 	 717 	 564 	 36.0 	 42.0 	 0.07692307692307693 
329.0 	 719 	 564 	 36.0 	 44.0 	 0.1 
330.0 	 721 	 564 	 35.0 	 44.0 	 0.11392405063291139 
331.0 	 723 	 564 	 36.0 	 43.0 	 0.08860759493670886 
332.0 	 725 	 564 	 36.0 	 43.0 	 0.08860759493670886 
333.0 	 727 	 564 	 36.0 	 43.0 	 0.08860759493670886 
334.0 	 730 	 564 	 36.0 	 42.0 	 0.07692307692307693 
335.0 	 732 	 564 	 36.0 	 43.0 	 0.08860759493670886 
336.0 	 734 	 564 	 36.0 	 43.0 	 0.08860759493670886 
337.0 	 736 	 564 	 36.0 	 42.0 	 0.07692307692307693 
338.0 	 738 	 564 	 36.0 	 43.0 	 0.08860759493670886 
339.0 	 740 	 564 	 36.0 	 43.0 	 0.08860759493670886 
340.0 	 743 	 564 	 36.0 	 42.0 	 0.07692307692307693 
341.0 	 745 	 564 	 36.0 	 43.0 	 0.08860759493670886 
342.0 	 747 	 564 	 36.0 	 43.0 	 0.08860759493670886 
343.0 	 749 	 564 	 36.0 	 43.0 	 0.08860759493670886 
344.0 	 751 	 564 	 36.0 	 43.0 	 0.08860759493670886 
345.0 	 753 	 564 	 36.0 	 43.0 	 0.08860759493670886 
346.0 	 756 	 564 	 36.0 	 42.0 	 0.07692307692307693 
347.0 	 758 	 564 	 36.0 	 43.0 	 0.08860759493670886 
348.0 	 760 	 564 	 36.0 	 42.0 	 0.07692307692307693 
349.0 	 762 	 564 	 36.0 	 42.0 	 0.07692307692307693 
350.0 	 764 	 564 	 36.0 	 43.0 	 0.08860759493670886 
351.0 	 766 	 564 	 36.0 	 43.0 	 0.08860759493670886 
352.0 	 769 	 564 	 36.0 	 42.0 	 0.07692307692307693 
353.0 	 771 	 564 	 36.0 	 42.0 	 0.07692307692307693 
354.0 	 773 	 564 	 36.0 	 42.0 	 0.07692307692307693 
355.0 	 775 	 564 	 36.0 	 42.0 	 0.07692307692307693 
356.0 	 777 	 564 	 36.0 	 42.0 	 0.07692307692307693 
357.0 	 779 	 564 	 36.0 	 42.0 	 0.07692307692307693 
358.0 	 781 	 564 	 36.0 	 42.0 	 0.07692307692307693 
359.0 	 784 	 564 	 36.0 	 42.0 	 0.07692307692307693 
360.0 	 785 	 564 	 36.0 	 43.0 	 0.08860759493670886 
361.0 	 788 	 564 	 36.0 	 42.0 	 0.07692307692307693 
362.0 	 790 	 564 	 36.0 	 42.0 	 0.07692307692307693 
363.0 	 792 	 564 	 36.0 	 42.0 	 0.07692307692307693 
364.0 	 794 	 564 	 36.0 	 43.0 	 0.08860759493670886 
365.0 	 797 	 564 	 36.0 	 42.0 	 0.07692307692307693 
366.0 	 798 	 564 	 36.0 	 42.0 	 0.07692307692307693 
367.0 	 801 	 564 	 35.0 	 42.0 	 0.09090909090909091 
368.0 	 803 	 564 	 35.0 	 42.0 	 0.09090909090909091 
369.0 	 805 	 564 	 36.0 	 43.0 	 0.08860759493670886 
370.0 	 807 	 564 	 36.0 	 42.0 	 0.07692307692307693 
371.0 	 809 	 564 	 36.0 	 41.0 	 0.06493506493506493 
372.0 	 812 	 564 	 36.0 	 43.0 	 0.08860759493670886 
373.0 	 814 	 564 	 35.0 	 42.0 	 0.09090909090909091 
374.0 	 816 	 564 	 41.827510833740234 	 34.856258392333984 	 0.09090909995378613 
375.0 	 818 	 565 	 35.0 	 43.0 	 0.10256410256410256 
376.0 	 820 	 565 	 34.0 	 43.0 	 0.11688311688311688 
377.0 	 823 	 565 	 34.0 	 42.0 	 0.10526315789473684 
378.0 	 825 	 564 	 35.0 	 43.0 	 0.10256410256410256 
379.0 	 828 	 564 	 35.0 	 43.0 	 0.10256410256410256 
380.0 	 830 	 564 	 35.0 	 42.0 	 0.09090909090909091 
381.0 	 832 	 564 	 34.0 	 43.0 	 0.11688311688311688 
382.0 	 834 	 564 	 35.0 	 44.0 	 0.11392405063291139 
383.0 	 836 	 564 	 35.0 	 42.0 	 0.09090909090909091 
384.0 	 838 	 564 	 35.0 	 43.0 	 0.10256410256410256 
385.0 	 840 	 564 	 35.0 	 42.0 	 0.09090909090909091 
386.0 	 843 	 564 	 35.0 	 42.0 	 0.09090909090909091 
387.0 	 845 	 564 	 35.0 	 42.0 	 0.09090909090909091 
388.0 	 847 	 564 	 35.0 	 42.0 	 0.09090909090909091 
389.0 	 849 	 564 	 34.0 	 43.0 	 0.11688311688311688 
390.0 	 851 	 564 	 35.0 	 43.0 	 0.10256410256410256 
391.0 	 853 	 564 	 36.0 	 43.0 	 0.08860759493670886 
392.0 	 856 	 564 	 35.0 	 42.0 	 0.09090909090909091 
393.0 	 858 	 564 	 34.0 	 42.0 	 0.10526315789473684 
394.0 	 860 	 564 	 35.0 	 43.0 	 0.10256410256410256 
395.0 	 862 	 564 	 35.0 	 41.0 	 0.07894736842105263 
396.0 	 865 	 564 	 35.0 	 41.0 	 0.07894736842105263 
397.0 	 867 	 564 	 36.0 	 43.0 	 0.08860759493670886 
398.0 	 869 	 564 	 36.0 	 43.0 	 0.08860759493670886 
399.0 	 871 	 564 	 36.0 	 42.0 	 0.07692307692307693 
400.0 	 873 	 564 	 36.0 	 42.0 	 0.07692307692307693 
401.0 	 875 	 564 	 36.0 	 42.0 	 0.07692307692307693 
402.0 	 877 	 564 	 35.0 	 40.0 	 0.06666666666666667 
403.0 	 879 	 564 	 36.0 	 41.0 	 0.06493506493506493 
404.0 	 881 	 564 	 36.0 	 42.0 	 0.07692307692307693 
405.0 	 883 	 564 	 36.0 	 41.0 	 0.06493506493506493 
406.0 	 886 	 564 	 35.0 	 42.0 	 0.09090909090909091 
407.0 	 888 	 564 	 35.0 	 43.0 	 0.10256410256410256 
408.0 	 891 	 564 	 35.0 	 42.0 	 0.09090909090909091 
409.0 	 893 	 564 	 35.0 	 42.0 	 0.09090909090909091 
410.0 	 895 	 564 	 35.0 	 43.0 	 0.10256410256410256 
411.0 	 897 	 564 	 35.0 	 42.0 	 0.09090909090909091 
412.0 	 900 	 564 	 35.0 	 42.0 	 0.09090909090909091 
413.0 	 902 	 564 	 35.0 	 43.0 	 0.10256410256410256 
414.0 	 904 	 564 	 35.0 	 43.0 	 0.10256410256410256 
415.0 	 906 	 564 	 35.0 	 43.0 	 0.10256410256410256 
416.0 	 909 	 564 	 35.0 	 43.0 	 0.10256410256410256 
417.0 	 911 	 564 	 35.0 	 43.0 	 0.10256410256410256 
418.0 	 913 	 564 	 35.0 	 42.0 	 0.09090909090909091 
419.0 	 915 	 564 	 35.0 	 43.0 	 0.10256410256410256 
420.0 	 918 	 564 	 35.0 	 42.0 	 0.09090909090909091 
421.0 	 920 	 564 	 35.0 	 43.0 	 0.10256410256410256 
422.0 	 922 	 564 	 36.0 	 43.0 	 0.08860759493670886 
423.0 	 924 	 564 	 36.0 	 43.0 	 0.08860759493670886 
424.0 	 926 	 564 	 35.0 	 42.0 	 0.09090909090909091 
425.0 	 929 	 564 	 36.0 	 43.0 	 0.08860759493670886 
426.0 	 931 	 564 	 36.0 	 43.0 	 0.08860759493670886 
427.0 	 933 	 565 	 36.0 	 41.0 	 0.06493506493506493 
428.0 	 936 	 565 	 36.0 	 41.0 	 0.06493506493506493 
429.0 	 938 	 565 	 36.0 	 43.0 	 0.08860759493670886 
430.0 	 940 	 564 	 35.0 	 42.0 	 0.09090909090909091 
431.0 	 942 	 564 	 35.0 	 42.0 	 0.09090909090909091 
432.0 	 944 	 564 	 35.0 	 43.0 	 0.10256410256410256 
433.0 	 946 	 564 	 35.0 	 42.0 	 0.09090909090909091 
434.0 	 948 	 564 	 35.0 	 42.0 	 0.09090909090909091 
435.0 	 950 	 564 	 35.0 	 43.0 	 0.10256410256410256 
436.0 	 953 	 564 	 35.0 	 42.0 	 0.09090909090909091 
437.0 	 955 	 564 	 35.0 	 42.0 	 0.09090909090909091 
438.0 	 957 	 564 	 35.0 	 44.0 	 0.11392405063291139 
439.0 	 959 	 564 	 35.0 	 43.0 	 0.10256410256410256 
440.0 	 962 	 565 	 35.0 	 43.0 	 0.10256410256410256 
441.0 	 964 	 564 	 35.0 	 43.0 	 0.10256410256410256 
442.0 	 966 	 564 	 35.0 	 43.0 	 0.10256410256410256 
443.0 	 968 	 565 	 35.0 	 42.0 	 0.09090909090909091 
444.0 	 971 	 565 	 35.0 	 43.0 	 0.10256410256410256 
445.0 	 973 	 565 	 34.0 	 43.0 	 0.11688311688311688 
446.0 	 975 	 565 	 34.0 	 43.0 	 0.11688311688311688 
447.0 	 977 	 565 	 34.0 	 43.0 	 0.11688311688311688 
448.0 	 979 	 565 	 35.0 	 44.0 	 0.11392405063291139 
449.0 	 982 	 565 	 43.0 	 35.0 	 0.10256410256410256 
450.0 	 984 	 565 	 35.0 	 43.0 	 0.10256410256410256 
451.0 	 986 	 565 	 35.0 	 43.0 	 0.10256410256410256 
452.0 	 988 	 565 	 34.0 	 42.0 	 0.10526315789473684 
453.0 	 991 	 565 	 34.0 	 43.0 	 0.11688311688311688 
454.0 	 993 	 565 	 43.0 	 35.0 	 0.10256410256410256 
455.0 	 995 	 565 	 34.0 	 42.0 	 0.10526315789473684 
456.0 	 997 	 565 	 34.0 	 44.0 	 0.1282051282051282 
457.0 	 999 	 565 	 34.0 	 43.0 	 0.11688311688311688 
458.0 	 1002 	 565 	 34.0 	 43.0 	 0.11688311688311688 
459.0 	 1004 	 565 	 34.0 	 43.0 	 0.11688311688311688 
460.0 	 1006 	 565 	 34.0 	 44.0 	 0.1282051282051282 
461.0 	 1008 	 565 	 34.0 	 43.0 	 0.11688311688311688 
462.0 	 1011 	 565 	 34.0 	 43.0 	 0.11688311688311688 
463.0 	 1013 	 565 	 34.0 	 43.0 	 0.11688311688311688 
464.0 	 1015 	 565 	 34.0 	 43.0 	 0.11688311688311688 
465.0 	 1017 	 565 	 34.0 	 43.0 	 0.11688311688311688 
466.0 	 1020 	 565 	 34.0 	 44.0 	 0.1282051282051282 
467.0 	 1022 	 565 	 34.0 	 43.0 	 0.11688311688311688 
468.0 	 1024 	 565 	 34.0 	 43.0 	 0.11688311688311688 
469.0 	 1026 	 565 	 34.0 	 43.0 	 0.11688311688311688 
470.0 	 1029 	 565 	 34.0 	 43.0 	 0.11688311688311688 
471.0 	 1031 	 565 	 34.0 	 43.0 	 0.11688311688311688 
472.0 	 1033 	 565 	 34.0 	 43.0 	 0.11688311688311688 
473.0 	 1035 	 565 	 34.0 	 44.0 	 0.1282051282051282 
474.0 	 1038 	 565 	 34.0 	 43.0 	 0.11688311688311688 
475.0 	 1040 	 565 	 34.0 	 43.0 	 0.11688311688311688 
476.0 	 1042 	 565 	 34.0 	 43.0 	 0.11688311688311688 
477.0 	 1044 	 565 	 34.0 	 43.0 	 0.11688311688311688 
478.0 	 1046 	 565 	 34.0 	 43.0 	 0.11688311688311688 
479.0 	 1049 	 565 	 34.0 	 43.0 	 0.11688311688311688 
480.0 	 1051 	 565 	 34.0 	 43.0 	 0.11688311688311688 
481.0 	 1053 	 565 	 34.0 	 43.0 	 0.11688311688311688 
482.0 	 1055 	 565 	 34.0 	 44.0 	 0.1282051282051282 
483.0 	 1058 	 565 	 34.0 	 43.0 	 0.11688311688311688 
484.0 	 1060 	 565 	 34.0 	 43.0 	 0.11688311688311688 
485.0 	 1062 	 565 	 34.0 	 44.0 	 0.1282051282051282 
486.0 	 1064 	 565 	 34.0 	 42.0 	 0.10526315789473684 
487.0 	 1067 	 565 	 34.0 	 43.0 	 0.11688311688311688 
488.0 	 1069 	 565 	 34.0 	 43.0 	 0.11688311688311688 
489.0 	 1071 	 565 	 34.0 	 43.0 	 0.11688311688311688 
490.0 	 1073 	 565 	 34.0 	 42.0 	 0.10526315789473684 
491.0 	 1075 	 565 	 34.0 	 42.0 	 0.10526315789473684 
492.0 	 1078 	 565 	 34.0 	 42.0 	 0.10526315789473684 
493.0 	 1080 	 565 	 34.0 	 43.0 	 0.11688311688311688 
494.0 	 1082 	 565 	 34.0 	 43.0 	 0.11688311688311688 
495.0 	 1084 	 565 	 34.0 	 44.0 	 0.1282051282051282 
496.0 	 1087 	 565 	 34.0 	 43.0 	 0.11688311688311688 
497.0 	 1089 	 565 	 34.0 	 44.0 	 0.1282051282051282 
498.0 	 1091 	 565 	 34.0 	 43.0 	 0.11688311688311688 
499.0 	 1094 	 565 	 33.0 	 43.0 	 0.13157894736842105 
500.0 	 1096 	 565 	 33.0 	 43.0 	 0.13157894736842105 
501.0 	 1098 	 565 	 33.0 	 42.0 	 0.12 
502.0 	 1101 	 565 	 33.0 	 42.0 	 0.12 
503.0 	 1103 	 565 	 33.0 	 43.0 	 0.13157894736842105 
504.0 	 1105 	 565 	 33.0 	 43.0 	 0.13157894736842105 
505.0 	 1107 	 565 	 34.0 	 43.0 	 0.11688311688311688 
506.0 	 1109 	 565 	 34.0 	 44.0 	 0.1282051282051282 
507.0 	 1112 	 565 	 34.0 	 43.0 	 0.11688311688311688 
508.0 	 1114 	 565 	 33.0 	 43.0 	 0.13157894736842105 
509.0 	 1117 	 565 	 43.0 	 34.0 	 0.11688311688311688 
510.0 	 1119 	 565 	 43.0 	 34.0 	 0.11688311688311688 
511.0 	 1121 	 565 	 34.0 	 43.0 	 0.11688311688311688 
512.0 	 1123 	 565 	 34.0 	 44.0 	 0.1282051282051282 
513.0 	 1125 	 565 	 34.0 	 44.0 	 0.1282051282051282 
514.0 	 1127 	 565 	 35.0 	 42.0 	 0.09090909090909091 
515.0 	 1130 	 565 	 34.0 	 43.0 	 0.11688311688311688 
516.0 	 1132 	 565 	 35.0 	 44.0 	 0.11392405063291139 
517.0 	 1134 	 565 	 33.0 	 42.0 	 0.12 
518.0 	 1136 	 565 	 33.0 	 43.0 	 0.13157894736842105 
519.0 	 1139 	 565 	 33.0 	 43.0 	 0.13157894736842105 
520.0 	 1141 	 566 	 33.0 	 43.0 	 0.13157894736842105 
521.0 	 1143 	 565 	 33.0 	 44.0 	 0.14285714285714285 
522.0 	 1146 	 565 	 33.0 	 43.0 	 0.13157894736842105 
523.0 	 1148 	 566 	 33.0 	 43.0 	 0.13157894736842105 
524.0 	 1150 	 566 	 33.0 	 44.0 	 0.14285714285714285 
525.0 	 1152 	 566 	 34.0 	 44.0 	 0.1282051282051282 
526.0 	 1154 	 566 	 34.0 	 42.0 	 0.10526315789473684 
527.0 	 1157 	 566 	 43.28411865234375 	 33.532752990722656 	 0.12694301984766213 
528.0 	 1159 	 566 	 33.0 	 43.0 	 0.13157894736842105 
529.0 	 1161 	 566 	 33.0 	 42.0 	 0.12 
530.0 	 1163 	 566 	 32.0 	 41.0 	 0.1232876712328767 
531.0 	 1166 	 566 	 32.0 	 43.0 	 0.14666666666666667 
532.0 	 1168 	 566 	 33.0 	 43.0 	 0.13157894736842105 
533.0 	 1171 	 566 	 33.0 	 42.0 	 0.12 
534.0 	 1173 	 566 	 33.79533004760742 	 43.57127380371094 	 0.12635870349034237 
535.0 	 1175 	 566 	 34.0 	 43.0 	 0.11688311688311688 
536.0 	 1177 	 566 	 34.58465576171875 	 43.276084899902344 	 0.11162787644104379 
537.0 	 1179 	 566 	 35.0 	 43.0 	 0.10256410256410256 
538.0 	 1181 	 566 	 35.0 	 42.0 	 0.09090909090909091 
539.0 	 1184 	 566 	 35.0 	 42.0 	 0.09090909090909091 
540.0 	 1185 	 566 	 35.0 	 43.0 	 0.10256410256410256 
541.0 	 1187 	 566 	 34.0 	 42.0 	 0.10526315789473684 
542.0 	 1190 	 566 	 33.0 	 41.0 	 0.10810810810810811 
543.0 	 1192 	 566 	 33.0 	 42.0 	 0.12 
544.0 	 1194 	 566 	 33.0 	 43.0 	 0.13157894736842105 
545.0 	 1196 	 566 	 33.0 	 41.0 	 0.10810810810810811 
546.0 	 1198 	 566 	 34.0 	 42.0 	 0.10526315789473684 
547.0 	 1201 	 566 	 34.0 	 43.0 	 0.11688311688311688 
548.0 	 1203 	 566 	 34.0 	 41.0 	 0.09333333333333334 
549.0 	 1205 	 566 	 34.0 	 41.0 	 0.09333333333333334 
550.0 	 1207 	 566 	 34.0 	 43.0 	 0.11688311688311688 
551.0 	 1210 	 566 	 33.0 	 42.0 	 0.12 
552.0 	 1212 	 566 	 33.0 	 43.0 	 0.13157894736842105 
553.0 	 1214 	 566 	 32.0 	 43.0 	 0.14666666666666667 
554.0 	 1216 	 566 	 32.0 	 43.0 	 0.14666666666666667 
555.0 	 1218 	 566 	 32.0 	 41.0 	 0.1232876712328767 
556.0 	 1220 	 566 	 33.0 	 43.0 	 0.13157894736842105 
557.0 	 1222 	 566 	 33.0 	 42.0 	 0.12 
558.0 	 1224 	 566 	 32.0 	 41.0 	 0.1232876712328767 
559.0 	 1227 	 566 	 33.0 	 42.0 	 0.12 
560.0 	 1229 	 566 	 33.0 	 42.0 	 0.12 
561.0 	 1231 	 566 	 33.0 	 41.0 	 0.10810810810810811 
562.0 	 1233 	 566 	 33.0 	 42.0 	 0.12 
563.0 	 1235 	 566 	 33.0 	 42.0 	 0.12 
564.0 	 1238 	 566 	 33.0 	 41.0 	 0.10810810810810811 
565.0 	 1240 	 566 	 32.0 	 42.0 	 0.13513513513513514 
566.0 	 1242 	 566 	 33.0 	 43.0 	 0.13157894736842105 
567.0 	 1244 	 566 	 33.0 	 41.0 	 0.10810810810810811 
568.0 	 1246 	 566 	 33.0 	 41.0 	 0.10810810810810811 
569.0 	 1249 	 566 	 33.0 	 42.0 	 0.12 
570.0 	 1251 	 566 	 33.0 	 41.0 	 0.10810810810810811 
571.0 	 1253 	 566 	 33.0 	 41.0 	 0.10810810810810811 
572.0 	 1256 	 566 	 34.0 	 42.0 	 0.10526315789473684 
573.0 	 1258 	 566 	 34.0 	 43.0 	 0.11688311688311688 
574.0 	 1260 	 566 	 34.0 	 42.0 	 0.10526315789473684 
575.0 	 1262 	 566 	 34.0 	 42.0 	 0.10526315789473684 
576.0 	 1264 	 566 	 42.0 	 34.0 	 0.10526315789473684 
577.0 	 1266 	 566 	 34.0 	 42.0 	 0.10526315789473684 
578.0 	 1268 	 566 	 34.0 	 42.0 	 0.10526315789473684 
579.0 	 1270 	 566 	 34.0 	 42.0 	 0.10526315789473684 
580.0 	 1273 	 566 	 34.0 	 42.0 	 0.10526315789473684 
581.0 	 1274 	 566 	 35.0 	 42.0 	 0.09090909090909091 
582.0 	 1277 	 566 	 35.0 	 43.0 	 0.10256410256410256 
583.0 	 1279 	 566 	 33.0 	 42.0 	 0.12 
584.0 	 1281 	 566 	 34.0 	 42.0 	 0.10526315789473684 
585.0 	 1284 	 566 	 35.0 	 43.0 	 0.10256410256410256 
586.0 	 1286 	 566 	 34.0 	 42.0 	 0.10526315789473684 
587.0 	 1288 	 566 	 33.0 	 40.0 	 0.0958904109589041 
588.0 	 1291 	 566 	 34.0 	 42.0 	 0.10526315789473684 
589.0 	 1293 	 566 	 33.0 	 41.0 	 0.10810810810810811 
590.0 	 1295 	 566 	 32.0 	 41.0 	 0.1232876712328767 
591.0 	 1297 	 566 	 33.0 	 42.0 	 0.12 
592.0 	 1300 	 566 	 33.0 	 42.0 	 0.12 
593.0 	 1302 	 566 	 33.0 	 43.0 	 0.13157894736842105 
594.0 	 1304 	 566 	 33.0 	 43.0 	 0.13157894736842105 
595.0 	 1307 	 566 	 33.0 	 42.0 	 0.12 
596.0 	 1309 	 566 	 34.0 	 42.0 	 0.10526315789473684 
597.0 	 1311 	 566 	 35.0 	 43.0 	 0.10256410256410256 
598.0 	 1313 	 566 	 35.0 	 43.0 	 0.10256410256410256 
599.0 	 1316 	 566 	 35.0 	 42.0 	 0.09090909090909091 
600.0 	 1318 	 566 	 35.0 	 44.0 	 0.11392405063291139 
601.0 	 1320 	 566 	 34.0 	 43.0 	 0.11688311688311688 
602.0 	 1322 	 566 	 34.0 	 42.0 	 0.10526315789473684 
603.0 	 1324 	 567 	 34.0 	 42.0 	 0.10526315789473684 
604.0 	 1327 	 567 	 43.0 	 35.0 	 0.10256410256410256 
605.0 	 1329 	 566 	 33.0 	 43.0 	 0.13157894736842105 
606.0 	 1331 	 566 	 34.0 	 42.0 	 0.10526315789473684 
607.0 	 1333 	 567 	 34.0 	 44.0 	 0.1282051282051282 
608.0 	 1336 	 566 	 34.0 	 43.0 	 0.11688311688311688 
609.0 	 1338 	 566 	 34.0 	 43.0 	 0.11688311688311688 
610.0 	 1340 	 566 	 34.0 	 44.0 	 0.1282051282051282 
611.0 	 1342 	 566 	 34.0 	 44.0 	 0.1282051282051282 
612.0 	 1345 	 566 	 34.0 	 42.0 	 0.10526315789473684 
613.0 	 1347 	 567 	 33.0 	 44.0 	 0.14285714285714285 
614.0 	 1349 	 567 	 33.0 	 44.0 	 0.14285714285714285 
615.0 	 1351 	 566 	 33.0 	 43.0 	 0.13157894736842105 
616.0 	 1353 	 566 	 33.0 	 44.0 	 0.14285714285714285 
617.0 	 1355 	 566 	 33.0 	 44.0 	 0.14285714285714285 
618.0 	 1357 	 566 	 33.0 	 44.0 	 0.14285714285714285 
619.0 	 1360 	 566 	 33.0 	 43.0 	 0.13157894736842105 
620.0 	 1362 	 566 	 34.0 	 43.0 	 0.11688311688311688 
621.0 	 1364 	 566 	 33.0 	 43.0 	 0.13157894736842105 
622.0 	 1366 	 566 	 33.0 	 42.0 	 0.12 
623.0 	 1369 	 567 	 33.0 	 44.0 	 0.14285714285714285 
624.0 	 1371 	 567 	 34.0 	 44.0 	 0.1282051282051282 
625.0 	 1373 	 567 	 33.0 	 42.0 	 0.12 
626.0 	 1375 	 567 	 33.0 	 43.0 	 0.13157894736842105 
627.0 	 1377 	 567 	 34.0 	 43.0 	 0.11688311688311688 
628.0 	 1380 	 567 	 33.0 	 42.0 	 0.12 
629.0 	 1382 	 566 	 33.0 	 43.0 	 0.13157894736842105 
630.0 	 1383 	 566 	 33.0 	 43.0 	 0.13157894736842105 
631.0 	 1386 	 566 	 32.0 	 42.0 	 0.13513513513513514 
632.0 	 1388 	 566 	 33.0 	 43.0 	 0.13157894736842105 
633.0 	 1390 	 566 	 33.0 	 43.0 	 0.13157894736842105 
634.0 	 1392 	 566 	 33.0 	 43.0 	 0.13157894736842105 
635.0 	 1395 	 566 	 33.0 	 42.0 	 0.12 
636.0 	 1397 	 567 	 33.0 	 43.0 	 0.13157894736842105 
637.0 	 1399 	 567 	 33.0 	 43.0 	 0.13157894736842105 
638.0 	 1402 	 567 	 33.0 	 42.0 	 0.12 
639.0 	 1404 	 567 	 34.0 	 43.0 	 0.11688311688311688 
640.0 	 1406 	 567 	 33.0 	 43.0 	 0.13157894736842105 
641.0 	 1407 	 567 	 33.0 	 42.0 	 0.12 
642.0 	 1409 	 567 	 33.0 	 42.0 	 0.12 
643.0 	 1412 	 567 	 33.0 	 43.0 	 0.13157894736842105 
644.0 	 1414 	 567 	 33.0 	 42.0 	 0.12 
645.0 	 1416 	 567 	 33.0 	 43.0 	 0.13157894736842105 
646.0 	 1418 	 567 	 33.0 	 44.0 	 0.14285714285714285 
647.0 	 1420 	 566 	 32.0 	 42.0 	 0.13513513513513514 
648.0 	 1423 	 566 	 33.0 	 42.0 	 0.12 
649.0 	 1425 	 567 	 32.0 	 41.0 	 0.1232876712328767 
650.0 	 1426 	 567 	 32.0 	 41.0 	 0.1232876712328767 
651.0 	 1429 	 567 	 32.0 	 44.0 	 0.15789473684210525 
652.0 	 1432 	 567 	 32.0 	 46.0 	 0.1794871794871795 
653.0 	 1434 	 567 	 32.0 	 45.0 	 0.16883116883116883 
654.0 	 1437 	 567 	 32.0 	 44.0 	 0.15789473684210525 
655.0 	 1439 	 567 	 33.0 	 44.0 	 0.14285714285714285 
656.0 	 1440 	 567 	 33.0 	 43.0 	 0.13157894736842105 
657.0 	 1443 	 567 	 33.0 	 43.0 	 0.13157894736842105 
658.0 	 1444 	 567 	 34.0 	 44.0 	 0.1282051282051282 
659.0 	 1446 	 567 	 35.0 	 44.0 	 0.11392405063291139 
660.0 	 1449 	 567 	 33.0 	 42.0 	 0.12 
661.0 	 1451 	 567 	 33.0 	 42.0 	 0.12 
662.0 	 1452 	 567 	 34.0 	 42.0 	 0.10526315789473684 
663.0 	 1454 	 567 	 33.0 	 41.0 	 0.10810810810810811 
664.0 	 1457 	 567 	 34.0 	 42.0 	 0.10526315789473684 
665.0 	 1458 	 567 	 34.0 	 43.0 	 0.11688311688311688 
666.0 	 1461 	 567 	 34.0 	 42.0 	 0.10526315789473684 
667.0 	 1463 	 567 	 34.0 	 42.0 	 0.10526315789473684 
668.0 	 1465 	 567 	 34.0 	 43.0 	 0.11688311688311688 
669.0 	 1466 	 567 	 34.0 	 43.0 	 0.11688311688311688 
670.0 	 1469 	 567 	 34.0 	 44.0 	 0.1282051282051282 
671.0 	 1471 	 567 	 34.0 	 46.0 	 0.15 
672.0 	 1474 	 567 	 34.0 	 42.0 	 0.10526315789473684 
673.0 	 1476 	 567 	 34.0 	 40.0 	 0.08108108108108109 
674.0 	 1478 	 567 	 35.0 	 42.0 	 0.09090909090909091 
675.0 	 1480 	 567 	 35.0 	 42.0 	 0.09090909090909091 
676.0 	 1482 	 567 	 34.0 	 41.0 	 0.09333333333333334 
677.0 	 1484 	 567 	 36.0 	 42.0 	 0.07692307692307693 
678.0 	 1486 	 567 	 36.0 	 42.0 	 0.07692307692307693 
679.0 	 1489 	 567 	 36.0 	 41.0 	 0.06493506493506493 
680.0 	 1491 	 567 	 36.0 	 41.0 	 0.06493506493506493 
681.0 	 1493 	 567 	 36.0 	 43.0 	 0.08860759493670886 
682.0 	 1495 	 567 	 36.0 	 40.0 	 0.05263157894736842 
683.0 	 1497 	 567 	 36.0 	 42.0 	 0.07692307692307693 
684.0 	 1499 	 567 	 36.0 	 42.0 	 0.07692307692307693 
685.0 	 1501 	 567 	 42.0 	 36.0 	 0.07692307692307693 
686.0 	 1504 	 567 	 41.0 	 36.0 	 0.06493506493506493 
687.0 	 1505 	 567 	 36.0 	 42.0 	 0.07692307692307693 
688.0 	 1507 	 567 	 35.0 	 41.0 	 0.07894736842105263 
689.0 	 1509 	 567 	 35.0 	 40.0 	 0.06666666666666667 
690.0 	 1511 	 567 	 35.0 	 42.0 	 0.09090909090909091 
691.0 	 1513 	 567 	 34.0 	 40.0 	 0.08108108108108109 
692.0 	 1516 	 567 	 34.0 	 39.0 	 0.0684931506849315 
693.0 	 1518 	 567 	 34.0 	 41.0 	 0.09333333333333334 
694.0 	 1520 	 567 	 34.0 	 41.0 	 0.09333333333333334 
695.0 	 1522 	 567 	 34.0 	 40.0 	 0.08108108108108109 
696.0 	 1524 	 567 	 34.0 	 42.0 	 0.10526315789473684 
697.0 	 1527 	 567 	 34.0 	 41.0 	 0.09333333333333334 
698.0 	 1529 	 567 	 35.0 	 40.0 	 0.06666666666666667 
699.0 	 1531 	 567 	 35.0 	 41.0 	 0.07894736842105263 
700.0 	 1533 	 568 	 35.0 	 41.0 	 0.07894736842105263 
701.0 	 1535 	 568 	 35.0 	 40.0 	 0.06666666666666667 
702.0 	 1537 	 568 	 36.0 	 39.0 	 0.04 
703.0 	 1539 	 568 	 36.0 	 41.0 	 0.06493506493506493 
704.0 	 1542 	 568 	 36.0 	 39.0 	 0.04 
705.0 	 1544 	 568 	 36.0 	 38.0 	 0.02702702702702703 
706.0 	 1546 	 568 	 36.0 	 41.0 	 0.06493506493506493 
707.0 	 1548 	 568 	 35.0 	 39.0 	 0.05405405405405406 
708.0 	 1550 	 568 	 38.0 	 35.0 	 0.0410958904109589 
709.0 	 1553 	 568 	 41.0 	 36.0 	 0.06493506493506493 
710.0 	 1555 	 568 	 34.0 	 40.0 	 0.08108108108108109 
711.0 	 1557 	 568 	 34.0 	 39.0 	 0.0684931506849315 
712.0 	 1559 	 568 	 35.0 	 41.0 	 0.07894736842105263 
713.0 	 1561 	 568 	 34.0 	 40.0 	 0.08108108108108109 
714.0 	 1563 	 568 	 34.0 	 39.0 	 0.0684931506849315 
715.0 	 1565 	 568 	 34.0 	 41.0 	 0.09333333333333334 
716.0 	 1568 	 568 	 34.0 	 42.0 	 0.10526315789473684 
717.0 	 1570 	 568 	 34.0 	 40.0 	 0.08108108108108109 
718.0 	 1572 	 568 	 34.0 	 40.0 	 0.08108108108108109 
719.0 	 1574 	 568 	 34.0 	 41.0 	 0.09333333333333334 
720.0 	 1577 	 568 	 34.0 	 40.0 	 0.08108108108108109 
721.0 	 1579 	 568 	 32.0 	 40.0 	 0.1111111111111111 
722.0 	 1581 	 568 	 33.0 	 40.0 	 0.0958904109589041 
723.0 	 1583 	 568 	 39.69574737548828 	 32.13860321044922 	 0.10520237328516298 
724.0 	 1585 	 568 	 32.0 	 39.0 	 0.09859154929577464 
725.0 	 1587 	 568 	 32.0 	 41.0 	 0.1232876712328767 
726.0 	 1590 	 568 	 32.0 	 40.0 	 0.1111111111111111 
727.0 	 1592 	 568 	 32.0 	 38.0 	 0.08571428571428572 
728.0 	 1594 	 568 	 33.0 	 40.0 	 0.0958904109589041 
729.0 	 1596 	 568 	 33.0 	 40.0 	 0.0958904109589041 
730.0 	 1598 	 568 	 31.0 	 39.0 	 0.11428571428571428 
731.0 	 1600 	 568 	 33.0 	 40.0 	 0.0958904109589041 
732.0 	 1603 	 568 	 32.0 	 41.0 	 0.1232876712328767 
733.0 	 1605 	 568 	 31.0 	 39.0 	 0.11428571428571428 
734.0 	 1608 	 568 	 31.0 	 38.0 	 0.10144927536231885 
735.0 	 1610 	 568 	 31.0 	 39.0 	 0.11428571428571428 
736.0 	 1612 	 568 	 31.0 	 38.0 	 0.10144927536231885 
737.0 	 1614 	 568 	 31.0 	 39.0 	 0.11428571428571428 
738.0 	 1616 	 568 	 32.0 	 41.0 	 0.1232876712328767 
739.0 	 1618 	 568 	 32.0 	 39.0 	 0.09859154929577464 
740.0 	 1620 	 568 	 31.0 	 39.0 	 0.11428571428571428 
741.0 	 1622 	 568 	 32.0 	 40.0 	 0.1111111111111111 
742.0 	 1625 	 568 	 32.0 	 40.0 	 0.1111111111111111 
743.0 	 1626 	 568 	 32.0 	 38.0 	 0.08571428571428572 
744.0 	 1629 	 568 	 39.49869918823242 	 33.20958709716797 	 0.08649787269607657 
745.0 	 1631 	 568 	 40.01679992675781 	 31.596973419189453 	 0.11757272538753678 
746.0 	 1633 	 568 	 30.0 	 38.0 	 0.11764705882352941 
747.0 	 1635 	 568 	 31.0 	 40.0 	 0.1267605633802817 
748.0 	 1637 	 568 	 30.0 	 41.0 	 0.15492957746478872 
749.0 	 1639 	 568 	 30.0 	 39.0 	 0.13043478260869565 
750.0 	 1642 	 568 	 30.0 	 39.0 	 0.13043478260869565 
751.0 	 1644 	 568 	 30.0 	 40.0 	 0.14285714285714285 
752.0 	 1647 	 568 	 30.0 	 40.0 	 0.14285714285714285 
753.0 	 1649 	 568 	 30.0 	 39.0 	 0.13043478260869565 
754.0 	 1651 	 568 	 31.678386688232422 	 40.87077331542969 	 0.12670562452733092 
755.0 	 1653 	 568 	 30.0 	 40.0 	 0.14285714285714285 
756.0 	 1655 	 568 	 30.0 	 39.0 	 0.13043478260869565 
757.0 	 1657 	 568 	 30.0 	 39.0 	 0.13043478260869565 
758.0 	 1659 	 568 	 30.0 	 39.0 	 0.13043478260869565 
759.0 	 1662 	 568 	 30.0 	 38.0 	 0.11764705882352941 
760.0 	 1664 	 568 	 30.0 	 39.0 	 0.13043478260869565 
761.0 	 1666 	 568 	 32.0 	 40.0 	 0.1111111111111111 
762.0 	 1668 	 568 	 31.0 	 39.0 	 0.11428571428571428 
763.0 	 1670 	 568 	 31.0 	 39.0 	 0.11428571428571428 
764.0 	 1672 	 568 	 32.0 	 41.0 	 0.1232876712328767 
765.0 	 1674 	 568 	 32.0 	 39.0 	 0.09859154929577464 
766.0 	 1677 	 568 	 32.0 	 40.0 	 0.1111111111111111 
767.0 	 1679 	 568 	 32.0 	 41.0 	 0.1232876712328767 
768.0 	 1681 	 568 	 31.0 	 40.0 	 0.1267605633802817 
769.0 	 1684 	 568 	 31.0 	 38.0 	 0.10144927536231885 
770.0 	 1686 	 568 	 31.0 	 40.0 	 0.1267605633802817 
771.0 	 1687 	 568 	 30.0 	 39.0 	 0.13043478260869565 
772.0 	 1690 	 568 	 30.0 	 37.0 	 0.1044776119402985 
773.0 	 1692 	 568 	 31.0 	 39.0 	 0.11428571428571428 
774.0 	 1694 	 568 	 31.0 	 39.0 	 0.11428571428571428 
775.0 	 1696 	 568 	 30.0 	 37.0 	 0.1044776119402985 
776.0 	 1699 	 568 	 31.0 	 38.0 	 0.10144927536231885 
777.0 	 1701 	 568 	 32.0 	 40.0 	 0.1111111111111111 
778.0 	 1703 	 568 	 30.0 	 38.0 	 0.11764705882352941 
779.0 	 1705 	 568 	 32.0 	 39.0 	 0.09859154929577464 
780.0 	 1707 	 568 	 32.0 	 40.0 	 0.1111111111111111 
781.0 	 1709 	 568 	 30.0 	 38.0 	 0.11764705882352941 
782.0 	 1711 	 568 	 30.0 	 39.0 	 0.13043478260869565 
783.0 	 1713 	 568 	 32.0 	 40.0 	 0.1111111111111111 
784.0 	 1715 	 568 	 30.0 	 38.0 	 0.11764705882352941 
785.0 	 1718 	 568 	 30.0 	 37.0 	 0.1044776119402985 
786.0 	 1720 	 568 	 30.0 	 39.0 	 0.13043478260869565 
787.0 	 1722 	 569 	 30.0 	 38.0 	 0.11764705882352941 
788.0 	 1724 	 569 	 30.0 	 37.0 	 0.1044776119402985 
789.0 	 1726 	 569 	 31.0 	 39.0 	 0.11428571428571428 
790.0 	 1729 	 568 	 30.0 	 39.0 	 0.13043478260869565 
791.0 	 1730 	 568 	 30.0 	 37.0 	 0.1044776119402985 
792.0 	 1733 	 568 	 31.0 	 39.0 	 0.11428571428571428 
793.0 	 1735 	 568 	 30.0 	 39.0 	 0.13043478260869565 
794.0 	 1737 	 568 	 30.0 	 37.0 	 0.1044776119402985 
795.0 	 1739 	 568 	 30.0 	 38.0 	 0.11764705882352941 
796.0 	 1741 	 569 	 31.0 	 40.0 	 0.1267605633802817 
797.0 	 1743 	 568 	 38.0 	 30.0 	 0.11764705882352941 
798.0 	 1745 	 569 	 31.0 	 38.0 	 0.10144927536231885 
799.0 	 1747 	 569 	 31.0 	 40.0 	 0.1267605633802817 
800.0 	 1749 	 569 	 38.0 	 30.0 	 0.11764705882352941 
801.0 	 1751 	 568 	 29.144670486450195 	 36.8143196105957 	 0.11627905631758616 
802.0 	 1754 	 568 	 29.0 	 39.0 	 0.14705882352941177 
803.0 	 1756 	 568 	 29.0 	 37.0 	 0.12121212121212122 
804.0 	 1758 	 568 	 28.0 	 37.0 	 0.13846153846153847 
805.0 	 1760 	 568 	 30.0 	 38.0 	 0.11764705882352941 
806.0 	 1762 	 568 	 30.0 	 37.0 	 0.1044776119402985 
807.0 	 1764 	 568 	 29.0 	 35.0 	 0.09375 
808.0 	 1767 	 568 	 31.0 	 40.0 	 0.1267605633802817 
809.0 	 1769 	 568 	 31.0 	 41.0 	 0.1388888888888889 
810.0 	 1770 	 568 	 31.0 	 38.0 	 0.10144927536231885 
811.0 	 1773 	 568 	 33.0 	 40.0 	 0.0958904109589041 
812.0 	 1775 	 569 	 33.0 	 41.0 	 0.10810810810810811 
813.0 	 1777 	 568 	 32.0 	 39.0 	 0.09859154929577464 
814.0 	 1779 	 569 	 33.0 	 41.0 	 0.10810810810810811 
815.0 	 1781 	 569 	 33.0 	 42.0 	 0.12 
816.0 	 1783 	 568 	 39.0 	 32.0 	 0.09859154929577464 
817.0 	 1785 	 568 	 33.0 	 40.0 	 0.0958904109589041 
818.0 	 1787 	 568 	 33.0 	 41.0 	 0.10810810810810811 
819.0 	 1790 	 568 	 39.0 	 32.0 	 0.09859154929577464 
820.0 	 1792 	 568 	 39.0 	 33.0 	 0.08333333333333333 
821.0 	 1794 	 568 	 33.0 	 42.0 	 0.12 
822.0 	 1797 	 568 	 32.0 	 40.0 	 0.1111111111111111 
823.0 	 1799 	 568 	 32.0 	 39.0 	 0.09859154929577464 
824.0 	 1801 	 568 	 33.0 	 40.0 	 0.0958904109589041 
825.0 	 1803 	 568 	 32.0 	 40.0 	 0.1111111111111111 
826.0 	 1805 	 568 	 31.0 	 38.0 	 0.10144927536231885 
827.0 	 1807 	 569 	 32.83622741699219 	 41.19453811645508 	 0.1129032050288145 
828.0 	 1810 	 568 	 32.0 	 40.0 	 0.1111111111111111 
829.0 	 1811 	 568 	 37.0 	 32.0 	 0.07246376811594203 
830.0 	 1814 	 568 	 32.0 	 40.0 	 0.1111111111111111 
831.0 	 1816 	 569 	 33.0 	 41.0 	 0.10810810810810811 
832.0 	 1817 	 569 	 31.0 	 37.0 	 0.08823529411764706 
833.0 	 1819 	 569 	 33.0 	 40.0 	 0.0958904109589041 
834.0 	 1822 	 569 	 32.0 	 41.0 	 0.1232876712328767 
835.0 	 1824 	 569 	 30.0 	 38.0 	 0.11764705882352941 
836.0 	 1826 	 569 	 30.0 	 40.0 	 0.14285714285714285 
837.0 	 1828 	 569 	 32.0 	 41.0 	 0.1232876712328767 
838.0 	 1830 	 569 	 30.0 	 40.0 	 0.14285714285714285 
839.0 	 1832 	 569 	 30.0 	 40.0 	 0.14285714285714285 
840.0 	 1834 	 569 	 32.0 	 42.0 	 0.13513513513513514 
841.0 	 1837 	 569 	 31.0 	 40.0 	 0.1267605633802817 
842.0 	 1839 	 569 	 38.0 	 31.0 	 0.10144927536231885 
843.0 	 1841 	 569 	 32.0 	 41.0 	 0.1232876712328767 
844.0 	 1843 	 569 	 31.0 	 40.0 	 0.1267605633802817 
845.0 	 1845 	 569 	 31.0 	 38.0 	 0.10144927536231885 
846.0 	 1847 	 569 	 32.0 	 41.0 	 0.1232876712328767 
847.0 	 1849 	 569 	 32.0 	 41.0 	 0.1232876712328767 
848.0 	 1852 	 569 	 31.0 	 39.0 	 0.11428571428571428 
849.0 	 1854 	 569 	 33.0 	 41.0 	 0.10810810810810811 
850.0 	 1856 	 569 	 33.0 	 41.0 	 0.10810810810810811 
851.0 	 1858 	 569 	 32.0 	 39.0 	 0.09859154929577464 
852.0 	 1860 	 569 	 33.0 	 41.0 	 0.10810810810810811 
853.0 	 1862 	 569 	 33.0 	 41.0 	 0.10810810810810811 
854.0 	 1864 	 569 	 32.0 	 39.0 	 0.09859154929577464 
855.0 	 1866 	 569 	 31.0 	 38.0 	 0.10144927536231885 
856.0 	 1869 	 569 	 32.0 	 42.0 	 0.13513513513513514 
857.0 	 1871 	 569 	 32.0 	 39.0 	 0.09859154929577464 
858.0 	 1873 	 569 	 31.752351760864258 	 39.1152229309082 	 0.10389619232868647 
859.0 	 1875 	 569 	 32.0 	 41.0 	 0.1232876712328767 
860.0 	 1877 	 569 	 31.0 	 40.0 	 0.1267605633802817 
861.0 	 1879 	 569 	 31.0 	 39.0 	 0.11428571428571428 
862.0 	 1881 	 569 	 33.0 	 41.0 	 0.10810810810810811 
863.0 	 1884 	 569 	 34.0 	 40.0 	 0.08108108108108109 
864.0 	 1886 	 569 	 32.0 	 39.0 	 0.09859154929577464 
865.0 	 1887 	 569 	 33.0 	 39.0 	 0.08333333333333333 
866.0 	 1890 	 569 	 34.0 	 40.0 	 0.08108108108108109 
867.0 	 1892 	 569 	 32.0 	 38.0 	 0.08571428571428572 
868.0 	 1894 	 568 	 40.0 	 33.0 	 0.0958904109589041 
869.0 	 1896 	 569 	 32.0 	 43.0 	 0.14666666666666667 
870.0 	 1898 	 569 	 32.0 	 40.0 	 0.1111111111111111 
871.0 	 1900 	 569 	 32.0 	 38.0 	 0.08571428571428572 
872.0 	 1901 	 569 	 33.0 	 36.0 	 0.043478260869565216 
873.0 	 1903 	 569 	 32.0 	 33.0 	 0.015384615384615385 
874.0 	 1904 	 569 	 31.0 	 31.0 	 0.0 
875.0 	 1905 	 569 	 32.0 	 30.0 	 0.03225806451612903 
876.0 	 1906 	 569 	 32.0 	 27.0 	 0.0847457627118644 
877.0 	 1907 	 569 	 32.0 	 25.0 	 0.12280701754385964 
878.0 	 1908 	 569 	 33.0 	 23.0 	 0.17857142857142858 
879.0 	 1909 	 569 	 21.0 	 33.0 	 0.2222222222222222 
