frame 	 x 	 y 	 width 	 height 	 deformation 
1.0 	 87 	 586 	 37.0 	 41.0 	 0.05128205128205128 
2.0 	 87 	 586 	 37.0 	 41.0 	 0.05128205128205128 
3.0 	 87 	 586 	 41.0 	 38.0 	 0.0379746835443038 
4.0 	 87 	 586 	 38.0 	 42.0 	 0.05 
5.0 	 87 	 586 	 38.0 	 42.0 	 0.05 
6.0 	 87 	 586 	 38.0 	 41.0 	 0.0379746835443038 
7.0 	 87 	 586 	 38.0 	 41.0 	 0.0379746835443038 
8.0 	 87 	 586 	 38.0 	 41.0 	 0.0379746835443038 
9.0 	 88 	 586 	 38.0 	 41.0 	 0.0379746835443038 
10.0 	 88 	 586 	 38.0 	 42.0 	 0.05 
11.0 	 88 	 586 	 38.0 	 42.0 	 0.05 
12.0 	 88 	 586 	 38.0 	 42.0 	 0.05 
13.0 	 88 	 586 	 38.0 	 42.0 	 0.05 
14.0 	 88 	 586 	 38.0 	 41.0 	 0.0379746835443038 
15.0 	 88 	 586 	 38.0 	 41.0 	 0.0379746835443038 
16.0 	 88 	 586 	 38.0 	 41.0 	 0.0379746835443038 
17.0 	 88 	 586 	 38.0 	 41.0 	 0.0379746835443038 
18.0 	 88 	 586 	 38.0 	 41.0 	 0.0379746835443038 
19.0 	 88 	 586 	 38.0 	 41.0 	 0.0379746835443038 
20.0 	 88 	 586 	 38.0 	 41.0 	 0.0379746835443038 
21.0 	 89 	 586 	 38.0 	 41.0 	 0.0379746835443038 
22.0 	 89 	 586 	 38.0 	 41.0 	 0.0379746835443038 
23.0 	 89 	 586 	 38.0 	 41.0 	 0.0379746835443038 
24.0 	 89 	 586 	 38.0 	 42.0 	 0.05 
25.0 	 89 	 586 	 38.0 	 42.0 	 0.05 
26.0 	 89 	 586 	 38.0 	 42.0 	 0.05 
27.0 	 89 	 586 	 38.0 	 42.0 	 0.05 
28.0 	 89 	 586 	 38.0 	 41.0 	 0.0379746835443038 
29.0 	 89 	 586 	 38.0 	 41.0 	 0.0379746835443038 
30.0 	 89 	 586 	 38.0 	 41.0 	 0.0379746835443038 
31.0 	 89 	 586 	 38.0 	 41.0 	 0.0379746835443038 
32.0 	 89 	 586 	 38.0 	 41.0 	 0.0379746835443038 
33.0 	 89 	 586 	 38.0 	 41.0 	 0.0379746835443038 
34.0 	 89 	 586 	 38.0 	 41.0 	 0.0379746835443038 
35.0 	 90 	 586 	 38.0 	 41.0 	 0.0379746835443038 
36.0 	 90 	 586 	 38.0 	 41.0 	 0.0379746835443038 
37.0 	 90 	 586 	 38.0 	 41.0 	 0.0379746835443038 
38.0 	 90 	 586 	 38.0 	 41.0 	 0.0379746835443038 
39.0 	 91 	 586 	 38.0 	 41.0 	 0.0379746835443038 
40.0 	 91 	 586 	 38.0 	 41.0 	 0.0379746835443038 
41.0 	 92 	 586 	 38.0 	 41.0 	 0.0379746835443038 
42.0 	 92 	 586 	 38.0 	 42.0 	 0.05 
43.0 	 93 	 586 	 38.0 	 41.0 	 0.0379746835443038 
44.0 	 93 	 586 	 38.0 	 41.0 	 0.0379746835443038 
45.0 	 94 	 586 	 38.0 	 41.0 	 0.0379746835443038 
46.0 	 95 	 586 	 41.0 	 38.0 	 0.0379746835443038 
47.0 	 96 	 586 	 37.0 	 41.0 	 0.05128205128205128 
48.0 	 97 	 586 	 37.0 	 41.0 	 0.05128205128205128 
49.0 	 98 	 586 	 38.0 	 41.0 	 0.0379746835443038 
50.0 	 99 	 586 	 38.0 	 41.0 	 0.0379746835443038 
51.0 	 100 	 586 	 38.0 	 41.0 	 0.0379746835443038 
52.0 	 101 	 586 	 37.0 	 41.0 	 0.05128205128205128 
53.0 	 102 	 586 	 37.0 	 40.0 	 0.03896103896103896 
54.0 	 104 	 586 	 37.0 	 41.0 	 0.05128205128205128 
55.0 	 105 	 586 	 37.0 	 40.0 	 0.03896103896103896 
56.0 	 107 	 587 	 37.0 	 40.0 	 0.03896103896103896 
57.0 	 108 	 587 	 37.0 	 41.0 	 0.05128205128205128 
58.0 	 109 	 587 	 37.0 	 41.0 	 0.05128205128205128 
59.0 	 111 	 586 	 37.0 	 41.0 	 0.05128205128205128 
60.0 	 112 	 587 	 37.0 	 41.0 	 0.05128205128205128 
61.0 	 114 	 587 	 37.0 	 41.0 	 0.05128205128205128 
62.0 	 115 	 586 	 37.0 	 40.0 	 0.03896103896103896 
63.0 	 117 	 586 	 37.0 	 41.0 	 0.05128205128205128 
64.0 	 118 	 586 	 37.0 	 40.0 	 0.03896103896103896 
65.0 	 120 	 586 	 37.0 	 41.0 	 0.05128205128205128 
66.0 	 122 	 586 	 37.0 	 41.0 	 0.05128205128205128 
67.0 	 123 	 586 	 37.0 	 41.0 	 0.05128205128205128 
68.0 	 125 	 586 	 37.0 	 41.0 	 0.05128205128205128 
69.0 	 126 	 586 	 37.0 	 42.0 	 0.06329113924050633 
70.0 	 128 	 586 	 37.0 	 41.0 	 0.05128205128205128 
71.0 	 129 	 586 	 36.0 	 42.0 	 0.07692307692307693 
72.0 	 131 	 586 	 36.0 	 42.0 	 0.07692307692307693 
73.0 	 133 	 586 	 37.0 	 41.0 	 0.05128205128205128 
74.0 	 135 	 587 	 37.0 	 41.0 	 0.05128205128205128 
75.0 	 136 	 586 	 37.0 	 42.0 	 0.06329113924050633 
76.0 	 138 	 586 	 37.0 	 41.0 	 0.05128205128205128 
77.0 	 139 	 587 	 37.0 	 40.0 	 0.03896103896103896 
78.0 	 141 	 587 	 37.0 	 41.0 	 0.05128205128205128 
79.0 	 142 	 586 	 37.0 	 41.0 	 0.05128205128205128 
80.0 	 144 	 586 	 37.0 	 40.0 	 0.03896103896103896 
81.0 	 146 	 587 	 36.0 	 41.0 	 0.06493506493506493 
82.0 	 148 	 587 	 35.0 	 41.0 	 0.07894736842105263 
83.0 	 150 	 586 	 36.0 	 41.0 	 0.06493506493506493 
84.0 	 151 	 586 	 35.0 	 41.0 	 0.07894736842105263 
85.0 	 153 	 587 	 35.0 	 41.0 	 0.07894736842105263 
86.0 	 155 	 586 	 35.0 	 41.0 	 0.07894736842105263 
87.0 	 157 	 587 	 35.0 	 42.0 	 0.09090909090909091 
88.0 	 159 	 587 	 35.0 	 42.0 	 0.09090909090909091 
89.0 	 161 	 587 	 35.0 	 41.0 	 0.07894736842105263 
90.0 	 163 	 587 	 35.0 	 41.0 	 0.07894736842105263 
91.0 	 164 	 587 	 35.0 	 41.0 	 0.07894736842105263 
92.0 	 166 	 586 	 35.0 	 42.0 	 0.09090909090909091 
93.0 	 168 	 587 	 35.0 	 42.0 	 0.09090909090909091 
94.0 	 170 	 587 	 35.0 	 42.0 	 0.09090909090909091 
95.0 	 172 	 587 	 35.0 	 42.0 	 0.09090909090909091 
96.0 	 174 	 587 	 35.0 	 41.0 	 0.07894736842105263 
97.0 	 176 	 587 	 41.772735595703125 	 37.06595230102539 	 0.059701441262482585 
98.0 	 178 	 587 	 35.0 	 41.0 	 0.07894736842105263 
99.0 	 179 	 587 	 36.0 	 42.0 	 0.07692307692307693 
100.0 	 181 	 586 	 36.0 	 42.0 	 0.07692307692307693 
101.0 	 183 	 586 	 36.0 	 42.0 	 0.07692307692307693 
102.0 	 185 	 586 	 36.0 	 42.0 	 0.07692307692307693 
103.0 	 187 	 586 	 42.0 	 36.0 	 0.07692307692307693 
104.0 	 189 	 586 	 42.0 	 36.0 	 0.07692307692307693 
105.0 	 191 	 586 	 42.0 	 36.0 	 0.07692307692307693 
106.0 	 193 	 587 	 35.0 	 43.0 	 0.10256410256410256 
107.0 	 195 	 587 	 35.0 	 43.0 	 0.10256410256410256 
108.0 	 197 	 587 	 35.0 	 42.0 	 0.09090909090909091 
109.0 	 199 	 587 	 35.0 	 43.0 	 0.10256410256410256 
110.0 	 201 	 587 	 35.0 	 43.0 	 0.10256410256410256 
111.0 	 203 	 586 	 36.0 	 42.0 	 0.07692307692307693 
112.0 	 204 	 586 	 43.0 	 36.0 	 0.08860759493670886 
113.0 	 206 	 587 	 35.0 	 43.0 	 0.10256410256410256 
114.0 	 208 	 587 	 35.0 	 42.0 	 0.09090909090909091 
115.0 	 210 	 587 	 35.0 	 43.0 	 0.10256410256410256 
116.0 	 212 	 586 	 35.0 	 43.0 	 0.10256410256410256 
117.0 	 214 	 587 	 35.0 	 43.0 	 0.10256410256410256 
118.0 	 216 	 587 	 35.0 	 42.0 	 0.09090909090909091 
119.0 	 218 	 586 	 35.0 	 42.0 	 0.09090909090909091 
120.0 	 220 	 586 	 35.0 	 42.0 	 0.09090909090909091 
121.0 	 222 	 586 	 36.0 	 43.0 	 0.08860759493670886 
122.0 	 224 	 586 	 43.0 	 36.0 	 0.08860759493670886 
123.0 	 226 	 587 	 35.0 	 43.0 	 0.10256410256410256 
124.0 	 228 	 587 	 43.0 	 36.0 	 0.08860759493670886 
125.0 	 230 	 587 	 35.0 	 43.0 	 0.10256410256410256 
126.0 	 232 	 587 	 35.0 	 43.0 	 0.10256410256410256 
127.0 	 234 	 587 	 35.0 	 43.0 	 0.10256410256410256 
128.0 	 236 	 587 	 35.0 	 43.0 	 0.10256410256410256 
129.0 	 238 	 587 	 36.0 	 42.0 	 0.07692307692307693 
130.0 	 240 	 587 	 36.0 	 42.0 	 0.07692307692307693 
131.0 	 242 	 587 	 36.0 	 42.0 	 0.07692307692307693 
132.0 	 244 	 587 	 36.0 	 43.0 	 0.08860759493670886 
133.0 	 246 	 587 	 36.0 	 43.0 	 0.08860759493670886 
134.0 	 248 	 587 	 36.0 	 43.0 	 0.08860759493670886 
135.0 	 250 	 587 	 36.0 	 43.0 	 0.08860759493670886 
136.0 	 252 	 587 	 36.0 	 43.0 	 0.08860759493670886 
137.0 	 255 	 587 	 36.0 	 43.0 	 0.08860759493670886 
138.0 	 257 	 586 	 35.0 	 43.0 	 0.10256410256410256 
139.0 	 258 	 586 	 35.0 	 43.0 	 0.10256410256410256 
140.0 	 260 	 586 	 35.0 	 43.0 	 0.10256410256410256 
141.0 	 262 	 586 	 35.0 	 43.0 	 0.10256410256410256 
142.0 	 264 	 587 	 36.0 	 43.0 	 0.08860759493670886 
143.0 	 266 	 587 	 36.0 	 43.0 	 0.08860759493670886 
144.0 	 269 	 587 	 35.0 	 44.0 	 0.11392405063291139 
145.0 	 271 	 586 	 36.0 	 44.0 	 0.1 
146.0 	 273 	 586 	 36.0 	 44.0 	 0.1 
147.0 	 275 	 587 	 36.0 	 43.0 	 0.08860759493670886 
148.0 	 277 	 587 	 36.0 	 43.0 	 0.08860759493670886 
149.0 	 279 	 587 	 36.0 	 43.0 	 0.08860759493670886 
150.0 	 281 	 587 	 36.0 	 43.0 	 0.08860759493670886 
151.0 	 283 	 587 	 36.0 	 43.0 	 0.08860759493670886 
152.0 	 285 	 587 	 35.0 	 44.0 	 0.11392405063291139 
153.0 	 287 	 587 	 35.0 	 44.0 	 0.11392405063291139 
154.0 	 289 	 587 	 35.0 	 44.0 	 0.11392405063291139 
155.0 	 291 	 587 	 35.0 	 43.0 	 0.10256410256410256 
156.0 	 293 	 587 	 35.0 	 43.0 	 0.10256410256410256 
157.0 	 295 	 586 	 35.0 	 43.0 	 0.10256410256410256 
158.0 	 298 	 587 	 35.0 	 44.0 	 0.11392405063291139 
159.0 	 300 	 586 	 35.0 	 44.0 	 0.11392405063291139 
160.0 	 302 	 587 	 35.0 	 44.0 	 0.11392405063291139 
161.0 	 304 	 586 	 35.0 	 44.0 	 0.11392405063291139 
162.0 	 306 	 587 	 36.0 	 44.0 	 0.1 
163.0 	 308 	 587 	 35.0 	 43.0 	 0.10256410256410256 
164.0 	 310 	 587 	 36.0 	 43.0 	 0.08860759493670886 
165.0 	 312 	 587 	 36.0 	 43.0 	 0.08860759493670886 
166.0 	 315 	 587 	 36.0 	 43.0 	 0.08860759493670886 
167.0 	 317 	 587 	 36.0 	 43.0 	 0.08860759493670886 
168.0 	 319 	 587 	 36.0 	 43.0 	 0.08860759493670886 
169.0 	 321 	 586 	 35.0 	 43.0 	 0.10256410256410256 
170.0 	 323 	 586 	 35.0 	 44.0 	 0.11392405063291139 
171.0 	 325 	 586 	 35.0 	 44.0 	 0.11392405063291139 
172.0 	 327 	 587 	 36.0 	 44.0 	 0.1 
173.0 	 330 	 587 	 36.0 	 43.0 	 0.08860759493670886 
174.0 	 332 	 587 	 36.0 	 43.0 	 0.08860759493670886 
175.0 	 334 	 586 	 35.0 	 43.0 	 0.10256410256410256 
176.0 	 336 	 586 	 35.0 	 43.0 	 0.10256410256410256 
177.0 	 338 	 586 	 36.0 	 44.0 	 0.1 
178.0 	 340 	 586 	 36.0 	 44.0 	 0.1 
179.0 	 342 	 586 	 36.0 	 44.0 	 0.1 
180.0 	 344 	 586 	 36.0 	 44.0 	 0.1 
181.0 	 346 	 586 	 36.0 	 43.0 	 0.08860759493670886 
182.0 	 348 	 586 	 36.0 	 43.0 	 0.08860759493670886 
183.0 	 350 	 586 	 36.0 	 43.0 	 0.08860759493670886 
184.0 	 353 	 586 	 43.0 	 36.0 	 0.08860759493670886 
185.0 	 355 	 586 	 43.0 	 36.0 	 0.08860759493670886 
186.0 	 357 	 586 	 35.0 	 44.0 	 0.11392405063291139 
187.0 	 359 	 586 	 35.0 	 44.0 	 0.11392405063291139 
188.0 	 361 	 586 	 35.0 	 43.0 	 0.10256410256410256 
189.0 	 364 	 586 	 35.0 	 43.0 	 0.10256410256410256 
190.0 	 366 	 586 	 35.0 	 43.0 	 0.10256410256410256 
191.0 	 368 	 586 	 35.0 	 44.0 	 0.11392405063291139 
192.0 	 370 	 586 	 35.0 	 44.0 	 0.11392405063291139 
193.0 	 372 	 586 	 35.0 	 43.0 	 0.10256410256410256 
194.0 	 374 	 586 	 35.0 	 43.0 	 0.10256410256410256 
195.0 	 377 	 586 	 35.0 	 44.0 	 0.11392405063291139 
196.0 	 378 	 586 	 35.0 	 44.0 	 0.11392405063291139 
197.0 	 381 	 586 	 35.0 	 44.0 	 0.11392405063291139 
198.0 	 383 	 586 	 35.0 	 44.0 	 0.11392405063291139 
199.0 	 385 	 586 	 35.0 	 44.0 	 0.11392405063291139 
200.0 	 387 	 586 	 35.0 	 43.0 	 0.10256410256410256 
201.0 	 389 	 586 	 35.0 	 43.0 	 0.10256410256410256 
202.0 	 391 	 586 	 35.0 	 43.0 	 0.10256410256410256 
203.0 	 393 	 586 	 35.0 	 43.0 	 0.10256410256410256 
204.0 	 396 	 586 	 35.0 	 43.0 	 0.10256410256410256 
205.0 	 398 	 586 	 36.0 	 44.0 	 0.1 
206.0 	 400 	 586 	 36.0 	 44.0 	 0.1 
207.0 	 402 	 586 	 36.0 	 44.0 	 0.1 
208.0 	 405 	 586 	 36.0 	 45.0 	 0.1111111111111111 
209.0 	 407 	 586 	 36.0 	 44.0 	 0.1 
210.0 	 409 	 586 	 36.0 	 44.0 	 0.1 
211.0 	 411 	 586 	 36.0 	 44.0 	 0.1 
212.0 	 413 	 586 	 36.0 	 43.0 	 0.08860759493670886 
213.0 	 416 	 586 	 36.0 	 44.0 	 0.1 
214.0 	 418 	 586 	 36.0 	 44.0 	 0.1 
215.0 	 420 	 587 	 35.0 	 44.0 	 0.11392405063291139 
216.0 	 422 	 586 	 35.0 	 45.0 	 0.125 
217.0 	 424 	 586 	 35.0 	 45.0 	 0.125 
218.0 	 427 	 586 	 35.0 	 45.0 	 0.125 
219.0 	 429 	 586 	 35.0 	 44.0 	 0.11392405063291139 
220.0 	 432 	 587 	 34.0 	 44.0 	 0.1282051282051282 
221.0 	 434 	 587 	 44.0 	 35.0 	 0.11392405063291139 
222.0 	 436 	 587 	 35.0 	 44.0 	 0.11392405063291139 
223.0 	 438 	 587 	 35.0 	 44.0 	 0.11392405063291139 
224.0 	 440 	 587 	 35.0 	 44.0 	 0.11392405063291139 
225.0 	 442 	 587 	 35.0 	 45.0 	 0.125 
226.0 	 445 	 587 	 35.0 	 44.0 	 0.11392405063291139 
227.0 	 447 	 587 	 35.0 	 44.0 	 0.11392405063291139 
228.0 	 449 	 586 	 35.0 	 44.0 	 0.11392405063291139 
229.0 	 451 	 586 	 35.0 	 45.0 	 0.125 
230.0 	 454 	 586 	 35.0 	 45.0 	 0.125 
231.0 	 456 	 586 	 35.0 	 45.0 	 0.125 
232.0 	 458 	 586 	 35.0 	 44.0 	 0.11392405063291139 
233.0 	 461 	 586 	 35.0 	 45.0 	 0.125 
234.0 	 463 	 586 	 35.0 	 45.0 	 0.125 
235.0 	 465 	 586 	 35.0 	 45.0 	 0.125 
236.0 	 467 	 586 	 35.0 	 44.0 	 0.11392405063291139 
237.0 	 469 	 586 	 35.0 	 45.0 	 0.125 
238.0 	 472 	 586 	 35.0 	 44.0 	 0.11392405063291139 
239.0 	 474 	 586 	 35.0 	 44.0 	 0.11392405063291139 
240.0 	 476 	 586 	 34.0 	 45.0 	 0.13924050632911392 
241.0 	 478 	 586 	 34.0 	 43.0 	 0.11688311688311688 
242.0 	 481 	 586 	 34.0 	 44.0 	 0.1282051282051282 
243.0 	 483 	 586 	 34.0 	 44.0 	 0.1282051282051282 
244.0 	 485 	 586 	 35.0 	 44.0 	 0.11392405063291139 
245.0 	 488 	 586 	 35.0 	 45.0 	 0.125 
246.0 	 490 	 586 	 35.0 	 44.0 	 0.11392405063291139 
247.0 	 492 	 586 	 34.0 	 43.0 	 0.11688311688311688 
248.0 	 495 	 586 	 35.0 	 44.0 	 0.11392405063291139 
249.0 	 497 	 586 	 35.0 	 44.0 	 0.11392405063291139 
250.0 	 500 	 586 	 34.0 	 44.0 	 0.1282051282051282 
251.0 	 502 	 586 	 34.0 	 44.0 	 0.1282051282051282 
252.0 	 505 	 586 	 34.0 	 44.0 	 0.1282051282051282 
253.0 	 507 	 586 	 34.0 	 44.0 	 0.1282051282051282 
254.0 	 509 	 586 	 35.0 	 44.0 	 0.11392405063291139 
255.0 	 512 	 586 	 34.0 	 44.0 	 0.1282051282051282 
256.0 	 514 	 586 	 35.0 	 44.0 	 0.11392405063291139 
257.0 	 516 	 586 	 36.0 	 44.0 	 0.1 
258.0 	 518 	 586 	 35.69314193725586 	 44.91059875488281 	 0.11435519913191743 
259.0 	 521 	 586 	 35.35533905029297 	 45.67910385131836 	 0.12739971339791994 
260.0 	 523 	 585 	 35.1813850402832 	 45.209720611572266 	 0.12474434192655744 
261.0 	 526 	 586 	 35.0 	 45.0 	 0.125 
262.0 	 528 	 586 	 35.0 	 44.0 	 0.11392405063291139 
263.0 	 530 	 586 	 35.0 	 44.0 	 0.11392405063291139 
264.0 	 533 	 586 	 35.0 	 43.0 	 0.10256410256410256 
265.0 	 535 	 586 	 35.0 	 43.0 	 0.10256410256410256 
266.0 	 537 	 586 	 35.0 	 44.0 	 0.11392405063291139 
267.0 	 539 	 586 	 35.0 	 44.0 	 0.11392405063291139 
268.0 	 541 	 586 	 35.0 	 44.0 	 0.11392405063291139 
269.0 	 544 	 586 	 34.0 	 43.0 	 0.11688311688311688 
270.0 	 546 	 586 	 34.0 	 44.0 	 0.1282051282051282 
271.0 	 549 	 586 	 34.0 	 43.0 	 0.11688311688311688 
272.0 	 551 	 586 	 34.0 	 45.0 	 0.13924050632911392 
273.0 	 554 	 586 	 34.0 	 45.0 	 0.13924050632911392 
274.0 	 556 	 586 	 35.0 	 45.0 	 0.125 
275.0 	 559 	 586 	 35.0 	 45.0 	 0.125 
276.0 	 561 	 586 	 35.0 	 46.0 	 0.13580246913580246 
277.0 	 563 	 586 	 35.0 	 45.0 	 0.125 
278.0 	 566 	 586 	 35.0 	 45.0 	 0.125 
279.0 	 568 	 586 	 36.0 	 45.0 	 0.1111111111111111 
280.0 	 570 	 586 	 36.0 	 44.0 	 0.1 
281.0 	 573 	 586 	 36.0 	 44.0 	 0.1 
282.0 	 575 	 586 	 36.0 	 44.0 	 0.1 
283.0 	 578 	 586 	 36.0 	 44.0 	 0.1 
284.0 	 580 	 586 	 36.0 	 44.0 	 0.1 
285.0 	 582 	 586 	 36.0 	 45.0 	 0.1111111111111111 
286.0 	 585 	 586 	 36.0 	 44.0 	 0.1 
287.0 	 587 	 586 	 36.332176208496094 	 44.5521240234375 	 0.10162599900562808 
288.0 	 590 	 586 	 36.0 	 45.0 	 0.1111111111111111 
289.0 	 592 	 586 	 36.0 	 44.0 	 0.1 
290.0 	 594 	 586 	 36.0 	 44.0 	 0.1 
291.0 	 596 	 586 	 36.0 	 45.0 	 0.1111111111111111 
292.0 	 598 	 586 	 36.0 	 45.0 	 0.1111111111111111 
293.0 	 601 	 586 	 36.0 	 44.0 	 0.1 
294.0 	 603 	 586 	 36.0 	 44.0 	 0.1 
295.0 	 605 	 586 	 35.0 	 44.0 	 0.11392405063291139 
296.0 	 608 	 586 	 36.0 	 44.0 	 0.1 
297.0 	 610 	 586 	 35.63818359375 	 45.396263122558594 	 0.12041890731938237 
298.0 	 613 	 586 	 35.0 	 45.0 	 0.125 
299.0 	 615 	 586 	 36.0 	 45.0 	 0.1111111111111111 
300.0 	 617 	 586 	 36.0 	 45.0 	 0.1111111111111111 
301.0 	 619 	 586 	 35.0 	 45.0 	 0.125 
302.0 	 622 	 586 	 35.0 	 44.0 	 0.11392405063291139 
303.0 	 624 	 586 	 35.0 	 45.0 	 0.125 
304.0 	 627 	 586 	 35.0 	 45.0 	 0.125 
305.0 	 629 	 586 	 35.0 	 44.0 	 0.11392405063291139 
306.0 	 631 	 586 	 35.0 	 44.0 	 0.11392405063291139 
307.0 	 634 	 586 	 35.0 	 45.0 	 0.125 
308.0 	 636 	 586 	 35.0 	 44.0 	 0.11392405063291139 
309.0 	 638 	 586 	 36.0 	 45.0 	 0.1111111111111111 
310.0 	 641 	 586 	 36.0 	 45.0 	 0.1111111111111111 
311.0 	 643 	 586 	 36.0 	 45.0 	 0.1111111111111111 
312.0 	 645 	 586 	 35.0 	 45.0 	 0.125 
313.0 	 647 	 586 	 36.0 	 45.0 	 0.1111111111111111 
314.0 	 650 	 586 	 36.0 	 45.0 	 0.1111111111111111 
315.0 	 652 	 586 	 36.0 	 45.0 	 0.1111111111111111 
316.0 	 654 	 586 	 45.0 	 35.0 	 0.125 
317.0 	 657 	 586 	 44.0 	 36.0 	 0.1 
318.0 	 659 	 586 	 35.0 	 45.0 	 0.125 
319.0 	 661 	 586 	 35.0 	 45.0 	 0.125 
320.0 	 664 	 586 	 35.0 	 44.0 	 0.11392405063291139 
321.0 	 666 	 586 	 36.0 	 45.0 	 0.1111111111111111 
322.0 	 668 	 586 	 35.0 	 45.0 	 0.125 
323.0 	 671 	 586 	 36.0 	 44.0 	 0.1 
324.0 	 673 	 586 	 36.0 	 44.0 	 0.1 
325.0 	 675 	 586 	 36.0 	 44.0 	 0.1 
326.0 	 677 	 586 	 35.0 	 45.0 	 0.125 
327.0 	 680 	 586 	 36.0 	 44.0 	 0.1 
328.0 	 682 	 586 	 36.0 	 44.0 	 0.1 
329.0 	 684 	 586 	 36.0 	 44.0 	 0.1 
330.0 	 686 	 586 	 36.0 	 44.0 	 0.1 
331.0 	 689 	 586 	 35.0 	 44.0 	 0.11392405063291139 
332.0 	 691 	 586 	 35.0 	 44.0 	 0.11392405063291139 
333.0 	 693 	 586 	 35.0 	 44.0 	 0.11392405063291139 
334.0 	 695 	 585 	 35.0 	 44.0 	 0.11392405063291139 
335.0 	 698 	 586 	 35.0 	 44.0 	 0.11392405063291139 
336.0 	 700 	 585 	 35.0 	 44.0 	 0.11392405063291139 
337.0 	 702 	 586 	 35.0 	 45.0 	 0.125 
338.0 	 704 	 586 	 35.0 	 44.0 	 0.11392405063291139 
339.0 	 707 	 586 	 35.0 	 44.0 	 0.11392405063291139 
340.0 	 709 	 586 	 35.0 	 44.0 	 0.11392405063291139 
341.0 	 711 	 586 	 35.0 	 44.0 	 0.11392405063291139 
342.0 	 713 	 586 	 35.0 	 44.0 	 0.11392405063291139 
343.0 	 716 	 586 	 35.0 	 44.0 	 0.11392405063291139 
344.0 	 718 	 586 	 35.0 	 44.0 	 0.11392405063291139 
345.0 	 720 	 586 	 35.0 	 44.0 	 0.11392405063291139 
346.0 	 722 	 586 	 35.0 	 44.0 	 0.11392405063291139 
347.0 	 724 	 586 	 35.0 	 45.0 	 0.125 
348.0 	 727 	 586 	 35.0 	 44.0 	 0.11392405063291139 
349.0 	 729 	 586 	 35.0 	 44.0 	 0.11392405063291139 
350.0 	 731 	 586 	 35.0 	 45.0 	 0.125 
351.0 	 733 	 586 	 35.0 	 45.0 	 0.125 
352.0 	 736 	 586 	 35.0 	 44.0 	 0.11392405063291139 
353.0 	 738 	 586 	 35.0 	 44.0 	 0.11392405063291139 
354.0 	 740 	 586 	 35.0 	 44.0 	 0.11392405063291139 
355.0 	 742 	 586 	 35.0 	 44.0 	 0.11392405063291139 
356.0 	 744 	 586 	 35.0 	 44.0 	 0.11392405063291139 
357.0 	 747 	 586 	 35.0 	 43.0 	 0.10256410256410256 
358.0 	 749 	 586 	 35.0 	 44.0 	 0.11392405063291139 
359.0 	 751 	 585 	 35.0 	 44.0 	 0.11392405063291139 
360.0 	 753 	 585 	 35.0 	 44.0 	 0.11392405063291139 
361.0 	 755 	 585 	 35.0 	 43.0 	 0.10256410256410256 
362.0 	 757 	 585 	 35.0 	 44.0 	 0.11392405063291139 
363.0 	 760 	 585 	 35.0 	 44.0 	 0.11392405063291139 
364.0 	 762 	 585 	 35.0 	 44.0 	 0.11392405063291139 
365.0 	 764 	 585 	 35.0 	 44.0 	 0.11392405063291139 
366.0 	 766 	 585 	 35.0 	 44.0 	 0.11392405063291139 
367.0 	 769 	 586 	 35.0 	 43.0 	 0.10256410256410256 
368.0 	 771 	 586 	 35.0 	 43.0 	 0.10256410256410256 
369.0 	 773 	 586 	 35.0 	 43.0 	 0.10256410256410256 
370.0 	 775 	 586 	 35.0 	 44.0 	 0.11392405063291139 
371.0 	 777 	 585 	 35.0 	 44.0 	 0.11392405063291139 
372.0 	 779 	 586 	 34.69731140136719 	 44.31566619873047 	 0.12173132932723944 
373.0 	 781 	 586 	 35.0 	 43.0 	 0.10256410256410256 
374.0 	 784 	 586 	 35.0 	 44.0 	 0.11392405063291139 
375.0 	 786 	 586 	 35.0 	 44.0 	 0.11392405063291139 
376.0 	 788 	 586 	 35.0 	 44.0 	 0.11392405063291139 
377.0 	 790 	 586 	 35.0 	 44.0 	 0.11392405063291139 
378.0 	 792 	 586 	 35.0 	 44.0 	 0.11392405063291139 
379.0 	 794 	 586 	 35.0 	 43.0 	 0.10256410256410256 
380.0 	 796 	 586 	 35.0 	 43.0 	 0.10256410256410256 
381.0 	 799 	 586 	 35.0 	 42.0 	 0.09090909090909091 
382.0 	 801 	 586 	 34.0 	 44.0 	 0.1282051282051282 
383.0 	 803 	 586 	 34.0 	 43.0 	 0.11688311688311688 
384.0 	 805 	 586 	 34.0 	 43.0 	 0.11688311688311688 
385.0 	 807 	 586 	 34.0 	 43.0 	 0.11688311688311688 
386.0 	 810 	 586 	 34.0 	 44.0 	 0.1282051282051282 
387.0 	 812 	 586 	 34.0 	 43.0 	 0.11688311688311688 
388.0 	 814 	 586 	 34.0 	 43.0 	 0.11688311688311688 
389.0 	 817 	 586 	 33.0 	 43.0 	 0.13157894736842105 
390.0 	 819 	 586 	 33.0 	 44.0 	 0.14285714285714285 
391.0 	 821 	 586 	 33.0 	 44.0 	 0.14285714285714285 
392.0 	 823 	 586 	 34.0 	 44.0 	 0.1282051282051282 
393.0 	 826 	 586 	 34.0 	 43.0 	 0.11688311688311688 
394.0 	 828 	 585 	 34.0 	 43.0 	 0.11688311688311688 
395.0 	 830 	 585 	 34.0 	 43.0 	 0.11688311688311688 
396.0 	 832 	 585 	 34.0 	 42.0 	 0.10526315789473684 
397.0 	 834 	 585 	 34.0 	 43.0 	 0.11688311688311688 
398.0 	 837 	 585 	 34.0 	 43.0 	 0.11688311688311688 
399.0 	 839 	 585 	 34.0 	 43.0 	 0.11688311688311688 
400.0 	 841 	 585 	 34.0 	 43.0 	 0.11688311688311688 
401.0 	 843 	 585 	 34.0 	 43.0 	 0.11688311688311688 
402.0 	 845 	 585 	 34.0 	 43.0 	 0.11688311688311688 
403.0 	 847 	 585 	 34.0 	 44.0 	 0.1282051282051282 
404.0 	 849 	 585 	 35.0 	 44.0 	 0.11392405063291139 
405.0 	 851 	 585 	 35.0 	 44.0 	 0.11392405063291139 
406.0 	 853 	 585 	 35.0 	 44.0 	 0.11392405063291139 
407.0 	 855 	 585 	 35.0 	 43.0 	 0.10256410256410256 
408.0 	 857 	 586 	 35.0 	 43.0 	 0.10256410256410256 
409.0 	 859 	 585 	 35.0 	 43.0 	 0.10256410256410256 
410.0 	 861 	 585 	 35.0 	 43.0 	 0.10256410256410256 
411.0 	 863 	 585 	 35.0 	 43.0 	 0.10256410256410256 
412.0 	 866 	 585 	 35.0 	 43.0 	 0.10256410256410256 
413.0 	 867 	 585 	 35.0 	 43.0 	 0.10256410256410256 
414.0 	 870 	 585 	 35.0 	 44.0 	 0.11392405063291139 
415.0 	 872 	 585 	 35.0 	 44.0 	 0.11392405063291139 
416.0 	 874 	 585 	 35.0 	 44.0 	 0.11392405063291139 
417.0 	 876 	 585 	 35.0 	 44.0 	 0.11392405063291139 
418.0 	 878 	 585 	 35.0 	 44.0 	 0.11392405063291139 
419.0 	 880 	 585 	 35.0 	 44.0 	 0.11392405063291139 
420.0 	 882 	 585 	 35.0 	 44.0 	 0.11392405063291139 
421.0 	 884 	 585 	 35.0 	 43.0 	 0.10256410256410256 
422.0 	 886 	 585 	 35.0 	 43.0 	 0.10256410256410256 
423.0 	 888 	 585 	 35.0 	 43.0 	 0.10256410256410256 
424.0 	 890 	 585 	 35.0 	 43.0 	 0.10256410256410256 
425.0 	 892 	 585 	 35.0 	 43.0 	 0.10256410256410256 
426.0 	 894 	 585 	 35.0 	 43.0 	 0.10256410256410256 
427.0 	 896 	 586 	 35.0 	 44.0 	 0.11392405063291139 
428.0 	 898 	 585 	 35.0 	 43.0 	 0.10256410256410256 
429.0 	 900 	 585 	 35.0 	 43.0 	 0.10256410256410256 
430.0 	 902 	 585 	 35.0 	 43.0 	 0.10256410256410256 
431.0 	 904 	 585 	 35.0 	 43.0 	 0.10256410256410256 
432.0 	 906 	 585 	 35.0 	 43.0 	 0.10256410256410256 
433.0 	 909 	 585 	 35.0 	 44.0 	 0.11392405063291139 
434.0 	 911 	 585 	 35.0 	 44.0 	 0.11392405063291139 
435.0 	 913 	 585 	 35.0 	 44.0 	 0.11392405063291139 
436.0 	 915 	 585 	 35.0 	 44.0 	 0.11392405063291139 
437.0 	 917 	 585 	 35.0 	 43.0 	 0.10256410256410256 
438.0 	 919 	 585 	 35.0 	 43.0 	 0.10256410256410256 
439.0 	 921 	 585 	 35.0 	 44.0 	 0.11392405063291139 
440.0 	 923 	 585 	 35.0 	 43.0 	 0.10256410256410256 
441.0 	 925 	 585 	 35.0 	 43.0 	 0.10256410256410256 
442.0 	 927 	 585 	 35.0 	 43.0 	 0.10256410256410256 
443.0 	 929 	 585 	 35.0 	 43.0 	 0.10256410256410256 
444.0 	 931 	 585 	 35.0 	 43.0 	 0.10256410256410256 
445.0 	 933 	 585 	 35.0 	 43.0 	 0.10256410256410256 
446.0 	 935 	 585 	 35.0 	 44.0 	 0.11392405063291139 
447.0 	 937 	 585 	 35.0 	 44.0 	 0.11392405063291139 
448.0 	 939 	 585 	 35.0 	 44.0 	 0.11392405063291139 
449.0 	 941 	 585 	 35.0 	 44.0 	 0.11392405063291139 
450.0 	 943 	 585 	 35.0 	 44.0 	 0.11392405063291139 
451.0 	 946 	 585 	 35.0 	 44.0 	 0.11392405063291139 
452.0 	 948 	 585 	 35.0 	 44.0 	 0.11392405063291139 
453.0 	 950 	 585 	 35.0 	 44.0 	 0.11392405063291139 
454.0 	 952 	 585 	 35.0 	 44.0 	 0.11392405063291139 
455.0 	 954 	 585 	 35.0 	 44.0 	 0.11392405063291139 
456.0 	 956 	 585 	 35.0 	 44.0 	 0.11392405063291139 
457.0 	 958 	 585 	 34.0 	 43.0 	 0.11688311688311688 
458.0 	 960 	 585 	 34.0 	 44.0 	 0.1282051282051282 
459.0 	 962 	 585 	 34.0 	 43.0 	 0.11688311688311688 
460.0 	 964 	 585 	 34.0 	 43.0 	 0.11688311688311688 
461.0 	 966 	 585 	 34.0 	 43.0 	 0.11688311688311688 
462.0 	 968 	 585 	 34.0 	 43.0 	 0.11688311688311688 
463.0 	 970 	 585 	 34.0 	 43.0 	 0.11688311688311688 
464.0 	 972 	 585 	 34.0 	 43.0 	 0.11688311688311688 
465.0 	 975 	 585 	 34.0 	 44.0 	 0.1282051282051282 
466.0 	 977 	 585 	 34.0 	 44.0 	 0.1282051282051282 
467.0 	 979 	 585 	 34.0 	 44.0 	 0.1282051282051282 
468.0 	 981 	 585 	 34.0 	 43.0 	 0.11688311688311688 
469.0 	 983 	 585 	 34.0 	 44.0 	 0.1282051282051282 
470.0 	 985 	 585 	 34.0 	 44.0 	 0.1282051282051282 
471.0 	 987 	 585 	 34.0 	 44.0 	 0.1282051282051282 
472.0 	 989 	 585 	 34.0 	 43.0 	 0.11688311688311688 
473.0 	 991 	 585 	 34.0 	 43.0 	 0.11688311688311688 
474.0 	 993 	 585 	 34.0 	 43.0 	 0.11688311688311688 
475.0 	 995 	 585 	 35.0 	 43.0 	 0.10256410256410256 
476.0 	 998 	 585 	 35.0 	 44.0 	 0.11392405063291139 
477.0 	 1000 	 585 	 35.0 	 44.0 	 0.11392405063291139 
478.0 	 1002 	 585 	 35.0 	 43.0 	 0.10256410256410256 
479.0 	 1004 	 585 	 35.0 	 43.0 	 0.10256410256410256 
480.0 	 1006 	 585 	 35.0 	 43.0 	 0.10256410256410256 
481.0 	 1008 	 585 	 34.0 	 43.0 	 0.11688311688311688 
482.0 	 1010 	 585 	 34.0 	 43.0 	 0.11688311688311688 
483.0 	 1012 	 585 	 34.0 	 43.0 	 0.11688311688311688 
484.0 	 1014 	 585 	 34.0 	 43.0 	 0.11688311688311688 
485.0 	 1016 	 585 	 34.0 	 43.0 	 0.11688311688311688 
486.0 	 1018 	 585 	 34.0 	 43.0 	 0.11688311688311688 
487.0 	 1021 	 585 	 34.0 	 44.0 	 0.1282051282051282 
488.0 	 1023 	 585 	 34.0 	 44.0 	 0.1282051282051282 
489.0 	 1025 	 585 	 34.0 	 43.0 	 0.11688311688311688 
490.0 	 1027 	 585 	 34.0 	 43.0 	 0.11688311688311688 
491.0 	 1029 	 585 	 34.0 	 43.0 	 0.11688311688311688 
492.0 	 1031 	 585 	 34.0 	 43.0 	 0.11688311688311688 
493.0 	 1033 	 585 	 34.0 	 43.0 	 0.11688311688311688 
494.0 	 1035 	 585 	 34.0 	 43.0 	 0.11688311688311688 
495.0 	 1038 	 585 	 34.0 	 44.0 	 0.1282051282051282 
496.0 	 1040 	 585 	 34.0 	 44.0 	 0.1282051282051282 
497.0 	 1042 	 585 	 34.0 	 44.0 	 0.1282051282051282 
498.0 	 1044 	 585 	 34.0 	 43.0 	 0.11688311688311688 
499.0 	 1046 	 585 	 34.0 	 43.0 	 0.11688311688311688 
500.0 	 1048 	 585 	 34.0 	 43.0 	 0.11688311688311688 
501.0 	 1051 	 585 	 34.0 	 44.0 	 0.1282051282051282 
502.0 	 1053 	 585 	 34.0 	 44.0 	 0.1282051282051282 
503.0 	 1055 	 585 	 44.0 	 34.0 	 0.1282051282051282 
504.0 	 1057 	 585 	 33.0 	 44.0 	 0.14285714285714285 
505.0 	 1059 	 585 	 33.0 	 43.0 	 0.13157894736842105 
506.0 	 1061 	 585 	 33.0 	 43.0 	 0.13157894736842105 
507.0 	 1063 	 585 	 33.0 	 43.0 	 0.13157894736842105 
508.0 	 1065 	 585 	 43.0 	 34.0 	 0.11688311688311688 
509.0 	 1067 	 585 	 43.0 	 34.0 	 0.11688311688311688 
510.0 	 1069 	 585 	 34.0 	 43.0 	 0.11688311688311688 
511.0 	 1071 	 585 	 43.0 	 34.0 	 0.11688311688311688 
512.0 	 1073 	 585 	 33.0 	 43.0 	 0.13157894736842105 
513.0 	 1076 	 585 	 33.0 	 43.0 	 0.13157894736842105 
514.0 	 1078 	 585 	 33.0 	 44.0 	 0.14285714285714285 
515.0 	 1080 	 585 	 33.0 	 44.0 	 0.14285714285714285 
516.0 	 1082 	 585 	 33.0 	 44.0 	 0.14285714285714285 
517.0 	 1084 	 585 	 33.0 	 43.0 	 0.13157894736842105 
518.0 	 1086 	 585 	 33.0 	 43.0 	 0.13157894736842105 
519.0 	 1088 	 585 	 33.0 	 44.0 	 0.14285714285714285 
520.0 	 1091 	 585 	 33.0 	 44.0 	 0.14285714285714285 
521.0 	 1093 	 585 	 33.0 	 44.0 	 0.14285714285714285 
522.0 	 1095 	 585 	 33.0 	 44.0 	 0.14285714285714285 
523.0 	 1097 	 585 	 33.0 	 43.0 	 0.13157894736842105 
524.0 	 1099 	 585 	 33.0 	 43.0 	 0.13157894736842105 
525.0 	 1101 	 586 	 34.0 	 44.0 	 0.1282051282051282 
526.0 	 1104 	 586 	 34.0 	 44.0 	 0.1282051282051282 
527.0 	 1106 	 586 	 34.0 	 44.0 	 0.1282051282051282 
528.0 	 1108 	 586 	 34.0 	 43.0 	 0.11688311688311688 
529.0 	 1110 	 585 	 34.0 	 43.0 	 0.11688311688311688 
530.0 	 1112 	 586 	 34.0 	 43.0 	 0.11688311688311688 
531.0 	 1114 	 586 	 34.0 	 43.0 	 0.11688311688311688 
532.0 	 1116 	 586 	 34.0 	 44.0 	 0.1282051282051282 
533.0 	 1118 	 586 	 34.0 	 44.0 	 0.1282051282051282 
534.0 	 1121 	 586 	 34.0 	 44.0 	 0.1282051282051282 
535.0 	 1123 	 585 	 34.0 	 43.0 	 0.11688311688311688 
536.0 	 1125 	 585 	 33.0 	 43.0 	 0.13157894736842105 
537.0 	 1127 	 586 	 34.0 	 43.0 	 0.11688311688311688 
538.0 	 1130 	 586 	 34.0 	 44.0 	 0.1282051282051282 
539.0 	 1132 	 586 	 34.0 	 44.0 	 0.1282051282051282 
540.0 	 1134 	 586 	 34.0 	 44.0 	 0.1282051282051282 
541.0 	 1136 	 585 	 34.0 	 44.0 	 0.1282051282051282 
542.0 	 1138 	 586 	 34.0 	 44.0 	 0.1282051282051282 
543.0 	 1140 	 586 	 34.0 	 44.0 	 0.1282051282051282 
544.0 	 1142 	 586 	 34.0 	 44.0 	 0.1282051282051282 
545.0 	 1145 	 586 	 34.0 	 44.0 	 0.1282051282051282 
546.0 	 1147 	 586 	 34.0 	 44.0 	 0.1282051282051282 
547.0 	 1149 	 586 	 34.0 	 43.0 	 0.11688311688311688 
548.0 	 1151 	 586 	 34.0 	 44.0 	 0.1282051282051282 
549.0 	 1154 	 586 	 34.0 	 44.0 	 0.1282051282051282 
550.0 	 1156 	 586 	 34.0 	 44.0 	 0.1282051282051282 
551.0 	 1158 	 586 	 34.0 	 44.0 	 0.1282051282051282 
552.0 	 1160 	 586 	 34.0 	 45.0 	 0.13924050632911392 
553.0 	 1162 	 586 	 34.0 	 43.0 	 0.11688311688311688 
554.0 	 1164 	 585 	 34.0 	 44.0 	 0.1282051282051282 
555.0 	 1167 	 585 	 34.0 	 44.0 	 0.1282051282051282 
556.0 	 1169 	 586 	 34.0 	 44.0 	 0.1282051282051282 
557.0 	 1171 	 586 	 34.0 	 44.0 	 0.1282051282051282 
558.0 	 1173 	 586 	 34.0 	 45.0 	 0.13924050632911392 
559.0 	 1175 	 586 	 34.0 	 44.0 	 0.1282051282051282 
560.0 	 1178 	 586 	 34.0 	 44.0 	 0.1282051282051282 
561.0 	 1180 	 586 	 34.0 	 44.0 	 0.1282051282051282 
562.0 	 1182 	 586 	 34.0 	 44.0 	 0.1282051282051282 
563.0 	 1184 	 586 	 35.0 	 44.0 	 0.11392405063291139 
564.0 	 1186 	 586 	 34.0 	 44.0 	 0.1282051282051282 
565.0 	 1188 	 586 	 34.0 	 44.0 	 0.1282051282051282 
566.0 	 1191 	 586 	 34.0 	 44.0 	 0.1282051282051282 
567.0 	 1193 	 586 	 34.0 	 44.0 	 0.1282051282051282 
568.0 	 1195 	 586 	 34.0 	 45.0 	 0.13924050632911392 
569.0 	 1197 	 586 	 34.0 	 44.0 	 0.1282051282051282 
570.0 	 1200 	 586 	 34.0 	 44.0 	 0.1282051282051282 
571.0 	 1202 	 586 	 34.0 	 44.0 	 0.1282051282051282 
572.0 	 1204 	 586 	 34.0 	 45.0 	 0.13924050632911392 
573.0 	 1206 	 586 	 34.0 	 45.0 	 0.13924050632911392 
574.0 	 1209 	 586 	 34.0 	 45.0 	 0.13924050632911392 
575.0 	 1211 	 586 	 34.0 	 44.0 	 0.1282051282051282 
576.0 	 1213 	 586 	 33.0 	 44.0 	 0.14285714285714285 
577.0 	 1215 	 586 	 33.0 	 45.0 	 0.15384615384615385 
578.0 	 1217 	 586 	 33.0 	 43.0 	 0.13157894736842105 
579.0 	 1219 	 586 	 34.0 	 43.0 	 0.11688311688311688 
580.0 	 1221 	 586 	 33.0 	 44.0 	 0.14285714285714285 
581.0 	 1223 	 586 	 33.0 	 44.0 	 0.14285714285714285 
582.0 	 1226 	 586 	 34.0 	 44.0 	 0.1282051282051282 
583.0 	 1228 	 586 	 33.0 	 44.0 	 0.14285714285714285 
584.0 	 1230 	 586 	 33.0 	 43.0 	 0.13157894736842105 
585.0 	 1233 	 586 	 33.0 	 44.0 	 0.14285714285714285 
586.0 	 1235 	 586 	 33.0 	 44.0 	 0.14285714285714285 
587.0 	 1237 	 586 	 33.0 	 44.0 	 0.14285714285714285 
588.0 	 1239 	 586 	 34.0 	 43.0 	 0.11688311688311688 
589.0 	 1241 	 586 	 34.0 	 43.0 	 0.11688311688311688 
590.0 	 1243 	 586 	 34.0 	 43.0 	 0.11688311688311688 
591.0 	 1246 	 586 	 34.0 	 44.0 	 0.1282051282051282 
592.0 	 1248 	 586 	 34.0 	 44.0 	 0.1282051282051282 
593.0 	 1250 	 586 	 34.0 	 44.0 	 0.1282051282051282 
594.0 	 1253 	 586 	 34.0 	 43.0 	 0.11688311688311688 
595.0 	 1255 	 586 	 34.0 	 43.0 	 0.11688311688311688 
596.0 	 1257 	 586 	 34.0 	 43.0 	 0.11688311688311688 
597.0 	 1259 	 586 	 34.0 	 43.0 	 0.11688311688311688 
598.0 	 1261 	 586 	 34.0 	 43.0 	 0.11688311688311688 
599.0 	 1263 	 586 	 34.0 	 43.0 	 0.11688311688311688 
600.0 	 1265 	 586 	 34.0 	 43.0 	 0.11688311688311688 
601.0 	 1268 	 586 	 35.0 	 42.0 	 0.09090909090909091 
602.0 	 1270 	 586 	 35.0 	 43.0 	 0.10256410256410256 
603.0 	 1272 	 586 	 43.0 	 35.0 	 0.10256410256410256 
604.0 	 1274 	 585 	 35.0 	 44.0 	 0.11392405063291139 
605.0 	 1277 	 586 	 35.0 	 44.0 	 0.11392405063291139 
606.0 	 1279 	 586 	 35.0 	 44.0 	 0.11392405063291139 
607.0 	 1281 	 586 	 34.0 	 43.0 	 0.11688311688311688 
608.0 	 1284 	 586 	 34.0 	 44.0 	 0.1282051282051282 
609.0 	 1286 	 586 	 34.0 	 44.0 	 0.1282051282051282 
610.0 	 1288 	 586 	 34.0 	 44.0 	 0.1282051282051282 
611.0 	 1290 	 586 	 34.0 	 44.0 	 0.1282051282051282 
612.0 	 1292 	 586 	 34.0 	 45.0 	 0.13924050632911392 
613.0 	 1294 	 586 	 34.0 	 43.0 	 0.11688311688311688 
614.0 	 1297 	 586 	 34.0 	 44.0 	 0.1282051282051282 
615.0 	 1299 	 586 	 34.0 	 43.0 	 0.11688311688311688 
616.0 	 1301 	 586 	 34.0 	 43.0 	 0.11688311688311688 
617.0 	 1303 	 586 	 34.0 	 44.0 	 0.1282051282051282 
618.0 	 1306 	 586 	 44.0 	 35.0 	 0.11392405063291139 
619.0 	 1308 	 586 	 34.0 	 44.0 	 0.1282051282051282 
620.0 	 1310 	 586 	 44.0 	 35.0 	 0.11392405063291139 
621.0 	 1312 	 586 	 43.0 	 35.0 	 0.10256410256410256 
622.0 	 1314 	 586 	 35.0 	 44.0 	 0.11392405063291139 
623.0 	 1317 	 586 	 34.0 	 44.0 	 0.1282051282051282 
624.0 	 1319 	 586 	 34.0 	 43.0 	 0.11688311688311688 
625.0 	 1321 	 586 	 34.0 	 44.0 	 0.1282051282051282 
626.0 	 1323 	 586 	 34.0 	 44.0 	 0.1282051282051282 
627.0 	 1326 	 586 	 34.0 	 44.0 	 0.1282051282051282 
628.0 	 1328 	 586 	 34.0 	 43.0 	 0.11688311688311688 
629.0 	 1330 	 586 	 34.0 	 43.0 	 0.11688311688311688 
630.0 	 1332 	 586 	 34.0 	 44.0 	 0.1282051282051282 
631.0 	 1334 	 586 	 34.0 	 44.0 	 0.1282051282051282 
632.0 	 1336 	 586 	 34.0 	 44.0 	 0.1282051282051282 
633.0 	 1339 	 586 	 34.0 	 44.0 	 0.1282051282051282 
634.0 	 1341 	 586 	 34.0 	 44.0 	 0.1282051282051282 
635.0 	 1343 	 586 	 34.0 	 44.0 	 0.1282051282051282 
636.0 	 1345 	 586 	 34.0 	 45.0 	 0.13924050632911392 
637.0 	 1347 	 586 	 34.0 	 44.0 	 0.1282051282051282 
638.0 	 1350 	 586 	 34.0 	 44.0 	 0.1282051282051282 
639.0 	 1352 	 586 	 34.0 	 44.0 	 0.1282051282051282 
640.0 	 1354 	 586 	 34.0 	 44.0 	 0.1282051282051282 
641.0 	 1356 	 586 	 34.0 	 44.0 	 0.1282051282051282 
642.0 	 1358 	 586 	 34.0 	 44.0 	 0.1282051282051282 
643.0 	 1360 	 586 	 34.0 	 44.0 	 0.1282051282051282 
644.0 	 1363 	 586 	 34.0 	 44.0 	 0.1282051282051282 
645.0 	 1365 	 586 	 34.0 	 44.0 	 0.1282051282051282 
646.0 	 1367 	 586 	 34.0 	 44.0 	 0.1282051282051282 
647.0 	 1369 	 586 	 34.0 	 44.0 	 0.1282051282051282 
648.0 	 1371 	 586 	 34.0 	 45.0 	 0.13924050632911392 
649.0 	 1373 	 586 	 32.0 	 44.0 	 0.15789473684210525 
650.0 	 1376 	 586 	 33.0 	 44.0 	 0.14285714285714285 
651.0 	 1378 	 586 	 33.0 	 44.0 	 0.14285714285714285 
652.0 	 1380 	 586 	 33.0 	 44.0 	 0.14285714285714285 
653.0 	 1382 	 586 	 34.0 	 44.0 	 0.1282051282051282 
654.0 	 1384 	 586 	 34.0 	 44.0 	 0.1282051282051282 
655.0 	 1386 	 586 	 34.0 	 44.0 	 0.1282051282051282 
656.0 	 1388 	 586 	 34.0 	 45.0 	 0.13924050632911392 
657.0 	 1391 	 586 	 34.0 	 44.0 	 0.1282051282051282 
658.0 	 1392 	 586 	 34.0 	 44.0 	 0.1282051282051282 
659.0 	 1395 	 586 	 34.0 	 44.0 	 0.1282051282051282 
660.0 	 1397 	 586 	 34.0 	 44.0 	 0.1282051282051282 
661.0 	 1399 	 586 	 34.0 	 43.0 	 0.11688311688311688 
662.0 	 1402 	 586 	 34.0 	 44.0 	 0.1282051282051282 
663.0 	 1403 	 586 	 34.0 	 44.0 	 0.1282051282051282 
664.0 	 1406 	 586 	 34.0 	 44.0 	 0.1282051282051282 
665.0 	 1408 	 586 	 34.0 	 44.0 	 0.1282051282051282 
666.0 	 1410 	 586 	 34.0 	 44.0 	 0.1282051282051282 
667.0 	 1412 	 586 	 35.0 	 44.0 	 0.11392405063291139 
668.0 	 1415 	 586 	 35.0 	 45.0 	 0.125 
669.0 	 1417 	 586 	 35.0 	 44.0 	 0.11392405063291139 
670.0 	 1419 	 586 	 35.0 	 44.0 	 0.11392405063291139 
671.0 	 1421 	 586 	 34.0 	 44.0 	 0.1282051282051282 
672.0 	 1423 	 586 	 34.0 	 44.0 	 0.1282051282051282 
673.0 	 1425 	 586 	 43.0 	 34.0 	 0.11688311688311688 
674.0 	 1427 	 586 	 34.0 	 43.0 	 0.11688311688311688 
675.0 	 1429 	 586 	 34.0 	 44.0 	 0.1282051282051282 
676.0 	 1431 	 586 	 34.0 	 44.0 	 0.1282051282051282 
677.0 	 1434 	 586 	 34.0 	 44.0 	 0.1282051282051282 
678.0 	 1436 	 586 	 34.0 	 44.0 	 0.1282051282051282 
679.0 	 1438 	 586 	 34.0 	 43.0 	 0.11688311688311688 
680.0 	 1440 	 586 	 34.0 	 43.0 	 0.11688311688311688 
681.0 	 1442 	 586 	 34.0 	 43.0 	 0.11688311688311688 
682.0 	 1444 	 586 	 34.0 	 43.0 	 0.11688311688311688 
683.0 	 1446 	 586 	 34.0 	 43.0 	 0.11688311688311688 
684.0 	 1449 	 586 	 34.0 	 44.0 	 0.1282051282051282 
685.0 	 1450 	 586 	 34.0 	 43.0 	 0.11688311688311688 
686.0 	 1453 	 586 	 34.0 	 44.0 	 0.1282051282051282 
687.0 	 1455 	 586 	 34.0 	 44.0 	 0.1282051282051282 
688.0 	 1457 	 586 	 34.0 	 44.0 	 0.1282051282051282 
689.0 	 1459 	 586 	 34.0 	 43.0 	 0.11688311688311688 
690.0 	 1461 	 586 	 34.0 	 44.0 	 0.1282051282051282 
691.0 	 1463 	 586 	 34.0 	 43.0 	 0.11688311688311688 
692.0 	 1465 	 586 	 34.0 	 43.0 	 0.11688311688311688 
693.0 	 1467 	 586 	 34.0 	 43.0 	 0.11688311688311688 
694.0 	 1469 	 586 	 34.0 	 43.0 	 0.11688311688311688 
695.0 	 1471 	 586 	 34.0 	 43.0 	 0.11688311688311688 
696.0 	 1473 	 586 	 34.0 	 43.0 	 0.11688311688311688 
697.0 	 1476 	 586 	 35.0 	 44.0 	 0.11392405063291139 
698.0 	 1478 	 586 	 35.0 	 43.0 	 0.10256410256410256 
699.0 	 1480 	 586 	 35.0 	 43.0 	 0.10256410256410256 
700.0 	 1482 	 586 	 36.0 	 43.0 	 0.08860759493670886 
701.0 	 1484 	 586 	 36.0 	 43.0 	 0.08860759493670886 
702.0 	 1486 	 586 	 36.0 	 44.0 	 0.1 
703.0 	 1488 	 586 	 36.0 	 44.0 	 0.1 
704.0 	 1490 	 586 	 36.0 	 44.0 	 0.1 
705.0 	 1492 	 586 	 36.0 	 43.0 	 0.08860759493670886 
706.0 	 1494 	 586 	 36.0 	 43.0 	 0.08860759493670886 
707.0 	 1496 	 586 	 36.0 	 44.0 	 0.1 
708.0 	 1498 	 586 	 36.0 	 43.0 	 0.08860759493670886 
709.0 	 1500 	 586 	 36.0 	 43.0 	 0.08860759493670886 
710.0 	 1502 	 586 	 36.0 	 43.0 	 0.08860759493670886 
711.0 	 1504 	 586 	 36.0 	 42.0 	 0.07692307692307693 
712.0 	 1506 	 586 	 36.0 	 42.0 	 0.07692307692307693 
713.0 	 1508 	 586 	 35.0 	 43.0 	 0.10256410256410256 
714.0 	 1510 	 585 	 35.0 	 43.0 	 0.10256410256410256 
715.0 	 1512 	 586 	 35.0 	 43.0 	 0.10256410256410256 
716.0 	 1515 	 586 	 35.0 	 43.0 	 0.10256410256410256 
717.0 	 1516 	 586 	 35.0 	 43.0 	 0.10256410256410256 
718.0 	 1519 	 586 	 35.0 	 43.0 	 0.10256410256410256 
719.0 	 1521 	 586 	 35.0 	 43.0 	 0.10256410256410256 
720.0 	 1523 	 586 	 35.0 	 43.0 	 0.10256410256410256 
721.0 	 1525 	 586 	 35.0 	 43.0 	 0.10256410256410256 
722.0 	 1527 	 586 	 35.0 	 43.0 	 0.10256410256410256 
723.0 	 1529 	 586 	 35.0 	 42.0 	 0.09090909090909091 
724.0 	 1531 	 586 	 35.0 	 42.0 	 0.09090909090909091 
725.0 	 1533 	 586 	 36.0 	 42.0 	 0.07692307692307693 
726.0 	 1535 	 586 	 36.0 	 42.0 	 0.07692307692307693 
727.0 	 1537 	 586 	 36.0 	 42.0 	 0.07692307692307693 
728.0 	 1539 	 586 	 36.0 	 42.0 	 0.07692307692307693 
729.0 	 1541 	 586 	 36.0 	 43.0 	 0.08860759493670886 
730.0 	 1543 	 586 	 36.0 	 42.0 	 0.07692307692307693 
731.0 	 1545 	 586 	 35.0 	 42.0 	 0.09090909090909091 
732.0 	 1547 	 586 	 35.0 	 42.0 	 0.09090909090909091 
733.0 	 1549 	 586 	 35.0 	 42.0 	 0.09090909090909091 
734.0 	 1551 	 586 	 35.0 	 42.0 	 0.09090909090909091 
735.0 	 1553 	 586 	 35.0 	 42.0 	 0.09090909090909091 
736.0 	 1555 	 586 	 35.0 	 42.0 	 0.09090909090909091 
737.0 	 1557 	 586 	 35.0 	 42.0 	 0.09090909090909091 
738.0 	 1559 	 586 	 35.0 	 42.0 	 0.09090909090909091 
739.0 	 1561 	 586 	 35.0 	 42.0 	 0.09090909090909091 
740.0 	 1564 	 586 	 35.0 	 42.0 	 0.09090909090909091 
741.0 	 1566 	 586 	 35.0 	 41.0 	 0.07894736842105263 
742.0 	 1568 	 586 	 35.0 	 42.0 	 0.09090909090909091 
743.0 	 1570 	 586 	 35.0 	 41.0 	 0.07894736842105263 
744.0 	 1572 	 586 	 34.0 	 41.0 	 0.09333333333333334 
745.0 	 1574 	 586 	 34.0 	 41.0 	 0.09333333333333334 
746.0 	 1576 	 586 	 34.0 	 41.0 	 0.09333333333333334 
747.0 	 1578 	 586 	 34.0 	 42.0 	 0.10526315789473684 
748.0 	 1580 	 586 	 34.0 	 42.0 	 0.10526315789473684 
749.0 	 1582 	 586 	 35.0 	 42.0 	 0.09090909090909091 
750.0 	 1584 	 586 	 34.0 	 42.0 	 0.10526315789473684 
751.0 	 1586 	 586 	 35.0 	 41.0 	 0.07894736842105263 
752.0 	 1588 	 586 	 34.0 	 42.0 	 0.10526315789473684 
753.0 	 1590 	 586 	 34.0 	 42.0 	 0.10526315789473684 
754.0 	 1592 	 586 	 34.0 	 42.0 	 0.10526315789473684 
755.0 	 1594 	 586 	 34.0 	 42.0 	 0.10526315789473684 
756.0 	 1597 	 586 	 34.0 	 42.0 	 0.10526315789473684 
757.0 	 1599 	 586 	 34.0 	 42.0 	 0.10526315789473684 
758.0 	 1601 	 586 	 34.0 	 41.0 	 0.09333333333333334 
759.0 	 1603 	 586 	 34.0 	 41.0 	 0.09333333333333334 
760.0 	 1604 	 586 	 34.0 	 41.0 	 0.09333333333333334 
761.0 	 1606 	 586 	 34.0 	 41.0 	 0.09333333333333334 
762.0 	 1609 	 586 	 34.0 	 42.0 	 0.10526315789473684 
763.0 	 1611 	 586 	 34.0 	 42.0 	 0.10526315789473684 
764.0 	 1613 	 586 	 34.0 	 42.0 	 0.10526315789473684 
765.0 	 1615 	 586 	 34.0 	 41.0 	 0.09333333333333334 
766.0 	 1617 	 586 	 34.0 	 41.0 	 0.09333333333333334 
767.0 	 1619 	 586 	 34.0 	 41.0 	 0.09333333333333334 
768.0 	 1621 	 586 	 34.0 	 42.0 	 0.10526315789473684 
769.0 	 1623 	 586 	 34.0 	 41.0 	 0.09333333333333334 
770.0 	 1625 	 586 	 34.0 	 41.0 	 0.09333333333333334 
771.0 	 1627 	 586 	 34.0 	 41.0 	 0.09333333333333334 
772.0 	 1629 	 586 	 34.0 	 42.0 	 0.10526315789473684 
773.0 	 1631 	 586 	 34.0 	 42.0 	 0.10526315789473684 
774.0 	 1633 	 586 	 34.0 	 42.0 	 0.10526315789473684 
775.0 	 1636 	 586 	 34.0 	 42.0 	 0.10526315789473684 
776.0 	 1638 	 586 	 34.0 	 42.0 	 0.10526315789473684 
777.0 	 1640 	 586 	 34.0 	 41.0 	 0.09333333333333334 
778.0 	 1642 	 586 	 33.0 	 41.0 	 0.10810810810810811 
779.0 	 1644 	 586 	 33.0 	 41.0 	 0.10810810810810811 
780.0 	 1646 	 586 	 33.0 	 43.0 	 0.13157894736842105 
781.0 	 1648 	 586 	 33.0 	 42.0 	 0.12 
782.0 	 1650 	 586 	 32.0 	 41.0 	 0.1232876712328767 
783.0 	 1652 	 586 	 32.0 	 41.0 	 0.1232876712328767 
784.0 	 1654 	 586 	 32.0 	 41.0 	 0.1232876712328767 
785.0 	 1656 	 586 	 32.0 	 41.0 	 0.1232876712328767 
786.0 	 1659 	 586 	 32.0 	 41.0 	 0.1232876712328767 
787.0 	 1661 	 586 	 32.0 	 42.0 	 0.13513513513513514 
788.0 	 1663 	 586 	 33.0 	 42.0 	 0.12 
789.0 	 1665 	 586 	 33.0 	 42.0 	 0.12 
790.0 	 1667 	 586 	 33.0 	 42.0 	 0.12 
791.0 	 1669 	 586 	 33.0 	 42.0 	 0.12 
792.0 	 1671 	 586 	 42.0 	 33.0 	 0.12 
793.0 	 1673 	 586 	 32.0 	 41.0 	 0.1232876712328767 
794.0 	 1675 	 586 	 33.0 	 41.0 	 0.10810810810810811 
795.0 	 1677 	 586 	 32.0 	 42.0 	 0.13513513513513514 
796.0 	 1680 	 586 	 33.0 	 41.0 	 0.10810810810810811 
797.0 	 1682 	 586 	 41.0 	 33.0 	 0.10810810810810811 
798.0 	 1683 	 586 	 32.0 	 41.0 	 0.1232876712328767 
799.0 	 1686 	 586 	 32.0 	 41.0 	 0.1232876712328767 
800.0 	 1688 	 586 	 32.0 	 41.0 	 0.1232876712328767 
801.0 	 1690 	 586 	 33.0 	 41.0 	 0.10810810810810811 
802.0 	 1692 	 586 	 33.0 	 41.0 	 0.10810810810810811 
803.0 	 1694 	 586 	 33.0 	 42.0 	 0.12 
804.0 	 1696 	 586 	 33.0 	 41.0 	 0.10810810810810811 
805.0 	 1698 	 586 	 33.0 	 42.0 	 0.12 
806.0 	 1700 	 586 	 33.0 	 42.0 	 0.12 
807.0 	 1703 	 586 	 33.0 	 41.0 	 0.10810810810810811 
808.0 	 1704 	 586 	 33.0 	 42.0 	 0.12 
809.0 	 1706 	 586 	 33.0 	 42.0 	 0.12 
810.0 	 1709 	 586 	 33.0 	 42.0 	 0.12 
811.0 	 1711 	 586 	 33.0 	 42.0 	 0.12 
812.0 	 1713 	 586 	 33.0 	 42.0 	 0.12 
813.0 	 1715 	 586 	 33.0 	 41.0 	 0.10810810810810811 
814.0 	 1717 	 586 	 33.0 	 41.0 	 0.10810810810810811 
815.0 	 1719 	 586 	 33.0 	 42.0 	 0.12 
816.0 	 1722 	 586 	 33.0 	 42.0 	 0.12 
817.0 	 1723 	 586 	 32.0 	 40.0 	 0.1111111111111111 
818.0 	 1726 	 586 	 32.0 	 41.0 	 0.1232876712328767 
819.0 	 1728 	 586 	 32.0 	 41.0 	 0.1232876712328767 
820.0 	 1730 	 586 	 33.0 	 42.0 	 0.12 
821.0 	 1732 	 586 	 33.0 	 41.0 	 0.10810810810810811 
822.0 	 1734 	 586 	 33.0 	 41.0 	 0.10810810810810811 
823.0 	 1736 	 586 	 33.0 	 41.0 	 0.10810810810810811 
824.0 	 1738 	 586 	 33.0 	 41.0 	 0.10810810810810811 
825.0 	 1740 	 586 	 33.0 	 41.0 	 0.10810810810810811 
826.0 	 1742 	 586 	 32.0 	 41.0 	 0.1232876712328767 
827.0 	 1744 	 586 	 32.0 	 41.0 	 0.1232876712328767 
828.0 	 1746 	 586 	 32.0 	 42.0 	 0.13513513513513514 
829.0 	 1749 	 586 	 33.0 	 42.0 	 0.12 
830.0 	 1751 	 586 	 33.0 	 42.0 	 0.12 
831.0 	 1753 	 586 	 33.0 	 41.0 	 0.10810810810810811 
832.0 	 1755 	 586 	 33.0 	 41.0 	 0.10810810810810811 
833.0 	 1757 	 585 	 33.0 	 41.0 	 0.10810810810810811 
834.0 	 1759 	 585 	 33.0 	 41.0 	 0.10810810810810811 
835.0 	 1761 	 585 	 33.0 	 41.0 	 0.10810810810810811 
836.0 	 1763 	 585 	 33.0 	 42.0 	 0.12 
837.0 	 1765 	 585 	 33.0 	 41.0 	 0.10810810810810811 
838.0 	 1767 	 585 	 33.0 	 41.0 	 0.10810810810810811 
839.0 	 1769 	 586 	 33.0 	 41.0 	 0.10810810810810811 
840.0 	 1772 	 586 	 33.0 	 41.0 	 0.10810810810810811 
841.0 	 1773 	 586 	 33.0 	 41.0 	 0.10810810810810811 
842.0 	 1775 	 586 	 33.0 	 42.0 	 0.12 
843.0 	 1777 	 586 	 33.0 	 41.0 	 0.10810810810810811 
844.0 	 1779 	 586 	 32.0 	 42.0 	 0.13513513513513514 
845.0 	 1782 	 586 	 32.0 	 42.0 	 0.13513513513513514 
846.0 	 1784 	 586 	 32.0 	 42.0 	 0.13513513513513514 
847.0 	 1786 	 586 	 32.0 	 41.0 	 0.1232876712328767 
848.0 	 1789 	 586 	 32.0 	 42.0 	 0.13513513513513514 
849.0 	 1791 	 586 	 32.0 	 42.0 	 0.13513513513513514 
850.0 	 1793 	 586 	 33.0 	 42.0 	 0.12 
851.0 	 1795 	 586 	 33.0 	 41.0 	 0.10810810810810811 
852.0 	 1797 	 586 	 33.0 	 41.0 	 0.10810810810810811 
853.0 	 1799 	 585 	 33.0 	 41.0 	 0.10810810810810811 
854.0 	 1801 	 585 	 33.0 	 42.0 	 0.12 
855.0 	 1803 	 586 	 33.0 	 42.0 	 0.12 
856.0 	 1805 	 586 	 33.0 	 42.0 	 0.12 
857.0 	 1808 	 586 	 33.0 	 42.0 	 0.12 
858.0 	 1810 	 586 	 33.0 	 42.0 	 0.12 
859.0 	 1812 	 586 	 33.0 	 42.0 	 0.12 
860.0 	 1814 	 586 	 32.0 	 42.0 	 0.13513513513513514 
861.0 	 1816 	 586 	 31.0 	 42.0 	 0.1506849315068493 
862.0 	 1818 	 586 	 31.0 	 42.0 	 0.1506849315068493 
863.0 	 1820 	 586 	 32.0 	 42.0 	 0.13513513513513514 
864.0 	 1823 	 586 	 33.0 	 42.0 	 0.12 
865.0 	 1824 	 586 	 32.0 	 42.0 	 0.13513513513513514 
866.0 	 1827 	 586 	 32.0 	 42.0 	 0.13513513513513514 
867.0 	 1829 	 586 	 41.0 	 33.0 	 0.10810810810810811 
868.0 	 1831 	 586 	 32.0 	 41.0 	 0.1232876712328767 
869.0 	 1833 	 586 	 33.0 	 42.0 	 0.12 
870.0 	 1835 	 586 	 33.0 	 42.0 	 0.12 
871.0 	 1837 	 586 	 33.0 	 42.0 	 0.12 
872.0 	 1839 	 586 	 33.0 	 42.0 	 0.12 
873.0 	 1842 	 586 	 33.0 	 43.0 	 0.13157894736842105 
874.0 	 1844 	 586 	 33.0 	 42.0 	 0.12 
875.0 	 1846 	 586 	 33.0 	 43.0 	 0.13157894736842105 
876.0 	 1848 	 586 	 42.0 	 34.0 	 0.10526315789473684 
877.0 	 1850 	 586 	 33.0 	 43.0 	 0.13157894736842105 
878.0 	 1852 	 586 	 33.0 	 42.0 	 0.12 
879.0 	 1855 	 585 	 33.0 	 42.0 	 0.12 
880.0 	 1857 	 586 	 33.0 	 42.0 	 0.12 
881.0 	 1859 	 585 	 33.0 	 42.0 	 0.12 
882.0 	 1861 	 585 	 33.0 	 43.0 	 0.13157894736842105 
883.0 	 1863 	 585 	 33.0 	 44.0 	 0.14285714285714285 
884.0 	 1865 	 586 	 33.0 	 42.0 	 0.12 
885.0 	 1867 	 585 	 33.0 	 42.0 	 0.12 
886.0 	 1870 	 585 	 33.0 	 43.0 	 0.13157894736842105 
887.0 	 1872 	 585 	 33.0 	 43.0 	 0.13157894736842105 
888.0 	 1874 	 585 	 33.0 	 43.0 	 0.13157894736842105 
889.0 	 1876 	 585 	 33.0 	 43.0 	 0.13157894736842105 
890.0 	 1878 	 586 	 33.0 	 43.0 	 0.13157894736842105 
891.0 	 1880 	 586 	 33.0 	 44.0 	 0.14285714285714285 
892.0 	 1882 	 586 	 33.0 	 44.0 	 0.14285714285714285 
893.0 	 1884 	 586 	 33.0 	 44.0 	 0.14285714285714285 
894.0 	 1886 	 586 	 33.0 	 44.0 	 0.14285714285714285 
895.0 	 1888 	 586 	 33.0 	 43.0 	 0.13157894736842105 
896.0 	 1891 	 586 	 33.0 	 43.0 	 0.13157894736842105 
897.0 	 1893 	 586 	 33.0 	 44.0 	 0.14285714285714285 
898.0 	 1895 	 586 	 33.0 	 44.0 	 0.14285714285714285 
899.0 	 1897 	 586 	 33.0 	 42.0 	 0.12 
900.0 	 1898 	 586 	 33.0 	 40.0 	 0.0958904109589041 
901.0 	 1900 	 586 	 32.0 	 38.0 	 0.08571428571428572 
902.0 	 1901 	 586 	 32.0 	 35.0 	 0.04477611940298507 
903.0 	 1903 	 585 	 33.0 	 33.0 	 0.0 
904.0 	 1904 	 585 	 33.0 	 31.0 	 0.03125 
905.0 	 1905 	 585 	 33.0 	 29.0 	 0.06451612903225806 
906.0 	 1906 	 585 	 33.0 	 27.0 	 0.1 
907.0 	 1908 	 585 	 33.0 	 24.0 	 0.15789473684210525 
908.0 	 1909 	 585 	 33.0 	 22.0 	 0.2 
909.0 	 1910 	 586 	 33.0 	 20.0 	 0.24528301886792453 
910.0 	 1911 	 585 	 33.0 	 18.0 	 0.29411764705882354 
