frame 	 x 	 y 	 width 	 height 	 deformation 
1.0 	 84 	 517 	 33.0 	 35.0 	 0.029411764705882353 
2.0 	 85 	 517 	 33.0 	 35.0 	 0.029411764705882353 
3.0 	 84 	 517 	 33.0 	 35.0 	 0.029411764705882353 
4.0 	 84 	 517 	 33.0 	 35.0 	 0.029411764705882353 
5.0 	 85 	 517 	 33.0 	 34.0 	 0.014925373134328358 
6.0 	 85 	 517 	 33.0 	 34.0 	 0.014925373134328358 
7.0 	 85 	 517 	 33.0 	 34.0 	 0.014925373134328358 
8.0 	 85 	 517 	 34.0 	 33.0 	 0.014925373134328358 
9.0 	 85 	 517 	 33.0 	 34.0 	 0.014925373134328358 
10.0 	 85 	 517 	 33.0 	 34.0 	 0.014925373134328358 
11.0 	 85 	 517 	 33.0 	 34.0 	 0.014925373134328358 
12.0 	 85 	 517 	 33.0 	 35.0 	 0.029411764705882353 
13.0 	 85 	 517 	 34.40357971191406 	 33.226619720458984 	 0.017402876249566313 
14.0 	 85 	 517 	 34.40357971191406 	 33.3171501159668 	 0.016042792195366726 
15.0 	 85 	 517 	 33.0 	 34.0 	 0.014925373134328358 
16.0 	 86 	 517 	 33.0 	 34.0 	 0.014925373134328358 
17.0 	 86 	 517 	 33.0 	 34.0 	 0.014925373134328358 
18.0 	 86 	 517 	 33.0 	 34.0 	 0.014925373134328358 
19.0 	 86 	 517 	 33.0 	 34.0 	 0.014925373134328358 
20.0 	 86 	 517 	 34.435447692871094 	 32.199378967285156 	 0.03355705773784171 
21.0 	 86 	 517 	 34.57777404785156 	 32.440948486328125 	 0.03188400913541215 
22.0 	 86 	 517 	 34.435447692871094 	 32.199378967285156 	 0.03355705773784171 
23.0 	 86 	 517 	 34.18926239013672 	 32.440948486328125 	 0.026239057040507344 
24.0 	 86 	 517 	 33.98823165893555 	 32.64659118652344 	 0.02013422434578498 
25.0 	 87 	 517 	 32.0 	 34.0 	 0.030303030303030304 
26.0 	 87 	 517 	 32.0 	 34.0 	 0.030303030303030304 
27.0 	 87 	 517 	 32.0 	 34.0 	 0.030303030303030304 
28.0 	 87 	 517 	 32.0 	 35.0 	 0.04477611940298507 
29.0 	 87 	 517 	 32.0 	 34.0 	 0.030303030303030304 
30.0 	 87 	 517 	 32.0 	 34.0 	 0.030303030303030304 
31.0 	 87 	 517 	 32.0 	 34.0 	 0.030303030303030304 
32.0 	 87 	 517 	 32.0 	 34.0 	 0.030303030303030304 
33.0 	 87 	 517 	 32.0 	 34.0 	 0.030303030303030304 
34.0 	 87 	 517 	 32.0 	 34.0 	 0.030303030303030304 
35.0 	 87 	 517 	 32.0 	 34.0 	 0.030303030303030304 
36.0 	 87 	 517 	 32.0 	 34.0 	 0.030303030303030304 
37.0 	 88 	 517 	 33.0 	 34.0 	 0.014925373134328358 
38.0 	 88 	 517 	 33.0 	 34.0 	 0.014925373134328358 
39.0 	 88 	 517 	 33.0 	 34.0 	 0.014925373134328358 
40.0 	 88 	 517 	 33.0 	 34.0 	 0.014925373134328358 
41.0 	 88 	 517 	 32.809757232666016 	 35.07249450683594 	 0.033333267771569704 
42.0 	 88 	 517 	 32.809757232666016 	 35.07249450683594 	 0.033333267771569704 
43.0 	 88 	 517 	 33.941123962402344 	 33.941123962402344 	 0.0 
44.0 	 88 	 517 	 32.809757232666016 	 35.07249450683594 	 0.033333267771569704 
45.0 	 88 	 517 	 33.0 	 35.0 	 0.029411764705882353 
46.0 	 88 	 517 	 33.0 	 35.0 	 0.029411764705882353 
47.0 	 88 	 517 	 33.0 	 35.0 	 0.029411764705882353 
48.0 	 88 	 517 	 33.0 	 35.0 	 0.029411764705882353 
49.0 	 88 	 516 	 33.0 	 34.0 	 0.014925373134328358 
50.0 	 88 	 516 	 33.0 	 34.0 	 0.014925373134328358 
51.0 	 88 	 516 	 33.0 	 34.0 	 0.014925373134328358 
52.0 	 88 	 517 	 33.0 	 34.0 	 0.014925373134328358 
53.0 	 88 	 517 	 33.0 	 34.0 	 0.014925373134328358 
54.0 	 88 	 517 	 32.0 	 34.0 	 0.030303030303030304 
55.0 	 88 	 517 	 34.0 	 33.0 	 0.014925373134328358 
56.0 	 89 	 517 	 33.941123962402344 	 33.941123962402344 	 0.0 
57.0 	 88 	 517 	 33.0 	 35.0 	 0.029411764705882353 
58.0 	 88 	 517 	 33.0 	 35.0 	 0.029411764705882353 
59.0 	 89 	 517 	 33.0 	 35.0 	 0.029411764705882353 
60.0 	 89 	 517 	 33.0 	 35.0 	 0.029411764705882353 
61.0 	 89 	 517 	 33.0 	 35.0 	 0.029411764705882353 
62.0 	 89 	 516 	 33.0 	 35.0 	 0.029411764705882353 
63.0 	 89 	 516 	 33.0 	 35.0 	 0.029411764705882353 
64.0 	 89 	 516 	 33.0 	 35.0 	 0.029411764705882353 
65.0 	 89 	 516 	 33.0 	 35.0 	 0.029411764705882353 
66.0 	 89 	 516 	 33.0 	 35.0 	 0.029411764705882353 
67.0 	 89 	 517 	 33.0 	 34.0 	 0.014925373134328358 
68.0 	 89 	 517 	 33.0 	 34.0 	 0.014925373134328358 
69.0 	 89 	 517 	 32.0 	 34.0 	 0.030303030303030304 
70.0 	 90 	 517 	 32.0 	 35.0 	 0.04477611940298507 
71.0 	 90 	 517 	 32.599998474121094 	 34.20000076293945 	 0.02395213034569438 
72.0 	 90 	 517 	 33.2340202331543 	 33.23401641845703 	 5.7391453964851296e-08 
73.0 	 90 	 517 	 33.301517486572266 	 34.52445602416992 	 0.018030534237801522 
74.0 	 90 	 517 	 34.79999923706055 	 33.60000228881836 	 0.0175438146414101 
75.0 	 91 	 517 	 33.23401641845703 	 33.941123962402344 	 0.010526327744702309 
76.0 	 91 	 517 	 33.23401641845703 	 33.941123962402344 	 0.010526327744702309 
77.0 	 91 	 517 	 32.52690887451172 	 33.941123962402344 	 0.021276620166577557 
78.0 	 91 	 517 	 32.0 	 35.0 	 0.04477611940298507 
79.0 	 92 	 517 	 32.0 	 35.0 	 0.04477611940298507 
80.0 	 93 	 517 	 32.0 	 35.0 	 0.04477611940298507 
81.0 	 93 	 517 	 32.0 	 35.0 	 0.04477611940298507 
82.0 	 94 	 517 	 32.0 	 34.0 	 0.030303030303030304 
83.0 	 95 	 517 	 32.0 	 34.0 	 0.030303030303030304 
84.0 	 95 	 517 	 31.0 	 34.0 	 0.046153846153846156 
85.0 	 96 	 517 	 32.0 	 34.0 	 0.030303030303030304 
86.0 	 97 	 517 	 33.98823165893555 	 33.09380340576172 	 0.01333335001407153 
87.0 	 99 	 517 	 32.0 	 34.0 	 0.030303030303030304 
88.0 	 100 	 517 	 32.0 	 34.0 	 0.030303030303030304 
89.0 	 101 	 517 	 33.0 	 34.0 	 0.014925373134328358 
90.0 	 103 	 516 	 33.0 	 33.0 	 0.0 
91.0 	 104 	 516 	 32.16304397583008 	 33.535858154296875 	 0.020895542146925433 
92.0 	 106 	 516 	 33.0 	 33.0 	 0.0 
93.0 	 107 	 516 	 32.0 	 32.0 	 0.0 
94.0 	 108 	 516 	 32.0 	 33.0 	 0.015384615384615385 
95.0 	 110 	 517 	 32.0 	 33.0 	 0.015384615384615385 
96.0 	 111 	 517 	 32.0 	 33.0 	 0.015384615384615385 
97.0 	 113 	 516 	 32.64659118652344 	 33.98823165893555 	 0.02013422434578498 
98.0 	 114 	 517 	 33.0 	 35.0 	 0.029411764705882353 
99.0 	 116 	 517 	 33.0 	 35.0 	 0.029411764705882353 
100.0 	 117 	 517 	 33.0 	 36.0 	 0.043478260869565216 
101.0 	 119 	 517 	 33.0 	 35.0 	 0.029411764705882353 
102.0 	 120 	 517 	 33.941123962402344 	 33.941123962402344 	 0.0 
103.0 	 122 	 516 	 33.0 	 35.0 	 0.029411764705882353 
104.0 	 123 	 516 	 33.0 	 34.0 	 0.014925373134328358 
105.0 	 125 	 517 	 33.0 	 33.0 	 0.0 
106.0 	 126 	 516 	 32.0 	 33.0 	 0.015384615384615385 
107.0 	 128 	 516 	 32.0 	 32.0 	 0.0 
108.0 	 130 	 516 	 32.0 	 32.0 	 0.0 
109.0 	 132 	 516 	 32.0 	 32.0 	 0.0 
110.0 	 134 	 516 	 32.0 	 32.0 	 0.0 
111.0 	 135 	 516 	 32.0 	 33.0 	 0.015384615384615385 
112.0 	 137 	 516 	 31.819805145263672 	 32.52690887451172 	 0.010988964083398818 
113.0 	 139 	 516 	 32.526912689208984 	 33.23401641845703 	 0.010752642014688582 
114.0 	 140 	 516 	 32.0 	 34.0 	 0.030303030303030304 
115.0 	 142 	 517 	 31.0 	 35.0 	 0.06060606060606061 
116.0 	 145 	 516 	 31.0 	 35.0 	 0.06060606060606061 
117.0 	 147 	 516 	 31.0 	 32.0 	 0.015873015873015872 
118.0 	 149 	 516 	 32.0 	 33.0 	 0.015384615384615385 
119.0 	 150 	 516 	 33.0 	 34.0 	 0.014925373134328358 
120.0 	 152 	 516 	 33.0 	 34.0 	 0.014925373134328358 
121.0 	 154 	 516 	 33.0 	 34.0 	 0.014925373134328358 
122.0 	 156 	 516 	 33.0 	 34.0 	 0.014925373134328358 
123.0 	 157 	 517 	 33.0 	 34.0 	 0.014925373134328358 
124.0 	 159 	 517 	 33.0 	 35.0 	 0.029411764705882353 
125.0 	 161 	 517 	 33.0 	 35.0 	 0.029411764705882353 
126.0 	 163 	 517 	 33.0 	 34.0 	 0.014925373134328358 
127.0 	 165 	 516 	 34.0 	 34.0 	 0.0 
128.0 	 167 	 516 	 34.0 	 35.0 	 0.014492753623188406 
129.0 	 169 	 516 	 34.0 	 34.0 	 0.0 
130.0 	 171 	 516 	 34.0 	 35.0 	 0.014492753623188406 
131.0 	 173 	 516 	 33.0 	 34.0 	 0.014925373134328358 
132.0 	 175 	 516 	 34.0 	 33.0 	 0.014925373134328358 
133.0 	 177 	 516 	 33.0 	 34.0 	 0.014925373134328358 
134.0 	 179 	 516 	 33.0 	 33.0 	 0.0 
135.0 	 181 	 516 	 33.0 	 33.0 	 0.0 
136.0 	 183 	 516 	 33.0 	 33.0 	 0.0 
137.0 	 185 	 516 	 33.0 	 33.0 	 0.0 
138.0 	 187 	 516 	 33.0 	 34.0 	 0.014925373134328358 
139.0 	 189 	 516 	 32.0 	 33.0 	 0.015384615384615385 
140.0 	 191 	 516 	 33.0 	 33.0 	 0.0 
141.0 	 193 	 516 	 33.0 	 33.0 	 0.0 
142.0 	 195 	 516 	 33.0 	 33.0 	 0.0 
143.0 	 197 	 516 	 33.0 	 32.0 	 0.015384615384615385 
144.0 	 200 	 516 	 33.0 	 33.0 	 0.0 
145.0 	 202 	 516 	 33.0 	 33.0 	 0.0 
146.0 	 204 	 516 	 33.0 	 33.0 	 0.0 
147.0 	 206 	 516 	 31.0 	 33.0 	 0.03125 
148.0 	 208 	 516 	 31.0 	 33.0 	 0.03125 
149.0 	 210 	 516 	 31.0 	 33.0 	 0.03125 
150.0 	 212 	 516 	 31.0 	 34.0 	 0.046153846153846156 
151.0 	 214 	 516 	 31.0 	 33.0 	 0.03125 
152.0 	 216 	 516 	 31.0 	 33.0 	 0.03125 
153.0 	 218 	 516 	 31.0 	 34.0 	 0.046153846153846156 
154.0 	 220 	 516 	 31.0 	 34.0 	 0.046153846153846156 
155.0 	 222 	 516 	 31.0 	 33.0 	 0.03125 
156.0 	 225 	 516 	 33.73197555541992 	 31.966930389404297 	 0.026865670601850803 
157.0 	 227 	 516 	 32.0 	 34.0 	 0.030303030303030304 
158.0 	 229 	 516 	 32.0 	 33.0 	 0.015384615384615385 
159.0 	 231 	 516 	 32.0 	 34.0 	 0.030303030303030304 
160.0 	 233 	 516 	 32.0 	 34.0 	 0.030303030303030304 
161.0 	 235 	 516 	 34.440059661865234 	 31.772165298461914 	 0.04029307827975667 
162.0 	 237 	 516 	 32.0 	 34.0 	 0.030303030303030304 
163.0 	 239 	 516 	 34.03059005737305 	 31.893404006958008 	 0.03241894064139218 
164.0 	 242 	 516 	 32.0 	 34.0 	 0.030303030303030304 
165.0 	 244 	 516 	 30.0 	 33.0 	 0.047619047619047616 
166.0 	 246 	 516 	 31.0 	 33.0 	 0.03125 
167.0 	 248 	 516 	 32.0 	 33.0 	 0.015384615384615385 
168.0 	 250 	 516 	 34.440059661865234 	 31.529630661010742 	 0.04411766959356572 
169.0 	 252 	 516 	 32.0 	 34.0 	 0.030303030303030304 
170.0 	 255 	 516 	 31.0 	 33.0 	 0.03125 
171.0 	 257 	 516 	 32.0 	 33.0 	 0.015384615384615385 
172.0 	 259 	 516 	 32.0 	 33.0 	 0.015384615384615385 
173.0 	 262 	 516 	 31.0 	 34.0 	 0.046153846153846156 
174.0 	 264 	 516 	 31.0 	 33.0 	 0.03125 
175.0 	 266 	 516 	 31.0 	 33.0 	 0.03125 
176.0 	 268 	 516 	 32.0 	 34.0 	 0.030303030303030304 
177.0 	 271 	 516 	 32.0 	 33.0 	 0.015384615384615385 
178.0 	 273 	 516 	 32.0 	 33.0 	 0.015384615384615385 
179.0 	 275 	 516 	 31.0 	 33.0 	 0.03125 
180.0 	 278 	 516 	 32.0 	 34.0 	 0.030303030303030304 
181.0 	 280 	 516 	 31.0 	 35.0 	 0.06060606060606061 
182.0 	 283 	 516 	 31.0 	 34.0 	 0.046153846153846156 
183.0 	 285 	 516 	 31.0 	 33.0 	 0.03125 
184.0 	 287 	 516 	 32.0 	 33.0 	 0.015384615384615385 
185.0 	 289 	 516 	 32.0 	 34.0 	 0.030303030303030304 
186.0 	 292 	 516 	 32.057804107666016 	 34.85258483886719 	 0.04176901039141212 
187.0 	 294 	 516 	 31.0 	 33.0 	 0.03125 
188.0 	 296 	 516 	 32.0 	 34.0 	 0.030303030303030304 
189.0 	 298 	 516 	 31.0 	 34.0 	 0.046153846153846156 
190.0 	 301 	 516 	 31.0 	 35.0 	 0.06060606060606061 
191.0 	 303 	 516 	 31.0 	 35.0 	 0.06060606060606061 
192.0 	 305 	 516 	 31.0 	 35.0 	 0.06060606060606061 
193.0 	 308 	 516 	 32.0 	 35.0 	 0.04477611940298507 
194.0 	 310 	 516 	 32.0 	 35.0 	 0.04477611940298507 
195.0 	 312 	 516 	 31.0 	 35.0 	 0.06060606060606061 
196.0 	 315 	 516 	 32.0 	 35.0 	 0.04477611940298507 
197.0 	 317 	 516 	 31.0 	 34.0 	 0.046153846153846156 
198.0 	 319 	 516 	 31.0 	 34.0 	 0.046153846153846156 
199.0 	 322 	 516 	 32.0 	 34.0 	 0.030303030303030304 
200.0 	 324 	 516 	 31.0 	 34.0 	 0.046153846153846156 
201.0 	 327 	 516 	 32.0 	 34.0 	 0.030303030303030304 
202.0 	 329 	 516 	 32.0 	 34.0 	 0.030303030303030304 
203.0 	 332 	 516 	 32.0 	 34.0 	 0.030303030303030304 
204.0 	 334 	 516 	 32.0 	 34.0 	 0.030303030303030304 
205.0 	 336 	 516 	 31.0 	 34.0 	 0.046153846153846156 
206.0 	 338 	 516 	 31.0 	 34.0 	 0.046153846153846156 
207.0 	 340 	 516 	 31.0 	 34.0 	 0.046153846153846156 
208.0 	 343 	 515 	 31.0 	 35.0 	 0.06060606060606061 
209.0 	 345 	 516 	 32.0 	 34.0 	 0.030303030303030304 
210.0 	 348 	 516 	 32.0 	 34.0 	 0.030303030303030304 
211.0 	 350 	 516 	 32.0 	 33.0 	 0.015384615384615385 
212.0 	 352 	 516 	 31.0 	 34.0 	 0.046153846153846156 
213.0 	 355 	 516 	 31.0 	 35.0 	 0.06060606060606061 
214.0 	 357 	 516 	 31.0 	 34.0 	 0.046153846153846156 
215.0 	 359 	 515 	 32.0 	 34.0 	 0.030303030303030304 
216.0 	 362 	 516 	 31.0 	 34.0 	 0.046153846153846156 
217.0 	 364 	 516 	 31.0 	 34.0 	 0.046153846153846156 
218.0 	 367 	 516 	 31.0 	 34.0 	 0.046153846153846156 
219.0 	 369 	 516 	 31.0 	 35.0 	 0.06060606060606061 
220.0 	 372 	 516 	 31.0 	 35.0 	 0.06060606060606061 
221.0 	 374 	 516 	 31.0 	 35.0 	 0.06060606060606061 
222.0 	 377 	 516 	 31.0 	 35.0 	 0.06060606060606061 
223.0 	 379 	 515 	 32.0 	 35.0 	 0.04477611940298507 
224.0 	 381 	 516 	 31.0 	 34.0 	 0.046153846153846156 
225.0 	 384 	 516 	 34.0 	 32.0 	 0.030303030303030304 
226.0 	 386 	 515 	 32.0 	 34.0 	 0.030303030303030304 
227.0 	 388 	 515 	 32.0 	 35.0 	 0.04477611940298507 
228.0 	 391 	 515 	 32.0 	 35.0 	 0.04477611940298507 
229.0 	 393 	 515 	 32.0 	 36.0 	 0.058823529411764705 
230.0 	 395 	 516 	 31.0 	 35.0 	 0.06060606060606061 
231.0 	 398 	 515 	 35.0 	 32.0 	 0.04477611940298507 
232.0 	 400 	 516 	 34.0 	 32.0 	 0.030303030303030304 
233.0 	 403 	 515 	 31.0 	 35.0 	 0.06060606060606061 
234.0 	 405 	 515 	 31.0 	 35.0 	 0.06060606060606061 
235.0 	 408 	 515 	 31.0 	 35.0 	 0.06060606060606061 
236.0 	 410 	 515 	 31.0 	 35.0 	 0.06060606060606061 
237.0 	 412 	 515 	 31.0 	 34.0 	 0.046153846153846156 
238.0 	 415 	 515 	 31.0 	 34.0 	 0.046153846153846156 
239.0 	 417 	 515 	 31.0 	 35.0 	 0.06060606060606061 
240.0 	 419 	 515 	 31.0 	 35.0 	 0.06060606060606061 
241.0 	 422 	 515 	 35.0 	 32.0 	 0.04477611940298507 
242.0 	 424 	 515 	 32.0 	 35.0 	 0.04477611940298507 
243.0 	 427 	 515 	 32.0 	 35.0 	 0.04477611940298507 
244.0 	 429 	 515 	 32.0 	 35.0 	 0.04477611940298507 
245.0 	 431 	 515 	 32.0 	 34.0 	 0.030303030303030304 
246.0 	 433 	 515 	 32.0 	 34.0 	 0.030303030303030304 
247.0 	 436 	 515 	 34.0 	 32.0 	 0.030303030303030304 
248.0 	 439 	 515 	 35.0 	 32.0 	 0.04477611940298507 
249.0 	 441 	 515 	 32.25522994995117 	 35.73373031616211 	 0.05116272336855656 
250.0 	 444 	 515 	 31.0 	 35.0 	 0.06060606060606061 
251.0 	 446 	 515 	 31.0 	 35.0 	 0.06060606060606061 
252.0 	 448 	 515 	 31.0 	 35.0 	 0.06060606060606061 
253.0 	 451 	 515 	 31.0 	 35.0 	 0.06060606060606061 
254.0 	 453 	 515 	 31.0 	 34.0 	 0.046153846153846156 
255.0 	 455 	 515 	 31.0 	 34.0 	 0.046153846153846156 
256.0 	 458 	 515 	 31.0 	 34.0 	 0.046153846153846156 
257.0 	 460 	 515 	 30.0 	 34.0 	 0.0625 
258.0 	 462 	 516 	 31.0 	 34.0 	 0.046153846153846156 
259.0 	 464 	 515 	 32.0 	 34.0 	 0.030303030303030304 
260.0 	 467 	 515 	 32.0 	 34.0 	 0.030303030303030304 
261.0 	 469 	 515 	 32.0 	 34.0 	 0.030303030303030304 
262.0 	 471 	 515 	 35.1642951965332 	 31.45556640625 	 0.055670016434382116 
263.0 	 474 	 515 	 34.435447692871094 	 31.304948806762695 	 0.04761910564573241 
264.0 	 477 	 515 	 34.882659912109375 	 31.304948806762695 	 0.05405409221751453 
265.0 	 479 	 516 	 31.0 	 34.0 	 0.046153846153846156 
266.0 	 481 	 516 	 31.0 	 35.0 	 0.06060606060606061 
267.0 	 484 	 515 	 34.3203239440918 	 30.986351013183594 	 0.051051028598368214 
268.0 	 486 	 515 	 31.0 	 34.0 	 0.046153846153846156 
269.0 	 488 	 515 	 31.0 	 34.0 	 0.046153846153846156 
270.0 	 490 	 515 	 29.0 	 34.0 	 0.07936507936507936 
271.0 	 493 	 516 	 29.0 	 34.0 	 0.07936507936507936 
272.0 	 495 	 516 	 30.0 	 34.0 	 0.0625 
273.0 	 498 	 515 	 30.0 	 34.0 	 0.0625 
274.0 	 500 	 515 	 30.0 	 35.0 	 0.07692307692307693 
275.0 	 502 	 515 	 30.0 	 34.0 	 0.0625 
276.0 	 505 	 515 	 30.0 	 35.0 	 0.07692307692307693 
277.0 	 507 	 515 	 30.0 	 35.0 	 0.07692307692307693 
278.0 	 509 	 515 	 30.0 	 34.0 	 0.0625 
279.0 	 511 	 515 	 30.0 	 35.0 	 0.07692307692307693 
280.0 	 514 	 515 	 30.0 	 35.0 	 0.07692307692307693 
281.0 	 516 	 515 	 30.0 	 35.0 	 0.07692307692307693 
282.0 	 519 	 515 	 30.0 	 35.0 	 0.07692307692307693 
283.0 	 521 	 515 	 30.0 	 34.0 	 0.0625 
284.0 	 523 	 515 	 30.0 	 34.0 	 0.0625 
285.0 	 525 	 515 	 30.0 	 34.0 	 0.0625 
286.0 	 528 	 515 	 30.0 	 34.0 	 0.0625 
287.0 	 530 	 515 	 30.0 	 34.0 	 0.0625 
288.0 	 533 	 515 	 30.0 	 35.0 	 0.07692307692307693 
289.0 	 535 	 515 	 30.0 	 36.0 	 0.09090909090909091 
290.0 	 537 	 515 	 30.0 	 35.0 	 0.07692307692307693 
291.0 	 540 	 515 	 30.0 	 35.0 	 0.07692307692307693 
292.0 	 542 	 515 	 30.0 	 34.0 	 0.0625 
293.0 	 544 	 515 	 30.0 	 34.0 	 0.0625 
294.0 	 547 	 515 	 30.0 	 35.0 	 0.07692307692307693 
295.0 	 549 	 515 	 31.0 	 35.0 	 0.06060606060606061 
296.0 	 551 	 515 	 30.0 	 35.0 	 0.07692307692307693 
297.0 	 554 	 515 	 30.0 	 35.0 	 0.07692307692307693 
298.0 	 556 	 515 	 30.0 	 35.0 	 0.07692307692307693 
299.0 	 558 	 515 	 30.0 	 35.0 	 0.07692307692307693 
300.0 	 560 	 515 	 30.0 	 35.0 	 0.07692307692307693 
301.0 	 563 	 516 	 34.0 	 31.0 	 0.046153846153846156 
302.0 	 565 	 515 	 31.0 	 34.0 	 0.046153846153846156 
303.0 	 567 	 516 	 30.0 	 33.0 	 0.047619047619047616 
304.0 	 570 	 516 	 29.0 	 34.0 	 0.07936507936507936 
305.0 	 572 	 516 	 30.0 	 34.0 	 0.0625 
306.0 	 574 	 516 	 30.26447296142578 	 33.61341094970703 	 0.0524271904958578 
307.0 	 576 	 516 	 30.074417114257812 	 34.68259048461914 	 0.07116099926830537 
308.0 	 578 	 516 	 30.0 	 34.0 	 0.0625 
309.0 	 581 	 516 	 30.55948829650879 	 34.92512893676758 	 0.06666665889955549 
310.0 	 583 	 516 	 30.802024841308594 	 34.440059661865234 	 0.0557620874357511 
311.0 	 585 	 515 	 31.044557571411133 	 34.68259048461914 	 0.0553505365865974 
312.0 	 587 	 516 	 30.0 	 34.0 	 0.0625 
313.0 	 590 	 516 	 30.0 	 34.0 	 0.0625 
314.0 	 592 	 516 	 30.0 	 33.0 	 0.047619047619047616 
315.0 	 594 	 515 	 30.0 	 33.0 	 0.047619047619047616 
316.0 	 596 	 515 	 30.0 	 33.0 	 0.047619047619047616 
317.0 	 599 	 516 	 30.0 	 34.0 	 0.0625 
318.0 	 601 	 515 	 30.0 	 34.0 	 0.0625 
319.0 	 604 	 515 	 34.46882247924805 	 31.30654525756836 	 0.04807692196161859 
320.0 	 605 	 515 	 35.558956146240234 	 30.47910499572754 	 0.07692308136654856 
321.0 	 608 	 515 	 31.0 	 34.0 	 0.046153846153846156 
322.0 	 610 	 515 	 30.0 	 34.0 	 0.0625 
323.0 	 613 	 515 	 30.0 	 34.0 	 0.0625 
324.0 	 615 	 515 	 30.0 	 34.0 	 0.0625 
325.0 	 617 	 515 	 31.0 	 33.0 	 0.03125 
326.0 	 619 	 515 	 33.535858154296875 	 31.18246841430664 	 0.036363575277175396 
327.0 	 621 	 515 	 31.0 	 34.0 	 0.046153846153846156 
328.0 	 624 	 515 	 31.0 	 34.0 	 0.046153846153846156 
329.0 	 626 	 515 	 30.0 	 33.0 	 0.047619047619047616 
330.0 	 628 	 515 	 30.0 	 35.0 	 0.07692307692307693 
331.0 	 630 	 515 	 30.0 	 35.0 	 0.07692307692307693 
332.0 	 632 	 515 	 30.0 	 35.0 	 0.07692307692307693 
333.0 	 635 	 515 	 30.0 	 34.0 	 0.0625 
334.0 	 637 	 515 	 30.0 	 34.0 	 0.0625 
335.0 	 639 	 515 	 30.0 	 34.0 	 0.0625 
336.0 	 641 	 515 	 30.0 	 33.0 	 0.047619047619047616 
337.0 	 643 	 515 	 30.0 	 34.0 	 0.0625 
338.0 	 646 	 515 	 30.0 	 35.0 	 0.07692307692307693 
339.0 	 648 	 515 	 30.0 	 35.0 	 0.07692307692307693 
340.0 	 650 	 515 	 34.71255874633789 	 30.986351013183594 	 0.05671643177631684 
341.0 	 652 	 515 	 34.05897521972656 	 30.898862838745117 	 0.0486486692820176 
342.0 	 654 	 515 	 33.98823165893555 	 31.304948806762695 	 0.041095912820214256 
343.0 	 657 	 515 	 31.0 	 35.0 	 0.06060606060606061 
344.0 	 659 	 515 	 31.0 	 35.0 	 0.06060606060606061 
345.0 	 661 	 515 	 31.0 	 35.0 	 0.06060606060606061 
346.0 	 663 	 515 	 35.16766357421875 	 30.55948829650879 	 0.07011067947647177 
347.0 	 665 	 515 	 31.0 	 34.0 	 0.046153846153846156 
348.0 	 668 	 515 	 31.0 	 35.0 	 0.06060606060606061 
349.0 	 669 	 515 	 31.0 	 34.0 	 0.046153846153846156 
350.0 	 671 	 515 	 31.0 	 34.0 	 0.046153846153846156 
351.0 	 674 	 515 	 32.0 	 34.0 	 0.030303030303030304 
352.0 	 676 	 515 	 31.0 	 35.0 	 0.06060606060606061 
353.0 	 678 	 515 	 31.0 	 34.0 	 0.046153846153846156 
354.0 	 680 	 515 	 31.0 	 34.0 	 0.046153846153846156 
355.0 	 682 	 515 	 30.0 	 34.0 	 0.0625 
356.0 	 684 	 515 	 30.0 	 34.0 	 0.0625 
357.0 	 687 	 515 	 32.64659118652344 	 32.64659118652344 	 0.0 
358.0 	 689 	 516 	 32.82946014404297 	 31.95530128479004 	 0.013493278974457686 
359.0 	 691 	 515 	 33.67902755737305 	 32.01261520385742 	 0.025367189546051345 
360.0 	 693 	 516 	 33.941123962402344 	 31.11269760131836 	 0.043478250671461625 
361.0 	 695 	 515 	 34.435447692871094 	 31.304948806762695 	 0.04761910564573241 
362.0 	 698 	 515 	 34.712554931640625 	 30.986351013183594 	 0.0567163770061316 
363.0 	 700 	 515 	 31.0 	 34.0 	 0.046153846153846156 
364.0 	 702 	 515 	 30.0 	 33.0 	 0.047619047619047616 
365.0 	 704 	 515 	 30.0 	 34.0 	 0.0625 
366.0 	 706 	 515 	 30.0 	 34.0 	 0.0625 
367.0 	 709 	 516 	 34.69231414794922 	 30.000003814697266 	 0.07253272847575666 
368.0 	 711 	 515 	 34.2709846496582 	 30.069177627563477 	 0.06530613031391577 
369.0 	 713 	 515 	 35.449851989746094 	 30.203004837036133 	 0.07991803260828671 
370.0 	 715 	 515 	 31.0 	 35.0 	 0.06060606060606061 
371.0 	 717 	 515 	 30.0 	 35.0 	 0.07692307692307693 
372.0 	 720 	 515 	 34.0 	 31.0 	 0.046153846153846156 
373.0 	 722 	 515 	 30.0 	 35.0 	 0.07692307692307693 
374.0 	 724 	 515 	 30.8846492767334 	 35.101829528808594 	 0.06390976346082901 
375.0 	 727 	 516 	 31.0 	 34.0 	 0.046153846153846156 
376.0 	 729 	 516 	 31.0 	 34.0 	 0.046153846153846156 
377.0 	 731 	 516 	 31.0 	 34.0 	 0.046153846153846156 
378.0 	 733 	 516 	 31.0 	 34.0 	 0.046153846153846156 
379.0 	 735 	 515 	 31.0 	 33.0 	 0.03125 
380.0 	 737 	 515 	 31.0 	 34.0 	 0.046153846153846156 
381.0 	 739 	 515 	 31.0 	 35.0 	 0.06060606060606061 
382.0 	 741 	 515 	 31.0 	 35.0 	 0.06060606060606061 
383.0 	 743 	 515 	 31.0 	 35.0 	 0.06060606060606061 
384.0 	 745 	 515 	 31.0 	 35.0 	 0.06060606060606061 
385.0 	 747 	 515 	 31.0 	 34.0 	 0.046153846153846156 
386.0 	 750 	 515 	 31.0 	 35.0 	 0.06060606060606061 
387.0 	 752 	 515 	 32.199378967285156 	 34.435447692871094 	 0.03355705773784171 
388.0 	 754 	 515 	 31.0 	 36.0 	 0.07462686567164178 
389.0 	 756 	 515 	 31.0 	 36.0 	 0.07462686567164178 
390.0 	 759 	 515 	 31.0 	 34.0 	 0.046153846153846156 
391.0 	 761 	 515 	 31.0 	 35.0 	 0.06060606060606061 
392.0 	 763 	 515 	 31.0 	 35.0 	 0.06060606060606061 
393.0 	 765 	 515 	 31.0 	 35.0 	 0.06060606060606061 
394.0 	 767 	 515 	 31.0 	 35.0 	 0.06060606060606061 
395.0 	 769 	 515 	 31.0 	 34.0 	 0.046153846153846156 
396.0 	 772 	 515 	 31.0 	 34.0 	 0.046153846153846156 
397.0 	 774 	 515 	 31.0 	 35.0 	 0.06060606060606061 
398.0 	 776 	 515 	 31.0 	 35.0 	 0.06060606060606061 
399.0 	 778 	 515 	 31.0 	 35.0 	 0.06060606060606061 
400.0 	 780 	 515 	 31.0 	 35.0 	 0.06060606060606061 
401.0 	 782 	 515 	 31.0 	 34.0 	 0.046153846153846156 
402.0 	 784 	 515 	 31.0 	 34.0 	 0.046153846153846156 
403.0 	 787 	 515 	 31.0 	 34.0 	 0.046153846153846156 
404.0 	 789 	 515 	 31.0 	 35.0 	 0.06060606060606061 
405.0 	 791 	 515 	 31.0 	 34.0 	 0.046153846153846156 
406.0 	 793 	 515 	 31.0 	 34.0 	 0.046153846153846156 
407.0 	 796 	 515 	 31.0 	 35.0 	 0.06060606060606061 
408.0 	 798 	 515 	 31.0 	 34.0 	 0.046153846153846156 
409.0 	 800 	 515 	 32.0 	 34.0 	 0.030303030303030304 
410.0 	 802 	 515 	 32.0 	 34.0 	 0.030303030303030304 
411.0 	 804 	 515 	 32.0 	 34.0 	 0.030303030303030304 
412.0 	 807 	 515 	 32.0 	 35.0 	 0.04477611940298507 
413.0 	 809 	 515 	 34.92512893676758 	 31.529630661010742 	 0.05109488464495705 
414.0 	 811 	 515 	 31.0 	 35.0 	 0.06060606060606061 
415.0 	 813 	 515 	 31.0 	 35.0 	 0.06060606060606061 
416.0 	 815 	 515 	 31.0 	 34.0 	 0.046153846153846156 
417.0 	 818 	 515 	 31.0 	 34.0 	 0.046153846153846156 
418.0 	 820 	 515 	 31.0 	 35.0 	 0.06060606060606061 
419.0 	 822 	 515 	 31.0 	 34.0 	 0.046153846153846156 
420.0 	 824 	 515 	 31.0 	 34.0 	 0.046153846153846156 
421.0 	 826 	 515 	 35.01698303222656 	 30.742610931396484 	 0.0649999770861508 
422.0 	 828 	 515 	 35.49676513671875 	 30.405593872070312 	 0.07725324770194424 
423.0 	 830 	 515 	 31.0 	 34.0 	 0.046153846153846156 
424.0 	 833 	 515 	 35.21391677856445 	 30.68843650817871 	 0.06866947908059123 
425.0 	 835 	 515 	 30.0 	 35.0 	 0.07692307692307693 
426.0 	 837 	 515 	 30.0 	 34.0 	 0.0625 
427.0 	 840 	 515 	 30.0 	 35.0 	 0.07692307692307693 
428.0 	 842 	 515 	 30.0 	 35.0 	 0.07692307692307693 
429.0 	 844 	 515 	 30.0 	 35.0 	 0.07692307692307693 
430.0 	 846 	 515 	 32.0 	 34.0 	 0.030303030303030304 
431.0 	 848 	 515 	 30.0 	 33.0 	 0.047619047619047616 
432.0 	 850 	 515 	 30.0 	 34.0 	 0.0625 
433.0 	 853 	 516 	 31.0 	 34.0 	 0.046153846153846156 
434.0 	 855 	 516 	 31.0 	 34.0 	 0.046153846153846156 
435.0 	 857 	 516 	 30.0 	 34.0 	 0.0625 
436.0 	 859 	 516 	 30.0 	 35.0 	 0.07692307692307693 
437.0 	 861 	 516 	 30.594118118286133 	 34.124210357666016 	 0.05454547919437667 
438.0 	 864 	 516 	 30.0 	 34.0 	 0.0625 
439.0 	 866 	 516 	 30.0 	 34.0 	 0.0625 
440.0 	 868 	 516 	 30.0 	 34.0 	 0.0625 
441.0 	 870 	 516 	 30.0 	 34.0 	 0.0625 
442.0 	 872 	 516 	 31.0 	 34.0 	 0.046153846153846156 
443.0 	 875 	 516 	 30.0 	 34.0 	 0.0625 
444.0 	 877 	 516 	 30.0 	 34.0 	 0.0625 
445.0 	 879 	 516 	 30.0 	 34.0 	 0.0625 
446.0 	 882 	 516 	 30.0 	 34.0 	 0.0625 
447.0 	 884 	 516 	 30.0 	 35.0 	 0.07692307692307693 
448.0 	 886 	 516 	 30.857736587524414 	 34.882659912109375 	 0.06122450637497116 
449.0 	 888 	 516 	 30.0 	 34.0 	 0.0625 
450.0 	 890 	 516 	 34.0 	 31.0 	 0.046153846153846156 
451.0 	 893 	 515 	 31.0 	 34.0 	 0.046153846153846156 
452.0 	 894 	 515 	 31.0 	 33.0 	 0.03125 
453.0 	 897 	 515 	 31.0 	 34.0 	 0.046153846153846156 
454.0 	 899 	 515 	 31.0 	 33.0 	 0.03125 
455.0 	 901 	 515 	 31.0 	 34.0 	 0.046153846153846156 
456.0 	 904 	 515 	 31.0 	 34.0 	 0.046153846153846156 
457.0 	 906 	 515 	 33.23401641845703 	 32.52690887451172 	 0.010752700647004391 
458.0 	 908 	 515 	 33.23401641845703 	 33.23401641845703 	 0.0 
459.0 	 910 	 515 	 32.0 	 33.0 	 0.015384615384615385 
460.0 	 912 	 515 	 32.0 	 33.0 	 0.015384615384615385 
461.0 	 914 	 515 	 32.0 	 34.0 	 0.030303030303030304 
462.0 	 917 	 515 	 33.941123962402344 	 31.819805145263672 	 0.03225804206119985 
463.0 	 919 	 515 	 33.941123962402344 	 32.526912689208984 	 0.021276561554027424 
464.0 	 921 	 515 	 33.23401641845703 	 31.819805145263672 	 0.02173909601618298 
465.0 	 923 	 515 	 33.941123962402344 	 31.819805145263672 	 0.03225804206119985 
466.0 	 926 	 515 	 33.23401641845703 	 32.52690887451172 	 0.010752700647004391 
467.0 	 928 	 515 	 32.0 	 34.0 	 0.030303030303030304 
468.0 	 930 	 515 	 32.0 	 34.0 	 0.030303030303030304 
469.0 	 932 	 515 	 31.772165298461914 	 35.16766357421875 	 0.05072463334519517 
470.0 	 934 	 515 	 32.0 	 34.0 	 0.030303030303030304 
471.0 	 937 	 515 	 32.0 	 34.0 	 0.030303030303030304 
472.0 	 939 	 515 	 32.526912689208984 	 33.941123962402344 	 0.021276561554027424 
473.0 	 941 	 515 	 32.52690887451172 	 33.941123962402344 	 0.021276620166577557 
474.0 	 943 	 515 	 34.0 	 32.0 	 0.030303030303030304 
475.0 	 946 	 515 	 34.995304107666016 	 31.952234268188477 	 0.045454544159536446 
476.0 	 948 	 515 	 34.435447692871094 	 32.199378967285156 	 0.03355705773784171 
477.0 	 950 	 515 	 34.0 	 32.0 	 0.030303030303030304 
478.0 	 952 	 515 	 33.98823165893555 	 31.75216293334961 	 0.03401361886331524 
479.0 	 955 	 516 	 32.0 	 33.0 	 0.015384615384615385 
480.0 	 957 	 516 	 31.819805145263672 	 33.941123962402344 	 0.03225804206119985 
481.0 	 959 	 516 	 32.0 	 34.0 	 0.030303030303030304 
482.0 	 962 	 516 	 35.329872131347656 	 31.752164840698242 	 0.05333331324062653 
483.0 	 964 	 516 	 35.9180908203125 	 31.531784057617188 	 0.06503061377999025 
484.0 	 966 	 516 	 32.0 	 35.0 	 0.04477611940298507 
485.0 	 968 	 516 	 32.0 	 35.0 	 0.04477611940298507 
486.0 	 971 	 516 	 35.10127639770508 	 31.622774124145508 	 0.052132660507779593 
487.0 	 973 	 516 	 34.78504943847656 	 31.939001083374023 	 0.04265401055306923 
488.0 	 975 	 515 	 33.541019439697266 	 32.199378967285156 	 0.020408158528434032 
489.0 	 977 	 515 	 32.199378967285156 	 33.541019439697266 	 0.020408158528434032 
490.0 	 980 	 515 	 31.75216293334961 	 33.541019439697266 	 0.02739729388785465 
491.0 	 982 	 515 	 31.0 	 34.0 	 0.046153846153846156 
492.0 	 985 	 515 	 32.0 	 35.0 	 0.04477611940298507 
493.0 	 987 	 515 	 31.0 	 33.0 	 0.03125 
494.0 	 989 	 515 	 34.152591705322266 	 30.990318298339844 	 0.04854363133001964 
495.0 	 992 	 515 	 30.0 	 35.0 	 0.07692307692307693 
496.0 	 994 	 515 	 30.0 	 34.0 	 0.0625 
497.0 	 997 	 515 	 34.435447692871094 	 31.752164840698242 	 0.04054055962226968 
498.0 	 999 	 515 	 34.527137756347656 	 31.71815299987793 	 0.04240278402288912 
499.0 	 1001 	 515 	 33.83636474609375 	 31.30654525756836 	 0.03883491677579606 
500.0 	 1004 	 515 	 31.0 	 35.0 	 0.06060606060606061 
501.0 	 1006 	 515 	 31.0 	 34.0 	 0.046153846153846156 
502.0 	 1008 	 515 	 31.0 	 33.0 	 0.03125 
503.0 	 1010 	 515 	 31.0 	 34.0 	 0.046153846153846156 
504.0 	 1013 	 515 	 31.0 	 34.0 	 0.046153846153846156 
505.0 	 1015 	 516 	 32.0 	 34.0 	 0.030303030303030304 
506.0 	 1017 	 516 	 31.0 	 34.0 	 0.046153846153846156 
507.0 	 1020 	 515 	 31.0 	 35.0 	 0.06060606060606061 
508.0 	 1022 	 515 	 31.0 	 33.0 	 0.03125 
509.0 	 1024 	 515 	 31.0 	 34.0 	 0.046153846153846156 
510.0 	 1027 	 515 	 31.0 	 35.0 	 0.06060606060606061 
511.0 	 1029 	 515 	 31.0 	 34.0 	 0.046153846153846156 
512.0 	 1032 	 515 	 31.0 	 34.0 	 0.046153846153846156 
513.0 	 1034 	 515 	 31.0 	 35.0 	 0.06060606060606061 
514.0 	 1036 	 515 	 31.0 	 35.0 	 0.06060606060606061 
515.0 	 1039 	 515 	 31.0 	 34.0 	 0.046153846153846156 
516.0 	 1041 	 515 	 31.0 	 35.0 	 0.06060606060606061 
517.0 	 1043 	 515 	 31.0 	 34.0 	 0.046153846153846156 
518.0 	 1045 	 516 	 32.0 	 34.0 	 0.030303030303030304 
519.0 	 1048 	 515 	 32.0 	 35.0 	 0.04477611940298507 
520.0 	 1050 	 515 	 32.0 	 36.0 	 0.058823529411764705 
521.0 	 1053 	 515 	 32.0 	 35.0 	 0.04477611940298507 
522.0 	 1055 	 515 	 31.622774124145508 	 35.10127639770508 	 0.052132660507779593 
523.0 	 1057 	 515 	 31.0 	 34.0 	 0.046153846153846156 
524.0 	 1059 	 515 	 31.0 	 35.0 	 0.06060606060606061 
525.0 	 1062 	 515 	 32.0 	 34.0 	 0.030303030303030304 
526.0 	 1064 	 515 	 32.0 	 34.0 	 0.030303030303030304 
527.0 	 1067 	 515 	 31.0 	 35.0 	 0.06060606060606061 
528.0 	 1069 	 515 	 31.0 	 35.0 	 0.06060606060606061 
529.0 	 1071 	 515 	 31.0 	 34.0 	 0.046153846153846156 
530.0 	 1074 	 515 	 31.0 	 35.0 	 0.06060606060606061 
531.0 	 1076 	 515 	 31.0 	 35.0 	 0.06060606060606061 
532.0 	 1079 	 515 	 31.0 	 35.0 	 0.06060606060606061 
533.0 	 1081 	 515 	 31.0 	 35.0 	 0.06060606060606061 
534.0 	 1083 	 515 	 31.0 	 35.0 	 0.06060606060606061 
535.0 	 1085 	 515 	 31.0 	 34.0 	 0.046153846153846156 
536.0 	 1088 	 515 	 31.0 	 35.0 	 0.06060606060606061 
537.0 	 1090 	 515 	 31.0 	 35.0 	 0.06060606060606061 
538.0 	 1092 	 515 	 31.0 	 34.0 	 0.046153846153846156 
539.0 	 1095 	 515 	 31.0 	 35.0 	 0.06060606060606061 
540.0 	 1097 	 515 	 31.0 	 35.0 	 0.06060606060606061 
541.0 	 1099 	 515 	 31.0 	 34.0 	 0.046153846153846156 
542.0 	 1102 	 515 	 31.0 	 34.0 	 0.046153846153846156 
543.0 	 1104 	 515 	 31.0 	 34.0 	 0.046153846153846156 
544.0 	 1106 	 515 	 31.0 	 35.0 	 0.06060606060606061 
545.0 	 1109 	 515 	 31.0 	 35.0 	 0.06060606060606061 
546.0 	 1111 	 515 	 31.0 	 35.0 	 0.06060606060606061 
547.0 	 1113 	 515 	 31.0 	 34.0 	 0.046153846153846156 
548.0 	 1116 	 515 	 31.0 	 34.0 	 0.046153846153846156 
549.0 	 1118 	 515 	 31.0 	 34.0 	 0.046153846153846156 
550.0 	 1120 	 516 	 31.0 	 34.0 	 0.046153846153846156 
551.0 	 1123 	 515 	 31.0 	 35.0 	 0.06060606060606061 
552.0 	 1125 	 515 	 31.0 	 34.0 	 0.046153846153846156 
553.0 	 1127 	 515 	 31.0 	 34.0 	 0.046153846153846156 
554.0 	 1129 	 515 	 31.0 	 34.0 	 0.046153846153846156 
555.0 	 1132 	 515 	 31.0 	 34.0 	 0.046153846153846156 
556.0 	 1134 	 515 	 31.0 	 34.0 	 0.046153846153846156 
557.0 	 1137 	 515 	 31.0 	 34.0 	 0.046153846153846156 
558.0 	 1139 	 515 	 31.0 	 34.0 	 0.046153846153846156 
559.0 	 1141 	 515 	 31.0 	 35.0 	 0.06060606060606061 
560.0 	 1144 	 515 	 31.0 	 36.0 	 0.07462686567164178 
561.0 	 1146 	 515 	 31.0 	 35.0 	 0.06060606060606061 
562.0 	 1148 	 515 	 31.0 	 35.0 	 0.06060606060606061 
563.0 	 1150 	 515 	 31.0 	 34.0 	 0.046153846153846156 
564.0 	 1153 	 515 	 31.0 	 34.0 	 0.046153846153846156 
565.0 	 1155 	 515 	 31.0 	 34.0 	 0.046153846153846156 
566.0 	 1157 	 516 	 31.0 	 34.0 	 0.046153846153846156 
567.0 	 1160 	 515 	 31.0 	 33.0 	 0.03125 
568.0 	 1162 	 515 	 31.0 	 35.0 	 0.06060606060606061 
569.0 	 1164 	 515 	 31.0 	 34.0 	 0.046153846153846156 
570.0 	 1167 	 515 	 31.0 	 33.0 	 0.03125 
571.0 	 1169 	 515 	 31.0 	 35.0 	 0.06060606060606061 
572.0 	 1171 	 515 	 31.0 	 34.0 	 0.046153846153846156 
573.0 	 1173 	 515 	 35.03733444213867 	 31.868581771850586 	 0.047361322430041486 
574.0 	 1176 	 515 	 32.0 	 35.0 	 0.04477611940298507 
575.0 	 1178 	 515 	 35.0 	 32.0 	 0.04477611940298507 
576.0 	 1180 	 515 	 34.0 	 32.0 	 0.030303030303030304 
577.0 	 1182 	 515 	 32.0 	 34.0 	 0.030303030303030304 
578.0 	 1185 	 515 	 32.0 	 35.0 	 0.04477611940298507 
579.0 	 1187 	 515 	 32.0 	 35.0 	 0.04477611940298507 
580.0 	 1190 	 515 	 35.77708435058594 	 32.199378967285156 	 0.05263153169017839 
581.0 	 1192 	 515 	 32.0 	 35.0 	 0.04477611940298507 
582.0 	 1194 	 515 	 32.0 	 35.0 	 0.04477611940298507 
583.0 	 1196 	 515 	 33.23401641845703 	 33.23401641845703 	 0.0 
584.0 	 1198 	 515 	 32.0 	 34.0 	 0.030303030303030304 
585.0 	 1201 	 515 	 32.0 	 35.0 	 0.04477611940298507 
586.0 	 1203 	 515 	 32.0 	 35.0 	 0.04477611940298507 
587.0 	 1205 	 515 	 32.0 	 35.0 	 0.04477611940298507 
588.0 	 1207 	 515 	 32.0 	 34.0 	 0.030303030303030304 
589.0 	 1209 	 515 	 32.0 	 34.0 	 0.030303030303030304 
590.0 	 1212 	 515 	 32.0 	 35.0 	 0.04477611940298507 
591.0 	 1214 	 515 	 33.23401641845703 	 33.23401641845703 	 0.0 
592.0 	 1216 	 515 	 32.0 	 35.0 	 0.04477611940298507 
593.0 	 1219 	 515 	 32.0 	 36.0 	 0.058823529411764705 
594.0 	 1221 	 515 	 33.23401641845703 	 34.64822769165039 	 0.020833301723193743 
595.0 	 1223 	 515 	 33.23401641845703 	 34.64822769165039 	 0.020833301723193743 
596.0 	 1225 	 515 	 32.0 	 35.0 	 0.04477611940298507 
597.0 	 1228 	 515 	 32.0 	 35.0 	 0.04477611940298507 
598.0 	 1230 	 515 	 32.0 	 34.0 	 0.030303030303030304 
599.0 	 1232 	 515 	 32.0 	 35.0 	 0.04477611940298507 
600.0 	 1235 	 515 	 32.0 	 35.0 	 0.04477611940298507 
601.0 	 1237 	 515 	 31.0 	 35.0 	 0.06060606060606061 
602.0 	 1239 	 515 	 32.52690887451172 	 33.941123962402344 	 0.021276620166577557 
603.0 	 1241 	 515 	 31.0 	 35.0 	 0.06060606060606061 
604.0 	 1243 	 515 	 32.0 	 35.0 	 0.04477611940298507 
605.0 	 1245 	 515 	 31.0 	 34.0 	 0.046153846153846156 
606.0 	 1248 	 515 	 31.0 	 35.0 	 0.06060606060606061 
607.0 	 1250 	 515 	 35.22346496582031 	 32.4499626159668 	 0.040983624577040724 
608.0 	 1252 	 515 	 32.0 	 35.0 	 0.04477611940298507 
609.0 	 1255 	 515 	 31.0 	 35.0 	 0.06060606060606061 
610.0 	 1257 	 515 	 34.882659912109375 	 31.75216293334961 	 0.04697989497203416 
611.0 	 1259 	 515 	 32.0 	 35.0 	 0.04477611940298507 
612.0 	 1261 	 515 	 31.0 	 35.0 	 0.06060606060606061 
613.0 	 1263 	 515 	 31.0 	 34.0 	 0.046153846153846156 
614.0 	 1266 	 515 	 31.0 	 35.0 	 0.06060606060606061 
615.0 	 1268 	 515 	 32.0 	 35.0 	 0.04477611940298507 
616.0 	 1270 	 515 	 32.0 	 35.0 	 0.04477611940298507 
617.0 	 1272 	 515 	 34.94611358642578 	 32.72731018066406 	 0.03278692405748712 
618.0 	 1275 	 515 	 32.0 	 35.0 	 0.04477611940298507 
619.0 	 1277 	 515 	 32.0 	 35.0 	 0.04477611940298507 
620.0 	 1279 	 515 	 32.0 	 35.0 	 0.04477611940298507 
621.0 	 1281 	 515 	 32.0 	 36.0 	 0.058823529411764705 
622.0 	 1283 	 515 	 32.0 	 36.0 	 0.058823529411764705 
623.0 	 1285 	 515 	 32.0 	 36.0 	 0.058823529411764705 
624.0 	 1287 	 515 	 32.0 	 36.0 	 0.058823529411764705 
625.0 	 1289 	 515 	 31.0 	 35.0 	 0.06060606060606061 
626.0 	 1291 	 515 	 31.0 	 36.0 	 0.07462686567164178 
627.0 	 1293 	 515 	 31.0 	 34.0 	 0.046153846153846156 
628.0 	 1295 	 515 	 31.0 	 34.0 	 0.046153846153846156 
629.0 	 1297 	 515 	 31.0 	 34.0 	 0.046153846153846156 
630.0 	 1300 	 515 	 31.0 	 34.0 	 0.046153846153846156 
631.0 	 1302 	 515 	 32.0 	 35.0 	 0.04477611940298507 
632.0 	 1304 	 515 	 32.0 	 35.0 	 0.04477611940298507 
633.0 	 1306 	 515 	 31.0 	 35.0 	 0.06060606060606061 
634.0 	 1308 	 515 	 30.0 	 35.0 	 0.07692307692307693 
635.0 	 1311 	 515 	 31.704051971435547 	 35.82270431518555 	 0.060992894820360535 
636.0 	 1313 	 515 	 31.0 	 35.0 	 0.06060606060606061 
637.0 	 1315 	 515 	 31.0 	 35.0 	 0.06060606060606061 
638.0 	 1317 	 515 	 31.0 	 35.0 	 0.06060606060606061 
639.0 	 1319 	 515 	 31.0 	 34.0 	 0.046153846153846156 
640.0 	 1321 	 515 	 31.0 	 35.0 	 0.06060606060606061 
641.0 	 1323 	 515 	 32.0 	 34.0 	 0.030303030303030304 
642.0 	 1325 	 515 	 32.0 	 35.0 	 0.04477611940298507 
643.0 	 1328 	 515 	 32.0 	 35.0 	 0.04477611940298507 
644.0 	 1330 	 515 	 32.0 	 35.0 	 0.04477611940298507 
645.0 	 1332 	 515 	 32.0 	 35.0 	 0.04477611940298507 
646.0 	 1335 	 515 	 32.0 	 35.0 	 0.04477611940298507 
647.0 	 1337 	 515 	 32.0 	 35.0 	 0.04477611940298507 
648.0 	 1339 	 515 	 32.0 	 35.0 	 0.04477611940298507 
649.0 	 1341 	 515 	 32.0 	 35.0 	 0.04477611940298507 
650.0 	 1343 	 515 	 32.0 	 34.0 	 0.030303030303030304 
651.0 	 1346 	 515 	 32.0 	 35.0 	 0.04477611940298507 
652.0 	 1348 	 515 	 32.0 	 35.0 	 0.04477611940298507 
653.0 	 1350 	 515 	 32.0 	 36.0 	 0.058823529411764705 
654.0 	 1352 	 515 	 32.0 	 35.0 	 0.04477611940298507 
655.0 	 1354 	 515 	 32.0 	 36.0 	 0.058823529411764705 
656.0 	 1357 	 515 	 32.0 	 36.0 	 0.058823529411764705 
657.0 	 1359 	 515 	 32.0 	 35.0 	 0.04477611940298507 
658.0 	 1361 	 515 	 32.0 	 35.0 	 0.04477611940298507 
659.0 	 1363 	 515 	 32.0 	 36.0 	 0.058823529411764705 
660.0 	 1365 	 515 	 32.0 	 36.0 	 0.058823529411764705 
661.0 	 1367 	 515 	 32.0 	 36.0 	 0.058823529411764705 
662.0 	 1369 	 515 	 33.0 	 36.0 	 0.043478260869565216 
663.0 	 1372 	 515 	 33.0 	 36.0 	 0.043478260869565216 
664.0 	 1374 	 515 	 32.0 	 35.0 	 0.04477611940298507 
665.0 	 1376 	 515 	 32.0 	 35.0 	 0.04477611940298507 
666.0 	 1378 	 515 	 32.0 	 36.0 	 0.058823529411764705 
667.0 	 1380 	 515 	 32.0 	 36.0 	 0.058823529411764705 
668.0 	 1383 	 515 	 33.0 	 36.0 	 0.043478260869565216 
669.0 	 1385 	 515 	 33.0 	 36.0 	 0.043478260869565216 
670.0 	 1387 	 515 	 36.0 	 33.0 	 0.043478260869565216 
671.0 	 1389 	 515 	 32.0 	 36.0 	 0.058823529411764705 
672.0 	 1391 	 515 	 32.0 	 36.0 	 0.058823529411764705 
673.0 	 1393 	 515 	 33.0 	 36.0 	 0.043478260869565216 
674.0 	 1396 	 514 	 33.0 	 37.0 	 0.05714285714285714 
675.0 	 1398 	 514 	 36.0 	 32.0 	 0.058823529411764705 
676.0 	 1400 	 514 	 36.0 	 33.0 	 0.043478260869565216 
677.0 	 1402 	 514 	 32.24407196044922 	 36.769554138183594 	 0.06557374874443855 
678.0 	 1404 	 514 	 32.0 	 36.0 	 0.058823529411764705 
679.0 	 1407 	 515 	 31.0 	 36.0 	 0.07462686567164178 
680.0 	 1409 	 514 	 32.0 	 35.0 	 0.04477611940298507 
681.0 	 1411 	 514 	 32.0 	 36.0 	 0.058823529411764705 
682.0 	 1413 	 514 	 32.0 	 36.0 	 0.058823529411764705 
683.0 	 1415 	 514 	 32.0 	 36.0 	 0.058823529411764705 
684.0 	 1418 	 514 	 32.0 	 36.0 	 0.058823529411764705 
685.0 	 1420 	 514 	 33.0 	 36.0 	 0.043478260869565216 
686.0 	 1422 	 514 	 33.0 	 36.0 	 0.043478260869565216 
687.0 	 1424 	 514 	 33.0 	 36.0 	 0.043478260869565216 
688.0 	 1426 	 514 	 33.0 	 36.0 	 0.043478260869565216 
689.0 	 1429 	 514 	 33.0 	 36.0 	 0.043478260869565216 
690.0 	 1431 	 514 	 33.0 	 36.0 	 0.043478260869565216 
691.0 	 1433 	 514 	 32.0 	 36.0 	 0.058823529411764705 
692.0 	 1435 	 514 	 32.0 	 36.0 	 0.058823529411764705 
693.0 	 1437 	 514 	 32.0 	 35.0 	 0.04477611940298507 
694.0 	 1439 	 514 	 33.0 	 35.0 	 0.029411764705882353 
695.0 	 1441 	 514 	 32.0 	 36.0 	 0.058823529411764705 
696.0 	 1444 	 514 	 32.0 	 35.0 	 0.04477611940298507 
697.0 	 1446 	 514 	 31.0 	 35.0 	 0.06060606060606061 
698.0 	 1448 	 514 	 31.939001083374023 	 36.04996109008789 	 0.06046510897203393 
699.0 	 1450 	 514 	 31.0 	 36.0 	 0.07462686567164178 
700.0 	 1452 	 514 	 32.0 	 36.0 	 0.058823529411764705 
701.0 	 1455 	 514 	 31.0 	 35.0 	 0.06060606060606061 
702.0 	 1457 	 514 	 32.0 	 36.0 	 0.058823529411764705 
703.0 	 1459 	 514 	 32.0 	 36.0 	 0.058823529411764705 
704.0 	 1461 	 514 	 32.88768768310547 	 36.049957275390625 	 0.04587144794674956 
705.0 	 1463 	 514 	 33.0 	 36.0 	 0.043478260869565216 
706.0 	 1466 	 514 	 36.00067901611328 	 32.68773651123047 	 0.04823145911065577 
707.0 	 1468 	 514 	 32.0 	 35.0 	 0.04477611940298507 
708.0 	 1470 	 514 	 32.0 	 35.0 	 0.04477611940298507 
709.0 	 1472 	 514 	 31.0 	 36.0 	 0.07462686567164178 
710.0 	 1475 	 514 	 31.0 	 35.0 	 0.06060606060606061 
711.0 	 1477 	 514 	 31.0 	 36.0 	 0.07462686567164178 
712.0 	 1479 	 514 	 31.0 	 35.0 	 0.06060606060606061 
713.0 	 1481 	 514 	 34.882659912109375 	 32.199378967285156 	 0.039999990901416045 
714.0 	 1483 	 514 	 31.0 	 35.0 	 0.06060606060606061 
715.0 	 1485 	 514 	 31.0 	 36.0 	 0.07462686567164178 
716.0 	 1488 	 514 	 31.0 	 34.0 	 0.046153846153846156 
717.0 	 1490 	 514 	 31.0 	 35.0 	 0.06060606060606061 
718.0 	 1492 	 514 	 31.0 	 35.0 	 0.06060606060606061 
719.0 	 1494 	 514 	 31.0 	 35.0 	 0.06060606060606061 
720.0 	 1497 	 514 	 31.0 	 35.0 	 0.06060606060606061 
721.0 	 1499 	 514 	 31.867647171020508 	 35.02693557739258 	 0.04722786624223345 
722.0 	 1501 	 514 	 31.0 	 35.0 	 0.06060606060606061 
723.0 	 1503 	 514 	 31.0 	 35.0 	 0.06060606060606061 
724.0 	 1505 	 514 	 31.0 	 35.0 	 0.06060606060606061 
725.0 	 1508 	 514 	 31.0 	 35.0 	 0.06060606060606061 
726.0 	 1510 	 514 	 31.0 	 35.0 	 0.06060606060606061 
727.0 	 1512 	 514 	 31.0 	 35.0 	 0.06060606060606061 
728.0 	 1514 	 514 	 31.0 	 36.0 	 0.07462686567164178 
729.0 	 1516 	 514 	 31.0 	 35.0 	 0.06060606060606061 
730.0 	 1518 	 514 	 32.0 	 34.0 	 0.030303030303030304 
731.0 	 1521 	 514 	 32.0 	 35.0 	 0.04477611940298507 
732.0 	 1523 	 514 	 32.0 	 35.0 	 0.04477611940298507 
733.0 	 1525 	 514 	 32.0 	 35.0 	 0.04477611940298507 
734.0 	 1527 	 514 	 32.0 	 35.0 	 0.04477611940298507 
735.0 	 1529 	 514 	 32.0 	 34.0 	 0.030303030303030304 
736.0 	 1531 	 514 	 32.0 	 35.0 	 0.04477611940298507 
737.0 	 1534 	 515 	 32.0 	 35.0 	 0.04477611940298507 
738.0 	 1536 	 514 	 32.0 	 35.0 	 0.04477611940298507 
739.0 	 1538 	 514 	 32.0 	 36.0 	 0.058823529411764705 
740.0 	 1540 	 514 	 32.0 	 36.0 	 0.058823529411764705 
741.0 	 1542 	 514 	 32.0 	 36.0 	 0.058823529411764705 
742.0 	 1545 	 514 	 32.0 	 36.0 	 0.058823529411764705 
743.0 	 1547 	 514 	 32.0 	 35.0 	 0.04477611940298507 
744.0 	 1549 	 514 	 32.0 	 35.0 	 0.04477611940298507 
745.0 	 1551 	 514 	 32.0 	 34.0 	 0.030303030303030304 
746.0 	 1553 	 514 	 32.0 	 35.0 	 0.04477611940298507 
747.0 	 1555 	 514 	 32.0 	 35.0 	 0.04477611940298507 
748.0 	 1558 	 514 	 32.0 	 35.0 	 0.04477611940298507 
749.0 	 1560 	 514 	 32.0 	 35.0 	 0.04477611940298507 
750.0 	 1562 	 514 	 32.0 	 35.0 	 0.04477611940298507 
751.0 	 1564 	 514 	 32.0 	 35.0 	 0.04477611940298507 
752.0 	 1566 	 514 	 32.0 	 34.0 	 0.030303030303030304 
753.0 	 1568 	 514 	 32.0 	 35.0 	 0.04477611940298507 
754.0 	 1571 	 514 	 32.0 	 35.0 	 0.04477611940298507 
755.0 	 1573 	 514 	 34.882659912109375 	 31.752164840698242 	 0.046979865003385204 
756.0 	 1575 	 514 	 32.0 	 34.0 	 0.030303030303030304 
757.0 	 1577 	 514 	 32.0 	 34.0 	 0.030303030303030304 
758.0 	 1579 	 514 	 32.0 	 34.0 	 0.030303030303030304 
759.0 	 1581 	 514 	 32.0 	 34.0 	 0.030303030303030304 
760.0 	 1584 	 514 	 32.0 	 34.0 	 0.030303030303030304 
761.0 	 1586 	 515 	 32.0 	 34.0 	 0.030303030303030304 
762.0 	 1588 	 514 	 31.0 	 34.0 	 0.046153846153846156 
763.0 	 1591 	 514 	 31.0 	 35.0 	 0.06060606060606061 
764.0 	 1593 	 515 	 31.0 	 35.0 	 0.06060606060606061 
765.0 	 1595 	 514 	 31.0 	 36.0 	 0.07462686567164178 
766.0 	 1597 	 514 	 31.0 	 36.0 	 0.07462686567164178 
767.0 	 1600 	 514 	 31.0 	 35.0 	 0.06060606060606061 
768.0 	 1602 	 514 	 31.0 	 35.0 	 0.06060606060606061 
769.0 	 1604 	 514 	 31.0 	 34.0 	 0.046153846153846156 
770.0 	 1606 	 514 	 31.0 	 34.0 	 0.046153846153846156 
771.0 	 1608 	 514 	 31.0 	 33.0 	 0.03125 
772.0 	 1610 	 514 	 31.0 	 34.0 	 0.046153846153846156 
773.0 	 1612 	 514 	 31.0 	 34.0 	 0.046153846153846156 
774.0 	 1614 	 514 	 31.0 	 34.0 	 0.046153846153846156 
775.0 	 1616 	 514 	 31.0 	 34.0 	 0.046153846153846156 
776.0 	 1619 	 514 	 31.0 	 35.0 	 0.06060606060606061 
777.0 	 1621 	 514 	 31.0 	 34.0 	 0.046153846153846156 
778.0 	 1624 	 514 	 31.0 	 35.0 	 0.06060606060606061 
779.0 	 1626 	 514 	 31.0 	 35.0 	 0.06060606060606061 
780.0 	 1628 	 514 	 31.0 	 34.0 	 0.046153846153846156 
781.0 	 1630 	 514 	 31.0 	 34.0 	 0.046153846153846156 
782.0 	 1632 	 514 	 31.0 	 35.0 	 0.06060606060606061 
783.0 	 1635 	 514 	 31.0 	 35.0 	 0.06060606060606061 
784.0 	 1637 	 514 	 31.0 	 35.0 	 0.06060606060606061 
785.0 	 1639 	 514 	 31.0 	 36.0 	 0.07462686567164178 
786.0 	 1641 	 514 	 31.0 	 36.0 	 0.07462686567164178 
787.0 	 1644 	 514 	 31.0 	 35.0 	 0.06060606060606061 
788.0 	 1646 	 514 	 31.0 	 36.0 	 0.07462686567164178 
789.0 	 1648 	 514 	 31.0 	 35.0 	 0.06060606060606061 
790.0 	 1650 	 514 	 31.0 	 35.0 	 0.06060606060606061 
791.0 	 1653 	 514 	 31.015905380249023 	 35.93163299560547 	 0.07342656256842099 
792.0 	 1655 	 514 	 31.0 	 36.0 	 0.07462686567164178 
793.0 	 1657 	 514 	 31.0 	 35.0 	 0.06060606060606061 
794.0 	 1660 	 514 	 31.0 	 35.0 	 0.06060606060606061 
795.0 	 1662 	 514 	 30.0 	 35.0 	 0.07692307692307693 
796.0 	 1664 	 514 	 30.0 	 35.0 	 0.07692307692307693 
797.0 	 1667 	 514 	 31.0 	 36.0 	 0.07462686567164178 
798.0 	 1669 	 514 	 30.0 	 35.0 	 0.07692307692307693 
799.0 	 1671 	 514 	 32.64659118652344 	 33.98823165893555 	 0.02013422434578498 
800.0 	 1673 	 514 	 31.0 	 36.0 	 0.07462686567164178 
801.0 	 1676 	 514 	 31.0 	 35.0 	 0.06060606060606061 
802.0 	 1678 	 514 	 32.0 	 36.0 	 0.058823529411764705 
803.0 	 1680 	 514 	 32.0 	 36.0 	 0.058823529411764705 
804.0 	 1683 	 514 	 32.0 	 36.0 	 0.058823529411764705 
805.0 	 1684 	 514 	 32.0 	 35.0 	 0.04477611940298507 
806.0 	 1687 	 514 	 32.0 	 36.0 	 0.058823529411764705 
807.0 	 1690 	 514 	 32.0 	 35.0 	 0.04477611940298507 
808.0 	 1692 	 514 	 31.799835205078125 	 36.11005401611328 	 0.06346967813474425 
809.0 	 1694 	 514 	 31.0 	 36.0 	 0.07462686567164178 
810.0 	 1697 	 514 	 31.0 	 36.0 	 0.07462686567164178 
811.0 	 1699 	 514 	 31.0 	 36.0 	 0.07462686567164178 
812.0 	 1701 	 514 	 31.182466506958008 	 35.889251708984375 	 0.07017540816343071 
813.0 	 1704 	 514 	 32.0 	 35.0 	 0.04477611940298507 
814.0 	 1706 	 514 	 32.0 	 35.0 	 0.04477611940298507 
815.0 	 1708 	 514 	 32.0 	 35.0 	 0.04477611940298507 
816.0 	 1710 	 514 	 32.0 	 34.0 	 0.030303030303030304 
817.0 	 1713 	 514 	 32.0 	 35.0 	 0.04477611940298507 
818.0 	 1715 	 514 	 34.882659912109375 	 32.199378967285156 	 0.039999990901416045 
819.0 	 1717 	 514 	 32.0 	 36.0 	 0.058823529411764705 
820.0 	 1719 	 514 	 31.622774124145508 	 36.04996109008789 	 0.06542054125530937 
821.0 	 1722 	 514 	 32.0 	 35.0 	 0.04477611940298507 
822.0 	 1724 	 514 	 32.0 	 35.0 	 0.04477611940298507 
823.0 	 1726 	 514 	 32.0 	 35.0 	 0.04477611940298507 
824.0 	 1728 	 514 	 34.882659912109375 	 31.752166748046875 	 0.04697983503473797 
825.0 	 1731 	 514 	 31.0 	 35.0 	 0.06060606060606061 
826.0 	 1733 	 514 	 31.0 	 34.0 	 0.046153846153846156 
827.0 	 1736 	 514 	 35.0 	 31.0 	 0.06060606060606061 
828.0 	 1738 	 514 	 35.65350341796875 	 31.01112174987793 	 0.06963785750542116 
829.0 	 1740 	 514 	 31.0 	 36.0 	 0.07462686567164178 
830.0 	 1743 	 514 	 30.0 	 35.0 	 0.07692307692307693 
831.0 	 1745 	 514 	 30.0 	 35.0 	 0.07692307692307693 
832.0 	 1747 	 514 	 34.0 	 31.0 	 0.046153846153846156 
833.0 	 1750 	 514 	 30.0 	 35.0 	 0.07692307692307693 
834.0 	 1752 	 514 	 30.0 	 35.0 	 0.07692307692307693 
835.0 	 1754 	 514 	 30.0 	 36.0 	 0.09090909090909091 
836.0 	 1757 	 514 	 29.0 	 35.0 	 0.09375 
837.0 	 1759 	 514 	 30.0 	 34.0 	 0.0625 
838.0 	 1762 	 514 	 29.0 	 35.0 	 0.09375 
839.0 	 1764 	 514 	 29.0 	 35.0 	 0.09375 
840.0 	 1766 	 514 	 30.0 	 34.0 	 0.0625 
841.0 	 1768 	 514 	 29.0 	 35.0 	 0.09375 
842.0 	 1771 	 514 	 30.0 	 36.0 	 0.09090909090909091 
843.0 	 1773 	 514 	 31.0 	 36.0 	 0.07462686567164178 
844.0 	 1776 	 514 	 31.0 	 35.0 	 0.06060606060606061 
845.0 	 1778 	 514 	 31.0 	 35.0 	 0.06060606060606061 
846.0 	 1780 	 514 	 31.0 	 35.0 	 0.06060606060606061 
847.0 	 1782 	 514 	 31.0 	 35.0 	 0.06060606060606061 
848.0 	 1784 	 514 	 31.0 	 35.0 	 0.06060606060606061 
849.0 	 1786 	 514 	 31.0 	 34.0 	 0.046153846153846156 
850.0 	 1788 	 514 	 31.0 	 34.0 	 0.046153846153846156 
851.0 	 1791 	 514 	 31.0 	 35.0 	 0.06060606060606061 
852.0 	 1793 	 514 	 31.0 	 35.0 	 0.06060606060606061 
853.0 	 1795 	 514 	 30.0 	 35.0 	 0.07692307692307693 
854.0 	 1797 	 514 	 30.0 	 36.0 	 0.09090909090909091 
855.0 	 1800 	 514 	 29.0 	 35.0 	 0.09375 
856.0 	 1802 	 514 	 29.0 	 36.0 	 0.1076923076923077 
857.0 	 1805 	 514 	 29.0 	 35.0 	 0.09375 
858.0 	 1807 	 514 	 29.0 	 36.0 	 0.1076923076923077 
859.0 	 1809 	 514 	 29.0 	 36.0 	 0.1076923076923077 
860.0 	 1812 	 514 	 29.0 	 35.0 	 0.09375 
861.0 	 1814 	 514 	 29.0 	 35.0 	 0.09375 
862.0 	 1816 	 514 	 29.0 	 35.0 	 0.09375 
863.0 	 1819 	 514 	 29.0 	 35.0 	 0.09375 
864.0 	 1821 	 514 	 29.0 	 34.0 	 0.07936507936507936 
865.0 	 1823 	 513 	 29.0 	 34.0 	 0.07936507936507936 
866.0 	 1826 	 514 	 29.0 	 35.0 	 0.09375 
867.0 	 1828 	 514 	 29.0 	 35.0 	 0.09375 
868.0 	 1830 	 514 	 29.0 	 34.0 	 0.07936507936507936 
869.0 	 1832 	 514 	 30.0 	 35.0 	 0.07692307692307693 
870.0 	 1835 	 513 	 30.0 	 35.0 	 0.07692307692307693 
871.0 	 1837 	 513 	 30.0 	 35.0 	 0.07692307692307693 
872.0 	 1839 	 513 	 29.0 	 35.0 	 0.09375 
873.0 	 1842 	 513 	 29.0 	 35.0 	 0.09375 
874.0 	 1844 	 513 	 35.0 	 30.0 	 0.07692307692307693 
875.0 	 1846 	 513 	 30.0 	 35.0 	 0.07692307692307693 
876.0 	 1849 	 513 	 30.0 	 35.0 	 0.07692307692307693 
877.0 	 1851 	 513 	 30.0 	 35.0 	 0.07692307692307693 
878.0 	 1853 	 514 	 31.0 	 36.0 	 0.07462686567164178 
879.0 	 1855 	 514 	 30.802024841308594 	 34.92512893676758 	 0.06273060460491565 
880.0 	 1858 	 513 	 31.0 	 35.0 	 0.06060606060606061 
881.0 	 1860 	 513 	 31.0 	 35.0 	 0.06060606060606061 
882.0 	 1862 	 513 	 31.0 	 35.0 	 0.06060606060606061 
883.0 	 1864 	 513 	 31.0 	 35.0 	 0.06060606060606061 
884.0 	 1866 	 513 	 31.0 	 35.0 	 0.06060606060606061 
885.0 	 1869 	 513 	 31.0 	 35.0 	 0.06060606060606061 
886.0 	 1871 	 513 	 31.0 	 34.0 	 0.046153846153846156 
887.0 	 1873 	 513 	 31.0 	 34.0 	 0.046153846153846156 
888.0 	 1876 	 513 	 31.0 	 35.0 	 0.06060606060606061 
889.0 	 1877 	 513 	 32.0 	 34.0 	 0.030303030303030304 
890.0 	 1880 	 513 	 31.0 	 35.0 	 0.06060606060606061 
891.0 	 1882 	 513 	 31.141695022583008 	 34.78593826293945 	 0.05527641534732162 
892.0 	 1884 	 513 	 30.0 	 34.0 	 0.0625 
893.0 	 1887 	 513 	 30.0 	 34.0 	 0.0625 
894.0 	 1889 	 513 	 31.0 	 35.0 	 0.06060606060606061 
895.0 	 1891 	 513 	 30.0 	 35.0 	 0.07692307692307693 
896.0 	 1894 	 513 	 30.0 	 35.0 	 0.07692307692307693 
897.0 	 1896 	 513 	 30.0 	 35.0 	 0.07692307692307693 
898.0 	 1898 	 513 	 30.0 	 35.0 	 0.07692307692307693 
899.0 	 1900 	 513 	 30.0 	 36.0 	 0.09090909090909091 
900.0 	 1902 	 513 	 31.0 	 34.0 	 0.046153846153846156 
901.0 	 1904 	 513 	 30.0 	 31.0 	 0.01639344262295082 
902.0 	 1905 	 514 	 31.0 	 30.0 	 0.01639344262295082 
903.0 	 1906 	 513 	 31.0 	 27.0 	 0.06896551724137931 
904.0 	 1908 	 514 	 31.0 	 24.0 	 0.12727272727272726 
905.0 	 1909 	 513 	 30.0 	 22.0 	 0.15384615384615385 
906.0 	 1910 	 514 	 31.0 	 20.0 	 0.21568627450980393 
