frame 	 x 	 y 	 width 	 height 	 deformation 
1.0 	 81 	 566 	 40.0 	 41.0 	 0.012345679012345678 
2.0 	 82 	 566 	 41.0 	 40.0 	 0.012345679012345678 
3.0 	 82 	 566 	 41.0 	 43.0 	 0.023809523809523808 
4.0 	 81 	 566 	 42.0 	 42.0 	 0.0 
5.0 	 82 	 566 	 41.0 	 41.0 	 0.0 
6.0 	 82 	 566 	 43.682132720947266 	 42.28908157348633 	 0.01620369281617945 
7.0 	 82 	 566 	 41.0 	 44.0 	 0.03529411764705882 
8.0 	 82 	 566 	 41.0 	 41.0 	 0.0 
9.0 	 82 	 566 	 41.0 	 42.0 	 0.012048192771084338 
10.0 	 82 	 566 	 41.0 	 44.0 	 0.03529411764705882 
11.0 	 82 	 566 	 41.0 	 42.0 	 0.012048192771084338 
12.0 	 82 	 566 	 42.0 	 43.0 	 0.011764705882352941 
13.0 	 82 	 566 	 42.0 	 43.0 	 0.011764705882352941 
14.0 	 83 	 566 	 41.0 	 41.0 	 0.0 
15.0 	 83 	 566 	 41.0 	 43.0 	 0.023809523809523808 
16.0 	 83 	 566 	 42.0 	 44.0 	 0.023255813953488372 
17.0 	 83 	 566 	 41.0 	 41.0 	 0.0 
18.0 	 83 	 565 	 41.0 	 42.0 	 0.012048192771084338 
19.0 	 83 	 566 	 42.0 	 43.0 	 0.011764705882352941 
20.0 	 83 	 566 	 41.0 	 42.0 	 0.012048192771084338 
21.0 	 83 	 566 	 42.0 	 41.0 	 0.012048192771084338 
22.0 	 83 	 566 	 42.0 	 43.0 	 0.011764705882352941 
23.0 	 83 	 566 	 42.0 	 42.0 	 0.0 
24.0 	 83 	 566 	 42.0 	 41.0 	 0.012048192771084338 
25.0 	 83 	 566 	 42.0 	 42.0 	 0.0 
26.0 	 83 	 566 	 42.0 	 41.0 	 0.012048192771084338 
27.0 	 83 	 566 	 41.0 	 41.0 	 0.0 
28.0 	 83 	 566 	 42.0 	 43.0 	 0.011764705882352941 
29.0 	 84 	 566 	 42.0 	 42.0 	 0.0 
30.0 	 84 	 566 	 41.0 	 41.0 	 0.0 
31.0 	 84 	 566 	 42.0 	 43.0 	 0.011764705882352941 
32.0 	 84 	 566 	 42.0 	 43.0 	 0.011764705882352941 
33.0 	 83 	 566 	 40.0 	 41.0 	 0.012345679012345678 
34.0 	 83 	 566 	 43.0 	 43.0 	 0.0 
35.0 	 84 	 566 	 42.0 	 43.0 	 0.011764705882352941 
36.0 	 84 	 566 	 41.0 	 41.0 	 0.0 
37.0 	 84 	 566 	 42.0 	 42.0 	 0.0 
38.0 	 84 	 566 	 42.0 	 42.0 	 0.0 
39.0 	 84 	 566 	 42.0 	 42.0 	 0.0 
40.0 	 84 	 566 	 42.0 	 42.0 	 0.0 
41.0 	 84 	 566 	 42.0 	 43.0 	 0.011764705882352941 
42.0 	 84 	 566 	 41.0 	 41.0 	 0.0 
43.0 	 84 	 566 	 42.0 	 42.0 	 0.0 
44.0 	 85 	 566 	 42.0 	 42.0 	 0.0 
45.0 	 85 	 566 	 41.0 	 41.0 	 0.0 
46.0 	 85 	 566 	 41.0 	 42.0 	 0.012048192771084338 
47.0 	 85 	 566 	 42.0 	 42.0 	 0.0 
48.0 	 86 	 566 	 42.0 	 41.0 	 0.012048192771084338 
49.0 	 87 	 566 	 42.0 	 42.0 	 0.0 
50.0 	 87 	 566 	 42.0 	 42.0 	 0.0 
51.0 	 88 	 566 	 41.0 	 41.0 	 0.0 
52.0 	 89 	 566 	 42.0 	 41.0 	 0.012048192771084338 
53.0 	 90 	 566 	 42.0 	 41.0 	 0.012048192771084338 
54.0 	 91 	 566 	 42.0 	 41.0 	 0.012048192771084338 
55.0 	 92 	 566 	 42.0 	 41.0 	 0.012048192771084338 
56.0 	 93 	 566 	 42.0 	 42.0 	 0.0 
57.0 	 94 	 566 	 42.0 	 41.0 	 0.012048192771084338 
58.0 	 95 	 566 	 41.0 	 42.0 	 0.012048192771084338 
59.0 	 97 	 566 	 42.0 	 43.0 	 0.011764705882352941 
60.0 	 97 	 566 	 41.0 	 41.0 	 0.0 
61.0 	 99 	 566 	 41.0 	 41.0 	 0.0 
62.0 	 100 	 566 	 42.0 	 42.0 	 0.0 
63.0 	 101 	 566 	 42.0 	 42.0 	 0.0 
64.0 	 103 	 566 	 41.0 	 42.0 	 0.012048192771084338 
65.0 	 105 	 566 	 42.0 	 42.0 	 0.0 
66.0 	 106 	 566 	 41.0 	 42.0 	 0.012048192771084338 
67.0 	 107 	 566 	 40.0 	 41.0 	 0.012345679012345678 
68.0 	 109 	 566 	 41.0 	 43.0 	 0.023809523809523808 
69.0 	 110 	 566 	 41.0 	 43.0 	 0.023809523809523808 
70.0 	 112 	 566 	 40.0 	 40.0 	 0.0 
71.0 	 113 	 566 	 41.0 	 43.0 	 0.023809523809523808 
72.0 	 115 	 566 	 41.0 	 43.0 	 0.023809523809523808 
73.0 	 117 	 566 	 40.0 	 42.0 	 0.024390243902439025 
74.0 	 118 	 566 	 40.0 	 43.0 	 0.03614457831325301 
75.0 	 120 	 566 	 40.0 	 44.0 	 0.047619047619047616 
76.0 	 121 	 566 	 40.01679992675781 	 42.9139404296875 	 0.0349344584466202 
77.0 	 123 	 566 	 40.0 	 43.0 	 0.03614457831325301 
78.0 	 125 	 566 	 41.0 	 44.0 	 0.03529411764705882 
79.0 	 126 	 565 	 39.0 	 43.0 	 0.04878048780487805 
80.0 	 128 	 566 	 40.0 	 44.0 	 0.047619047619047616 
81.0 	 130 	 566 	 40.0 	 44.0 	 0.047619047619047616 
82.0 	 132 	 566 	 39.0 	 43.0 	 0.04878048780487805 
83.0 	 133 	 566 	 39.0 	 44.0 	 0.060240963855421686 
84.0 	 135 	 566 	 40.0 	 45.0 	 0.058823529411764705 
85.0 	 137 	 566 	 39.0 	 42.0 	 0.037037037037037035 
86.0 	 139 	 566 	 38.0 	 42.0 	 0.05 
87.0 	 140 	 566 	 40.0 	 44.0 	 0.047619047619047616 
88.0 	 142 	 566 	 39.0 	 43.0 	 0.04878048780487805 
89.0 	 144 	 566 	 39.0 	 42.0 	 0.037037037037037035 
90.0 	 146 	 566 	 40.0 	 44.0 	 0.047619047619047616 
91.0 	 147 	 566 	 39.0 	 44.0 	 0.060240963855421686 
92.0 	 150 	 566 	 39.0 	 43.0 	 0.04878048780487805 
93.0 	 152 	 566 	 40.0 	 45.0 	 0.058823529411764705 
94.0 	 154 	 566 	 40.0 	 44.0 	 0.047619047619047616 
95.0 	 156 	 566 	 43.84062194824219 	 38.74945068359375 	 0.06164386472141141 
96.0 	 158 	 566 	 39.0 	 44.0 	 0.060240963855421686 
97.0 	 160 	 566 	 44.0 	 39.0 	 0.060240963855421686 
98.0 	 162 	 566 	 37.0 	 43.0 	 0.075 
99.0 	 164 	 566 	 39.0 	 45.0 	 0.07142857142857142 
100.0 	 166 	 566 	 39.0 	 46.0 	 0.08235294117647059 
101.0 	 168 	 566 	 38.0 	 45.0 	 0.08433734939759036 
102.0 	 170 	 566 	 38.0 	 46.0 	 0.09523809523809523 
103.0 	 172 	 566 	 38.0 	 46.0 	 0.09523809523809523 
104.0 	 174 	 566 	 38.0 	 44.0 	 0.07317073170731707 
105.0 	 176 	 566 	 38.0 	 45.0 	 0.08433734939759036 
106.0 	 178 	 566 	 39.0 	 46.0 	 0.08235294117647059 
107.0 	 180 	 566 	 45.50892639160156 	 38.533103942871094 	 0.08300397338055625 
108.0 	 182 	 566 	 38.0 	 46.0 	 0.09523809523809523 
109.0 	 185 	 566 	 39.0 	 46.0 	 0.08235294117647059 
110.0 	 187 	 566 	 39.0 	 45.0 	 0.07142857142857142 
111.0 	 189 	 565 	 38.0 	 45.0 	 0.08433734939759036 
112.0 	 191 	 566 	 38.0 	 48.0 	 0.11627906976744186 
113.0 	 193 	 566 	 38.86528778076172 	 46.007198333740234 	 0.08414871391116462 
114.0 	 195 	 566 	 38.0 	 45.0 	 0.08433734939759036 
115.0 	 197 	 566 	 39.0 	 47.0 	 0.09302325581395349 
116.0 	 200 	 566 	 39.0 	 46.0 	 0.08235294117647059 
117.0 	 202 	 566 	 38.0 	 46.0 	 0.09523809523809523 
118.0 	 204 	 566 	 38.0 	 47.0 	 0.10588235294117647 
119.0 	 206 	 566 	 38.0 	 47.0 	 0.10588235294117647 
120.0 	 208 	 566 	 37.0 	 45.0 	 0.0975609756097561 
121.0 	 210 	 566 	 38.0 	 47.0 	 0.10588235294117647 
122.0 	 213 	 566 	 38.0 	 48.0 	 0.11627906976744186 
123.0 	 215 	 565 	 37.0 	 46.0 	 0.10843373493975904 
124.0 	 217 	 565 	 39.0 	 47.0 	 0.09302325581395349 
125.0 	 219 	 566 	 39.0 	 47.0 	 0.09302325581395349 
126.0 	 222 	 566 	 37.0 	 45.0 	 0.0975609756097561 
127.0 	 224 	 566 	 38.0 	 47.0 	 0.10588235294117647 
128.0 	 226 	 566 	 38.0 	 47.0 	 0.10588235294117647 
129.0 	 228 	 566 	 37.0 	 47.0 	 0.11904761904761904 
130.0 	 230 	 565 	 37.0 	 47.0 	 0.11904761904761904 
131.0 	 233 	 566 	 38.0 	 48.0 	 0.11627906976744186 
132.0 	 235 	 566 	 37.0 	 47.0 	 0.11904761904761904 
133.0 	 238 	 565 	 37.0 	 47.0 	 0.11904761904761904 
134.0 	 240 	 566 	 38.0 	 48.0 	 0.11627906976744186 
135.0 	 242 	 566 	 37.0 	 48.0 	 0.12941176470588237 
136.0 	 244 	 565 	 37.0 	 47.0 	 0.11904761904761904 
137.0 	 246 	 566 	 38.0 	 49.0 	 0.12643678160919541 
138.0 	 249 	 565 	 38.0 	 48.0 	 0.11627906976744186 
139.0 	 251 	 565 	 37.0 	 47.0 	 0.11904761904761904 
140.0 	 253 	 566 	 38.0 	 48.0 	 0.11627906976744186 
141.0 	 256 	 566 	 38.0 	 48.0 	 0.11627906976744186 
142.0 	 258 	 566 	 38.0 	 47.0 	 0.10588235294117647 
143.0 	 260 	 566 	 38.0 	 49.0 	 0.12643678160919541 
144.0 	 263 	 566 	 38.0 	 48.0 	 0.11627906976744186 
145.0 	 265 	 566 	 36.0 	 48.0 	 0.14285714285714285 
146.0 	 267 	 566 	 38.0 	 49.0 	 0.12643678160919541 
147.0 	 269 	 566 	 38.0 	 50.0 	 0.13636363636363635 
148.0 	 271 	 566 	 38.0 	 48.0 	 0.11627906976744186 
149.0 	 274 	 566 	 38.0 	 48.0 	 0.11627906976744186 
150.0 	 276 	 566 	 38.0 	 49.0 	 0.12643678160919541 
151.0 	 278 	 566 	 38.0 	 48.0 	 0.11627906976744186 
152.0 	 280 	 566 	 38.0 	 48.0 	 0.11627906976744186 
153.0 	 283 	 566 	 38.0 	 50.0 	 0.13636363636363635 
154.0 	 285 	 566 	 37.10499954223633 	 48.81073760986328 	 0.1362467279644459 
155.0 	 288 	 566 	 37.0 	 49.0 	 0.13953488372093023 
156.0 	 290 	 566 	 37.98234939575195 	 49.7562141418457 	 0.13419258614883092 
157.0 	 292 	 566 	 36.0 	 49.0 	 0.15294117647058825 
158.0 	 294 	 566 	 36.0 	 49.0 	 0.15294117647058825 
159.0 	 296 	 566 	 37.0 	 50.0 	 0.14942528735632185 
160.0 	 299 	 566 	 36.0 	 49.0 	 0.15294117647058825 
161.0 	 301 	 566 	 36.0 	 49.0 	 0.15294117647058825 
162.0 	 303 	 566 	 37.0 	 50.0 	 0.14942528735632185 
163.0 	 306 	 566 	 37.0 	 48.0 	 0.12941176470588237 
164.0 	 308 	 566 	 37.0 	 49.0 	 0.13953488372093023 
165.0 	 310 	 566 	 37.0 	 50.0 	 0.14942528735632185 
166.0 	 313 	 566 	 37.0 	 49.0 	 0.13953488372093023 
167.0 	 315 	 566 	 37.0 	 48.0 	 0.12941176470588237 
168.0 	 318 	 566 	 37.0 	 50.0 	 0.14942528735632185 
169.0 	 320 	 566 	 37.0 	 48.0 	 0.12941176470588237 
170.0 	 322 	 566 	 37.0 	 47.0 	 0.11904761904761904 
171.0 	 324 	 566 	 37.0 	 49.0 	 0.13953488372093023 
172.0 	 327 	 566 	 37.0 	 50.0 	 0.14942528735632185 
173.0 	 329 	 565 	 37.0 	 49.0 	 0.13953488372093023 
174.0 	 331 	 565 	 38.0 	 50.0 	 0.13636363636363635 
175.0 	 333 	 565 	 37.0 	 50.0 	 0.14942528735632185 
176.0 	 335 	 565 	 37.0 	 49.0 	 0.13953488372093023 
177.0 	 337 	 565 	 38.0 	 50.0 	 0.13636363636363635 
178.0 	 340 	 566 	 37.0 	 50.0 	 0.14942528735632185 
179.0 	 342 	 566 	 37.0 	 49.0 	 0.13953488372093023 
180.0 	 344 	 566 	 37.0 	 49.0 	 0.13953488372093023 
181.0 	 347 	 566 	 37.0 	 49.0 	 0.13953488372093023 
182.0 	 349 	 566 	 37.0 	 48.0 	 0.12941176470588237 
183.0 	 351 	 565 	 37.0 	 49.0 	 0.13953488372093023 
184.0 	 353 	 565 	 37.0 	 49.0 	 0.13953488372093023 
185.0 	 356 	 566 	 37.0 	 48.0 	 0.12941176470588237 
186.0 	 358 	 566 	 37.0 	 49.0 	 0.13953488372093023 
187.0 	 360 	 566 	 37.0 	 50.0 	 0.14942528735632185 
188.0 	 363 	 566 	 37.0 	 48.0 	 0.12941176470588237 
189.0 	 365 	 566 	 37.0 	 49.0 	 0.13953488372093023 
190.0 	 367 	 565 	 37.0 	 49.0 	 0.13953488372093023 
191.0 	 369 	 566 	 37.0 	 48.0 	 0.12941176470588237 
192.0 	 372 	 566 	 36.0 	 50.0 	 0.16279069767441862 
193.0 	 374 	 566 	 37.0 	 50.0 	 0.14942528735632185 
194.0 	 376 	 566 	 49.0 	 37.0 	 0.13953488372093023 
195.0 	 378 	 566 	 37.0 	 49.0 	 0.13953488372093023 
196.0 	 381 	 566 	 37.0 	 50.0 	 0.14942528735632185 
197.0 	 383 	 565 	 37.0 	 48.0 	 0.12941176470588237 
198.0 	 385 	 566 	 37.0 	 48.0 	 0.12941176470588237 
199.0 	 387 	 566 	 37.0 	 49.0 	 0.13953488372093023 
200.0 	 389 	 566 	 36.0 	 49.0 	 0.15294117647058825 
201.0 	 392 	 566 	 36.0 	 49.0 	 0.15294117647058825 
202.0 	 394 	 565 	 37.0 	 50.0 	 0.14942528735632185 
203.0 	 396 	 565 	 37.0 	 49.0 	 0.13953488372093023 
204.0 	 398 	 566 	 37.0 	 48.0 	 0.12941176470588237 
205.0 	 401 	 566 	 37.0 	 48.0 	 0.12941176470588237 
206.0 	 403 	 566 	 37.0 	 48.0 	 0.12941176470588237 
207.0 	 404 	 565 	 37.0 	 48.0 	 0.12941176470588237 
208.0 	 407 	 566 	 37.0 	 49.0 	 0.13953488372093023 
209.0 	 409 	 566 	 37.0 	 49.0 	 0.13953488372093023 
210.0 	 411 	 566 	 35.0 	 48.0 	 0.1566265060240964 
211.0 	 413 	 565 	 36.0 	 50.0 	 0.16279069767441862 
212.0 	 416 	 565 	 36.0 	 50.0 	 0.16279069767441862 
213.0 	 418 	 565 	 49.0 	 36.0 	 0.15294117647058825 
214.0 	 420 	 566 	 37.0 	 51.0 	 0.1590909090909091 
215.0 	 422 	 566 	 37.0 	 51.0 	 0.1590909090909091 
216.0 	 425 	 566 	 36.0 	 49.0 	 0.15294117647058825 
217.0 	 427 	 566 	 37.0 	 49.0 	 0.13953488372093023 
218.0 	 429 	 566 	 36.0 	 49.0 	 0.15294117647058825 
219.0 	 431 	 566 	 36.0 	 48.0 	 0.14285714285714285 
220.0 	 434 	 566 	 36.0 	 49.0 	 0.15294117647058825 
221.0 	 436 	 566 	 36.0 	 50.0 	 0.16279069767441862 
222.0 	 438 	 566 	 36.0 	 48.0 	 0.14285714285714285 
223.0 	 440 	 566 	 49.0 	 37.0 	 0.13953488372093023 
224.0 	 442 	 566 	 37.0 	 51.0 	 0.1590909090909091 
225.0 	 445 	 566 	 37.0 	 49.0 	 0.13953488372093023 
226.0 	 447 	 566 	 37.0 	 48.0 	 0.12941176470588237 
227.0 	 449 	 566 	 37.0 	 49.0 	 0.13953488372093023 
228.0 	 451 	 566 	 37.0 	 48.0 	 0.12941176470588237 
229.0 	 453 	 566 	 36.0 	 49.0 	 0.15294117647058825 
230.0 	 455 	 566 	 36.0 	 49.0 	 0.15294117647058825 
231.0 	 457 	 566 	 36.0 	 49.0 	 0.15294117647058825 
232.0 	 459 	 566 	 36.0 	 47.0 	 0.13253012048192772 
233.0 	 461 	 565 	 37.0 	 48.0 	 0.12941176470588237 
234.0 	 463 	 566 	 36.0 	 48.0 	 0.14285714285714285 
235.0 	 466 	 565 	 35.0 	 48.0 	 0.1566265060240964 
236.0 	 468 	 566 	 36.0 	 50.0 	 0.16279069767441862 
237.0 	 470 	 566 	 36.0 	 50.0 	 0.16279069767441862 
238.0 	 472 	 565 	 35.0 	 47.0 	 0.14634146341463414 
239.0 	 474 	 566 	 35.0 	 48.0 	 0.1566265060240964 
240.0 	 477 	 565 	 34.0 	 49.0 	 0.18072289156626506 
241.0 	 479 	 565 	 34.0 	 48.0 	 0.17073170731707318 
242.0 	 481 	 565 	 34.0 	 49.0 	 0.18072289156626506 
243.0 	 483 	 565 	 35.0 	 50.0 	 0.17647058823529413 
244.0 	 486 	 565 	 34.0 	 48.0 	 0.17073170731707318 
245.0 	 488 	 565 	 35.0 	 49.0 	 0.16666666666666666 
246.0 	 490 	 565 	 35.0 	 50.0 	 0.17647058823529413 
247.0 	 492 	 565 	 35.0 	 48.0 	 0.1566265060240964 
248.0 	 495 	 565 	 35.0 	 49.0 	 0.16666666666666666 
249.0 	 497 	 566 	 36.0 	 51.0 	 0.1724137931034483 
250.0 	 500 	 566 	 35.0 	 49.0 	 0.16666666666666666 
251.0 	 502 	 565 	 36.0 	 48.0 	 0.14285714285714285 
252.0 	 504 	 566 	 37.666656494140625 	 51.213436126708984 	 0.15241635368627574 
253.0 	 507 	 565 	 36.0 	 50.0 	 0.16279069767441862 
254.0 	 509 	 565 	 36.0 	 50.0 	 0.16279069767441862 
255.0 	 511 	 565 	 37.0 	 51.0 	 0.1590909090909091 
256.0 	 514 	 566 	 37.0 	 51.0 	 0.1590909090909091 
257.0 	 516 	 565 	 36.456966400146484 	 50.15947341918945 	 0.1581975321038775 
258.0 	 518 	 566 	 37.0 	 51.0 	 0.1590909090909091 
259.0 	 520 	 565 	 37.0 	 52.0 	 0.16853932584269662 
260.0 	 523 	 565 	 50.0 	 36.0 	 0.16279069767441862 
261.0 	 525 	 565 	 37.0 	 51.0 	 0.1590909090909091 
262.0 	 527 	 565 	 37.0 	 50.0 	 0.14942528735632185 
263.0 	 529 	 565 	 36.0 	 49.0 	 0.15294117647058825 
264.0 	 531 	 565 	 37.0 	 50.0 	 0.14942528735632185 
265.0 	 533 	 565 	 37.0 	 49.0 	 0.13953488372093023 
266.0 	 536 	 565 	 36.0 	 47.0 	 0.13253012048192772 
267.0 	 537 	 565 	 37.0 	 47.0 	 0.11904761904761904 
268.0 	 540 	 565 	 37.0 	 48.0 	 0.12941176470588237 
269.0 	 543 	 565 	 36.0 	 47.0 	 0.13253012048192772 
270.0 	 545 	 565 	 36.0 	 49.0 	 0.15294117647058825 
271.0 	 547 	 566 	 37.0 	 51.0 	 0.1590909090909091 
272.0 	 550 	 565 	 36.955238342285156 	 49.74424743652344 	 0.14750963029776376 
273.0 	 552 	 565 	 37.0 	 51.0 	 0.1590909090909091 
274.0 	 554 	 566 	 52.0 	 37.0 	 0.16853932584269662 
275.0 	 556 	 565 	 36.0 	 51.0 	 0.1724137931034483 
276.0 	 558 	 565 	 36.0 	 50.0 	 0.16279069767441862 
277.0 	 560 	 565 	 37.0 	 52.0 	 0.16853932584269662 
278.0 	 563 	 565 	 37.0 	 51.0 	 0.1590909090909091 
279.0 	 565 	 565 	 37.0 	 50.0 	 0.14942528735632185 
280.0 	 567 	 566 	 37.0 	 52.0 	 0.16853932584269662 
281.0 	 570 	 566 	 37.0 	 52.0 	 0.16853932584269662 
282.0 	 572 	 566 	 37.0 	 51.0 	 0.1590909090909091 
283.0 	 574 	 566 	 37.0 	 51.0 	 0.1590909090909091 
284.0 	 577 	 566 	 37.0 	 52.0 	 0.16853932584269662 
285.0 	 579 	 565 	 37.0 	 51.0 	 0.1590909090909091 
286.0 	 581 	 566 	 37.0 	 52.0 	 0.16853932584269662 
287.0 	 583 	 566 	 38.0 	 52.0 	 0.15555555555555556 
288.0 	 586 	 565 	 37.0 	 51.0 	 0.1590909090909091 
289.0 	 588 	 565 	 37.0 	 50.0 	 0.14942528735632185 
290.0 	 590 	 565 	 37.0 	 51.0 	 0.1590909090909091 
291.0 	 593 	 565 	 37.0 	 51.0 	 0.1590909090909091 
292.0 	 595 	 565 	 37.0 	 51.0 	 0.1590909090909091 
293.0 	 597 	 565 	 37.0 	 52.0 	 0.16853932584269662 
294.0 	 599 	 565 	 37.0 	 52.0 	 0.16853932584269662 
295.0 	 601 	 565 	 37.0 	 52.0 	 0.16853932584269662 
296.0 	 603 	 565 	 37.0 	 52.0 	 0.16853932584269662 
297.0 	 605 	 565 	 37.0 	 52.0 	 0.16853932584269662 
298.0 	 608 	 565 	 37.0 	 53.0 	 0.17777777777777778 
299.0 	 610 	 565 	 37.0 	 53.0 	 0.17777777777777778 
300.0 	 612 	 565 	 37.0 	 52.0 	 0.16853932584269662 
301.0 	 614 	 565 	 37.0 	 52.0 	 0.16853932584269662 
302.0 	 617 	 565 	 37.0 	 53.0 	 0.17777777777777778 
303.0 	 619 	 565 	 37.0 	 52.0 	 0.16853932584269662 
304.0 	 621 	 565 	 37.0 	 53.0 	 0.17777777777777778 
305.0 	 624 	 565 	 37.0 	 53.0 	 0.17777777777777778 
306.0 	 626 	 565 	 37.0 	 54.0 	 0.18681318681318682 
307.0 	 629 	 565 	 37.0 	 53.0 	 0.17777777777777778 
308.0 	 631 	 565 	 37.0 	 53.0 	 0.17777777777777778 
309.0 	 633 	 565 	 37.0 	 52.0 	 0.16853932584269662 
310.0 	 635 	 565 	 37.0 	 52.0 	 0.16853932584269662 
311.0 	 637 	 565 	 37.0 	 52.0 	 0.16853932584269662 
312.0 	 640 	 565 	 37.0 	 52.0 	 0.16853932584269662 
313.0 	 642 	 565 	 37.0 	 52.0 	 0.16853932584269662 
314.0 	 644 	 565 	 37.0 	 53.0 	 0.17777777777777778 
315.0 	 647 	 565 	 37.0 	 52.0 	 0.16853932584269662 
316.0 	 649 	 565 	 37.0 	 52.0 	 0.16853932584269662 
317.0 	 651 	 565 	 37.0 	 54.0 	 0.18681318681318682 
318.0 	 654 	 565 	 37.0 	 53.0 	 0.17777777777777778 
319.0 	 656 	 565 	 37.0 	 52.0 	 0.16853932584269662 
320.0 	 658 	 565 	 37.0 	 54.0 	 0.18681318681318682 
321.0 	 660 	 565 	 37.0 	 54.0 	 0.18681318681318682 
322.0 	 663 	 565 	 37.0 	 53.0 	 0.17777777777777778 
323.0 	 665 	 565 	 37.0 	 54.0 	 0.18681318681318682 
324.0 	 668 	 565 	 37.0 	 53.0 	 0.17777777777777778 
325.0 	 670 	 565 	 37.0 	 52.0 	 0.16853932584269662 
326.0 	 672 	 565 	 37.0 	 53.0 	 0.17777777777777778 
327.0 	 674 	 565 	 37.0 	 54.0 	 0.18681318681318682 
328.0 	 677 	 565 	 37.0 	 52.0 	 0.16853932584269662 
329.0 	 679 	 565 	 37.0 	 53.0 	 0.17777777777777778 
330.0 	 681 	 565 	 37.0 	 54.0 	 0.18681318681318682 
331.0 	 684 	 565 	 37.0 	 53.0 	 0.17777777777777778 
332.0 	 686 	 565 	 37.0 	 53.0 	 0.17777777777777778 
333.0 	 688 	 565 	 37.0 	 53.0 	 0.17777777777777778 
334.0 	 690 	 565 	 37.0 	 52.0 	 0.16853932584269662 
335.0 	 693 	 565 	 37.0 	 53.0 	 0.17777777777777778 
336.0 	 695 	 565 	 37.0 	 53.0 	 0.17777777777777778 
337.0 	 697 	 565 	 36.0 	 53.0 	 0.19101123595505617 
338.0 	 700 	 565 	 36.0 	 53.0 	 0.19101123595505617 
339.0 	 702 	 565 	 36.0 	 53.0 	 0.19101123595505617 
340.0 	 704 	 565 	 36.0 	 53.0 	 0.19101123595505617 
341.0 	 706 	 565 	 36.0 	 52.0 	 0.18181818181818182 
342.0 	 708 	 565 	 37.0 	 53.0 	 0.17777777777777778 
343.0 	 711 	 565 	 37.0 	 53.0 	 0.17777777777777778 
344.0 	 713 	 565 	 37.0 	 53.0 	 0.17777777777777778 
345.0 	 715 	 565 	 37.0 	 54.0 	 0.18681318681318682 
346.0 	 718 	 565 	 37.0 	 53.0 	 0.17777777777777778 
347.0 	 720 	 566 	 36.0 	 52.0 	 0.18181818181818182 
348.0 	 722 	 566 	 37.0 	 54.0 	 0.18681318681318682 
349.0 	 724 	 566 	 35.0 	 54.0 	 0.21348314606741572 
350.0 	 727 	 565 	 35.0 	 52.0 	 0.19540229885057472 
351.0 	 729 	 565 	 36.0 	 53.0 	 0.19101123595505617 
352.0 	 731 	 565 	 36.0 	 53.0 	 0.19101123595505617 
353.0 	 734 	 565 	 35.0 	 52.0 	 0.19540229885057472 
354.0 	 736 	 565 	 36.0 	 53.0 	 0.19101123595505617 
355.0 	 738 	 565 	 35.0 	 53.0 	 0.20454545454545456 
356.0 	 740 	 565 	 36.0 	 52.0 	 0.18181818181818182 
357.0 	 743 	 565 	 37.0 	 53.0 	 0.17777777777777778 
358.0 	 745 	 565 	 37.0 	 54.0 	 0.18681318681318682 
359.0 	 747 	 565 	 36.0 	 53.0 	 0.19101123595505617 
360.0 	 749 	 565 	 36.0 	 53.0 	 0.19101123595505617 
361.0 	 751 	 565 	 36.0 	 53.0 	 0.19101123595505617 
362.0 	 754 	 565 	 36.0 	 52.0 	 0.18181818181818182 
363.0 	 756 	 565 	 36.0 	 53.0 	 0.19101123595505617 
364.0 	 758 	 565 	 36.0 	 53.0 	 0.19101123595505617 
365.0 	 760 	 565 	 36.0 	 52.0 	 0.18181818181818182 
366.0 	 763 	 565 	 36.0 	 52.0 	 0.18181818181818182 
367.0 	 765 	 565 	 37.0 	 53.0 	 0.17777777777777778 
368.0 	 767 	 565 	 37.0 	 53.0 	 0.17777777777777778 
369.0 	 769 	 565 	 36.0 	 52.0 	 0.18181818181818182 
370.0 	 772 	 565 	 36.0 	 54.0 	 0.2 
371.0 	 774 	 565 	 36.0 	 53.0 	 0.19101123595505617 
372.0 	 776 	 565 	 36.0 	 51.0 	 0.1724137931034483 
373.0 	 778 	 565 	 36.0 	 53.0 	 0.19101123595505617 
374.0 	 781 	 565 	 36.0 	 54.0 	 0.2 
375.0 	 783 	 565 	 36.0 	 52.0 	 0.18181818181818182 
376.0 	 785 	 565 	 36.0 	 53.0 	 0.19101123595505617 
377.0 	 787 	 565 	 36.0 	 53.0 	 0.19101123595505617 
378.0 	 789 	 565 	 36.0 	 52.0 	 0.18181818181818182 
379.0 	 791 	 565 	 36.0 	 52.0 	 0.18181818181818182 
380.0 	 793 	 565 	 36.0 	 53.0 	 0.19101123595505617 
381.0 	 795 	 565 	 36.0 	 52.0 	 0.18181818181818182 
382.0 	 798 	 565 	 36.0 	 53.0 	 0.19101123595505617 
383.0 	 800 	 565 	 36.0 	 54.0 	 0.2 
384.0 	 802 	 566 	 36.0 	 53.0 	 0.19101123595505617 
385.0 	 805 	 566 	 36.0 	 53.0 	 0.19101123595505617 
386.0 	 807 	 565 	 37.0 	 54.0 	 0.18681318681318682 
387.0 	 809 	 565 	 36.0 	 53.0 	 0.19101123595505617 
388.0 	 812 	 565 	 36.0 	 53.0 	 0.19101123595505617 
389.0 	 814 	 565 	 36.0 	 53.0 	 0.19101123595505617 
390.0 	 816 	 565 	 36.0 	 53.0 	 0.19101123595505617 
391.0 	 819 	 565 	 53.23316192626953 	 35.70600509643555 	 0.19706904636693434 
392.0 	 821 	 565 	 36.0 	 53.0 	 0.19101123595505617 
393.0 	 823 	 565 	 53.10898971557617 	 34.834930419921875 	 0.20779218469564312 
394.0 	 826 	 565 	 34.0 	 52.0 	 0.20930232558139536 
395.0 	 827 	 565 	 35.0 	 54.0 	 0.21348314606741572 
396.0 	 830 	 565 	 35.0 	 52.0 	 0.19540229885057472 
397.0 	 832 	 565 	 34.45684051513672 	 52.61653518676758 	 0.20855622657608422 
398.0 	 834 	 565 	 36.0 	 53.0 	 0.19101123595505617 
399.0 	 837 	 565 	 36.0 	 53.0 	 0.19101123595505617 
400.0 	 839 	 565 	 36.0 	 52.0 	 0.18181818181818182 
401.0 	 841 	 565 	 35.0 	 53.0 	 0.20454545454545456 
402.0 	 843 	 565 	 35.0 	 53.0 	 0.20454545454545456 
403.0 	 846 	 565 	 35.0 	 53.0 	 0.20454545454545456 
404.0 	 848 	 565 	 35.0 	 53.0 	 0.20454545454545456 
405.0 	 850 	 565 	 35.0 	 53.0 	 0.20454545454545456 
406.0 	 853 	 565 	 35.0 	 53.0 	 0.20454545454545456 
407.0 	 855 	 565 	 35.0 	 52.0 	 0.19540229885057472 
408.0 	 857 	 565 	 35.0 	 54.0 	 0.21348314606741572 
409.0 	 859 	 565 	 34.0 	 53.0 	 0.21839080459770116 
410.0 	 861 	 565 	 34.0 	 53.0 	 0.21839080459770116 
411.0 	 863 	 565 	 35.0 	 54.0 	 0.21348314606741572 
412.0 	 866 	 565 	 34.0 	 53.0 	 0.21839080459770116 
413.0 	 868 	 565 	 34.0 	 53.0 	 0.21839080459770116 
414.0 	 870 	 565 	 36.0 	 54.0 	 0.2 
415.0 	 873 	 565 	 36.0 	 53.0 	 0.19101123595505617 
416.0 	 875 	 565 	 36.0 	 53.0 	 0.19101123595505617 
417.0 	 877 	 565 	 36.0 	 54.0 	 0.2 
418.0 	 879 	 565 	 36.0 	 54.0 	 0.2 
419.0 	 882 	 565 	 36.0 	 53.0 	 0.19101123595505617 
420.0 	 884 	 565 	 36.0 	 53.0 	 0.19101123595505617 
421.0 	 886 	 565 	 36.0 	 53.0 	 0.19101123595505617 
422.0 	 888 	 565 	 35.0 	 53.0 	 0.20454545454545456 
423.0 	 890 	 565 	 35.0 	 54.0 	 0.21348314606741572 
424.0 	 893 	 565 	 36.0 	 53.0 	 0.19101123595505617 
425.0 	 895 	 565 	 52.94001770019531 	 35.86412048339844 	 0.1922871790219297 
426.0 	 897 	 565 	 36.0 	 54.0 	 0.2 
427.0 	 900 	 565 	 36.0 	 53.0 	 0.19101123595505617 
428.0 	 902 	 565 	 36.0 	 53.0 	 0.19101123595505617 
429.0 	 904 	 565 	 36.0 	 54.0 	 0.2 
430.0 	 906 	 565 	 36.0 	 54.0 	 0.2 
431.0 	 909 	 565 	 35.0 	 53.0 	 0.20454545454545456 
432.0 	 911 	 565 	 35.0 	 54.0 	 0.21348314606741572 
433.0 	 913 	 565 	 34.0 	 54.0 	 0.22727272727272727 
434.0 	 915 	 565 	 34.0 	 54.0 	 0.22727272727272727 
435.0 	 918 	 565 	 34.0 	 53.0 	 0.21839080459770116 
436.0 	 920 	 565 	 34.0 	 54.0 	 0.22727272727272727 
437.0 	 922 	 565 	 34.0 	 53.0 	 0.21839080459770116 
438.0 	 925 	 565 	 34.0 	 54.0 	 0.22727272727272727 
439.0 	 927 	 565 	 34.0 	 53.0 	 0.21839080459770116 
440.0 	 929 	 565 	 34.0 	 54.0 	 0.22727272727272727 
441.0 	 931 	 565 	 34.0 	 54.0 	 0.22727272727272727 
442.0 	 933 	 565 	 34.0 	 54.0 	 0.22727272727272727 
443.0 	 936 	 565 	 34.0 	 54.0 	 0.22727272727272727 
444.0 	 938 	 565 	 34.0 	 54.0 	 0.22727272727272727 
445.0 	 940 	 565 	 34.0 	 53.0 	 0.21839080459770116 
446.0 	 943 	 565 	 34.0 	 53.0 	 0.21839080459770116 
447.0 	 945 	 565 	 34.0 	 54.0 	 0.22727272727272727 
448.0 	 947 	 565 	 34.0 	 53.0 	 0.21839080459770116 
449.0 	 949 	 565 	 34.0 	 53.0 	 0.21839080459770116 
450.0 	 952 	 565 	 34.0 	 53.0 	 0.21839080459770116 
451.0 	 954 	 565 	 34.0 	 54.0 	 0.22727272727272727 
452.0 	 957 	 565 	 34.0 	 53.0 	 0.21839080459770116 
453.0 	 959 	 565 	 34.0 	 53.0 	 0.21839080459770116 
454.0 	 961 	 565 	 34.0 	 54.0 	 0.22727272727272727 
455.0 	 963 	 565 	 34.0 	 53.0 	 0.21839080459770116 
456.0 	 966 	 565 	 34.0 	 53.0 	 0.21839080459770116 
457.0 	 968 	 565 	 34.0 	 53.0 	 0.21839080459770116 
458.0 	 970 	 565 	 34.0 	 53.0 	 0.21839080459770116 
459.0 	 972 	 565 	 34.0 	 53.0 	 0.21839080459770116 
460.0 	 975 	 565 	 34.0 	 53.0 	 0.21839080459770116 
461.0 	 977 	 565 	 34.0 	 53.0 	 0.21839080459770116 
462.0 	 979 	 565 	 34.0 	 53.0 	 0.21839080459770116 
463.0 	 981 	 565 	 34.0 	 53.0 	 0.21839080459770116 
464.0 	 983 	 565 	 34.0 	 53.0 	 0.21839080459770116 
465.0 	 986 	 565 	 34.0 	 53.0 	 0.21839080459770116 
466.0 	 988 	 565 	 34.0 	 53.0 	 0.21839080459770116 
467.0 	 990 	 565 	 34.0 	 53.0 	 0.21839080459770116 
468.0 	 992 	 565 	 34.0 	 53.0 	 0.21839080459770116 
469.0 	 994 	 565 	 34.0 	 54.0 	 0.22727272727272727 
470.0 	 996 	 565 	 34.0 	 54.0 	 0.22727272727272727 
471.0 	 999 	 565 	 34.0 	 53.0 	 0.21839080459770116 
472.0 	 1001 	 565 	 34.0 	 53.0 	 0.21839080459770116 
473.0 	 1003 	 565 	 34.0 	 54.0 	 0.22727272727272727 
474.0 	 1006 	 565 	 34.0 	 53.0 	 0.21839080459770116 
475.0 	 1008 	 565 	 34.0 	 53.0 	 0.21839080459770116 
476.0 	 1010 	 565 	 34.0 	 54.0 	 0.22727272727272727 
477.0 	 1012 	 565 	 34.0 	 54.0 	 0.22727272727272727 
478.0 	 1014 	 564 	 33.0 	 54.0 	 0.2413793103448276 
479.0 	 1016 	 564 	 34.0 	 54.0 	 0.22727272727272727 
480.0 	 1018 	 564 	 33.0 	 54.0 	 0.2413793103448276 
481.0 	 1021 	 565 	 34.0 	 53.0 	 0.21839080459770116 
482.0 	 1023 	 564 	 34.0 	 54.0 	 0.22727272727272727 
483.0 	 1025 	 564 	 33.0 	 54.0 	 0.2413793103448276 
484.0 	 1027 	 564 	 33.0 	 54.0 	 0.2413793103448276 
485.0 	 1030 	 564 	 33.0 	 55.0 	 0.25 
486.0 	 1032 	 564 	 33.0 	 54.0 	 0.2413793103448276 
487.0 	 1034 	 564 	 33.0 	 53.0 	 0.23255813953488372 
488.0 	 1036 	 564 	 33.0 	 54.0 	 0.2413793103448276 
489.0 	 1038 	 564 	 33.0 	 54.0 	 0.2413793103448276 
490.0 	 1040 	 564 	 33.0 	 53.0 	 0.23255813953488372 
491.0 	 1043 	 564 	 34.0 	 53.0 	 0.21839080459770116 
492.0 	 1045 	 565 	 34.0 	 54.0 	 0.22727272727272727 
493.0 	 1047 	 565 	 33.0 	 53.0 	 0.23255813953488372 
494.0 	 1049 	 565 	 33.0 	 54.0 	 0.2413793103448276 
495.0 	 1051 	 565 	 34.0 	 54.0 	 0.22727272727272727 
496.0 	 1053 	 565 	 33.0 	 52.0 	 0.2235294117647059 
497.0 	 1056 	 565 	 33.0 	 53.0 	 0.23255813953488372 
498.0 	 1058 	 565 	 34.0 	 54.0 	 0.22727272727272727 
499.0 	 1060 	 565 	 33.0 	 53.0 	 0.23255813953488372 
500.0 	 1062 	 564 	 33.0 	 54.0 	 0.2413793103448276 
501.0 	 1064 	 564 	 33.0 	 54.0 	 0.2413793103448276 
502.0 	 1066 	 565 	 33.0 	 53.0 	 0.23255813953488372 
503.0 	 1068 	 565 	 33.0 	 52.0 	 0.2235294117647059 
504.0 	 1070 	 564 	 33.0 	 54.0 	 0.2413793103448276 
505.0 	 1072 	 564 	 33.0 	 52.0 	 0.2235294117647059 
506.0 	 1074 	 564 	 33.0 	 51.0 	 0.21428571428571427 
507.0 	 1077 	 564 	 33.0 	 52.0 	 0.2235294117647059 
508.0 	 1079 	 564 	 33.0 	 52.0 	 0.2235294117647059 
509.0 	 1081 	 565 	 33.0 	 51.0 	 0.21428571428571427 
510.0 	 1083 	 564 	 33.0 	 53.0 	 0.23255813953488372 
511.0 	 1085 	 564 	 33.0 	 53.0 	 0.23255813953488372 
512.0 	 1087 	 564 	 33.0 	 53.0 	 0.23255813953488372 
513.0 	 1090 	 564 	 33.0 	 53.0 	 0.23255813953488372 
514.0 	 1092 	 564 	 33.0 	 53.0 	 0.23255813953488372 
515.0 	 1094 	 564 	 33.0 	 53.0 	 0.23255813953488372 
516.0 	 1096 	 564 	 33.0 	 53.0 	 0.23255813953488372 
517.0 	 1098 	 565 	 33.0 	 53.0 	 0.23255813953488372 
518.0 	 1100 	 564 	 33.0 	 53.0 	 0.23255813953488372 
519.0 	 1102 	 564 	 33.0 	 54.0 	 0.2413793103448276 
520.0 	 1104 	 564 	 33.0 	 54.0 	 0.2413793103448276 
521.0 	 1107 	 565 	 32.0 	 52.0 	 0.23809523809523808 
522.0 	 1109 	 564 	 32.0 	 52.0 	 0.23809523809523808 
523.0 	 1111 	 565 	 53.0 	 33.0 	 0.23255813953488372 
524.0 	 1113 	 565 	 33.0 	 53.0 	 0.23255813953488372 
525.0 	 1115 	 565 	 33.0 	 52.0 	 0.2235294117647059 
526.0 	 1117 	 565 	 33.0 	 53.0 	 0.23255813953488372 
527.0 	 1120 	 565 	 33.0 	 53.0 	 0.23255813953488372 
528.0 	 1122 	 565 	 33.0 	 52.0 	 0.2235294117647059 
529.0 	 1123 	 565 	 33.0 	 53.0 	 0.23255813953488372 
530.0 	 1125 	 565 	 33.0 	 53.0 	 0.23255813953488372 
531.0 	 1127 	 565 	 33.0 	 52.0 	 0.2235294117647059 
532.0 	 1129 	 565 	 33.0 	 53.0 	 0.23255813953488372 
533.0 	 1132 	 565 	 33.0 	 53.0 	 0.23255813953488372 
534.0 	 1134 	 565 	 32.0 	 53.0 	 0.24705882352941178 
535.0 	 1136 	 565 	 32.0 	 53.0 	 0.24705882352941178 
536.0 	 1139 	 565 	 32.0 	 53.0 	 0.24705882352941178 
537.0 	 1140 	 565 	 32.0 	 53.0 	 0.24705882352941178 
538.0 	 1143 	 565 	 32.0 	 53.0 	 0.24705882352941178 
539.0 	 1145 	 565 	 32.0 	 53.0 	 0.24705882352941178 
540.0 	 1146 	 565 	 32.0 	 53.0 	 0.24705882352941178 
541.0 	 1148 	 565 	 33.0 	 53.0 	 0.23255813953488372 
542.0 	 1151 	 565 	 33.0 	 54.0 	 0.2413793103448276 
543.0 	 1153 	 565 	 33.0 	 52.0 	 0.2235294117647059 
544.0 	 1155 	 565 	 33.0 	 52.0 	 0.2235294117647059 
545.0 	 1157 	 565 	 33.0 	 53.0 	 0.23255813953488372 
546.0 	 1160 	 565 	 32.0 	 53.0 	 0.24705882352941178 
547.0 	 1162 	 565 	 32.0 	 53.0 	 0.24705882352941178 
548.0 	 1164 	 565 	 32.0 	 53.0 	 0.24705882352941178 
549.0 	 1166 	 565 	 54.0 	 33.0 	 0.2413793103448276 
550.0 	 1168 	 565 	 33.0 	 53.0 	 0.23255813953488372 
551.0 	 1170 	 565 	 33.0 	 54.0 	 0.2413793103448276 
552.0 	 1173 	 565 	 33.0 	 53.0 	 0.23255813953488372 
553.0 	 1175 	 565 	 32.0 	 53.0 	 0.24705882352941178 
554.0 	 1177 	 565 	 32.0 	 54.0 	 0.2558139534883721 
555.0 	 1179 	 565 	 32.0 	 55.0 	 0.26436781609195403 
556.0 	 1181 	 565 	 32.0 	 53.0 	 0.24705882352941178 
557.0 	 1183 	 565 	 32.0 	 53.0 	 0.24705882352941178 
558.0 	 1185 	 565 	 32.0 	 53.0 	 0.24705882352941178 
559.0 	 1187 	 565 	 32.0 	 53.0 	 0.24705882352941178 
560.0 	 1189 	 565 	 32.0 	 52.0 	 0.23809523809523808 
561.0 	 1191 	 565 	 32.0 	 53.0 	 0.24705882352941178 
562.0 	 1193 	 565 	 32.0 	 53.0 	 0.24705882352941178 
563.0 	 1195 	 565 	 32.0 	 53.0 	 0.24705882352941178 
564.0 	 1197 	 564 	 32.0 	 53.0 	 0.24705882352941178 
565.0 	 1200 	 564 	 31.0 	 53.0 	 0.2619047619047619 
566.0 	 1202 	 564 	 31.0 	 53.0 	 0.2619047619047619 
567.0 	 1204 	 564 	 31.0 	 53.0 	 0.2619047619047619 
568.0 	 1206 	 564 	 31.0 	 54.0 	 0.27058823529411763 
569.0 	 1208 	 564 	 31.0 	 53.0 	 0.2619047619047619 
570.0 	 1210 	 564 	 31.0 	 54.0 	 0.27058823529411763 
571.0 	 1213 	 564 	 31.0 	 53.0 	 0.2619047619047619 
572.0 	 1215 	 564 	 31.0 	 54.0 	 0.27058823529411763 
573.0 	 1216 	 564 	 31.0 	 53.0 	 0.2619047619047619 
574.0 	 1219 	 564 	 31.0 	 53.0 	 0.2619047619047619 
575.0 	 1221 	 564 	 31.0 	 53.0 	 0.2619047619047619 
576.0 	 1222 	 564 	 31.0 	 53.0 	 0.2619047619047619 
577.0 	 1225 	 564 	 32.0 	 53.0 	 0.24705882352941178 
578.0 	 1227 	 564 	 33.0 	 53.0 	 0.23255813953488372 
579.0 	 1229 	 564 	 33.0 	 53.0 	 0.23255813953488372 
580.0 	 1231 	 564 	 33.0 	 53.0 	 0.23255813953488372 
581.0 	 1233 	 564 	 33.0 	 54.0 	 0.2413793103448276 
582.0 	 1235 	 564 	 33.0 	 53.0 	 0.23255813953488372 
583.0 	 1237 	 564 	 32.0 	 53.0 	 0.24705882352941178 
584.0 	 1240 	 564 	 32.0 	 53.0 	 0.24705882352941178 
585.0 	 1241 	 564 	 32.0 	 53.0 	 0.24705882352941178 
586.0 	 1244 	 564 	 32.0 	 51.0 	 0.2289156626506024 
587.0 	 1246 	 564 	 31.0 	 52.0 	 0.25301204819277107 
588.0 	 1248 	 564 	 32.0 	 52.0 	 0.23809523809523808 
589.0 	 1250 	 564 	 32.0 	 53.0 	 0.24705882352941178 
590.0 	 1252 	 564 	 33.0 	 54.0 	 0.2413793103448276 
591.0 	 1255 	 564 	 33.0 	 54.0 	 0.2413793103448276 
592.0 	 1257 	 564 	 53.22737503051758 	 32.36592483520508 	 0.2437276075117982 
593.0 	 1259 	 564 	 33.0 	 53.0 	 0.23255813953488372 
594.0 	 1261 	 564 	 33.0 	 54.0 	 0.2413793103448276 
595.0 	 1263 	 564 	 33.0 	 53.0 	 0.23255813953488372 
596.0 	 1266 	 564 	 32.0 	 53.0 	 0.24705882352941178 
597.0 	 1268 	 564 	 33.0 	 54.0 	 0.2413793103448276 
598.0 	 1270 	 564 	 32.0 	 53.0 	 0.24705882352941178 
599.0 	 1272 	 564 	 32.0 	 52.0 	 0.23809523809523808 
600.0 	 1274 	 564 	 33.0 	 54.0 	 0.2413793103448276 
601.0 	 1276 	 564 	 33.0 	 52.0 	 0.2235294117647059 
602.0 	 1279 	 564 	 32.0 	 52.0 	 0.23809523809523808 
603.0 	 1281 	 564 	 33.0 	 54.0 	 0.2413793103448276 
604.0 	 1283 	 564 	 33.0 	 54.0 	 0.2413793103448276 
605.0 	 1285 	 564 	 33.0 	 53.0 	 0.23255813953488372 
606.0 	 1287 	 564 	 33.0 	 53.0 	 0.23255813953488372 
607.0 	 1289 	 564 	 33.0 	 54.0 	 0.2413793103448276 
608.0 	 1291 	 564 	 32.0 	 52.0 	 0.23809523809523808 
609.0 	 1294 	 564 	 33.0 	 53.0 	 0.23255813953488372 
610.0 	 1296 	 564 	 33.0 	 54.0 	 0.2413793103448276 
611.0 	 1298 	 564 	 33.0 	 53.0 	 0.23255813953488372 
612.0 	 1300 	 564 	 33.0 	 54.0 	 0.2413793103448276 
613.0 	 1302 	 564 	 33.0 	 54.0 	 0.2413793103448276 
614.0 	 1305 	 564 	 32.0 	 53.0 	 0.24705882352941178 
615.0 	 1307 	 564 	 33.0 	 55.0 	 0.25 
616.0 	 1309 	 564 	 34.0 	 55.0 	 0.23595505617977527 
617.0 	 1311 	 564 	 54.0 	 34.0 	 0.22727272727272727 
618.0 	 1313 	 564 	 33.0 	 52.0 	 0.2235294117647059 
619.0 	 1315 	 564 	 34.0 	 55.0 	 0.23595505617977527 
620.0 	 1318 	 564 	 33.62189865112305 	 53.582950592041016 	 0.22889841693617405 
621.0 	 1320 	 564 	 33.0 	 52.0 	 0.2235294117647059 
622.0 	 1322 	 564 	 34.0 	 55.0 	 0.23595505617977527 
623.0 	 1324 	 564 	 33.0 	 54.0 	 0.2413793103448276 
624.0 	 1326 	 564 	 32.0 	 53.0 	 0.24705882352941178 
625.0 	 1329 	 564 	 32.0 	 54.0 	 0.2558139534883721 
626.0 	 1331 	 564 	 32.0 	 54.0 	 0.2558139534883721 
627.0 	 1333 	 564 	 32.0 	 52.0 	 0.23809523809523808 
628.0 	 1335 	 564 	 33.0 	 54.0 	 0.2413793103448276 
629.0 	 1337 	 564 	 32.0 	 54.0 	 0.2558139534883721 
630.0 	 1339 	 564 	 32.0 	 53.0 	 0.24705882352941178 
631.0 	 1342 	 564 	 34.0 	 54.0 	 0.22727272727272727 
632.0 	 1344 	 564 	 34.0 	 56.0 	 0.24444444444444444 
633.0 	 1346 	 564 	 32.0 	 54.0 	 0.2558139534883721 
634.0 	 1348 	 564 	 32.0 	 55.0 	 0.26436781609195403 
635.0 	 1350 	 564 	 33.0 	 55.0 	 0.25 
636.0 	 1353 	 564 	 32.0 	 53.0 	 0.24705882352941178 
637.0 	 1355 	 564 	 32.0 	 54.0 	 0.2558139534883721 
638.0 	 1357 	 564 	 33.0 	 55.0 	 0.25 
639.0 	 1359 	 564 	 33.0 	 54.0 	 0.2413793103448276 
640.0 	 1361 	 564 	 32.0 	 53.0 	 0.24705882352941178 
641.0 	 1364 	 564 	 33.0 	 55.0 	 0.25 
642.0 	 1366 	 564 	 33.0 	 53.0 	 0.23255813953488372 
643.0 	 1368 	 564 	 33.0 	 53.0 	 0.23255813953488372 
644.0 	 1369 	 564 	 34.0 	 55.0 	 0.23595505617977527 
645.0 	 1371 	 564 	 34.0 	 55.0 	 0.23595505617977527 
646.0 	 1374 	 564 	 33.0 	 53.0 	 0.23255813953488372 
647.0 	 1376 	 564 	 33.0 	 55.0 	 0.25 
648.0 	 1378 	 564 	 33.0 	 55.0 	 0.25 
649.0 	 1381 	 564 	 31.0 	 53.0 	 0.2619047619047619 
650.0 	 1383 	 564 	 32.0 	 55.0 	 0.26436781609195403 
651.0 	 1385 	 564 	 32.0 	 55.0 	 0.26436781609195403 
652.0 	 1387 	 564 	 31.830028533935547 	 53.25978088378906 	 0.2518486349481657 
653.0 	 1389 	 564 	 32.0 	 54.0 	 0.2558139534883721 
654.0 	 1391 	 564 	 55.0 	 33.0 	 0.25 
655.0 	 1394 	 564 	 32.0 	 53.0 	 0.24705882352941178 
656.0 	 1396 	 564 	 32.0 	 53.0 	 0.24705882352941178 
657.0 	 1398 	 564 	 33.0 	 54.0 	 0.2413793103448276 
658.0 	 1400 	 564 	 31.937685012817383 	 53.89484405517578 	 0.2558139586562199 
659.0 	 1403 	 564 	 31.0 	 53.0 	 0.2619047619047619 
660.0 	 1405 	 564 	 33.0 	 55.0 	 0.25 
661.0 	 1407 	 564 	 32.0 	 54.0 	 0.2558139534883721 
662.0 	 1409 	 564 	 32.0 	 53.0 	 0.24705882352941178 
663.0 	 1412 	 564 	 33.0 	 54.0 	 0.2413793103448276 
664.0 	 1414 	 564 	 32.0 	 53.0 	 0.24705882352941178 
665.0 	 1416 	 564 	 32.0 	 52.0 	 0.23809523809523808 
666.0 	 1418 	 564 	 32.0 	 53.0 	 0.24705882352941178 
667.0 	 1420 	 564 	 32.0 	 53.0 	 0.24705882352941178 
668.0 	 1422 	 564 	 31.0 	 55.0 	 0.27906976744186046 
669.0 	 1424 	 564 	 32.0 	 57.0 	 0.2808988764044944 
670.0 	 1427 	 564 	 32.0 	 58.0 	 0.28888888888888886 
671.0 	 1430 	 564 	 30.0 	 56.0 	 0.3023255813953488 
672.0 	 1432 	 564 	 31.0 	 56.0 	 0.28735632183908044 
673.0 	 1434 	 564 	 32.0 	 56.0 	 0.2727272727272727 
674.0 	 1436 	 564 	 31.0 	 55.0 	 0.27906976744186046 
675.0 	 1439 	 564 	 31.0 	 54.0 	 0.27058823529411763 
676.0 	 1440 	 564 	 32.0 	 55.0 	 0.26436781609195403 
677.0 	 1442 	 564 	 32.0 	 55.0 	 0.26436781609195403 
678.0 	 1444 	 564 	 32.0 	 54.0 	 0.2558139534883721 
679.0 	 1446 	 564 	 33.0 	 55.0 	 0.25 
680.0 	 1449 	 564 	 33.0 	 54.0 	 0.2413793103448276 
681.0 	 1451 	 564 	 32.0 	 53.0 	 0.24705882352941178 
682.0 	 1453 	 564 	 33.0 	 55.0 	 0.25 
683.0 	 1455 	 564 	 33.0 	 55.0 	 0.25 
684.0 	 1457 	 564 	 33.0 	 53.0 	 0.23255813953488372 
685.0 	 1459 	 564 	 32.0 	 53.0 	 0.24705882352941178 
686.0 	 1461 	 564 	 33.0 	 54.0 	 0.2413793103448276 
687.0 	 1463 	 564 	 33.0 	 54.0 	 0.2413793103448276 
688.0 	 1465 	 564 	 33.0 	 54.0 	 0.2413793103448276 
689.0 	 1468 	 564 	 34.0 	 54.0 	 0.22727272727272727 
690.0 	 1470 	 564 	 34.0 	 55.0 	 0.23595505617977527 
691.0 	 1472 	 564 	 34.0 	 54.0 	 0.22727272727272727 
692.0 	 1474 	 564 	 34.0 	 56.0 	 0.24444444444444444 
693.0 	 1476 	 564 	 33.0 	 57.0 	 0.26666666666666666 
694.0 	 1479 	 564 	 33.0 	 54.0 	 0.2413793103448276 
695.0 	 1482 	 564 	 34.0 	 53.0 	 0.21839080459770116 
696.0 	 1484 	 564 	 34.0 	 54.0 	 0.22727272727272727 
697.0 	 1486 	 564 	 33.0 	 51.0 	 0.21428571428571427 
698.0 	 1487 	 564 	 34.0 	 53.0 	 0.21839080459770116 
699.0 	 1490 	 564 	 34.0 	 54.0 	 0.22727272727272727 
700.0 	 1492 	 564 	 34.0 	 52.0 	 0.20930232558139536 
701.0 	 1494 	 564 	 34.0 	 53.0 	 0.21839080459770116 
702.0 	 1496 	 564 	 34.0 	 53.0 	 0.21839080459770116 
703.0 	 1498 	 564 	 34.0 	 52.0 	 0.20930232558139536 
704.0 	 1500 	 564 	 33.0 	 53.0 	 0.23255813953488372 
705.0 	 1502 	 564 	 34.0 	 54.0 	 0.22727272727272727 
706.0 	 1504 	 564 	 34.0 	 53.0 	 0.21839080459770116 
707.0 	 1506 	 564 	 33.0 	 52.0 	 0.2235294117647059 
708.0 	 1508 	 564 	 34.0 	 52.0 	 0.20930232558139536 
709.0 	 1510 	 564 	 34.0 	 53.0 	 0.21839080459770116 
710.0 	 1513 	 564 	 33.0 	 52.0 	 0.2235294117647059 
711.0 	 1515 	 564 	 34.0 	 53.0 	 0.21839080459770116 
712.0 	 1517 	 564 	 34.0 	 54.0 	 0.22727272727272727 
713.0 	 1519 	 564 	 33.0 	 53.0 	 0.23255813953488372 
714.0 	 1522 	 564 	 34.0 	 54.0 	 0.22727272727272727 
715.0 	 1524 	 564 	 34.0 	 54.0 	 0.22727272727272727 
716.0 	 1526 	 564 	 33.0 	 51.0 	 0.21428571428571427 
717.0 	 1528 	 564 	 33.0 	 53.0 	 0.23255813953488372 
718.0 	 1530 	 564 	 35.0 	 53.0 	 0.20454545454545456 
719.0 	 1532 	 564 	 34.0 	 52.0 	 0.20930232558139536 
720.0 	 1534 	 564 	 34.0 	 51.0 	 0.2 
721.0 	 1537 	 564 	 34.0 	 52.0 	 0.20930232558139536 
722.0 	 1539 	 564 	 34.0 	 52.0 	 0.20930232558139536 
723.0 	 1542 	 564 	 33.0 	 51.0 	 0.21428571428571427 
724.0 	 1544 	 564 	 33.0 	 52.0 	 0.2235294117647059 
725.0 	 1546 	 564 	 33.0 	 51.0 	 0.21428571428571427 
726.0 	 1547 	 564 	 34.0 	 51.0 	 0.2 
727.0 	 1550 	 564 	 34.0 	 53.0 	 0.21839080459770116 
728.0 	 1551 	 564 	 34.0 	 53.0 	 0.21839080459770116 
729.0 	 1554 	 564 	 33.0 	 51.0 	 0.21428571428571427 
730.0 	 1556 	 564 	 33.0 	 52.0 	 0.2235294117647059 
731.0 	 1559 	 564 	 34.0 	 52.0 	 0.20930232558139536 
732.0 	 1561 	 564 	 32.0 	 51.0 	 0.2289156626506024 
733.0 	 1563 	 565 	 33.0 	 51.0 	 0.21428571428571427 
734.0 	 1565 	 565 	 33.0 	 52.0 	 0.2235294117647059 
735.0 	 1567 	 565 	 31.784320831298828 	 50.25584030151367 	 0.22515215981002062 
736.0 	 1569 	 564 	 32.0 	 50.0 	 0.21951219512195122 
737.0 	 1572 	 565 	 33.0 	 52.0 	 0.2235294117647059 
738.0 	 1574 	 564 	 32.35957717895508 	 51.335872650146484 	 0.22673031222054799 
739.0 	 1576 	 564 	 32.13583755493164 	 51.07986831665039 	 0.2276497034220086 
740.0 	 1578 	 565 	 33.0 	 52.0 	 0.2235294117647059 
741.0 	 1580 	 565 	 32.0 	 51.0 	 0.2289156626506024 
742.0 	 1583 	 564 	 30.0 	 50.0 	 0.25 
743.0 	 1585 	 564 	 31.0 	 52.0 	 0.25301204819277107 
744.0 	 1587 	 564 	 31.0 	 51.0 	 0.24390243902439024 
745.0 	 1589 	 565 	 30.0 	 50.0 	 0.25 
746.0 	 1591 	 564 	 52.0 	 32.0 	 0.23809523809523808 
747.0 	 1593 	 565 	 32.0 	 52.0 	 0.23809523809523808 
748.0 	 1595 	 564 	 29.0 	 50.0 	 0.26582278481012656 
749.0 	 1598 	 564 	 31.0 	 52.0 	 0.25301204819277107 
750.0 	 1601 	 565 	 31.0 	 51.0 	 0.24390243902439024 
751.0 	 1602 	 564 	 30.0 	 48.0 	 0.23076923076923078 
752.0 	 1604 	 564 	 31.0 	 49.0 	 0.225 
753.0 	 1607 	 564 	 31.0 	 51.0 	 0.24390243902439024 
754.0 	 1609 	 564 	 30.0 	 49.0 	 0.24050632911392406 
755.0 	 1611 	 564 	 30.0 	 50.0 	 0.25 
756.0 	 1613 	 564 	 32.0 	 52.0 	 0.23809523809523808 
757.0 	 1615 	 564 	 31.0 	 50.0 	 0.2345679012345679 
758.0 	 1618 	 564 	 30.0 	 49.0 	 0.24050632911392406 
759.0 	 1620 	 564 	 52.0 	 32.0 	 0.23809523809523808 
760.0 	 1622 	 564 	 30.0 	 51.0 	 0.25925925925925924 
761.0 	 1624 	 564 	 30.0 	 51.0 	 0.25925925925925924 
762.0 	 1626 	 564 	 31.0 	 51.0 	 0.24390243902439024 
763.0 	 1628 	 564 	 31.0 	 50.0 	 0.2345679012345679 
764.0 	 1630 	 564 	 30.0 	 49.0 	 0.24050632911392406 
765.0 	 1633 	 564 	 30.0 	 52.0 	 0.2682926829268293 
766.0 	 1635 	 564 	 52.0 	 32.0 	 0.23809523809523808 
767.0 	 1636 	 564 	 30.0 	 50.0 	 0.25 
768.0 	 1639 	 564 	 51.0 	 31.0 	 0.24390243902439024 
769.0 	 1641 	 564 	 30.0 	 52.0 	 0.2682926829268293 
770.0 	 1643 	 564 	 29.0 	 49.0 	 0.2564102564102564 
771.0 	 1645 	 564 	 31.0 	 50.0 	 0.2345679012345679 
772.0 	 1647 	 564 	 51.0 	 31.0 	 0.24390243902439024 
773.0 	 1650 	 564 	 28.0 	 48.0 	 0.2631578947368421 
774.0 	 1651 	 564 	 28.0 	 48.0 	 0.2631578947368421 
775.0 	 1654 	 564 	 30.0 	 51.0 	 0.25925925925925924 
776.0 	 1656 	 564 	 28.0 	 48.0 	 0.2631578947368421 
777.0 	 1658 	 564 	 28.0 	 48.0 	 0.2631578947368421 
778.0 	 1661 	 564 	 30.0 	 51.0 	 0.25925925925925924 
779.0 	 1662 	 564 	 28.0 	 50.0 	 0.28205128205128205 
780.0 	 1664 	 564 	 28.0 	 48.0 	 0.2631578947368421 
781.0 	 1667 	 564 	 29.0 	 51.0 	 0.275 
782.0 	 1669 	 564 	 29.0 	 51.0 	 0.275 
783.0 	 1671 	 564 	 27.0 	 46.0 	 0.2602739726027397 
784.0 	 1673 	 564 	 29.0 	 50.0 	 0.26582278481012656 
785.0 	 1675 	 564 	 30.0 	 50.0 	 0.25 
786.0 	 1677 	 564 	 27.335411071777344 	 48.72241973876953 	 0.28119403931286546 
787.0 	 1679 	 564 	 29.0 	 50.0 	 0.26582278481012656 
788.0 	 1682 	 564 	 30.0 	 51.0 	 0.25925925925925924 
789.0 	 1684 	 564 	 28.0 	 47.0 	 0.25333333333333335 
790.0 	 1686 	 564 	 29.0 	 48.0 	 0.24675324675324675 
791.0 	 1687 	 564 	 50.20037078857422 	 30.84132957458496 	 0.23887753005229023 
792.0 	 1690 	 564 	 28.0 	 48.0 	 0.2631578947368421 
793.0 	 1692 	 564 	 28.0 	 49.0 	 0.2727272727272727 
794.0 	 1695 	 564 	 29.651203155517578 	 52.49125671386719 	 0.2780541707013367 
795.0 	 1697 	 564 	 28.0 	 49.0 	 0.2727272727272727 
796.0 	 1698 	 564 	 27.0 	 48.0 	 0.28 
797.0 	 1701 	 564 	 29.0 	 52.0 	 0.2839506172839506 
798.0 	 1703 	 564 	 29.0 	 49.0 	 0.2564102564102564 
799.0 	 1705 	 564 	 28.0 	 47.0 	 0.25333333333333335 
800.0 	 1707 	 564 	 30.0 	 51.0 	 0.25925925925925924 
801.0 	 1710 	 564 	 30.0 	 52.0 	 0.2682926829268293 
802.0 	 1712 	 564 	 28.0 	 50.0 	 0.28205128205128205 
803.0 	 1714 	 564 	 29.0 	 51.0 	 0.275 
804.0 	 1716 	 564 	 29.0 	 52.0 	 0.2839506172839506 
805.0 	 1718 	 564 	 26.0 	 50.0 	 0.3157894736842105 
806.0 	 1720 	 564 	 28.0 	 52.0 	 0.3 
807.0 	 1722 	 564 	 53.0 	 29.0 	 0.2926829268292683 
808.0 	 1723 	 564 	 27.0 	 51.0 	 0.3076923076923077 
809.0 	 1726 	 564 	 50.0 	 28.0 	 0.28205128205128205 
810.0 	 1728 	 564 	 29.0 	 53.0 	 0.2926829268292683 
811.0 	 1730 	 565 	 27.0 	 50.0 	 0.2987012987012987 
812.0 	 1732 	 564 	 49.07037353515625 	 27.432331085205078 	 0.2828402284249722 
813.0 	 1734 	 564 	 28.0 	 51.0 	 0.2911392405063291 
814.0 	 1736 	 565 	 29.0 	 49.0 	 0.2564102564102564 
815.0 	 1738 	 564 	 26.0 	 48.0 	 0.2972972972972973 
816.0 	 1740 	 564 	 28.0 	 50.0 	 0.28205128205128205 
817.0 	 1742 	 565 	 27.0 	 51.0 	 0.3076923076923077 
818.0 	 1744 	 564 	 25.0 	 48.0 	 0.3150684931506849 
819.0 	 1746 	 564 	 27.0 	 50.0 	 0.2987012987012987 
820.0 	 1749 	 564 	 27.0 	 50.0 	 0.2987012987012987 
821.0 	 1750 	 564 	 26.0 	 47.0 	 0.2876712328767123 
822.0 	 1752 	 564 	 26.0 	 49.0 	 0.30666666666666664 
823.0 	 1754 	 564 	 27.0 	 52.0 	 0.31645569620253167 
824.0 	 1756 	 564 	 27.0 	 49.0 	 0.2894736842105263 
825.0 	 1758 	 564 	 27.07085418701172 	 48.79800033569336 	 0.2863776748096205 
826.0 	 1761 	 564 	 28.0 	 51.0 	 0.2911392405063291 
827.0 	 1763 	 564 	 27.150562286376953 	 49.392547607421875 	 0.2905811555332019 
828.0 	 1765 	 564 	 25.648937225341797 	 49.01797103881836 	 0.3129771187364619 
829.0 	 1767 	 564 	 28.0 	 50.0 	 0.28205128205128205 
830.0 	 1768 	 564 	 28.0 	 50.0 	 0.28205128205128205 
831.0 	 1771 	 564 	 27.0 	 48.0 	 0.28 
832.0 	 1773 	 564 	 28.0 	 49.0 	 0.2727272727272727 
833.0 	 1775 	 564 	 28.0 	 50.0 	 0.28205128205128205 
834.0 	 1777 	 563 	 25.0 	 49.0 	 0.32432432432432434 
835.0 	 1779 	 564 	 28.0 	 50.0 	 0.28205128205128205 
836.0 	 1781 	 564 	 29.0 	 51.0 	 0.275 
837.0 	 1783 	 563 	 26.0 	 47.0 	 0.2876712328767123 
838.0 	 1786 	 564 	 49.81173324584961 	 27.022642135620117 	 0.2966002000678146 
839.0 	 1788 	 564 	 28.0 	 52.0 	 0.3 
840.0 	 1790 	 563 	 49.81173324584961 	 26.887527465820312 	 0.2988843121475008 
841.0 	 1792 	 564 	 25.0 	 49.0 	 0.32432432432432434 
842.0 	 1794 	 564 	 51.0 	 27.0 	 0.3076923076923077 
843.0 	 1796 	 564 	 50.3004150390625 	 25.57769203186035 	 0.3258215572522645 
844.0 	 1799 	 563 	 48.07447814941406 	 22.362327575683594 	 0.36503856625867487 
845.0 	 1801 	 564 	 25.0 	 51.0 	 0.34210526315789475 
846.0 	 1803 	 564 	 50.14860916137695 	 24.721973419189453 	 0.339607825474398 
847.0 	 1805 	 563 	 48.21078109741211 	 22.196924209594727 	 0.3694745734772375 
848.0 	 1807 	 564 	 50.324771881103516 	 26.307466506958008 	 0.3134099418122588 
849.0 	 1808 	 564 	 25.0 	 49.0 	 0.32432432432432434 
850.0 	 1812 	 564 	 24.961509704589844 	 47.03857421875 	 0.3066255386266788 
851.0 	 1814 	 564 	 49.46924591064453 	 25.61663246154785 	 0.3176710982970981 
852.0 	 1815 	 564 	 26.0 	 50.0 	 0.3157894736842105 
853.0 	 1818 	 564 	 23.0 	 48.0 	 0.352112676056338 
854.0 	 1820 	 564 	 24.498416900634766 	 49.2459716796875 	 0.3355855985177467 
855.0 	 1822 	 565 	 26.0 	 50.0 	 0.3157894736842105 
856.0 	 1824 	 563 	 25.0 	 46.0 	 0.29577464788732394 
857.0 	 1826 	 564 	 24.0 	 46.0 	 0.3142857142857143 
858.0 	 1828 	 564 	 25.0 	 50.0 	 0.3333333333333333 
859.0 	 1831 	 564 	 48.03877258300781 	 22.179828643798828 	 0.3682634442643537 
860.0 	 1833 	 564 	 47.169124603271484 	 22.81500816345215 	 0.3479948307854054 
861.0 	 1834 	 564 	 51.08659362792969 	 25.80937385559082 	 0.3287197053311801 
862.0 	 1836 	 564 	 50.0 	 26.0 	 0.3157894736842105 
863.0 	 1838 	 564 	 46.26375961303711 	 23.539291381835938 	 0.32555121742272064 
864.0 	 1840 	 565 	 25.0 	 52.0 	 0.35064935064935066 
865.0 	 1842 	 565 	 25.0 	 50.0 	 0.3333333333333333 
866.0 	 1843 	 564 	 24.0 	 45.0 	 0.30434782608695654 
867.0 	 1846 	 565 	 25.0 	 49.0 	 0.32432432432432434 
868.0 	 1848 	 565 	 26.0 	 51.0 	 0.3246753246753247 
869.0 	 1850 	 564 	 24.875930786132812 	 45.97072219848633 	 0.297752829861041 
870.0 	 1852 	 564 	 25.079736709594727 	 48.08333969116211 	 0.31441546902105694 
871.0 	 1854 	 565 	 27.82874870300293 	 52.123687744140625 	 0.30386740067889045 
872.0 	 1856 	 564 	 26.0 	 47.0 	 0.2876712328767123 
873.0 	 1858 	 564 	 26.0 	 49.0 	 0.30666666666666664 
874.0 	 1861 	 565 	 28.0 	 52.0 	 0.3 
875.0 	 1862 	 565 	 26.0 	 48.0 	 0.2972972972972973 
876.0 	 1864 	 564 	 25.0 	 48.0 	 0.3150684931506849 
877.0 	 1867 	 564 	 50.40392303466797 	 28.066415786743164 	 0.2846617917473535 
878.0 	 1869 	 564 	 28.0 	 50.0 	 0.28205128205128205 
879.0 	 1870 	 563 	 27.0 	 47.0 	 0.2702702702702703 
880.0 	 1873 	 564 	 28.0 	 49.0 	 0.2727272727272727 
881.0 	 1875 	 564 	 28.0 	 49.0 	 0.2727272727272727 
882.0 	 1875 	 563 	 26.0 	 45.0 	 0.2676056338028169 
883.0 	 1878 	 564 	 48.259307861328125 	 28.557567596435547 	 0.25647672008900196 
884.0 	 1880 	 564 	 29.0 	 50.0 	 0.26582278481012656 
885.0 	 1882 	 564 	 27.0 	 45.0 	 0.25 
886.0 	 1885 	 564 	 29.0 	 50.0 	 0.26582278481012656 
887.0 	 1886 	 564 	 29.0 	 51.0 	 0.275 
888.0 	 1888 	 564 	 45.52634811401367 	 25.848947525024414 	 0.27568923410843116 
889.0 	 1889 	 564 	 27.0 	 46.0 	 0.2602739726027397 
890.0 	 1892 	 564 	 29.0 	 49.0 	 0.2564102564102564 
891.0 	 1892 	 564 	 27.0 	 47.0 	 0.2702702702702703 
892.0 	 1894 	 564 	 27.0 	 45.0 	 0.25 
893.0 	 1897 	 564 	 29.0 	 43.0 	 0.19444444444444445 
894.0 	 1898 	 564 	 28.0 	 39.0 	 0.16417910447761194 
895.0 	 1898 	 563 	 28.0 	 38.0 	 0.15151515151515152 
896.0 	 1901 	 564 	 29.0 	 37.0 	 0.12121212121212122 
897.0 	 1902 	 564 	 26.0 	 34.0 	 0.13333333333333333 
898.0 	 1902 	 562 	 20.0 	 32.0 	 0.23076923076923078 
899.0 	 1903 	 564 	 27.0 	 32.0 	 0.0847457627118644 
900.0 	 1905 	 564 	 26.0 	 29.0 	 0.05454545454545454 
901.0 	 1906 	 563 	 22.0 	 27.0 	 0.10204081632653061 
902.0 	 1907 	 564 	 26.0 	 26.0 	 0.0 
903.0 	 1908 	 564 	 24.0 	 27.0 	 0.058823529411764705 
