frame 	 x 	 y 	 width 	 height 	 deformation 
1.0 	 149 	 519 	 29.0 	 27.0 	 0.03571428571428571 
2.0 	 150 	 519 	 29.0 	 27.0 	 0.03571428571428571 
3.0 	 149 	 519 	 29.0 	 27.0 	 0.03571428571428571 
4.0 	 149 	 519 	 29.0 	 27.0 	 0.03571428571428571 
5.0 	 150 	 519 	 29.0 	 27.0 	 0.03571428571428571 
6.0 	 150 	 519 	 29.0 	 28.0 	 0.017543859649122806 
7.0 	 150 	 519 	 29.0 	 28.0 	 0.017543859649122806 
8.0 	 150 	 519 	 29.0 	 28.0 	 0.017543859649122806 
9.0 	 150 	 519 	 29.0 	 28.0 	 0.017543859649122806 
10.0 	 150 	 519 	 29.0 	 28.0 	 0.017543859649122806 
11.0 	 150 	 519 	 29.0 	 28.0 	 0.017543859649122806 
12.0 	 150 	 519 	 29.0 	 28.0 	 0.017543859649122806 
13.0 	 150 	 519 	 29.0 	 28.0 	 0.017543859649122806 
14.0 	 150 	 519 	 29.0 	 28.0 	 0.017543859649122806 
15.0 	 150 	 519 	 29.0 	 28.0 	 0.017543859649122806 
16.0 	 150 	 519 	 29.0 	 28.0 	 0.017543859649122806 
17.0 	 150 	 519 	 29.0 	 28.0 	 0.017543859649122806 
18.0 	 150 	 519 	 29.0 	 28.0 	 0.017543859649122806 
19.0 	 150 	 519 	 29.0 	 28.0 	 0.017543859649122806 
20.0 	 150 	 519 	 29.0 	 28.0 	 0.017543859649122806 
21.0 	 150 	 519 	 29.0 	 28.0 	 0.017543859649122806 
22.0 	 150 	 519 	 29.0 	 28.0 	 0.017543859649122806 
23.0 	 150 	 519 	 29.0 	 28.0 	 0.017543859649122806 
24.0 	 150 	 519 	 29.0 	 28.0 	 0.017543859649122806 
25.0 	 150 	 519 	 29.0 	 28.0 	 0.017543859649122806 
26.0 	 150 	 519 	 29.0 	 28.0 	 0.017543859649122806 
27.0 	 150 	 519 	 29.0 	 28.0 	 0.017543859649122806 
28.0 	 150 	 519 	 29.0 	 28.0 	 0.017543859649122806 
29.0 	 150 	 519 	 29.0 	 28.0 	 0.017543859649122806 
30.0 	 150 	 519 	 29.0 	 28.0 	 0.017543859649122806 
31.0 	 150 	 519 	 29.0 	 28.0 	 0.017543859649122806 
32.0 	 150 	 519 	 29.0 	 28.0 	 0.017543859649122806 
33.0 	 150 	 519 	 29.0 	 28.0 	 0.017543859649122806 
34.0 	 150 	 519 	 29.0 	 28.0 	 0.017543859649122806 
35.0 	 150 	 519 	 29.0 	 28.0 	 0.017543859649122806 
36.0 	 150 	 519 	 29.0 	 28.0 	 0.017543859649122806 
37.0 	 150 	 519 	 29.0 	 29.0 	 0.0 
38.0 	 150 	 519 	 29.0 	 29.0 	 0.0 
39.0 	 150 	 519 	 29.0 	 29.0 	 0.0 
40.0 	 150 	 519 	 29.0 	 29.0 	 0.0 
41.0 	 150 	 519 	 29.0 	 29.0 	 0.0 
42.0 	 150 	 519 	 29.0 	 29.0 	 0.0 
43.0 	 150 	 519 	 29.0 	 29.0 	 0.0 
44.0 	 150 	 519 	 29.0 	 29.0 	 0.0 
45.0 	 150 	 519 	 29.0 	 29.0 	 0.0 
46.0 	 151 	 519 	 29.0 	 29.0 	 0.0 
47.0 	 151 	 519 	 29.0 	 29.0 	 0.0 
48.0 	 151 	 519 	 29.0 	 29.0 	 0.0 
49.0 	 151 	 519 	 29.0 	 29.0 	 0.0 
50.0 	 151 	 519 	 29.0 	 29.0 	 0.0 
51.0 	 151 	 519 	 29.0 	 29.0 	 0.0 
52.0 	 151 	 519 	 29.0 	 29.0 	 0.0 
53.0 	 151 	 519 	 29.0 	 29.0 	 0.0 
54.0 	 151 	 519 	 29.0 	 29.0 	 0.0 
55.0 	 151 	 519 	 29.0 	 29.0 	 0.0 
56.0 	 151 	 519 	 29.0 	 29.0 	 0.0 
57.0 	 151 	 519 	 29.0 	 29.0 	 0.0 
58.0 	 151 	 519 	 29.0 	 29.0 	 0.0 
59.0 	 151 	 519 	 29.0 	 29.0 	 0.0 
60.0 	 151 	 519 	 29.0 	 29.0 	 0.0 
61.0 	 151 	 519 	 29.0 	 29.0 	 0.0 
62.0 	 151 	 519 	 29.0 	 29.0 	 0.0 
63.0 	 151 	 519 	 29.0 	 29.0 	 0.0 
64.0 	 151 	 519 	 29.0 	 29.0 	 0.0 
65.0 	 151 	 519 	 29.0 	 29.0 	 0.0 
66.0 	 151 	 519 	 29.0 	 29.0 	 0.0 
67.0 	 152 	 519 	 29.0 	 29.0 	 0.0 
68.0 	 152 	 519 	 29.0 	 29.0 	 0.0 
69.0 	 152 	 519 	 29.0 	 28.0 	 0.017543859649122806 
70.0 	 152 	 519 	 29.0 	 28.0 	 0.017543859649122806 
71.0 	 153 	 519 	 29.0 	 29.0 	 0.0 
72.0 	 153 	 519 	 29.0 	 29.0 	 0.0 
73.0 	 153 	 519 	 29.0 	 29.0 	 0.0 
74.0 	 154 	 519 	 29.0 	 29.0 	 0.0 
75.0 	 154 	 519 	 29.0 	 29.0 	 0.0 
76.0 	 155 	 520 	 29.0 	 30.0 	 0.01694915254237288 
77.0 	 156 	 520 	 29.0 	 30.0 	 0.01694915254237288 
78.0 	 157 	 520 	 29.0 	 30.0 	 0.01694915254237288 
79.0 	 157 	 519 	 29.0 	 29.0 	 0.0 
80.0 	 158 	 519 	 29.0 	 29.0 	 0.0 
81.0 	 160 	 519 	 29.0 	 28.0 	 0.017543859649122806 
82.0 	 161 	 519 	 29.0 	 28.0 	 0.017543859649122806 
83.0 	 163 	 519 	 29.0 	 28.0 	 0.017543859649122806 
84.0 	 165 	 519 	 29.0 	 28.0 	 0.017543859649122806 
85.0 	 167 	 519 	 28.0 	 28.0 	 0.0 
86.0 	 168 	 519 	 29.0 	 28.0 	 0.017543859649122806 
87.0 	 170 	 519 	 29.0 	 28.0 	 0.017543859649122806 
88.0 	 172 	 519 	 29.0 	 28.0 	 0.017543859649122806 
89.0 	 173 	 519 	 29.0 	 29.0 	 0.0 
90.0 	 175 	 519 	 29.0 	 28.0 	 0.017543859649122806 
91.0 	 177 	 519 	 29.0 	 28.0 	 0.017543859649122806 
92.0 	 178 	 519 	 29.0 	 27.0 	 0.03571428571428571 
93.0 	 180 	 519 	 29.0 	 28.0 	 0.017543859649122806 
94.0 	 182 	 519 	 29.0 	 28.0 	 0.017543859649122806 
95.0 	 184 	 519 	 29.0 	 28.0 	 0.017543859649122806 
96.0 	 185 	 519 	 28.0 	 27.0 	 0.01818181818181818 
97.0 	 187 	 519 	 28.0 	 27.0 	 0.01818181818181818 
98.0 	 189 	 519 	 28.0 	 27.0 	 0.01818181818181818 
99.0 	 191 	 519 	 28.0 	 27.0 	 0.01818181818181818 
100.0 	 193 	 519 	 28.0 	 26.0 	 0.037037037037037035 
101.0 	 195 	 519 	 28.0 	 27.0 	 0.01818181818181818 
102.0 	 197 	 518 	 27.0 	 27.0 	 0.0 
103.0 	 199 	 518 	 27.0 	 27.0 	 0.0 
104.0 	 201 	 518 	 27.0 	 27.0 	 0.0 
105.0 	 202 	 518 	 27.0 	 27.0 	 0.0 
106.0 	 204 	 518 	 27.0 	 26.0 	 0.018867924528301886 
107.0 	 206 	 518 	 27.0 	 27.0 	 0.0 
108.0 	 208 	 518 	 27.0 	 28.0 	 0.01818181818181818 
109.0 	 210 	 518 	 27.0 	 28.0 	 0.01818181818181818 
110.0 	 212 	 519 	 27.0 	 28.0 	 0.01818181818181818 
111.0 	 214 	 518 	 27.0 	 28.0 	 0.01818181818181818 
112.0 	 216 	 518 	 26.0 	 28.0 	 0.037037037037037035 
113.0 	 217 	 518 	 27.0 	 27.0 	 0.0 
114.0 	 219 	 518 	 27.0 	 27.0 	 0.0 
115.0 	 221 	 518 	 27.0 	 28.0 	 0.01818181818181818 
116.0 	 223 	 518 	 27.0 	 28.0 	 0.01818181818181818 
117.0 	 225 	 518 	 27.0 	 28.0 	 0.01818181818181818 
118.0 	 227 	 518 	 27.0 	 28.0 	 0.01818181818181818 
119.0 	 229 	 518 	 27.0 	 28.0 	 0.01818181818181818 
120.0 	 231 	 518 	 27.0 	 28.0 	 0.01818181818181818 
121.0 	 233 	 518 	 27.0 	 28.0 	 0.01818181818181818 
122.0 	 235 	 518 	 27.0 	 27.0 	 0.0 
123.0 	 237 	 519 	 27.0 	 28.0 	 0.01818181818181818 
124.0 	 239 	 518 	 27.0 	 27.0 	 0.0 
125.0 	 241 	 518 	 26.0 	 28.0 	 0.037037037037037035 
126.0 	 243 	 518 	 27.0 	 28.0 	 0.01818181818181818 
127.0 	 245 	 518 	 26.0 	 28.0 	 0.037037037037037035 
128.0 	 247 	 518 	 27.0 	 28.0 	 0.01818181818181818 
129.0 	 249 	 518 	 27.0 	 27.0 	 0.0 
130.0 	 251 	 518 	 27.0 	 27.0 	 0.0 
131.0 	 253 	 518 	 27.0 	 27.0 	 0.0 
132.0 	 255 	 518 	 26.0 	 27.0 	 0.018867924528301886 
133.0 	 257 	 518 	 27.0 	 27.0 	 0.0 
134.0 	 259 	 518 	 26.0 	 28.0 	 0.037037037037037035 
135.0 	 261 	 518 	 27.0 	 28.0 	 0.01818181818181818 
136.0 	 262 	 518 	 27.0 	 28.0 	 0.01818181818181818 
137.0 	 264 	 518 	 27.0 	 27.0 	 0.0 
138.0 	 267 	 518 	 27.0 	 28.0 	 0.01818181818181818 
139.0 	 269 	 518 	 27.0 	 28.0 	 0.01818181818181818 
140.0 	 271 	 518 	 27.0 	 28.0 	 0.01818181818181818 
141.0 	 273 	 518 	 27.0 	 28.0 	 0.01818181818181818 
142.0 	 275 	 518 	 27.0 	 28.0 	 0.01818181818181818 
143.0 	 277 	 518 	 27.0 	 28.0 	 0.01818181818181818 
144.0 	 278 	 518 	 27.0 	 28.0 	 0.01818181818181818 
145.0 	 281 	 518 	 28.0 	 28.0 	 0.0 
146.0 	 283 	 518 	 27.0 	 28.0 	 0.01818181818181818 
147.0 	 285 	 518 	 26.0 	 27.0 	 0.018867924528301886 
148.0 	 287 	 518 	 26.0 	 28.0 	 0.037037037037037035 
149.0 	 289 	 518 	 26.0 	 28.0 	 0.037037037037037035 
150.0 	 291 	 518 	 26.0 	 27.0 	 0.018867924528301886 
151.0 	 293 	 518 	 26.0 	 28.0 	 0.037037037037037035 
152.0 	 295 	 518 	 27.0 	 27.0 	 0.0 
153.0 	 297 	 518 	 26.0 	 27.0 	 0.018867924528301886 
154.0 	 299 	 518 	 26.0 	 27.0 	 0.018867924528301886 
155.0 	 301 	 518 	 26.0 	 28.0 	 0.037037037037037035 
156.0 	 303 	 518 	 26.0 	 28.0 	 0.037037037037037035 
157.0 	 305 	 518 	 28.829071044921875 	 27.848491668701172 	 0.017301015239051743 
158.0 	 307 	 518 	 28.0 	 28.0 	 0.0 
159.0 	 309 	 518 	 28.0 	 28.0 	 0.0 
160.0 	 311 	 518 	 28.0 	 28.0 	 0.0 
161.0 	 313 	 518 	 28.0 	 28.0 	 0.0 
162.0 	 316 	 518 	 28.0 	 29.0 	 0.017543859649122806 
163.0 	 317 	 518 	 27.0 	 28.0 	 0.01818181818181818 
164.0 	 320 	 518 	 27.0 	 28.0 	 0.01818181818181818 
165.0 	 322 	 518 	 27.0 	 28.0 	 0.01818181818181818 
166.0 	 324 	 518 	 27.0 	 29.0 	 0.03571428571428571 
167.0 	 326 	 517 	 27.0 	 29.0 	 0.03571428571428571 
168.0 	 328 	 517 	 27.0 	 29.0 	 0.03571428571428571 
169.0 	 330 	 517 	 27.0 	 28.0 	 0.01818181818181818 
170.0 	 332 	 517 	 27.0 	 28.0 	 0.01818181818181818 
171.0 	 334 	 517 	 27.0 	 28.0 	 0.01818181818181818 
172.0 	 337 	 517 	 27.0 	 28.0 	 0.01818181818181818 
173.0 	 339 	 517 	 27.0 	 28.0 	 0.01818181818181818 
174.0 	 341 	 518 	 27.0 	 28.0 	 0.01818181818181818 
175.0 	 343 	 518 	 27.0 	 29.0 	 0.03571428571428571 
176.0 	 345 	 518 	 27.0 	 29.0 	 0.03571428571428571 
177.0 	 347 	 518 	 27.0 	 29.0 	 0.03571428571428571 
178.0 	 349 	 517 	 27.0 	 29.0 	 0.03571428571428571 
179.0 	 351 	 517 	 27.0 	 28.0 	 0.01818181818181818 
180.0 	 353 	 517 	 27.0 	 28.0 	 0.01818181818181818 
181.0 	 355 	 517 	 27.0 	 28.0 	 0.01818181818181818 
182.0 	 357 	 517 	 27.0 	 28.0 	 0.01818181818181818 
183.0 	 360 	 517 	 27.0 	 29.0 	 0.03571428571428571 
184.0 	 362 	 517 	 27.0 	 29.0 	 0.03571428571428571 
185.0 	 364 	 517 	 27.0 	 29.0 	 0.03571428571428571 
186.0 	 366 	 517 	 27.0 	 29.0 	 0.03571428571428571 
187.0 	 368 	 517 	 27.0 	 28.0 	 0.01818181818181818 
188.0 	 370 	 517 	 27.0 	 28.0 	 0.01818181818181818 
189.0 	 372 	 517 	 27.0 	 28.0 	 0.01818181818181818 
190.0 	 374 	 517 	 27.0 	 28.0 	 0.01818181818181818 
191.0 	 377 	 517 	 27.0 	 28.0 	 0.01818181818181818 
192.0 	 379 	 517 	 27.0 	 29.0 	 0.03571428571428571 
193.0 	 381 	 517 	 27.0 	 28.0 	 0.01818181818181818 
194.0 	 383 	 517 	 28.0 	 28.0 	 0.0 
195.0 	 385 	 517 	 28.0 	 28.0 	 0.0 
196.0 	 387 	 517 	 28.0 	 29.0 	 0.017543859649122806 
197.0 	 389 	 517 	 28.0 	 28.0 	 0.0 
198.0 	 392 	 517 	 28.0 	 29.0 	 0.017543859649122806 
199.0 	 394 	 517 	 28.0 	 29.0 	 0.017543859649122806 
200.0 	 396 	 517 	 28.0 	 29.0 	 0.017543859649122806 
201.0 	 398 	 517 	 27.0 	 29.0 	 0.03571428571428571 
202.0 	 400 	 517 	 27.0 	 29.0 	 0.03571428571428571 
203.0 	 403 	 517 	 28.0 	 28.0 	 0.0 
204.0 	 405 	 517 	 27.0 	 28.0 	 0.01818181818181818 
205.0 	 407 	 517 	 27.0 	 28.0 	 0.01818181818181818 
206.0 	 409 	 517 	 27.0 	 29.0 	 0.03571428571428571 
207.0 	 411 	 517 	 27.0 	 28.0 	 0.01818181818181818 
208.0 	 413 	 517 	 27.0 	 28.0 	 0.01818181818181818 
209.0 	 415 	 517 	 27.0 	 28.0 	 0.01818181818181818 
210.0 	 418 	 517 	 28.0 	 27.0 	 0.01818181818181818 
211.0 	 420 	 517 	 26.0 	 29.0 	 0.05454545454545454 
212.0 	 422 	 517 	 27.0 	 29.0 	 0.03571428571428571 
213.0 	 424 	 517 	 27.0 	 28.0 	 0.01818181818181818 
214.0 	 427 	 517 	 28.0 	 29.0 	 0.017543859649122806 
215.0 	 429 	 517 	 28.0 	 29.0 	 0.017543859649122806 
216.0 	 431 	 517 	 28.0 	 29.0 	 0.017543859649122806 
217.0 	 433 	 517 	 28.0 	 28.0 	 0.0 
218.0 	 435 	 517 	 28.0 	 28.0 	 0.0 
219.0 	 437 	 517 	 28.174455642700195 	 27.72724151611328 	 0.008000009826471005 
220.0 	 440 	 517 	 27.0 	 29.0 	 0.03571428571428571 
221.0 	 442 	 517 	 27.0 	 29.0 	 0.03571428571428571 
222.0 	 444 	 517 	 27.0 	 29.0 	 0.03571428571428571 
223.0 	 446 	 517 	 27.0 	 29.0 	 0.03571428571428571 
224.0 	 449 	 517 	 26.0 	 28.0 	 0.037037037037037035 
225.0 	 451 	 517 	 26.0 	 29.0 	 0.05454545454545454 
226.0 	 453 	 517 	 26.0 	 30.0 	 0.07142857142857142 
227.0 	 456 	 517 	 26.0 	 30.0 	 0.07142857142857142 
228.0 	 458 	 517 	 26.0 	 29.0 	 0.05454545454545454 
229.0 	 460 	 517 	 28.776723861694336 	 27.195587158203125 	 0.028248551376217724 
230.0 	 462 	 517 	 27.0 	 29.0 	 0.03571428571428571 
231.0 	 464 	 517 	 29.0 	 27.0 	 0.03571428571428571 
232.0 	 466 	 517 	 27.0 	 29.0 	 0.03571428571428571 
233.0 	 468 	 517 	 27.0 	 28.0 	 0.01818181818181818 
234.0 	 471 	 517 	 27.0 	 29.0 	 0.03571428571428571 
235.0 	 473 	 517 	 27.0 	 29.0 	 0.03571428571428571 
236.0 	 476 	 517 	 27.0 	 29.0 	 0.03571428571428571 
237.0 	 478 	 517 	 27.0 	 29.0 	 0.03571428571428571 
238.0 	 480 	 517 	 27.0 	 28.0 	 0.01818181818181818 
239.0 	 483 	 517 	 26.0 	 29.0 	 0.05454545454545454 
240.0 	 485 	 517 	 26.0 	 29.0 	 0.05454545454545454 
241.0 	 487 	 517 	 26.0 	 28.0 	 0.037037037037037035 
242.0 	 489 	 517 	 26.0 	 28.0 	 0.037037037037037035 
243.0 	 492 	 516 	 27.0 	 28.0 	 0.01818181818181818 
244.0 	 494 	 517 	 27.0 	 28.0 	 0.01818181818181818 
245.0 	 497 	 516 	 27.0 	 27.0 	 0.0 
246.0 	 499 	 517 	 27.0 	 28.0 	 0.01818181818181818 
247.0 	 501 	 517 	 28.0 	 27.0 	 0.01818181818181818 
248.0 	 504 	 517 	 27.0 	 28.0 	 0.01818181818181818 
249.0 	 506 	 517 	 27.0 	 28.0 	 0.01818181818181818 
250.0 	 508 	 517 	 26.0 	 28.0 	 0.037037037037037035 
251.0 	 511 	 517 	 24.0 	 28.0 	 0.07692307692307693 
252.0 	 513 	 517 	 24.98116683959961 	 29.10427474975586 	 0.07623323003371238 
253.0 	 516 	 517 	 26.0 	 29.0 	 0.05454545454545454 
254.0 	 518 	 517 	 25.45584487915039 	 28.991378784179688 	 0.06493506311526515 
255.0 	 521 	 517 	 26.0 	 28.0 	 0.037037037037037035 
256.0 	 523 	 517 	 26.0 	 28.0 	 0.037037037037037035 
257.0 	 525 	 517 	 26.0 	 28.0 	 0.037037037037037035 
258.0 	 528 	 517 	 25.0 	 28.0 	 0.05660377358490566 
259.0 	 530 	 517 	 24.0 	 29.0 	 0.09433962264150944 
260.0 	 533 	 517 	 24.0 	 28.0 	 0.07692307692307693 
261.0 	 535 	 516 	 25.0 	 29.0 	 0.07407407407407407 
262.0 	 537 	 516 	 25.0 	 29.0 	 0.07407407407407407 
263.0 	 540 	 516 	 25.0 	 28.0 	 0.05660377358490566 
264.0 	 542 	 516 	 25.0 	 29.0 	 0.07407407407407407 
265.0 	 544 	 516 	 25.0 	 28.0 	 0.05660377358490566 
266.0 	 547 	 516 	 25.0 	 28.0 	 0.05660377358490566 
267.0 	 549 	 516 	 25.0 	 28.0 	 0.05660377358490566 
268.0 	 552 	 516 	 25.0 	 29.0 	 0.07407407407407407 
269.0 	 555 	 516 	 25.0 	 28.0 	 0.05660377358490566 
270.0 	 557 	 517 	 25.0 	 29.0 	 0.07407407407407407 
271.0 	 559 	 517 	 25.0 	 29.0 	 0.07407407407407407 
272.0 	 562 	 517 	 25.0 	 28.0 	 0.05660377358490566 
273.0 	 564 	 517 	 24.0 	 28.0 	 0.07692307692307693 
274.0 	 567 	 517 	 24.0 	 28.0 	 0.07692307692307693 
275.0 	 569 	 517 	 24.0 	 27.0 	 0.058823529411764705 
276.0 	 571 	 517 	 24.0 	 27.0 	 0.058823529411764705 
277.0 	 574 	 517 	 24.0 	 27.0 	 0.058823529411764705 
278.0 	 576 	 517 	 24.0 	 28.0 	 0.07692307692307693 
279.0 	 578 	 517 	 25.0 	 28.0 	 0.05660377358490566 
280.0 	 581 	 517 	 25.0 	 27.0 	 0.038461538461538464 
281.0 	 584 	 517 	 25.0 	 28.0 	 0.05660377358490566 
282.0 	 586 	 517 	 24.0 	 27.0 	 0.058823529411764705 
283.0 	 589 	 517 	 24.0 	 27.0 	 0.058823529411764705 
284.0 	 592 	 517 	 25.0 	 27.0 	 0.038461538461538464 
285.0 	 594 	 517 	 25.0 	 26.0 	 0.0196078431372549 
286.0 	 596 	 517 	 25.0 	 27.0 	 0.038461538461538464 
287.0 	 599 	 517 	 25.0 	 27.0 	 0.038461538461538464 
288.0 	 601 	 516 	 26.0 	 27.0 	 0.018867924528301886 
289.0 	 604 	 516 	 25.0 	 28.0 	 0.05660377358490566 
290.0 	 606 	 516 	 25.0 	 28.0 	 0.05660377358490566 
291.0 	 608 	 516 	 25.0 	 26.0 	 0.0196078431372549 
292.0 	 611 	 516 	 25.0 	 27.0 	 0.038461538461538464 
293.0 	 614 	 516 	 25.0 	 27.0 	 0.038461538461538464 
294.0 	 616 	 516 	 25.0 	 26.0 	 0.0196078431372549 
295.0 	 618 	 516 	 25.0 	 26.0 	 0.0196078431372549 
296.0 	 621 	 516 	 25.0 	 27.0 	 0.038461538461538464 
297.0 	 623 	 516 	 27.0 	 26.0 	 0.018867924528301886 
298.0 	 626 	 516 	 28.134132385253906 	 24.981168746948242 	 0.059360741087733766 
299.0 	 628 	 516 	 28.776723861694336 	 24.66576385498047 	 0.07692306594161764 
300.0 	 631 	 516 	 25.0 	 28.0 	 0.05660377358490566 
301.0 	 633 	 516 	 24.0 	 29.0 	 0.09433962264150944 
302.0 	 635 	 516 	 25.0 	 28.0 	 0.05660377358490566 
303.0 	 638 	 516 	 25.0 	 29.0 	 0.07407407407407407 
304.0 	 640 	 516 	 25.0 	 28.0 	 0.05660377358490566 
305.0 	 643 	 516 	 26.0 	 28.0 	 0.037037037037037035 
306.0 	 645 	 516 	 26.0 	 29.0 	 0.05454545454545454 
307.0 	 647 	 516 	 26.0 	 29.0 	 0.05454545454545454 
308.0 	 650 	 516 	 27.72724151611328 	 27.72724151611328 	 0.0 
309.0 	 652 	 516 	 26.0 	 29.0 	 0.05454545454545454 
310.0 	 654 	 516 	 26.0 	 29.0 	 0.05454545454545454 
311.0 	 657 	 516 	 26.0 	 29.0 	 0.05454545454545454 
312.0 	 659 	 516 	 26.0 	 29.0 	 0.05454545454545454 
313.0 	 661 	 516 	 27.0 	 29.0 	 0.03571428571428571 
314.0 	 664 	 516 	 27.0 	 29.0 	 0.03571428571428571 
315.0 	 666 	 516 	 27.0 	 29.0 	 0.03571428571428571 
316.0 	 669 	 516 	 27.163606643676758 	 29.768335342407227 	 0.045751622162601605 
317.0 	 671 	 516 	 26.0 	 29.0 	 0.05454545454545454 
318.0 	 673 	 516 	 26.0 	 29.0 	 0.05454545454545454 
319.0 	 676 	 516 	 26.0 	 29.0 	 0.05454545454545454 
320.0 	 678 	 516 	 26.0 	 29.0 	 0.05454545454545454 
321.0 	 680 	 516 	 25.0 	 29.0 	 0.07407407407407407 
322.0 	 683 	 516 	 26.0 	 30.0 	 0.07142857142857142 
323.0 	 685 	 516 	 26.0 	 29.0 	 0.05454545454545454 
324.0 	 688 	 516 	 26.0 	 28.0 	 0.037037037037037035 
325.0 	 690 	 516 	 26.0 	 29.0 	 0.05454545454545454 
326.0 	 692 	 516 	 26.0 	 29.0 	 0.05454545454545454 
327.0 	 695 	 516 	 26.0 	 29.0 	 0.05454545454545454 
328.0 	 697 	 516 	 26.0 	 29.0 	 0.05454545454545454 
329.0 	 700 	 516 	 25.0 	 28.0 	 0.05660377358490566 
330.0 	 702 	 516 	 26.0 	 29.0 	 0.05454545454545454 
331.0 	 704 	 516 	 26.0 	 29.0 	 0.05454545454545454 
332.0 	 707 	 516 	 26.0 	 29.0 	 0.05454545454545454 
333.0 	 709 	 516 	 26.0 	 29.0 	 0.05454545454545454 
334.0 	 711 	 516 	 26.0 	 29.0 	 0.05454545454545454 
335.0 	 713 	 516 	 26.0 	 30.0 	 0.07142857142857142 
336.0 	 716 	 516 	 26.0 	 30.0 	 0.07142857142857142 
337.0 	 718 	 516 	 26.0 	 29.0 	 0.05454545454545454 
338.0 	 720 	 516 	 26.0 	 29.0 	 0.05454545454545454 
339.0 	 723 	 516 	 26.0 	 30.0 	 0.07142857142857142 
340.0 	 725 	 516 	 26.0 	 29.0 	 0.05454545454545454 
341.0 	 727 	 516 	 26.0 	 29.0 	 0.05454545454545454 
342.0 	 730 	 516 	 26.0 	 29.0 	 0.05454545454545454 
343.0 	 732 	 516 	 26.0 	 29.0 	 0.05454545454545454 
344.0 	 734 	 516 	 26.0 	 29.0 	 0.05454545454545454 
345.0 	 736 	 516 	 26.0 	 29.0 	 0.05454545454545454 
346.0 	 739 	 516 	 26.0 	 29.0 	 0.05454545454545454 
347.0 	 741 	 516 	 26.0 	 29.0 	 0.05454545454545454 
348.0 	 744 	 516 	 26.0 	 28.0 	 0.037037037037037035 
349.0 	 746 	 516 	 26.0 	 29.0 	 0.05454545454545454 
350.0 	 748 	 516 	 26.0 	 29.0 	 0.05454545454545454 
351.0 	 750 	 516 	 26.0 	 29.0 	 0.05454545454545454 
352.0 	 753 	 516 	 29.0 	 27.0 	 0.03571428571428571 
353.0 	 755 	 516 	 26.0 	 28.0 	 0.037037037037037035 
354.0 	 757 	 516 	 26.0 	 29.0 	 0.05454545454545454 
355.0 	 759 	 516 	 26.0 	 29.0 	 0.05454545454545454 
356.0 	 762 	 516 	 29.0 	 27.0 	 0.03571428571428571 
357.0 	 764 	 516 	 26.0 	 29.0 	 0.05454545454545454 
358.0 	 766 	 516 	 26.0 	 29.0 	 0.05454545454545454 
359.0 	 769 	 516 	 28.0 	 27.0 	 0.01818181818181818 
360.0 	 771 	 516 	 26.0 	 28.0 	 0.037037037037037035 
361.0 	 773 	 516 	 26.0 	 29.0 	 0.05454545454545454 
362.0 	 775 	 516 	 26.0 	 29.0 	 0.05454545454545454 
363.0 	 778 	 516 	 26.0 	 30.0 	 0.07142857142857142 
364.0 	 780 	 516 	 26.0 	 29.0 	 0.05454545454545454 
365.0 	 782 	 516 	 26.0 	 29.0 	 0.05454545454545454 
366.0 	 784 	 516 	 26.0 	 29.0 	 0.05454545454545454 
367.0 	 787 	 516 	 26.0 	 29.0 	 0.05454545454545454 
368.0 	 789 	 516 	 26.0 	 29.0 	 0.05454545454545454 
369.0 	 792 	 516 	 26.0 	 30.0 	 0.07142857142857142 
370.0 	 794 	 516 	 26.0 	 29.0 	 0.05454545454545454 
371.0 	 796 	 516 	 26.0 	 29.0 	 0.05454545454545454 
372.0 	 798 	 516 	 26.0 	 29.0 	 0.05454545454545454 
373.0 	 800 	 516 	 26.0 	 29.0 	 0.05454545454545454 
374.0 	 803 	 516 	 26.0 	 29.0 	 0.05454545454545454 
375.0 	 805 	 516 	 26.0 	 29.0 	 0.05454545454545454 
376.0 	 807 	 516 	 26.0 	 29.0 	 0.05454545454545454 
377.0 	 809 	 516 	 26.0 	 29.0 	 0.05454545454545454 
378.0 	 812 	 516 	 26.0 	 30.0 	 0.07142857142857142 
379.0 	 814 	 516 	 26.0 	 30.0 	 0.07142857142857142 
380.0 	 816 	 516 	 26.0 	 29.0 	 0.05454545454545454 
381.0 	 818 	 516 	 26.0 	 29.0 	 0.05454545454545454 
382.0 	 821 	 516 	 26.0 	 30.0 	 0.07142857142857142 
383.0 	 823 	 516 	 26.0 	 29.0 	 0.05454545454545454 
384.0 	 825 	 516 	 26.0 	 29.0 	 0.05454545454545454 
385.0 	 827 	 516 	 25.0 	 29.0 	 0.07407407407407407 
386.0 	 829 	 516 	 25.0 	 29.0 	 0.07407407407407407 
387.0 	 831 	 516 	 26.0 	 29.0 	 0.05454545454545454 
388.0 	 834 	 516 	 25.495098114013672 	 30.201885223388672 	 0.08450703839491858 
389.0 	 836 	 516 	 26.0 	 29.0 	 0.05454545454545454 
390.0 	 838 	 516 	 26.0 	 29.0 	 0.05454545454545454 
391.0 	 840 	 516 	 26.0 	 29.0 	 0.05454545454545454 
392.0 	 843 	 516 	 25.0 	 29.0 	 0.07407407407407407 
393.0 	 845 	 516 	 25.0 	 29.0 	 0.07407407407407407 
394.0 	 847 	 516 	 25.0 	 28.0 	 0.05660377358490566 
395.0 	 849 	 516 	 25.0 	 28.0 	 0.05660377358490566 
396.0 	 851 	 516 	 25.0 	 28.0 	 0.05660377358490566 
397.0 	 854 	 516 	 25.0 	 28.0 	 0.05660377358490566 
398.0 	 856 	 516 	 24.0 	 29.0 	 0.09433962264150944 
399.0 	 858 	 516 	 24.0 	 29.0 	 0.09433962264150944 
400.0 	 860 	 516 	 24.0 	 28.0 	 0.07692307692307693 
401.0 	 863 	 516 	 24.0 	 28.0 	 0.07692307692307693 
402.0 	 865 	 516 	 24.0 	 28.0 	 0.07692307692307693 
403.0 	 867 	 516 	 24.0 	 28.0 	 0.07692307692307693 
404.0 	 869 	 516 	 25.0 	 27.0 	 0.038461538461538464 
405.0 	 872 	 516 	 25.0 	 28.0 	 0.05660377358490566 
406.0 	 874 	 516 	 25.0 	 28.0 	 0.05660377358490566 
407.0 	 876 	 516 	 24.0 	 29.0 	 0.09433962264150944 
408.0 	 878 	 516 	 24.0 	 28.0 	 0.07692307692307693 
409.0 	 880 	 516 	 24.0 	 28.0 	 0.07692307692307693 
410.0 	 883 	 516 	 24.0 	 29.0 	 0.09433962264150944 
411.0 	 885 	 516 	 24.0 	 29.0 	 0.09433962264150944 
412.0 	 887 	 516 	 24.0 	 28.0 	 0.07692307692307693 
413.0 	 889 	 516 	 28.0 	 25.0 	 0.05660377358490566 
414.0 	 891 	 516 	 25.0 	 28.0 	 0.05660377358490566 
415.0 	 894 	 516 	 25.0 	 28.0 	 0.05660377358490566 
416.0 	 896 	 515 	 25.0 	 28.0 	 0.05660377358490566 
417.0 	 898 	 515 	 25.0 	 28.0 	 0.05660377358490566 
418.0 	 900 	 515 	 26.0 	 28.0 	 0.037037037037037035 
419.0 	 903 	 515 	 26.0 	 28.0 	 0.037037037037037035 
420.0 	 905 	 515 	 26.0 	 28.0 	 0.037037037037037035 
421.0 	 907 	 515 	 26.0 	 28.0 	 0.037037037037037035 
422.0 	 909 	 515 	 26.0 	 29.0 	 0.05454545454545454 
423.0 	 911 	 515 	 26.0 	 29.0 	 0.05454545454545454 
424.0 	 913 	 515 	 26.0 	 28.0 	 0.037037037037037035 
425.0 	 915 	 515 	 26.0 	 28.0 	 0.037037037037037035 
426.0 	 917 	 515 	 26.0 	 28.0 	 0.037037037037037035 
427.0 	 920 	 515 	 26.0 	 29.0 	 0.05454545454545454 
428.0 	 922 	 515 	 26.0 	 29.0 	 0.05454545454545454 
429.0 	 924 	 515 	 26.0 	 29.0 	 0.05454545454545454 
430.0 	 926 	 515 	 25.0 	 28.0 	 0.05660377358490566 
431.0 	 929 	 515 	 25.0 	 28.0 	 0.05660377358490566 
432.0 	 931 	 515 	 26.0 	 28.0 	 0.037037037037037035 
433.0 	 933 	 515 	 26.0 	 28.0 	 0.037037037037037035 
434.0 	 935 	 515 	 26.0 	 29.0 	 0.05454545454545454 
435.0 	 937 	 515 	 26.0 	 29.0 	 0.05454545454545454 
436.0 	 939 	 515 	 26.0 	 28.0 	 0.037037037037037035 
437.0 	 942 	 515 	 26.0 	 28.0 	 0.037037037037037035 
438.0 	 944 	 515 	 26.0 	 28.0 	 0.037037037037037035 
439.0 	 946 	 515 	 27.0 	 29.0 	 0.03571428571428571 
440.0 	 948 	 515 	 27.0 	 29.0 	 0.03571428571428571 
441.0 	 950 	 515 	 27.0 	 29.0 	 0.03571428571428571 
442.0 	 952 	 515 	 27.0 	 29.0 	 0.03571428571428571 
443.0 	 954 	 515 	 26.870054244995117 	 28.284271240234375 	 0.02564108948477649 
444.0 	 957 	 515 	 28.621667861938477 	 27.280029296875 	 0.023999961240031037 
445.0 	 959 	 515 	 27.577163696289062 	 27.577163696289062 	 0.0 
446.0 	 961 	 515 	 27.0 	 29.0 	 0.03571428571428571 
447.0 	 963 	 515 	 27.0 	 29.0 	 0.03571428571428571 
448.0 	 965 	 515 	 27.0 	 29.0 	 0.03571428571428571 
449.0 	 967 	 515 	 27.0 	 29.0 	 0.03571428571428571 
450.0 	 969 	 515 	 28.284271240234375 	 28.284271240234375 	 0.0 
451.0 	 972 	 515 	 27.0 	 29.0 	 0.03571428571428571 
452.0 	 974 	 515 	 27.0 	 29.0 	 0.03571428571428571 
453.0 	 976 	 515 	 27.0 	 28.0 	 0.01818181818181818 
454.0 	 978 	 515 	 27.0 	 29.0 	 0.03571428571428571 
455.0 	 981 	 515 	 27.0 	 28.0 	 0.01818181818181818 
456.0 	 983 	 515 	 27.577163696289062 	 28.284271240234375 	 0.012658241678696835 
457.0 	 985 	 515 	 26.0 	 29.0 	 0.05454545454545454 
458.0 	 987 	 515 	 26.0 	 29.0 	 0.05454545454545454 
459.0 	 989 	 515 	 29.0 	 27.0 	 0.03571428571428571 
460.0 	 991 	 515 	 26.0 	 28.0 	 0.037037037037037035 
461.0 	 993 	 515 	 26.0 	 28.0 	 0.037037037037037035 
462.0 	 995 	 515 	 26.0 	 28.0 	 0.037037037037037035 
463.0 	 998 	 515 	 29.0 	 27.0 	 0.03571428571428571 
464.0 	 1000 	 515 	 26.728639602661133 	 28.142852783203125 	 0.025773186021569104 
465.0 	 1002 	 515 	 26.0 	 28.0 	 0.037037037037037035 
466.0 	 1004 	 515 	 26.0 	 28.0 	 0.037037037037037035 
467.0 	 1006 	 515 	 26.0 	 28.0 	 0.037037037037037035 
468.0 	 1008 	 515 	 27.0 	 28.0 	 0.01818181818181818 
469.0 	 1011 	 515 	 27.0 	 28.0 	 0.01818181818181818 
470.0 	 1013 	 515 	 27.0 	 28.0 	 0.01818181818181818 
471.0 	 1015 	 515 	 27.0 	 28.0 	 0.01818181818181818 
472.0 	 1017 	 515 	 27.0 	 29.0 	 0.03571428571428571 
473.0 	 1019 	 515 	 27.0 	 28.0 	 0.01818181818181818 
474.0 	 1022 	 515 	 27.0 	 28.0 	 0.01818181818181818 
475.0 	 1024 	 515 	 27.0 	 28.0 	 0.01818181818181818 
476.0 	 1026 	 515 	 26.0 	 28.0 	 0.037037037037037035 
477.0 	 1028 	 515 	 27.0 	 28.0 	 0.01818181818181818 
478.0 	 1031 	 515 	 26.0 	 29.0 	 0.05454545454545454 
479.0 	 1033 	 515 	 26.0 	 29.0 	 0.05454545454545454 
480.0 	 1035 	 515 	 26.0 	 29.0 	 0.05454545454545454 
481.0 	 1037 	 515 	 27.0 	 27.0 	 0.0 
482.0 	 1039 	 515 	 26.0 	 28.0 	 0.037037037037037035 
483.0 	 1041 	 515 	 27.0 	 28.0 	 0.01818181818181818 
484.0 	 1044 	 515 	 27.0 	 29.0 	 0.03571428571428571 
485.0 	 1046 	 515 	 27.0 	 29.0 	 0.03571428571428571 
486.0 	 1048 	 515 	 27.0 	 29.0 	 0.03571428571428571 
487.0 	 1050 	 515 	 27.0 	 29.0 	 0.03571428571428571 
488.0 	 1052 	 514 	 26.0 	 29.0 	 0.05454545454545454 
489.0 	 1054 	 514 	 26.0 	 28.0 	 0.037037037037037035 
490.0 	 1056 	 514 	 26.0 	 28.0 	 0.037037037037037035 
491.0 	 1059 	 514 	 26.0 	 29.0 	 0.05454545454545454 
492.0 	 1061 	 515 	 26.0 	 29.0 	 0.05454545454545454 
493.0 	 1063 	 515 	 27.0 	 28.0 	 0.01818181818181818 
494.0 	 1065 	 515 	 27.0 	 28.0 	 0.01818181818181818 
495.0 	 1067 	 515 	 27.0 	 28.0 	 0.01818181818181818 
496.0 	 1070 	 514 	 27.0 	 28.0 	 0.01818181818181818 
497.0 	 1072 	 514 	 27.0 	 28.0 	 0.01818181818181818 
498.0 	 1074 	 514 	 27.0 	 28.0 	 0.01818181818181818 
499.0 	 1076 	 515 	 27.0 	 28.0 	 0.01818181818181818 
500.0 	 1078 	 515 	 27.0 	 29.0 	 0.03571428571428571 
501.0 	 1081 	 514 	 27.0 	 29.0 	 0.03571428571428571 
502.0 	 1083 	 515 	 27.0 	 28.0 	 0.01818181818181818 
503.0 	 1085 	 515 	 27.0 	 28.0 	 0.01818181818181818 
504.0 	 1087 	 515 	 27.0 	 28.0 	 0.01818181818181818 
505.0 	 1089 	 514 	 27.0 	 29.0 	 0.03571428571428571 
506.0 	 1091 	 514 	 27.0 	 29.0 	 0.03571428571428571 
507.0 	 1093 	 514 	 27.0 	 29.0 	 0.03571428571428571 
508.0 	 1095 	 514 	 27.0 	 29.0 	 0.03571428571428571 
509.0 	 1097 	 514 	 27.0 	 28.0 	 0.01818181818181818 
510.0 	 1100 	 514 	 27.0 	 29.0 	 0.03571428571428571 
511.0 	 1102 	 514 	 27.0 	 29.0 	 0.03571428571428571 
512.0 	 1104 	 514 	 27.0 	 28.0 	 0.01818181818181818 
513.0 	 1107 	 514 	 27.0 	 28.0 	 0.01818181818181818 
514.0 	 1109 	 515 	 27.0 	 28.0 	 0.01818181818181818 
515.0 	 1111 	 514 	 27.0 	 28.0 	 0.01818181818181818 
516.0 	 1113 	 514 	 27.0 	 29.0 	 0.03571428571428571 
517.0 	 1115 	 514 	 27.0 	 29.0 	 0.03571428571428571 
518.0 	 1117 	 514 	 27.0 	 28.0 	 0.01818181818181818 
519.0 	 1120 	 514 	 27.0 	 28.0 	 0.01818181818181818 
520.0 	 1122 	 514 	 27.0 	 28.0 	 0.01818181818181818 
521.0 	 1124 	 514 	 27.0 	 29.0 	 0.03571428571428571 
522.0 	 1127 	 514 	 27.0 	 29.0 	 0.03571428571428571 
523.0 	 1129 	 514 	 27.0 	 29.0 	 0.03571428571428571 
524.0 	 1131 	 514 	 27.0 	 28.0 	 0.01818181818181818 
525.0 	 1133 	 514 	 27.0 	 28.0 	 0.01818181818181818 
526.0 	 1135 	 514 	 27.0 	 29.0 	 0.03571428571428571 
527.0 	 1137 	 514 	 27.0 	 29.0 	 0.03571428571428571 
528.0 	 1140 	 514 	 27.0 	 28.0 	 0.01818181818181818 
529.0 	 1142 	 514 	 26.0 	 28.0 	 0.037037037037037035 
530.0 	 1144 	 514 	 26.0 	 28.0 	 0.037037037037037035 
531.0 	 1146 	 514 	 26.0 	 28.0 	 0.037037037037037035 
532.0 	 1148 	 514 	 26.0 	 28.0 	 0.037037037037037035 
533.0 	 1151 	 514 	 26.0 	 29.0 	 0.05454545454545454 
534.0 	 1153 	 514 	 26.0 	 29.0 	 0.05454545454545454 
535.0 	 1155 	 515 	 26.0 	 28.0 	 0.037037037037037035 
536.0 	 1157 	 515 	 25.0 	 28.0 	 0.05660377358490566 
537.0 	 1159 	 514 	 26.0 	 29.0 	 0.05454545454545454 
538.0 	 1162 	 514 	 26.0 	 29.0 	 0.05454545454545454 
539.0 	 1164 	 514 	 26.0 	 28.0 	 0.037037037037037035 
540.0 	 1167 	 514 	 26.0 	 28.0 	 0.037037037037037035 
541.0 	 1169 	 514 	 26.0 	 28.0 	 0.037037037037037035 
542.0 	 1171 	 514 	 26.0 	 29.0 	 0.05454545454545454 
543.0 	 1173 	 514 	 26.0 	 28.0 	 0.037037037037037035 
544.0 	 1175 	 514 	 26.0 	 28.0 	 0.037037037037037035 
545.0 	 1178 	 514 	 26.0 	 28.0 	 0.037037037037037035 
546.0 	 1180 	 514 	 26.0 	 28.0 	 0.037037037037037035 
547.0 	 1182 	 514 	 26.0 	 28.0 	 0.037037037037037035 
548.0 	 1184 	 514 	 26.0 	 28.0 	 0.037037037037037035 
549.0 	 1187 	 514 	 29.0 	 27.0 	 0.03571428571428571 
550.0 	 1189 	 514 	 29.0 	 27.0 	 0.03571428571428571 
551.0 	 1191 	 514 	 27.0 	 28.0 	 0.01818181818181818 
552.0 	 1193 	 514 	 27.0 	 28.0 	 0.01818181818181818 
553.0 	 1195 	 514 	 27.0 	 28.0 	 0.01818181818181818 
554.0 	 1198 	 514 	 29.0 	 27.0 	 0.03571428571428571 
555.0 	 1201 	 514 	 27.0 	 29.0 	 0.03571428571428571 
556.0 	 1203 	 514 	 27.0 	 29.0 	 0.03571428571428571 
557.0 	 1205 	 514 	 27.0 	 29.0 	 0.03571428571428571 
558.0 	 1208 	 514 	 27.0 	 29.0 	 0.03571428571428571 
559.0 	 1210 	 514 	 27.0 	 29.0 	 0.03571428571428571 
560.0 	 1212 	 514 	 27.0 	 29.0 	 0.03571428571428571 
561.0 	 1214 	 514 	 27.0 	 29.0 	 0.03571428571428571 
562.0 	 1217 	 514 	 27.0 	 28.0 	 0.01818181818181818 
563.0 	 1219 	 514 	 27.0 	 29.0 	 0.03571428571428571 
564.0 	 1222 	 514 	 27.0 	 29.0 	 0.03571428571428571 
565.0 	 1224 	 514 	 27.0 	 29.0 	 0.03571428571428571 
566.0 	 1226 	 514 	 27.0 	 30.0 	 0.05263157894736842 
567.0 	 1229 	 514 	 27.0 	 29.0 	 0.03571428571428571 
568.0 	 1231 	 514 	 27.0 	 29.0 	 0.03571428571428571 
569.0 	 1233 	 514 	 27.0 	 29.0 	 0.03571428571428571 
570.0 	 1236 	 514 	 27.0 	 29.0 	 0.03571428571428571 
571.0 	 1238 	 514 	 27.0 	 29.0 	 0.03571428571428571 
572.0 	 1240 	 514 	 28.284271240234375 	 28.284271240234375 	 0.0 
573.0 	 1243 	 514 	 27.0 	 29.0 	 0.03571428571428571 
574.0 	 1245 	 514 	 27.0 	 28.0 	 0.01818181818181818 
575.0 	 1247 	 514 	 27.0 	 28.0 	 0.01818181818181818 
576.0 	 1250 	 514 	 26.0 	 29.0 	 0.05454545454545454 
577.0 	 1252 	 514 	 26.0 	 29.0 	 0.05454545454545454 
578.0 	 1255 	 514 	 27.0 	 28.0 	 0.01818181818181818 
579.0 	 1257 	 514 	 26.0 	 28.0 	 0.037037037037037035 
580.0 	 1260 	 514 	 26.0 	 29.0 	 0.05454545454545454 
581.0 	 1262 	 514 	 26.0 	 28.0 	 0.037037037037037035 
582.0 	 1265 	 514 	 26.0 	 28.0 	 0.037037037037037035 
583.0 	 1267 	 514 	 26.0 	 28.0 	 0.037037037037037035 
584.0 	 1270 	 514 	 27.0 	 29.0 	 0.03571428571428571 
585.0 	 1272 	 514 	 27.0 	 29.0 	 0.03571428571428571 
586.0 	 1275 	 514 	 27.0 	 29.0 	 0.03571428571428571 
587.0 	 1277 	 514 	 27.0 	 29.0 	 0.03571428571428571 
588.0 	 1279 	 514 	 27.0 	 29.0 	 0.03571428571428571 
589.0 	 1282 	 514 	 27.0 	 29.0 	 0.03571428571428571 
590.0 	 1285 	 514 	 27.0 	 29.0 	 0.03571428571428571 
591.0 	 1287 	 514 	 27.0 	 30.0 	 0.05263157894736842 
592.0 	 1289 	 514 	 27.0 	 30.0 	 0.05263157894736842 
593.0 	 1292 	 514 	 27.0 	 29.0 	 0.03571428571428571 
594.0 	 1294 	 514 	 27.0 	 29.0 	 0.03571428571428571 
595.0 	 1296 	 514 	 27.0 	 28.0 	 0.01818181818181818 
596.0 	 1299 	 514 	 27.0 	 29.0 	 0.03571428571428571 
597.0 	 1302 	 514 	 26.0 	 29.0 	 0.05454545454545454 
598.0 	 1304 	 514 	 26.0 	 30.0 	 0.07142857142857142 
599.0 	 1307 	 514 	 26.0 	 29.0 	 0.05454545454545454 
600.0 	 1309 	 514 	 26.0 	 29.0 	 0.05454545454545454 
601.0 	 1312 	 514 	 26.0 	 29.0 	 0.05454545454545454 
602.0 	 1314 	 514 	 26.0 	 30.0 	 0.07142857142857142 
603.0 	 1317 	 514 	 27.0 	 29.0 	 0.03571428571428571 
604.0 	 1319 	 514 	 26.0 	 28.0 	 0.037037037037037035 
605.0 	 1322 	 514 	 26.0 	 28.0 	 0.037037037037037035 
606.0 	 1324 	 514 	 26.0 	 29.0 	 0.05454545454545454 
607.0 	 1326 	 514 	 26.0 	 28.0 	 0.037037037037037035 
608.0 	 1329 	 514 	 26.0 	 29.0 	 0.05454545454545454 
609.0 	 1332 	 514 	 26.0 	 29.0 	 0.05454545454545454 
610.0 	 1334 	 514 	 26.0 	 30.0 	 0.07142857142857142 
611.0 	 1337 	 514 	 26.0 	 30.0 	 0.07142857142857142 
612.0 	 1339 	 514 	 26.0 	 30.0 	 0.07142857142857142 
613.0 	 1342 	 514 	 26.0 	 29.0 	 0.05454545454545454 
614.0 	 1344 	 514 	 26.0 	 30.0 	 0.07142857142857142 
615.0 	 1347 	 513 	 26.0 	 30.0 	 0.07142857142857142 
616.0 	 1349 	 514 	 26.0 	 29.0 	 0.05454545454545454 
617.0 	 1352 	 514 	 26.0 	 29.0 	 0.05454545454545454 
618.0 	 1354 	 513 	 25.0 	 30.0 	 0.09090909090909091 
619.0 	 1357 	 513 	 25.0 	 29.0 	 0.07407407407407407 
620.0 	 1359 	 513 	 25.0 	 29.0 	 0.07407407407407407 
621.0 	 1361 	 513 	 27.0 	 30.0 	 0.05263157894736842 
622.0 	 1364 	 513 	 27.0 	 29.0 	 0.03571428571428571 
623.0 	 1366 	 514 	 27.0 	 30.0 	 0.05263157894736842 
624.0 	 1369 	 514 	 28.991374969482422 	 28.991378784179688 	 6.579020516741271e-08 
625.0 	 1371 	 514 	 27.0 	 30.0 	 0.05263157894736842 
626.0 	 1374 	 514 	 27.0 	 31.0 	 0.06896551724137931 
627.0 	 1376 	 514 	 27.0 	 30.0 	 0.05263157894736842 
628.0 	 1379 	 514 	 27.0 	 30.0 	 0.05263157894736842 
629.0 	 1381 	 514 	 27.0 	 30.0 	 0.05263157894736842 
630.0 	 1383 	 513 	 27.0 	 30.0 	 0.05263157894736842 
631.0 	 1386 	 513 	 27.0 	 29.0 	 0.03571428571428571 
632.0 	 1388 	 513 	 27.0 	 30.0 	 0.05263157894736842 
633.0 	 1391 	 513 	 27.0 	 30.0 	 0.05263157894736842 
634.0 	 1393 	 513 	 27.0 	 30.0 	 0.05263157894736842 
635.0 	 1396 	 513 	 27.0 	 31.0 	 0.06896551724137931 
636.0 	 1398 	 513 	 27.0 	 31.0 	 0.06896551724137931 
637.0 	 1400 	 513 	 27.0 	 30.0 	 0.05263157894736842 
638.0 	 1403 	 513 	 30.0 	 28.0 	 0.034482758620689655 
639.0 	 1405 	 513 	 27.0 	 30.0 	 0.05263157894736842 
640.0 	 1407 	 513 	 28.0 	 30.0 	 0.034482758620689655 
641.0 	 1410 	 513 	 30.4138126373291 	 27.454631805419922 	 0.051136346594503425 
642.0 	 1413 	 513 	 28.0 	 30.0 	 0.034482758620689655 
643.0 	 1415 	 513 	 28.991374969482422 	 28.991374969482422 	 0.0 
644.0 	 1417 	 513 	 30.0 	 28.0 	 0.034482758620689655 
645.0 	 1419 	 513 	 27.649059295654297 	 30.316951751708984 	 0.046025117268717816 
646.0 	 1422 	 513 	 27.0 	 30.0 	 0.05263157894736842 
647.0 	 1424 	 513 	 28.0 	 31.0 	 0.05084745762711865 
648.0 	 1427 	 513 	 28.0 	 30.0 	 0.034482758620689655 
649.0 	 1429 	 513 	 27.0 	 30.0 	 0.05263157894736842 
650.0 	 1431 	 513 	 27.0 	 30.0 	 0.05263157894736842 
651.0 	 1434 	 513 	 27.0 	 30.0 	 0.05263157894736842 
652.0 	 1436 	 513 	 27.0 	 30.0 	 0.05263157894736842 
653.0 	 1438 	 513 	 27.0 	 30.0 	 0.05263157894736842 
654.0 	 1441 	 513 	 27.0 	 30.0 	 0.05263157894736842 
655.0 	 1443 	 513 	 27.0 	 30.0 	 0.05263157894736842 
656.0 	 1445 	 513 	 27.72724151611328 	 29.06888198852539 	 0.023622043013244283 
657.0 	 1448 	 513 	 27.0 	 30.0 	 0.05263157894736842 
658.0 	 1450 	 513 	 27.0 	 30.0 	 0.05263157894736842 
659.0 	 1452 	 513 	 27.0 	 30.0 	 0.05263157894736842 
660.0 	 1455 	 513 	 27.0 	 29.0 	 0.03571428571428571 
661.0 	 1457 	 513 	 27.0 	 29.0 	 0.03571428571428571 
662.0 	 1459 	 513 	 27.0 	 29.0 	 0.03571428571428571 
663.0 	 1462 	 513 	 27.0 	 30.0 	 0.05263157894736842 
664.0 	 1464 	 513 	 27.0 	 30.0 	 0.05263157894736842 
665.0 	 1466 	 513 	 27.0 	 29.0 	 0.03571428571428571 
666.0 	 1468 	 513 	 27.0 	 30.0 	 0.05263157894736842 
667.0 	 1471 	 513 	 26.0 	 29.0 	 0.05454545454545454 
668.0 	 1473 	 513 	 27.72724151611328 	 29.06888198852539 	 0.023622043013244283 
669.0 	 1476 	 513 	 27.0 	 29.0 	 0.03571428571428571 
670.0 	 1478 	 513 	 27.0 	 29.0 	 0.03571428571428571 
671.0 	 1480 	 513 	 27.0 	 28.0 	 0.01818181818181818 
672.0 	 1482 	 513 	 28.0 	 28.0 	 0.0 
673.0 	 1484 	 513 	 26.0 	 28.0 	 0.037037037037037035 
674.0 	 1486 	 513 	 26.0 	 28.0 	 0.037037037037037035 
675.0 	 1489 	 513 	 26.0 	 29.0 	 0.05454545454545454 
676.0 	 1491 	 513 	 26.0 	 29.0 	 0.05454545454545454 
677.0 	 1494 	 513 	 26.0 	 28.0 	 0.037037037037037035 
678.0 	 1496 	 513 	 26.0 	 29.0 	 0.05454545454545454 
679.0 	 1498 	 513 	 26.0 	 29.0 	 0.05454545454545454 
680.0 	 1500 	 513 	 26.0 	 29.0 	 0.05454545454545454 
681.0 	 1503 	 513 	 27.0 	 28.0 	 0.01818181818181818 
682.0 	 1505 	 513 	 28.0 	 27.0 	 0.01818181818181818 
683.0 	 1507 	 513 	 29.0 	 27.0 	 0.03571428571428571 
684.0 	 1509 	 513 	 29.0 	 27.0 	 0.03571428571428571 
685.0 	 1511 	 513 	 26.0 	 28.0 	 0.037037037037037035 
686.0 	 1514 	 513 	 26.0 	 28.0 	 0.037037037037037035 
687.0 	 1516 	 513 	 26.0 	 27.0 	 0.018867924528301886 
688.0 	 1518 	 513 	 26.0 	 28.0 	 0.037037037037037035 
689.0 	 1520 	 513 	 27.0 	 28.0 	 0.01818181818181818 
690.0 	 1523 	 513 	 27.0 	 28.0 	 0.01818181818181818 
691.0 	 1525 	 513 	 27.0 	 27.0 	 0.0 
692.0 	 1527 	 513 	 27.0 	 28.0 	 0.01818181818181818 
693.0 	 1529 	 513 	 27.0 	 28.0 	 0.01818181818181818 
694.0 	 1532 	 513 	 27.0 	 28.0 	 0.01818181818181818 
695.0 	 1534 	 513 	 27.0 	 28.0 	 0.01818181818181818 
696.0 	 1536 	 513 	 27.0 	 28.0 	 0.01818181818181818 
697.0 	 1538 	 513 	 27.0 	 28.0 	 0.01818181818181818 
698.0 	 1541 	 513 	 27.0 	 28.0 	 0.01818181818181818 
699.0 	 1543 	 513 	 28.0 	 28.0 	 0.0 
700.0 	 1545 	 513 	 27.0 	 28.0 	 0.01818181818181818 
701.0 	 1547 	 513 	 27.0 	 29.0 	 0.03571428571428571 
702.0 	 1549 	 513 	 27.0 	 29.0 	 0.03571428571428571 
703.0 	 1552 	 513 	 28.0 	 28.0 	 0.0 
704.0 	 1554 	 513 	 29.0 	 28.0 	 0.017543859649122806 
705.0 	 1556 	 513 	 29.221303939819336 	 28.63295555114746 	 0.010169491301910763 
706.0 	 1559 	 513 	 28.0 	 29.0 	 0.017543859649122806 
707.0 	 1561 	 513 	 27.0 	 29.0 	 0.03571428571428571 
708.0 	 1563 	 513 	 27.0 	 29.0 	 0.03571428571428571 
709.0 	 1565 	 513 	 27.0 	 29.0 	 0.03571428571428571 
710.0 	 1567 	 513 	 27.577163696289062 	 28.284271240234375 	 0.012658241678696835 
711.0 	 1569 	 513 	 27.0 	 28.0 	 0.01818181818181818 
712.0 	 1571 	 513 	 27.0 	 28.0 	 0.01818181818181818 
713.0 	 1574 	 512 	 28.174455642700195 	 26.832815170288086 	 0.024390238828124557 
714.0 	 1576 	 513 	 27.0 	 28.0 	 0.01818181818181818 
715.0 	 1578 	 512 	 27.0 	 28.0 	 0.01818181818181818 
716.0 	 1580 	 513 	 28.0 	 27.0 	 0.01818181818181818 
717.0 	 1582 	 513 	 28.0 	 27.0 	 0.01818181818181818 
718.0 	 1584 	 513 	 27.0 	 28.0 	 0.01818181818181818 
719.0 	 1587 	 513 	 27.0 	 28.0 	 0.01818181818181818 
720.0 	 1589 	 513 	 26.0 	 27.0 	 0.018867924528301886 
721.0 	 1592 	 513 	 26.0 	 28.0 	 0.037037037037037035 
722.0 	 1594 	 513 	 26.0 	 28.0 	 0.037037037037037035 
723.0 	 1596 	 513 	 26.0 	 29.0 	 0.05454545454545454 
724.0 	 1598 	 513 	 26.0 	 28.0 	 0.037037037037037035 
725.0 	 1600 	 513 	 26.0 	 28.0 	 0.037037037037037035 
726.0 	 1603 	 513 	 27.0 	 28.0 	 0.01818181818181818 
727.0 	 1605 	 512 	 26.0 	 28.0 	 0.037037037037037035 
728.0 	 1607 	 513 	 25.0 	 28.0 	 0.05660377358490566 
729.0 	 1609 	 513 	 25.0 	 28.0 	 0.05660377358490566 
730.0 	 1611 	 512 	 26.0 	 28.0 	 0.037037037037037035 
731.0 	 1613 	 512 	 26.02153205871582 	 28.708538055419922 	 0.04909560669483043 
732.0 	 1615 	 512 	 25.0 	 28.0 	 0.05660377358490566 
733.0 	 1617 	 512 	 26.0 	 28.0 	 0.037037037037037035 
734.0 	 1619 	 512 	 26.0 	 28.0 	 0.037037037037037035 
735.0 	 1622 	 512 	 26.0 	 27.0 	 0.018867924528301886 
736.0 	 1624 	 512 	 26.0 	 28.0 	 0.037037037037037035 
737.0 	 1627 	 512 	 26.0 	 28.0 	 0.037037037037037035 
738.0 	 1629 	 512 	 26.0 	 29.0 	 0.05454545454545454 
739.0 	 1631 	 512 	 26.0 	 28.0 	 0.037037037037037035 
740.0 	 1633 	 512 	 26.0 	 28.0 	 0.037037037037037035 
741.0 	 1635 	 512 	 26.0 	 28.0 	 0.037037037037037035 
742.0 	 1637 	 512 	 27.0 	 28.0 	 0.01818181818181818 
743.0 	 1640 	 512 	 28.284271240234375 	 27.577163696289062 	 0.012658241678696835 
744.0 	 1642 	 512 	 28.284271240234375 	 26.870054244995117 	 0.02564108948477649 
745.0 	 1644 	 512 	 28.284271240234375 	 27.577163696289062 	 0.012658241678696835 
746.0 	 1646 	 512 	 27.0 	 29.0 	 0.03571428571428571 
747.0 	 1648 	 512 	 26.0 	 29.0 	 0.05454545454545454 
748.0 	 1650 	 512 	 26.832813262939453 	 29.068883895874023 	 0.040000049132355026 
749.0 	 1653 	 513 	 27.577163696289062 	 26.870054244995117 	 0.012987063031512305 
750.0 	 1655 	 512 	 25.0 	 29.0 	 0.07407407407407407 
751.0 	 1657 	 512 	 25.0 	 28.0 	 0.05660377358490566 
752.0 	 1660 	 512 	 26.0 	 28.0 	 0.037037037037037035 
753.0 	 1662 	 512 	 26.0 	 29.0 	 0.05454545454545454 
754.0 	 1664 	 512 	 26.0 	 29.0 	 0.05454545454545454 
755.0 	 1666 	 512 	 26.0 	 29.0 	 0.05454545454545454 
756.0 	 1668 	 512 	 26.0 	 29.0 	 0.05454545454545454 
757.0 	 1670 	 512 	 26.0 	 29.0 	 0.05454545454545454 
758.0 	 1672 	 512 	 26.870054244995117 	 28.284271240234375 	 0.02564108948477649 
759.0 	 1674 	 512 	 26.0 	 29.0 	 0.05454545454545454 
760.0 	 1677 	 512 	 26.0 	 29.0 	 0.05454545454545454 
761.0 	 1679 	 512 	 27.0 	 29.0 	 0.03571428571428571 
762.0 	 1681 	 512 	 26.0 	 30.0 	 0.07142857142857142 
763.0 	 1683 	 512 	 26.797035217285156 	 29.59181785583496 	 0.049562679257295336 
764.0 	 1686 	 512 	 26.0 	 29.0 	 0.05454545454545454 
765.0 	 1688 	 512 	 26.0 	 29.0 	 0.05454545454545454 
766.0 	 1690 	 512 	 26.0 	 29.0 	 0.05454545454545454 
767.0 	 1692 	 512 	 26.0 	 29.0 	 0.05454545454545454 
768.0 	 1694 	 512 	 26.832815170288086 	 29.06888198852539 	 0.03999998089297305 
769.0 	 1696 	 512 	 26.0 	 29.0 	 0.05454545454545454 
770.0 	 1699 	 512 	 26.0 	 28.0 	 0.037037037037037035 
771.0 	 1701 	 512 	 26.0 	 29.0 	 0.05454545454545454 
772.0 	 1703 	 512 	 26.0 	 30.0 	 0.07142857142857142 
773.0 	 1705 	 512 	 26.0 	 30.0 	 0.07142857142857142 
774.0 	 1707 	 512 	 26.0 	 29.0 	 0.05454545454545454 
775.0 	 1709 	 512 	 26.0 	 29.0 	 0.05454545454545454 
776.0 	 1711 	 512 	 26.0 	 29.0 	 0.05454545454545454 
777.0 	 1713 	 512 	 26.0 	 29.0 	 0.05454545454545454 
778.0 	 1716 	 512 	 26.0 	 29.0 	 0.05454545454545454 
779.0 	 1718 	 512 	 26.0 	 29.0 	 0.05454545454545454 
780.0 	 1720 	 512 	 26.0 	 29.0 	 0.05454545454545454 
781.0 	 1722 	 512 	 26.0 	 29.0 	 0.05454545454545454 
782.0 	 1724 	 512 	 26.563129425048828 	 28.776723861694336 	 0.04000000551457518 
783.0 	 1726 	 512 	 26.832813262939453 	 28.174455642700195 	 0.02439027434832689 
784.0 	 1728 	 512 	 27.280027389526367 	 28.174455642700195 	 0.016129052229267818 
785.0 	 1730 	 512 	 26.832813262939453 	 28.174455642700195 	 0.02439027434832689 
786.0 	 1733 	 512 	 26.0 	 28.0 	 0.037037037037037035 
787.0 	 1735 	 512 	 26.385601043701172 	 27.72724151611328 	 0.024793383768910434 
788.0 	 1737 	 512 	 25.0 	 28.0 	 0.05660377358490566 
789.0 	 1740 	 512 	 27.57716941833496 	 26.162954330444336 	 0.026315813757737182 
790.0 	 1742 	 512 	 27.577163696289062 	 26.16295051574707 	 0.02631578293566879 
791.0 	 1744 	 512 	 25.0 	 28.0 	 0.05660377358490566 
792.0 	 1747 	 512 	 26.870054244995117 	 26.870054244995117 	 0.0 
793.0 	 1749 	 512 	 25.0 	 28.0 	 0.05660377358490566 
794.0 	 1751 	 511 	 25.0 	 28.0 	 0.05660377358490566 
795.0 	 1753 	 512 	 24.0 	 28.0 	 0.07692307692307693 
796.0 	 1755 	 511 	 28.0 	 25.0 	 0.05660377358490566 
797.0 	 1758 	 511 	 25.0 	 28.0 	 0.05660377358490566 
798.0 	 1760 	 511 	 25.0 	 28.0 	 0.05660377358490566 
799.0 	 1762 	 511 	 26.0 	 28.0 	 0.037037037037037035 
800.0 	 1764 	 511 	 26.0 	 29.0 	 0.05454545454545454 
801.0 	 1766 	 511 	 26.0 	 29.0 	 0.05454545454545454 
802.0 	 1768 	 511 	 26.0 	 29.0 	 0.05454545454545454 
803.0 	 1770 	 511 	 26.0 	 29.0 	 0.05454545454545454 
804.0 	 1772 	 511 	 26.0 	 29.0 	 0.05454545454545454 
805.0 	 1774 	 511 	 24.0 	 29.0 	 0.09433962264150944 
806.0 	 1776 	 511 	 25.0 	 29.0 	 0.07407407407407407 
807.0 	 1779 	 511 	 26.19384765625 	 29.346811294555664 	 0.05676856734988247 
808.0 	 1781 	 511 	 26.0 	 29.0 	 0.05454545454545454 
809.0 	 1783 	 511 	 26.0 	 29.0 	 0.05454545454545454 
810.0 	 1785 	 511 	 26.0 	 28.0 	 0.037037037037037035 
811.0 	 1787 	 511 	 25.0 	 29.0 	 0.07407407407407407 
812.0 	 1789 	 511 	 29.0 	 26.0 	 0.05454545454545454 
813.0 	 1791 	 511 	 26.0 	 29.0 	 0.05454545454545454 
814.0 	 1793 	 511 	 25.0 	 28.0 	 0.05660377358490566 
815.0 	 1795 	 511 	 25.0 	 28.0 	 0.05660377358490566 
816.0 	 1797 	 511 	 29.0 	 26.0 	 0.05454545454545454 
817.0 	 1799 	 511 	 25.0 	 28.0 	 0.05660377358490566 
818.0 	 1802 	 511 	 25.0 	 29.0 	 0.07407407407407407 
819.0 	 1804 	 511 	 25.0 	 28.0 	 0.05660377358490566 
820.0 	 1806 	 511 	 25.0 	 28.0 	 0.05660377358490566 
821.0 	 1808 	 511 	 25.0 	 28.0 	 0.05660377358490566 
822.0 	 1810 	 511 	 25.0 	 27.0 	 0.038461538461538464 
823.0 	 1812 	 512 	 25.0 	 27.0 	 0.038461538461538464 
824.0 	 1815 	 511 	 25.0 	 28.0 	 0.05660377358490566 
825.0 	 1817 	 511 	 25.0 	 28.0 	 0.05660377358490566 
826.0 	 1820 	 511 	 25.0 	 27.0 	 0.038461538461538464 
827.0 	 1822 	 511 	 25.0 	 27.0 	 0.038461538461538464 
828.0 	 1824 	 511 	 25.0 	 27.0 	 0.038461538461538464 
829.0 	 1826 	 511 	 24.0 	 27.0 	 0.058823529411764705 
830.0 	 1828 	 511 	 25.0 	 27.0 	 0.038461538461538464 
831.0 	 1830 	 511 	 25.0 	 26.0 	 0.0196078431372549 
832.0 	 1833 	 511 	 26.0 	 25.0 	 0.0196078431372549 
833.0 	 1835 	 511 	 25.0 	 27.0 	 0.038461538461538464 
834.0 	 1837 	 511 	 25.0 	 27.0 	 0.038461538461538464 
835.0 	 1840 	 511 	 24.0 	 28.0 	 0.07692307692307693 
836.0 	 1842 	 511 	 25.0 	 28.0 	 0.05660377358490566 
837.0 	 1844 	 511 	 25.0 	 28.0 	 0.05660377358490566 
838.0 	 1846 	 511 	 26.0 	 28.0 	 0.037037037037037035 
839.0 	 1848 	 511 	 26.870054244995117 	 26.870054244995117 	 0.0 
840.0 	 1851 	 511 	 26.0 	 28.0 	 0.037037037037037035 
841.0 	 1852 	 511 	 26.0 	 27.0 	 0.018867924528301886 
842.0 	 1854 	 511 	 26.0 	 28.0 	 0.037037037037037035 
843.0 	 1857 	 511 	 26.0 	 28.0 	 0.037037037037037035 
844.0 	 1859 	 511 	 26.0 	 28.0 	 0.037037037037037035 
845.0 	 1861 	 511 	 26.0 	 28.0 	 0.037037037037037035 
846.0 	 1863 	 511 	 26.0 	 28.0 	 0.037037037037037035 
847.0 	 1866 	 511 	 26.0 	 28.0 	 0.037037037037037035 
848.0 	 1868 	 511 	 26.0 	 29.0 	 0.05454545454545454 
849.0 	 1870 	 511 	 26.0 	 29.0 	 0.05454545454545454 
850.0 	 1872 	 511 	 26.0 	 28.0 	 0.037037037037037035 
851.0 	 1874 	 511 	 26.0 	 27.0 	 0.018867924528301886 
852.0 	 1876 	 511 	 26.0 	 27.0 	 0.018867924528301886 
853.0 	 1879 	 511 	 26.0 	 28.0 	 0.037037037037037035 
854.0 	 1881 	 511 	 27.0 	 28.0 	 0.01818181818181818 
855.0 	 1883 	 510 	 26.671794891357422 	 28.044607162475586 	 0.025089593240570092 
856.0 	 1885 	 510 	 26.0 	 28.0 	 0.037037037037037035 
857.0 	 1887 	 510 	 26.0 	 27.0 	 0.018867924528301886 
858.0 	 1889 	 511 	 26.0 	 28.0 	 0.037037037037037035 
859.0 	 1892 	 511 	 25.0 	 29.0 	 0.07407407407407407 
860.0 	 1894 	 511 	 25.0 	 28.0 	 0.05660377358490566 
861.0 	 1896 	 511 	 25.0 	 27.0 	 0.038461538461538464 
862.0 	 1899 	 511 	 26.0 	 28.0 	 0.037037037037037035 
863.0 	 1901 	 511 	 26.0 	 28.0 	 0.037037037037037035 
864.0 	 1904 	 511 	 26.0 	 29.0 	 0.05454545454545454 
865.0 	 1905 	 511 	 26.0 	 27.0 	 0.018867924528301886 
866.0 	 1907 	 511 	 26.0 	 25.0 	 0.0196078431372549 
867.0 	 1908 	 511 	 26.0 	 23.0 	 0.061224489795918366 
