frame 	 x 	 y 	 width 	 height 	 deformation 
1.0 	 82 	 590 	 37.0 	 41.0 	 0.05128205128205128 
2.0 	 83 	 590 	 38.0 	 41.0 	 0.0379746835443038 
3.0 	 83 	 590 	 40.696434020996094 	 38.013153076171875 	 0.034090903583469126 
4.0 	 83 	 590 	 40.696434020996094 	 38.460365295410156 	 0.02824859955046823 
5.0 	 83 	 590 	 37.0 	 41.0 	 0.05128205128205128 
6.0 	 83 	 590 	 41.0 	 37.0 	 0.05128205128205128 
7.0 	 83 	 590 	 40.696434020996094 	 38.013153076171875 	 0.034090903583469126 
8.0 	 84 	 590 	 38.0 	 41.0 	 0.0379746835443038 
9.0 	 84 	 590 	 37.0 	 40.0 	 0.03896103896103896 
10.0 	 84 	 590 	 37.0 	 41.0 	 0.05128205128205128 
11.0 	 84 	 590 	 37.0 	 41.0 	 0.05128205128205128 
12.0 	 84 	 590 	 37.0 	 41.0 	 0.05128205128205128 
13.0 	 84 	 590 	 38.0 	 41.0 	 0.0379746835443038 
14.0 	 85 	 590 	 38.0 	 41.0 	 0.0379746835443038 
15.0 	 85 	 590 	 38.0 	 41.0 	 0.0379746835443038 
16.0 	 85 	 590 	 38.0 	 41.0 	 0.0379746835443038 
17.0 	 85 	 590 	 38.0 	 41.0 	 0.0379746835443038 
18.0 	 86 	 590 	 38.0 	 41.0 	 0.0379746835443038 
19.0 	 86 	 590 	 38.0 	 41.0 	 0.0379746835443038 
20.0 	 86 	 590 	 38.0 	 41.0 	 0.0379746835443038 
21.0 	 86 	 590 	 38.046531677246094 	 41.57661819458008 	 0.04433492675203834 
22.0 	 86 	 590 	 41.14365005493164 	 38.460365295410156 	 0.03370790716664474 
23.0 	 86 	 590 	 38.0 	 41.0 	 0.0379746835443038 
24.0 	 86 	 590 	 38.0 	 41.0 	 0.0379746835443038 
25.0 	 87 	 590 	 38.0 	 41.0 	 0.0379746835443038 
26.0 	 87 	 590 	 38.0 	 41.0 	 0.0379746835443038 
27.0 	 87 	 590 	 38.0 	 41.0 	 0.0379746835443038 
28.0 	 87 	 590 	 37.0 	 42.0 	 0.06329113924050633 
29.0 	 87 	 590 	 37.0 	 41.0 	 0.05128205128205128 
30.0 	 87 	 590 	 38.0 	 41.0 	 0.0379746835443038 
31.0 	 88 	 590 	 37.0 	 41.0 	 0.05128205128205128 
32.0 	 88 	 590 	 37.0 	 40.0 	 0.03896103896103896 
33.0 	 88 	 590 	 37.0 	 40.0 	 0.03896103896103896 
34.0 	 89 	 590 	 37.0 	 41.0 	 0.05128205128205128 
35.0 	 89 	 590 	 37.0 	 40.0 	 0.03896103896103896 
36.0 	 89 	 590 	 37.0 	 40.0 	 0.03896103896103896 
37.0 	 90 	 590 	 37.0 	 40.0 	 0.03896103896103896 
38.0 	 90 	 590 	 37.0 	 40.0 	 0.03896103896103896 
39.0 	 91 	 590 	 37.0 	 40.0 	 0.03896103896103896 
40.0 	 91 	 590 	 37.0 	 41.0 	 0.05128205128205128 
41.0 	 92 	 590 	 37.0 	 40.0 	 0.03896103896103896 
42.0 	 93 	 590 	 37.0 	 40.0 	 0.03896103896103896 
43.0 	 93 	 590 	 37.0 	 40.0 	 0.03896103896103896 
44.0 	 94 	 590 	 37.0 	 40.0 	 0.03896103896103896 
45.0 	 95 	 590 	 37.0 	 40.0 	 0.03896103896103896 
46.0 	 96 	 590 	 37.0 	 40.0 	 0.03896103896103896 
47.0 	 97 	 590 	 37.0 	 40.0 	 0.03896103896103896 
48.0 	 99 	 590 	 37.0 	 40.0 	 0.03896103896103896 
49.0 	 100 	 590 	 36.0 	 40.0 	 0.05263157894736842 
50.0 	 102 	 590 	 36.0 	 39.0 	 0.04 
51.0 	 103 	 590 	 36.0 	 40.0 	 0.05263157894736842 
52.0 	 105 	 590 	 36.0 	 39.0 	 0.04 
53.0 	 106 	 590 	 36.0 	 40.0 	 0.05263157894736842 
54.0 	 108 	 590 	 36.0 	 39.0 	 0.04 
55.0 	 109 	 590 	 36.0 	 40.0 	 0.05263157894736842 
56.0 	 111 	 590 	 36.0 	 40.0 	 0.05263157894736842 
57.0 	 112 	 590 	 36.0 	 40.0 	 0.05263157894736842 
58.0 	 114 	 590 	 36.0 	 40.0 	 0.05263157894736842 
59.0 	 116 	 590 	 36.0 	 40.0 	 0.05263157894736842 
60.0 	 118 	 590 	 36.0 	 40.0 	 0.05263157894736842 
61.0 	 119 	 590 	 36.0 	 40.0 	 0.05263157894736842 
62.0 	 121 	 590 	 36.0 	 40.0 	 0.05263157894736842 
63.0 	 123 	 590 	 36.0 	 40.0 	 0.05263157894736842 
64.0 	 124 	 590 	 36.0 	 41.0 	 0.06493506493506493 
65.0 	 126 	 590 	 35.0 	 42.0 	 0.09090909090909091 
66.0 	 128 	 590 	 35.0 	 41.0 	 0.07894736842105263 
67.0 	 130 	 590 	 35.0 	 41.0 	 0.07894736842105263 
68.0 	 132 	 590 	 35.0 	 41.0 	 0.07894736842105263 
69.0 	 134 	 590 	 35.0 	 41.0 	 0.07894736842105263 
70.0 	 136 	 590 	 35.0 	 41.0 	 0.07894736842105263 
71.0 	 137 	 590 	 35.0 	 40.0 	 0.06666666666666667 
72.0 	 139 	 590 	 35.0 	 40.0 	 0.06666666666666667 
73.0 	 141 	 590 	 35.0 	 40.0 	 0.06666666666666667 
74.0 	 143 	 590 	 35.0 	 41.0 	 0.07894736842105263 
75.0 	 145 	 590 	 35.0 	 41.0 	 0.07894736842105263 
76.0 	 147 	 590 	 35.0 	 41.0 	 0.07894736842105263 
77.0 	 148 	 590 	 35.0 	 41.0 	 0.07894736842105263 
78.0 	 151 	 590 	 35.0 	 41.0 	 0.07894736842105263 
79.0 	 153 	 590 	 35.0 	 41.0 	 0.07894736842105263 
80.0 	 155 	 590 	 35.0 	 42.0 	 0.09090909090909091 
81.0 	 157 	 590 	 35.0 	 42.0 	 0.09090909090909091 
82.0 	 159 	 590 	 35.0 	 42.0 	 0.09090909090909091 
83.0 	 161 	 590 	 35.0 	 41.0 	 0.07894736842105263 
84.0 	 163 	 590 	 35.0 	 41.0 	 0.07894736842105263 
85.0 	 165 	 590 	 35.0 	 42.0 	 0.09090909090909091 
86.0 	 167 	 590 	 35.0 	 42.0 	 0.09090909090909091 
87.0 	 170 	 590 	 35.0 	 41.0 	 0.07894736842105263 
88.0 	 172 	 590 	 35.0 	 42.0 	 0.09090909090909091 
89.0 	 174 	 590 	 35.0 	 42.0 	 0.09090909090909091 
90.0 	 176 	 590 	 35.0 	 42.0 	 0.09090909090909091 
91.0 	 178 	 590 	 35.0 	 41.0 	 0.07894736842105263 
92.0 	 180 	 590 	 35.0 	 42.0 	 0.09090909090909091 
93.0 	 182 	 590 	 35.0 	 42.0 	 0.09090909090909091 
94.0 	 184 	 589 	 35.0 	 43.0 	 0.10256410256410256 
95.0 	 186 	 589 	 35.0 	 43.0 	 0.10256410256410256 
96.0 	 188 	 590 	 35.0 	 42.0 	 0.09090909090909091 
97.0 	 190 	 590 	 35.0 	 42.0 	 0.09090909090909091 
98.0 	 193 	 590 	 35.0 	 43.0 	 0.10256410256410256 
99.0 	 195 	 590 	 35.0 	 43.0 	 0.10256410256410256 
100.0 	 197 	 590 	 35.0 	 43.0 	 0.10256410256410256 
101.0 	 199 	 590 	 35.0 	 42.0 	 0.09090909090909091 
102.0 	 201 	 590 	 35.0 	 42.0 	 0.09090909090909091 
103.0 	 203 	 589 	 35.0 	 42.0 	 0.09090909090909091 
104.0 	 206 	 589 	 35.0 	 43.0 	 0.10256410256410256 
105.0 	 208 	 589 	 35.0 	 43.0 	 0.10256410256410256 
106.0 	 210 	 590 	 35.0 	 43.0 	 0.10256410256410256 
107.0 	 212 	 589 	 35.0 	 43.0 	 0.10256410256410256 
108.0 	 214 	 589 	 35.0 	 43.0 	 0.10256410256410256 
109.0 	 217 	 589 	 35.0 	 43.0 	 0.10256410256410256 
110.0 	 219 	 589 	 35.0 	 43.0 	 0.10256410256410256 
111.0 	 221 	 589 	 35.0 	 44.0 	 0.11392405063291139 
112.0 	 223 	 590 	 35.0 	 43.0 	 0.10256410256410256 
113.0 	 226 	 590 	 35.0 	 43.0 	 0.10256410256410256 
114.0 	 228 	 590 	 35.0 	 42.0 	 0.09090909090909091 
115.0 	 230 	 590 	 35.0 	 43.0 	 0.10256410256410256 
116.0 	 232 	 589 	 35.0 	 42.0 	 0.09090909090909091 
117.0 	 235 	 590 	 35.0 	 43.0 	 0.10256410256410256 
118.0 	 237 	 590 	 35.0 	 44.0 	 0.11392405063291139 
119.0 	 239 	 590 	 35.0 	 44.0 	 0.11392405063291139 
120.0 	 241 	 589 	 35.0 	 43.0 	 0.10256410256410256 
121.0 	 243 	 589 	 35.0 	 43.0 	 0.10256410256410256 
122.0 	 246 	 589 	 35.0 	 44.0 	 0.11392405063291139 
123.0 	 248 	 589 	 35.0 	 44.0 	 0.11392405063291139 
124.0 	 250 	 589 	 35.0 	 44.0 	 0.11392405063291139 
125.0 	 253 	 589 	 35.0 	 43.0 	 0.10256410256410256 
126.0 	 255 	 589 	 35.0 	 43.0 	 0.10256410256410256 
127.0 	 257 	 589 	 35.0 	 44.0 	 0.11392405063291139 
128.0 	 259 	 589 	 35.0 	 44.0 	 0.11392405063291139 
129.0 	 261 	 589 	 35.0 	 44.0 	 0.11392405063291139 
130.0 	 264 	 589 	 35.0 	 43.0 	 0.10256410256410256 
131.0 	 266 	 590 	 35.0 	 43.0 	 0.10256410256410256 
132.0 	 268 	 590 	 35.0 	 44.0 	 0.11392405063291139 
133.0 	 270 	 590 	 35.0 	 44.0 	 0.11392405063291139 
134.0 	 272 	 589 	 35.0 	 43.0 	 0.10256410256410256 
135.0 	 275 	 589 	 35.0 	 44.0 	 0.11392405063291139 
136.0 	 277 	 590 	 35.0 	 44.0 	 0.11392405063291139 
137.0 	 279 	 590 	 35.0 	 44.0 	 0.11392405063291139 
138.0 	 281 	 590 	 35.0 	 43.0 	 0.10256410256410256 
139.0 	 284 	 590 	 35.0 	 43.0 	 0.10256410256410256 
140.0 	 286 	 590 	 35.0 	 44.0 	 0.11392405063291139 
141.0 	 288 	 590 	 35.0 	 43.0 	 0.10256410256410256 
142.0 	 291 	 589 	 35.0 	 44.0 	 0.11392405063291139 
143.0 	 293 	 589 	 35.0 	 44.0 	 0.11392405063291139 
144.0 	 295 	 589 	 35.0 	 44.0 	 0.11392405063291139 
145.0 	 298 	 589 	 35.0 	 45.0 	 0.125 
146.0 	 300 	 589 	 35.0 	 44.0 	 0.11392405063291139 
147.0 	 302 	 589 	 35.0 	 45.0 	 0.125 
148.0 	 304 	 590 	 34.67518615722656 	 44.18144226074219 	 0.12055113557644156 
149.0 	 306 	 590 	 35.0 	 43.0 	 0.10256410256410256 
150.0 	 309 	 590 	 35.0 	 44.0 	 0.11392405063291139 
151.0 	 311 	 589 	 35.0 	 44.0 	 0.11392405063291139 
152.0 	 314 	 589 	 35.0 	 44.0 	 0.11392405063291139 
153.0 	 316 	 589 	 35.0 	 44.0 	 0.11392405063291139 
154.0 	 318 	 589 	 35.0 	 43.0 	 0.10256410256410256 
155.0 	 321 	 589 	 35.0 	 43.0 	 0.10256410256410256 
156.0 	 323 	 589 	 35.0 	 44.0 	 0.11392405063291139 
157.0 	 325 	 589 	 35.0 	 44.0 	 0.11392405063291139 
158.0 	 327 	 589 	 35.0 	 44.0 	 0.11392405063291139 
159.0 	 329 	 589 	 35.0 	 45.0 	 0.125 
160.0 	 332 	 589 	 35.0 	 45.0 	 0.125 
161.0 	 334 	 589 	 35.0 	 44.0 	 0.11392405063291139 
162.0 	 336 	 589 	 35.0 	 44.0 	 0.11392405063291139 
163.0 	 338 	 589 	 35.0 	 44.0 	 0.11392405063291139 
164.0 	 340 	 589 	 35.0 	 45.0 	 0.125 
165.0 	 343 	 589 	 35.0 	 44.0 	 0.11392405063291139 
166.0 	 345 	 589 	 35.0 	 45.0 	 0.125 
167.0 	 347 	 589 	 35.0 	 44.0 	 0.11392405063291139 
168.0 	 349 	 589 	 35.0 	 44.0 	 0.11392405063291139 
169.0 	 351 	 589 	 35.0 	 44.0 	 0.11392405063291139 
170.0 	 354 	 589 	 35.0 	 44.0 	 0.11392405063291139 
171.0 	 356 	 589 	 35.0 	 44.0 	 0.11392405063291139 
172.0 	 358 	 589 	 35.0 	 44.0 	 0.11392405063291139 
173.0 	 360 	 589 	 35.0 	 45.0 	 0.125 
174.0 	 363 	 589 	 34.0 	 44.0 	 0.1282051282051282 
175.0 	 365 	 589 	 34.0 	 44.0 	 0.1282051282051282 
176.0 	 367 	 589 	 34.0 	 44.0 	 0.1282051282051282 
177.0 	 370 	 589 	 45.0 	 35.0 	 0.125 
178.0 	 372 	 589 	 34.0 	 44.0 	 0.1282051282051282 
179.0 	 374 	 589 	 34.0 	 44.0 	 0.1282051282051282 
180.0 	 376 	 589 	 34.0 	 44.0 	 0.1282051282051282 
181.0 	 379 	 589 	 34.0 	 44.0 	 0.1282051282051282 
182.0 	 381 	 589 	 34.0 	 45.0 	 0.13924050632911392 
183.0 	 383 	 589 	 34.0 	 45.0 	 0.13924050632911392 
184.0 	 386 	 589 	 34.0 	 45.0 	 0.13924050632911392 
185.0 	 388 	 589 	 34.0 	 44.0 	 0.1282051282051282 
186.0 	 390 	 589 	 35.0 	 43.0 	 0.10256410256410256 
187.0 	 392 	 589 	 35.0 	 43.0 	 0.10256410256410256 
188.0 	 395 	 589 	 35.0 	 43.0 	 0.10256410256410256 
189.0 	 397 	 589 	 35.0 	 44.0 	 0.11392405063291139 
190.0 	 399 	 589 	 35.0 	 45.0 	 0.125 
191.0 	 401 	 589 	 35.0 	 45.0 	 0.125 
192.0 	 403 	 589 	 35.0 	 44.0 	 0.11392405063291139 
193.0 	 406 	 589 	 35.0 	 44.0 	 0.11392405063291139 
194.0 	 408 	 589 	 35.0 	 44.0 	 0.11392405063291139 
195.0 	 410 	 589 	 35.0 	 44.0 	 0.11392405063291139 
196.0 	 412 	 589 	 35.0 	 43.0 	 0.10256410256410256 
197.0 	 415 	 589 	 35.0 	 43.0 	 0.10256410256410256 
198.0 	 417 	 589 	 44.0 	 34.0 	 0.1282051282051282 
199.0 	 419 	 589 	 33.0 	 43.0 	 0.13157894736842105 
200.0 	 421 	 589 	 33.0 	 43.0 	 0.13157894736842105 
201.0 	 424 	 589 	 33.0 	 43.0 	 0.13157894736842105 
202.0 	 426 	 589 	 33.0 	 44.0 	 0.14285714285714285 
203.0 	 428 	 588 	 33.0 	 43.0 	 0.13157894736842105 
204.0 	 430 	 588 	 32.0 	 43.0 	 0.14666666666666667 
205.0 	 432 	 589 	 32.0 	 43.0 	 0.14666666666666667 
206.0 	 435 	 589 	 32.0 	 43.0 	 0.14666666666666667 
207.0 	 437 	 588 	 32.386600494384766 	 43.401329040527344 	 0.14533618498007106 
208.0 	 439 	 588 	 32.37306594848633 	 43.784263610839844 	 0.1498371559032181 
209.0 	 441 	 588 	 32.0 	 43.0 	 0.14666666666666667 
210.0 	 444 	 588 	 32.0 	 44.0 	 0.15789473684210525 
211.0 	 446 	 588 	 32.0 	 43.0 	 0.14666666666666667 
212.0 	 448 	 588 	 32.0 	 43.0 	 0.14666666666666667 
213.0 	 450 	 588 	 44.179649353027344 	 31.74168586730957 	 0.16382698551890112 
214.0 	 452 	 588 	 31.0 	 44.0 	 0.17333333333333334 
215.0 	 454 	 588 	 30.0 	 43.0 	 0.1780821917808219 
216.0 	 457 	 588 	 30.0 	 43.0 	 0.1780821917808219 
217.0 	 459 	 588 	 30.0 	 44.0 	 0.1891891891891892 
218.0 	 461 	 588 	 30.0 	 42.0 	 0.16666666666666666 
219.0 	 464 	 588 	 30.0 	 43.0 	 0.1780821917808219 
220.0 	 466 	 588 	 30.0 	 42.0 	 0.16666666666666666 
221.0 	 468 	 588 	 30.0 	 42.0 	 0.16666666666666666 
222.0 	 470 	 588 	 30.0 	 43.0 	 0.1780821917808219 
223.0 	 473 	 588 	 30.0 	 42.0 	 0.16666666666666666 
224.0 	 475 	 588 	 30.0 	 41.0 	 0.15492957746478872 
225.0 	 477 	 588 	 30.0 	 41.0 	 0.15492957746478872 
226.0 	 479 	 588 	 30.0 	 41.0 	 0.15492957746478872 
227.0 	 481 	 588 	 30.0 	 41.0 	 0.15492957746478872 
228.0 	 483 	 588 	 30.0 	 41.0 	 0.15492957746478872 
229.0 	 485 	 588 	 30.0 	 42.0 	 0.16666666666666666 
230.0 	 487 	 588 	 30.0 	 42.0 	 0.16666666666666666 
231.0 	 490 	 588 	 30.0 	 41.0 	 0.15492957746478872 
232.0 	 492 	 588 	 30.0 	 41.0 	 0.15492957746478872 
233.0 	 494 	 588 	 31.0 	 41.0 	 0.1388888888888889 
234.0 	 496 	 588 	 31.0 	 42.0 	 0.1506849315068493 
235.0 	 499 	 588 	 31.0 	 42.0 	 0.1506849315068493 
236.0 	 501 	 588 	 31.0 	 43.0 	 0.16216216216216217 
237.0 	 503 	 588 	 31.0 	 43.0 	 0.16216216216216217 
238.0 	 505 	 588 	 31.0 	 43.0 	 0.16216216216216217 
239.0 	 507 	 588 	 32.0 	 42.0 	 0.13513513513513514 
240.0 	 510 	 588 	 41.89106369018555 	 31.0451602935791 	 0.1487039334394485 
241.0 	 512 	 587 	 31.0 	 42.0 	 0.1506849315068493 
242.0 	 514 	 588 	 31.0 	 42.0 	 0.1506849315068493 
243.0 	 516 	 588 	 31.0 	 42.0 	 0.1506849315068493 
244.0 	 518 	 588 	 31.0 	 42.0 	 0.1506849315068493 
245.0 	 521 	 588 	 31.642183303833008 	 43.38362121582031 	 0.15649866052301495 
246.0 	 523 	 587 	 31.0 	 43.0 	 0.16216216216216217 
247.0 	 525 	 587 	 31.0 	 43.0 	 0.16216216216216217 
248.0 	 527 	 587 	 31.0 	 41.0 	 0.1388888888888889 
249.0 	 529 	 587 	 32.0 	 41.0 	 0.1232876712328767 
250.0 	 531 	 587 	 32.0 	 41.0 	 0.1232876712328767 
251.0 	 533 	 587 	 41.0 	 32.0 	 0.1232876712328767 
252.0 	 535 	 587 	 31.0 	 41.0 	 0.1388888888888889 
253.0 	 537 	 587 	 31.0 	 41.0 	 0.1388888888888889 
254.0 	 539 	 587 	 31.0 	 41.0 	 0.1388888888888889 
255.0 	 541 	 587 	 31.0 	 41.0 	 0.1388888888888889 
256.0 	 543 	 587 	 41.60578536987305 	 32.470787048339844 	 0.12331831810413545 
257.0 	 545 	 588 	 32.0 	 42.0 	 0.13513513513513514 
258.0 	 547 	 588 	 43.27762985229492 	 33.5157585144043 	 0.12711864322585062 
259.0 	 550 	 588 	 32.0 	 44.0 	 0.15789473684210525 
260.0 	 552 	 588 	 33.0 	 43.0 	 0.13157894736842105 
261.0 	 555 	 588 	 32.0 	 43.0 	 0.14666666666666667 
262.0 	 557 	 588 	 32.0 	 44.0 	 0.15789473684210525 
263.0 	 559 	 588 	 32.0 	 44.0 	 0.15789473684210525 
264.0 	 562 	 588 	 33.0 	 44.0 	 0.14285714285714285 
265.0 	 564 	 588 	 44.72477340698242 	 34.01291275024414 	 0.1360449002190439 
266.0 	 566 	 588 	 33.0 	 44.0 	 0.14285714285714285 
267.0 	 568 	 588 	 34.0 	 43.0 	 0.11688311688311688 
268.0 	 570 	 588 	 34.0 	 43.0 	 0.11688311688311688 
269.0 	 573 	 588 	 33.0 	 42.0 	 0.12 
270.0 	 575 	 588 	 34.0 	 43.0 	 0.11688311688311688 
271.0 	 577 	 588 	 34.0 	 42.0 	 0.10526315789473684 
272.0 	 580 	 588 	 34.0 	 42.0 	 0.10526315789473684 
273.0 	 582 	 588 	 34.0 	 42.0 	 0.10526315789473684 
274.0 	 584 	 588 	 34.0 	 42.0 	 0.10526315789473684 
275.0 	 586 	 588 	 34.0 	 42.0 	 0.10526315789473684 
276.0 	 588 	 588 	 34.0 	 43.0 	 0.11688311688311688 
277.0 	 590 	 588 	 34.0 	 44.0 	 0.1282051282051282 
278.0 	 592 	 588 	 34.0 	 44.0 	 0.1282051282051282 
279.0 	 594 	 588 	 34.0 	 44.0 	 0.1282051282051282 
280.0 	 596 	 588 	 34.0 	 44.0 	 0.1282051282051282 
281.0 	 598 	 588 	 34.0 	 45.0 	 0.13924050632911392 
282.0 	 600 	 588 	 34.0 	 45.0 	 0.13924050632911392 
283.0 	 603 	 588 	 33.0 	 44.0 	 0.14285714285714285 
284.0 	 605 	 588 	 33.0 	 44.0 	 0.14285714285714285 
285.0 	 607 	 587 	 33.0 	 44.0 	 0.14285714285714285 
286.0 	 609 	 588 	 33.0 	 45.0 	 0.15384615384615385 
287.0 	 612 	 588 	 33.0 	 44.0 	 0.14285714285714285 
288.0 	 614 	 588 	 33.0 	 44.0 	 0.14285714285714285 
289.0 	 616 	 588 	 33.0 	 44.0 	 0.14285714285714285 
290.0 	 618 	 588 	 33.0 	 44.0 	 0.14285714285714285 
291.0 	 620 	 588 	 33.0 	 45.0 	 0.15384615384615385 
292.0 	 623 	 587 	 33.0 	 44.0 	 0.14285714285714285 
293.0 	 625 	 587 	 33.0 	 45.0 	 0.15384615384615385 
294.0 	 627 	 587 	 33.0 	 44.0 	 0.14285714285714285 
295.0 	 630 	 587 	 33.0 	 44.0 	 0.14285714285714285 
296.0 	 632 	 587 	 33.0 	 44.0 	 0.14285714285714285 
297.0 	 634 	 587 	 33.0 	 44.0 	 0.14285714285714285 
298.0 	 636 	 587 	 33.0 	 44.0 	 0.14285714285714285 
299.0 	 639 	 588 	 33.0 	 45.0 	 0.15384615384615385 
300.0 	 641 	 588 	 33.0 	 44.0 	 0.14285714285714285 
301.0 	 643 	 588 	 34.0 	 44.0 	 0.1282051282051282 
302.0 	 645 	 588 	 34.0 	 44.0 	 0.1282051282051282 
303.0 	 647 	 588 	 34.0 	 45.0 	 0.13924050632911392 
304.0 	 649 	 588 	 34.0 	 45.0 	 0.13924050632911392 
305.0 	 651 	 587 	 34.0 	 45.0 	 0.13924050632911392 
306.0 	 654 	 587 	 34.0 	 45.0 	 0.13924050632911392 
307.0 	 656 	 588 	 34.0 	 44.0 	 0.1282051282051282 
308.0 	 658 	 587 	 35.0 	 44.0 	 0.11392405063291139 
309.0 	 660 	 587 	 35.0 	 44.0 	 0.11392405063291139 
310.0 	 662 	 587 	 35.0 	 44.0 	 0.11392405063291139 
311.0 	 664 	 587 	 35.0 	 45.0 	 0.125 
312.0 	 667 	 587 	 35.0 	 45.0 	 0.125 
313.0 	 669 	 587 	 35.0 	 44.0 	 0.11392405063291139 
314.0 	 671 	 587 	 35.0 	 44.0 	 0.11392405063291139 
315.0 	 673 	 587 	 35.0 	 44.0 	 0.11392405063291139 
316.0 	 675 	 587 	 35.0 	 45.0 	 0.125 
317.0 	 678 	 587 	 35.0 	 45.0 	 0.125 
318.0 	 680 	 587 	 35.0 	 45.0 	 0.125 
319.0 	 682 	 587 	 35.0 	 44.0 	 0.11392405063291139 
320.0 	 684 	 587 	 35.0 	 45.0 	 0.125 
321.0 	 686 	 587 	 35.0 	 45.0 	 0.125 
322.0 	 689 	 587 	 35.0 	 45.0 	 0.125 
323.0 	 691 	 587 	 34.0 	 44.0 	 0.1282051282051282 
324.0 	 693 	 587 	 34.0 	 44.0 	 0.1282051282051282 
325.0 	 695 	 587 	 34.0 	 45.0 	 0.13924050632911392 
326.0 	 697 	 587 	 34.0 	 45.0 	 0.13924050632911392 
327.0 	 700 	 587 	 34.0 	 44.0 	 0.1282051282051282 
328.0 	 702 	 587 	 34.0 	 44.0 	 0.1282051282051282 
329.0 	 704 	 587 	 34.0 	 44.0 	 0.1282051282051282 
330.0 	 706 	 587 	 35.0 	 44.0 	 0.11392405063291139 
331.0 	 708 	 587 	 34.0 	 45.0 	 0.13924050632911392 
332.0 	 711 	 587 	 34.0 	 44.0 	 0.1282051282051282 
333.0 	 713 	 587 	 34.0 	 44.0 	 0.1282051282051282 
334.0 	 715 	 587 	 34.0 	 44.0 	 0.1282051282051282 
335.0 	 717 	 587 	 34.0 	 44.0 	 0.1282051282051282 
336.0 	 719 	 587 	 34.0 	 45.0 	 0.13924050632911392 
337.0 	 721 	 587 	 34.0 	 45.0 	 0.13924050632911392 
338.0 	 724 	 587 	 34.0 	 44.0 	 0.1282051282051282 
339.0 	 726 	 587 	 34.0 	 44.0 	 0.1282051282051282 
340.0 	 728 	 587 	 34.0 	 44.0 	 0.1282051282051282 
341.0 	 730 	 587 	 34.0 	 45.0 	 0.13924050632911392 
342.0 	 733 	 587 	 34.0 	 45.0 	 0.13924050632911392 
343.0 	 735 	 587 	 34.0 	 44.0 	 0.1282051282051282 
344.0 	 737 	 587 	 34.0 	 44.0 	 0.1282051282051282 
345.0 	 739 	 587 	 34.0 	 44.0 	 0.1282051282051282 
346.0 	 741 	 587 	 34.0 	 44.0 	 0.1282051282051282 
347.0 	 744 	 587 	 34.0 	 44.0 	 0.1282051282051282 
348.0 	 746 	 587 	 34.0 	 44.0 	 0.1282051282051282 
349.0 	 748 	 587 	 34.0 	 44.0 	 0.1282051282051282 
350.0 	 750 	 587 	 34.0 	 44.0 	 0.1282051282051282 
351.0 	 752 	 587 	 34.0 	 43.0 	 0.11688311688311688 
352.0 	 754 	 587 	 34.0 	 43.0 	 0.11688311688311688 
353.0 	 757 	 587 	 34.0 	 44.0 	 0.1282051282051282 
354.0 	 759 	 587 	 34.0 	 44.0 	 0.1282051282051282 
355.0 	 761 	 587 	 34.0 	 44.0 	 0.1282051282051282 
356.0 	 763 	 587 	 34.0 	 44.0 	 0.1282051282051282 
357.0 	 765 	 587 	 34.0 	 44.0 	 0.1282051282051282 
358.0 	 768 	 587 	 34.0 	 43.0 	 0.11688311688311688 
359.0 	 770 	 586 	 34.0 	 43.0 	 0.11688311688311688 
360.0 	 772 	 587 	 33.0 	 44.0 	 0.14285714285714285 
361.0 	 774 	 586 	 35.0 	 44.0 	 0.11392405063291139 
362.0 	 776 	 586 	 35.0 	 44.0 	 0.11392405063291139 
363.0 	 778 	 586 	 35.0 	 44.0 	 0.11392405063291139 
364.0 	 781 	 586 	 35.0 	 44.0 	 0.11392405063291139 
365.0 	 783 	 586 	 35.0 	 45.0 	 0.125 
366.0 	 785 	 586 	 34.0 	 45.0 	 0.13924050632911392 
367.0 	 787 	 586 	 34.0 	 43.0 	 0.11688311688311688 
368.0 	 789 	 587 	 35.0 	 44.0 	 0.11392405063291139 
369.0 	 791 	 587 	 33.0 	 43.0 	 0.13157894736842105 
370.0 	 794 	 587 	 33.0 	 42.0 	 0.12 
371.0 	 796 	 587 	 33.0 	 43.0 	 0.13157894736842105 
372.0 	 798 	 587 	 33.0 	 43.0 	 0.13157894736842105 
373.0 	 800 	 587 	 32.0 	 44.0 	 0.15789473684210525 
374.0 	 803 	 587 	 43.0 	 33.0 	 0.13157894736842105 
375.0 	 805 	 587 	 33.0 	 43.0 	 0.13157894736842105 
376.0 	 808 	 587 	 33.0 	 43.0 	 0.13157894736842105 
377.0 	 810 	 587 	 32.0 	 44.0 	 0.15789473684210525 
378.0 	 812 	 587 	 32.0 	 43.0 	 0.14666666666666667 
379.0 	 815 	 587 	 31.0 	 44.0 	 0.17333333333333334 
380.0 	 817 	 587 	 32.0 	 44.0 	 0.15789473684210525 
381.0 	 819 	 587 	 32.0 	 45.0 	 0.16883116883116883 
382.0 	 822 	 587 	 45.0 	 33.0 	 0.15384615384615385 
383.0 	 824 	 587 	 32.0 	 45.0 	 0.16883116883116883 
384.0 	 826 	 587 	 32.519317626953125 	 44.483970642089844 	 0.1553784686873791 
385.0 	 828 	 587 	 32.5023307800293 	 44.543582916259766 	 0.15628670695887198 
386.0 	 830 	 587 	 33.3171501159668 	 45.177337646484375 	 0.15109580135627113 
387.0 	 833 	 586 	 33.0 	 44.0 	 0.14285714285714285 
388.0 	 835 	 586 	 33.0 	 44.0 	 0.14285714285714285 
389.0 	 838 	 586 	 33.0 	 44.0 	 0.14285714285714285 
390.0 	 840 	 586 	 33.0 	 44.0 	 0.14285714285714285 
391.0 	 842 	 586 	 33.0 	 44.0 	 0.14285714285714285 
392.0 	 845 	 586 	 33.0 	 44.0 	 0.14285714285714285 
393.0 	 847 	 586 	 34.0 	 44.0 	 0.1282051282051282 
394.0 	 849 	 586 	 34.0 	 44.0 	 0.1282051282051282 
395.0 	 851 	 586 	 34.0 	 45.0 	 0.13924050632911392 
396.0 	 853 	 586 	 34.0 	 45.0 	 0.13924050632911392 
397.0 	 855 	 586 	 34.0 	 44.0 	 0.1282051282051282 
398.0 	 858 	 586 	 34.0 	 44.0 	 0.1282051282051282 
399.0 	 860 	 586 	 34.0 	 44.0 	 0.1282051282051282 
400.0 	 863 	 586 	 35.0 	 44.0 	 0.11392405063291139 
401.0 	 865 	 586 	 34.0 	 44.0 	 0.1282051282051282 
402.0 	 867 	 586 	 34.0 	 45.0 	 0.13924050632911392 
403.0 	 869 	 586 	 34.0 	 44.0 	 0.1282051282051282 
404.0 	 872 	 586 	 34.0 	 44.0 	 0.1282051282051282 
405.0 	 874 	 586 	 34.0 	 44.0 	 0.1282051282051282 
406.0 	 877 	 586 	 34.0 	 44.0 	 0.1282051282051282 
407.0 	 879 	 586 	 34.0 	 44.0 	 0.1282051282051282 
408.0 	 881 	 586 	 34.0 	 45.0 	 0.13924050632911392 
409.0 	 883 	 586 	 34.0 	 44.0 	 0.1282051282051282 
410.0 	 886 	 586 	 34.0 	 44.0 	 0.1282051282051282 
411.0 	 888 	 586 	 34.0 	 44.0 	 0.1282051282051282 
412.0 	 890 	 586 	 34.0 	 45.0 	 0.13924050632911392 
413.0 	 893 	 586 	 34.0 	 44.0 	 0.1282051282051282 
414.0 	 895 	 586 	 34.0 	 44.0 	 0.1282051282051282 
415.0 	 897 	 586 	 34.0 	 44.0 	 0.1282051282051282 
416.0 	 900 	 586 	 34.0 	 44.0 	 0.1282051282051282 
417.0 	 902 	 586 	 34.0 	 45.0 	 0.13924050632911392 
418.0 	 904 	 586 	 34.0 	 45.0 	 0.13924050632911392 
419.0 	 907 	 586 	 34.0 	 44.0 	 0.1282051282051282 
420.0 	 909 	 586 	 34.0 	 45.0 	 0.13924050632911392 
421.0 	 911 	 586 	 34.0 	 44.0 	 0.1282051282051282 
422.0 	 914 	 586 	 34.0 	 44.0 	 0.1282051282051282 
423.0 	 916 	 586 	 34.0 	 44.0 	 0.1282051282051282 
424.0 	 918 	 586 	 34.0 	 44.0 	 0.1282051282051282 
425.0 	 920 	 586 	 34.0 	 44.0 	 0.1282051282051282 
426.0 	 923 	 586 	 34.0 	 44.0 	 0.1282051282051282 
427.0 	 925 	 586 	 34.0 	 43.0 	 0.11688311688311688 
428.0 	 927 	 586 	 34.0 	 44.0 	 0.1282051282051282 
429.0 	 930 	 586 	 34.0 	 45.0 	 0.13924050632911392 
430.0 	 932 	 586 	 34.0 	 44.0 	 0.1282051282051282 
431.0 	 935 	 586 	 34.0 	 44.0 	 0.1282051282051282 
432.0 	 937 	 586 	 34.0 	 44.0 	 0.1282051282051282 
433.0 	 939 	 586 	 34.0 	 45.0 	 0.13924050632911392 
434.0 	 941 	 586 	 34.0 	 45.0 	 0.13924050632911392 
435.0 	 943 	 586 	 34.0 	 44.0 	 0.1282051282051282 
436.0 	 946 	 586 	 34.0 	 44.0 	 0.1282051282051282 
437.0 	 948 	 586 	 34.0 	 43.0 	 0.11688311688311688 
438.0 	 950 	 586 	 34.0 	 44.0 	 0.1282051282051282 
439.0 	 952 	 585 	 34.0 	 44.0 	 0.1282051282051282 
440.0 	 955 	 586 	 34.0 	 44.0 	 0.1282051282051282 
441.0 	 957 	 585 	 34.0 	 45.0 	 0.13924050632911392 
442.0 	 959 	 585 	 34.0 	 44.0 	 0.1282051282051282 
443.0 	 962 	 585 	 34.0 	 44.0 	 0.1282051282051282 
444.0 	 964 	 585 	 34.0 	 45.0 	 0.13924050632911392 
445.0 	 966 	 585 	 35.0 	 44.0 	 0.11392405063291139 
446.0 	 968 	 585 	 34.0 	 44.0 	 0.1282051282051282 
447.0 	 971 	 585 	 35.0 	 44.0 	 0.11392405063291139 
448.0 	 973 	 585 	 35.0 	 44.0 	 0.11392405063291139 
449.0 	 975 	 585 	 35.0 	 44.0 	 0.11392405063291139 
450.0 	 977 	 585 	 35.0 	 44.0 	 0.11392405063291139 
451.0 	 980 	 585 	 34.0 	 44.0 	 0.1282051282051282 
452.0 	 982 	 585 	 34.0 	 45.0 	 0.13924050632911392 
453.0 	 984 	 585 	 34.0 	 44.0 	 0.1282051282051282 
454.0 	 987 	 585 	 34.0 	 44.0 	 0.1282051282051282 
455.0 	 989 	 585 	 34.0 	 44.0 	 0.1282051282051282 
456.0 	 991 	 585 	 34.0 	 44.0 	 0.1282051282051282 
457.0 	 993 	 585 	 45.0 	 34.0 	 0.13924050632911392 
458.0 	 995 	 585 	 34.0 	 45.0 	 0.13924050632911392 
459.0 	 997 	 585 	 34.0 	 44.0 	 0.1282051282051282 
460.0 	 1000 	 585 	 34.0 	 44.0 	 0.1282051282051282 
461.0 	 1002 	 585 	 34.0 	 44.0 	 0.1282051282051282 
462.0 	 1004 	 585 	 34.0 	 44.0 	 0.1282051282051282 
463.0 	 1007 	 585 	 34.0 	 44.0 	 0.1282051282051282 
464.0 	 1009 	 585 	 34.0 	 44.0 	 0.1282051282051282 
465.0 	 1011 	 585 	 34.0 	 43.0 	 0.11688311688311688 
466.0 	 1013 	 585 	 34.0 	 43.0 	 0.11688311688311688 
467.0 	 1015 	 585 	 34.0 	 44.0 	 0.1282051282051282 
468.0 	 1018 	 585 	 34.0 	 44.0 	 0.1282051282051282 
469.0 	 1020 	 585 	 33.0 	 44.0 	 0.14285714285714285 
470.0 	 1022 	 585 	 34.0 	 43.0 	 0.11688311688311688 
471.0 	 1024 	 585 	 33.0 	 44.0 	 0.14285714285714285 
472.0 	 1027 	 585 	 33.0 	 44.0 	 0.14285714285714285 
473.0 	 1029 	 585 	 33.0 	 44.0 	 0.14285714285714285 
474.0 	 1031 	 585 	 33.0 	 44.0 	 0.14285714285714285 
475.0 	 1033 	 585 	 33.0 	 44.0 	 0.14285714285714285 
476.0 	 1035 	 585 	 33.0 	 44.0 	 0.14285714285714285 
477.0 	 1037 	 585 	 33.0 	 44.0 	 0.14285714285714285 
478.0 	 1039 	 585 	 33.0 	 44.0 	 0.14285714285714285 
479.0 	 1042 	 585 	 33.0 	 44.0 	 0.14285714285714285 
480.0 	 1044 	 585 	 33.0 	 44.0 	 0.14285714285714285 
481.0 	 1046 	 585 	 34.0 	 43.0 	 0.11688311688311688 
482.0 	 1048 	 585 	 34.0 	 43.0 	 0.11688311688311688 
483.0 	 1050 	 585 	 34.0 	 44.0 	 0.1282051282051282 
484.0 	 1052 	 585 	 34.0 	 44.0 	 0.1282051282051282 
485.0 	 1055 	 585 	 34.0 	 44.0 	 0.1282051282051282 
486.0 	 1057 	 585 	 34.0 	 44.0 	 0.1282051282051282 
487.0 	 1059 	 585 	 34.0 	 44.0 	 0.1282051282051282 
488.0 	 1061 	 585 	 34.0 	 44.0 	 0.1282051282051282 
489.0 	 1063 	 585 	 34.0 	 44.0 	 0.1282051282051282 
490.0 	 1066 	 585 	 34.0 	 44.0 	 0.1282051282051282 
491.0 	 1068 	 585 	 34.0 	 44.0 	 0.1282051282051282 
492.0 	 1070 	 585 	 34.0 	 44.0 	 0.1282051282051282 
493.0 	 1072 	 585 	 34.0 	 43.0 	 0.11688311688311688 
494.0 	 1074 	 585 	 34.0 	 43.0 	 0.11688311688311688 
495.0 	 1076 	 585 	 34.0 	 43.0 	 0.11688311688311688 
496.0 	 1078 	 585 	 34.0 	 44.0 	 0.1282051282051282 
497.0 	 1081 	 585 	 34.0 	 44.0 	 0.1282051282051282 
498.0 	 1083 	 585 	 34.0 	 44.0 	 0.1282051282051282 
499.0 	 1085 	 585 	 34.0 	 43.0 	 0.11688311688311688 
500.0 	 1087 	 585 	 34.0 	 44.0 	 0.1282051282051282 
501.0 	 1090 	 585 	 34.0 	 43.0 	 0.11688311688311688 
502.0 	 1092 	 585 	 34.0 	 43.0 	 0.11688311688311688 
503.0 	 1094 	 585 	 34.0 	 43.0 	 0.11688311688311688 
504.0 	 1096 	 585 	 34.0 	 43.0 	 0.11688311688311688 
505.0 	 1098 	 585 	 33.0 	 44.0 	 0.14285714285714285 
506.0 	 1101 	 585 	 33.0 	 44.0 	 0.14285714285714285 
507.0 	 1103 	 585 	 33.0 	 44.0 	 0.14285714285714285 
508.0 	 1105 	 585 	 33.0 	 44.0 	 0.14285714285714285 
509.0 	 1107 	 585 	 33.0 	 43.0 	 0.13157894736842105 
510.0 	 1109 	 585 	 33.0 	 42.0 	 0.12 
511.0 	 1111 	 585 	 33.0 	 43.0 	 0.13157894736842105 
512.0 	 1114 	 585 	 33.0 	 44.0 	 0.14285714285714285 
513.0 	 1116 	 585 	 33.0 	 44.0 	 0.14285714285714285 
514.0 	 1118 	 585 	 33.0 	 44.0 	 0.14285714285714285 
515.0 	 1120 	 585 	 33.0 	 44.0 	 0.14285714285714285 
516.0 	 1122 	 585 	 33.0 	 43.0 	 0.13157894736842105 
517.0 	 1124 	 585 	 34.0 	 43.0 	 0.11688311688311688 
518.0 	 1126 	 585 	 33.0 	 43.0 	 0.13157894736842105 
519.0 	 1128 	 585 	 33.0 	 43.0 	 0.13157894736842105 
520.0 	 1131 	 585 	 34.0 	 44.0 	 0.1282051282051282 
521.0 	 1133 	 585 	 34.0 	 44.0 	 0.1282051282051282 
522.0 	 1135 	 585 	 34.0 	 43.0 	 0.11688311688311688 
523.0 	 1137 	 585 	 34.0 	 43.0 	 0.11688311688311688 
524.0 	 1139 	 585 	 34.0 	 43.0 	 0.11688311688311688 
525.0 	 1141 	 585 	 34.0 	 43.0 	 0.11688311688311688 
526.0 	 1143 	 585 	 34.0 	 44.0 	 0.1282051282051282 
527.0 	 1145 	 585 	 34.0 	 44.0 	 0.1282051282051282 
528.0 	 1147 	 585 	 34.0 	 44.0 	 0.1282051282051282 
529.0 	 1149 	 585 	 34.0 	 44.0 	 0.1282051282051282 
530.0 	 1152 	 585 	 34.0 	 44.0 	 0.1282051282051282 
531.0 	 1154 	 585 	 34.0 	 43.0 	 0.11688311688311688 
532.0 	 1156 	 585 	 34.0 	 43.0 	 0.11688311688311688 
533.0 	 1158 	 585 	 34.0 	 43.0 	 0.11688311688311688 
534.0 	 1160 	 585 	 34.0 	 44.0 	 0.1282051282051282 
535.0 	 1162 	 585 	 34.0 	 44.0 	 0.1282051282051282 
536.0 	 1164 	 585 	 34.0 	 44.0 	 0.1282051282051282 
537.0 	 1167 	 585 	 34.0 	 43.0 	 0.11688311688311688 
538.0 	 1169 	 585 	 34.0 	 44.0 	 0.1282051282051282 
539.0 	 1171 	 585 	 34.0 	 43.0 	 0.11688311688311688 
540.0 	 1173 	 585 	 34.0 	 43.0 	 0.11688311688311688 
541.0 	 1175 	 585 	 34.0 	 43.0 	 0.11688311688311688 
542.0 	 1177 	 585 	 34.0 	 43.0 	 0.11688311688311688 
543.0 	 1179 	 585 	 34.0 	 43.0 	 0.11688311688311688 
544.0 	 1181 	 585 	 34.0 	 43.0 	 0.11688311688311688 
545.0 	 1183 	 585 	 34.0 	 43.0 	 0.11688311688311688 
546.0 	 1185 	 585 	 34.0 	 43.0 	 0.11688311688311688 
547.0 	 1187 	 585 	 34.0 	 44.0 	 0.1282051282051282 
548.0 	 1189 	 585 	 34.0 	 44.0 	 0.1282051282051282 
549.0 	 1191 	 585 	 34.0 	 44.0 	 0.1282051282051282 
550.0 	 1193 	 585 	 34.0 	 44.0 	 0.1282051282051282 
551.0 	 1195 	 585 	 34.0 	 44.0 	 0.1282051282051282 
552.0 	 1197 	 585 	 34.0 	 43.0 	 0.11688311688311688 
553.0 	 1199 	 585 	 34.0 	 44.0 	 0.1282051282051282 
554.0 	 1201 	 585 	 34.0 	 44.0 	 0.1282051282051282 
555.0 	 1203 	 585 	 34.0 	 43.0 	 0.11688311688311688 
556.0 	 1205 	 585 	 33.0 	 44.0 	 0.14285714285714285 
557.0 	 1208 	 585 	 44.634124755859375 	 33.498226165771484 	 0.142526091417082 
558.0 	 1210 	 585 	 33.0 	 44.0 	 0.14285714285714285 
559.0 	 1212 	 585 	 33.0 	 43.0 	 0.13157894736842105 
560.0 	 1214 	 585 	 33.0 	 43.0 	 0.13157894736842105 
561.0 	 1216 	 585 	 33.0 	 43.0 	 0.13157894736842105 
562.0 	 1218 	 585 	 33.0 	 43.0 	 0.13157894736842105 
563.0 	 1220 	 585 	 33.0 	 43.0 	 0.13157894736842105 
564.0 	 1222 	 585 	 33.0 	 43.0 	 0.13157894736842105 
565.0 	 1224 	 585 	 33.0 	 42.0 	 0.12 
566.0 	 1225 	 585 	 33.0 	 42.0 	 0.12 
567.0 	 1228 	 585 	 33.0 	 42.0 	 0.12 
568.0 	 1230 	 585 	 33.0 	 43.0 	 0.13157894736842105 
569.0 	 1232 	 585 	 32.0 	 42.0 	 0.13513513513513514 
570.0 	 1235 	 585 	 33.0 	 42.0 	 0.12 
571.0 	 1237 	 585 	 32.0 	 42.0 	 0.13513513513513514 
572.0 	 1239 	 585 	 32.0 	 42.0 	 0.13513513513513514 
573.0 	 1241 	 585 	 42.0 	 33.0 	 0.12 
574.0 	 1243 	 585 	 32.0 	 42.0 	 0.13513513513513514 
575.0 	 1245 	 585 	 32.0 	 42.0 	 0.13513513513513514 
576.0 	 1247 	 585 	 33.0 	 42.0 	 0.12 
577.0 	 1249 	 585 	 34.0 	 43.0 	 0.11688311688311688 
578.0 	 1251 	 585 	 34.0 	 42.0 	 0.10526315789473684 
579.0 	 1254 	 585 	 42.7119140625 	 34.22500228881836 	 0.11031000690133862 
580.0 	 1256 	 585 	 34.0 	 42.0 	 0.10526315789473684 
581.0 	 1258 	 585 	 34.0 	 43.0 	 0.11688311688311688 
582.0 	 1260 	 585 	 34.0 	 43.0 	 0.11688311688311688 
583.0 	 1262 	 585 	 34.0 	 43.0 	 0.11688311688311688 
584.0 	 1264 	 585 	 34.0 	 43.0 	 0.11688311688311688 
585.0 	 1266 	 585 	 33.0 	 42.0 	 0.12 
586.0 	 1268 	 585 	 34.0 	 42.0 	 0.10526315789473684 
587.0 	 1270 	 585 	 33.0 	 43.0 	 0.13157894736842105 
588.0 	 1273 	 585 	 33.0 	 43.0 	 0.13157894736842105 
589.0 	 1275 	 585 	 33.0 	 43.0 	 0.13157894736842105 
590.0 	 1277 	 585 	 33.0 	 42.0 	 0.12 
591.0 	 1279 	 585 	 33.0 	 42.0 	 0.12 
592.0 	 1281 	 585 	 33.0 	 42.0 	 0.12 
593.0 	 1284 	 584 	 33.0 	 42.0 	 0.12 
594.0 	 1285 	 584 	 33.0 	 43.0 	 0.13157894736842105 
595.0 	 1287 	 584 	 33.0 	 42.0 	 0.12 
596.0 	 1290 	 584 	 34.0 	 43.0 	 0.11688311688311688 
597.0 	 1292 	 584 	 34.0 	 43.0 	 0.11688311688311688 
598.0 	 1294 	 584 	 34.0 	 43.0 	 0.11688311688311688 
599.0 	 1297 	 585 	 34.0 	 43.0 	 0.11688311688311688 
600.0 	 1299 	 585 	 34.0 	 43.0 	 0.11688311688311688 
601.0 	 1301 	 585 	 34.0 	 42.0 	 0.10526315789473684 
602.0 	 1302 	 585 	 34.0 	 42.0 	 0.10526315789473684 
603.0 	 1305 	 585 	 34.0 	 43.0 	 0.11688311688311688 
604.0 	 1307 	 585 	 34.0 	 43.0 	 0.11688311688311688 
605.0 	 1309 	 585 	 34.0 	 43.0 	 0.11688311688311688 
606.0 	 1311 	 585 	 34.0 	 43.0 	 0.11688311688311688 
607.0 	 1313 	 585 	 34.0 	 42.0 	 0.10526315789473684 
608.0 	 1316 	 585 	 34.0 	 42.0 	 0.10526315789473684 
609.0 	 1318 	 585 	 34.0 	 42.0 	 0.10526315789473684 
610.0 	 1320 	 585 	 34.0 	 43.0 	 0.11688311688311688 
611.0 	 1322 	 585 	 34.0 	 42.0 	 0.10526315789473684 
612.0 	 1324 	 585 	 34.0 	 42.0 	 0.10526315789473684 
613.0 	 1327 	 585 	 34.0 	 43.0 	 0.11688311688311688 
614.0 	 1329 	 585 	 34.0 	 43.0 	 0.11688311688311688 
615.0 	 1331 	 584 	 34.0 	 43.0 	 0.11688311688311688 
616.0 	 1333 	 584 	 34.0 	 43.0 	 0.11688311688311688 
617.0 	 1335 	 585 	 33.0 	 43.0 	 0.13157894736842105 
618.0 	 1337 	 585 	 33.0 	 44.0 	 0.14285714285714285 
619.0 	 1340 	 584 	 33.0 	 44.0 	 0.14285714285714285 
620.0 	 1342 	 585 	 33.0 	 43.0 	 0.13157894736842105 
621.0 	 1344 	 585 	 33.0 	 43.0 	 0.13157894736842105 
622.0 	 1346 	 585 	 33.0 	 43.0 	 0.13157894736842105 
623.0 	 1348 	 585 	 33.0 	 43.0 	 0.13157894736842105 
624.0 	 1350 	 585 	 33.0 	 43.0 	 0.13157894736842105 
625.0 	 1352 	 585 	 33.0 	 44.0 	 0.14285714285714285 
626.0 	 1354 	 585 	 32.0 	 44.0 	 0.15789473684210525 
627.0 	 1357 	 585 	 43.0 	 33.0 	 0.13157894736842105 
628.0 	 1359 	 585 	 43.0 	 33.0 	 0.13157894736842105 
629.0 	 1361 	 585 	 32.0 	 43.0 	 0.14666666666666667 
630.0 	 1363 	 585 	 32.0 	 43.0 	 0.14666666666666667 
631.0 	 1365 	 585 	 32.0 	 44.0 	 0.15789473684210525 
632.0 	 1368 	 585 	 32.0 	 44.0 	 0.15789473684210525 
633.0 	 1370 	 585 	 33.0 	 44.0 	 0.14285714285714285 
634.0 	 1372 	 585 	 33.0 	 43.0 	 0.13157894736842105 
635.0 	 1374 	 584 	 33.0 	 43.0 	 0.13157894736842105 
636.0 	 1376 	 585 	 33.0 	 43.0 	 0.13157894736842105 
637.0 	 1378 	 585 	 33.0 	 43.0 	 0.13157894736842105 
638.0 	 1380 	 585 	 33.0 	 43.0 	 0.13157894736842105 
639.0 	 1382 	 585 	 33.0 	 43.0 	 0.13157894736842105 
640.0 	 1385 	 585 	 33.0 	 42.0 	 0.12 
641.0 	 1387 	 585 	 33.0 	 43.0 	 0.13157894736842105 
642.0 	 1389 	 585 	 33.0 	 43.0 	 0.13157894736842105 
643.0 	 1391 	 584 	 33.0 	 43.0 	 0.13157894736842105 
644.0 	 1393 	 584 	 33.0 	 43.0 	 0.13157894736842105 
645.0 	 1395 	 584 	 33.0 	 43.0 	 0.13157894736842105 
646.0 	 1398 	 584 	 33.0 	 43.0 	 0.13157894736842105 
647.0 	 1400 	 584 	 33.0 	 43.0 	 0.13157894736842105 
648.0 	 1402 	 584 	 33.0 	 43.0 	 0.13157894736842105 
649.0 	 1404 	 584 	 33.0 	 43.0 	 0.13157894736842105 
650.0 	 1406 	 584 	 33.0 	 43.0 	 0.13157894736842105 
651.0 	 1408 	 584 	 33.0 	 43.0 	 0.13157894736842105 
652.0 	 1410 	 584 	 33.0 	 43.0 	 0.13157894736842105 
653.0 	 1412 	 584 	 34.0 	 43.0 	 0.11688311688311688 
654.0 	 1415 	 584 	 33.0 	 44.0 	 0.14285714285714285 
655.0 	 1417 	 584 	 33.0 	 43.0 	 0.13157894736842105 
656.0 	 1419 	 584 	 33.0 	 43.0 	 0.13157894736842105 
657.0 	 1421 	 584 	 33.0 	 43.0 	 0.13157894736842105 
658.0 	 1423 	 584 	 33.0 	 43.0 	 0.13157894736842105 
659.0 	 1425 	 584 	 33.0 	 43.0 	 0.13157894736842105 
660.0 	 1427 	 584 	 33.0 	 43.0 	 0.13157894736842105 
661.0 	 1429 	 584 	 33.0 	 43.0 	 0.13157894736842105 
662.0 	 1431 	 584 	 33.0 	 43.0 	 0.13157894736842105 
663.0 	 1434 	 584 	 33.0 	 44.0 	 0.14285714285714285 
664.0 	 1435 	 584 	 33.0 	 43.0 	 0.13157894736842105 
665.0 	 1438 	 584 	 33.0 	 43.0 	 0.13157894736842105 
666.0 	 1440 	 584 	 33.0 	 43.0 	 0.13157894736842105 
667.0 	 1442 	 584 	 34.0 	 43.0 	 0.11688311688311688 
668.0 	 1445 	 584 	 34.0 	 42.0 	 0.10526315789473684 
669.0 	 1447 	 584 	 34.21474075317383 	 43.681922912597656 	 0.12153514302030108 
670.0 	 1449 	 584 	 34.0 	 43.0 	 0.11688311688311688 
671.0 	 1451 	 584 	 34.0 	 43.0 	 0.11688311688311688 
672.0 	 1453 	 584 	 34.0 	 43.0 	 0.11688311688311688 
673.0 	 1455 	 584 	 34.0 	 43.0 	 0.11688311688311688 
674.0 	 1457 	 584 	 34.0 	 43.0 	 0.11688311688311688 
675.0 	 1460 	 584 	 34.0 	 42.0 	 0.10526315789473684 
676.0 	 1462 	 584 	 34.0 	 43.0 	 0.11688311688311688 
677.0 	 1464 	 584 	 35.0 	 43.0 	 0.10256410256410256 
678.0 	 1466 	 584 	 35.0 	 43.0 	 0.10256410256410256 
679.0 	 1468 	 584 	 35.0 	 43.0 	 0.10256410256410256 
680.0 	 1470 	 584 	 34.0 	 44.0 	 0.1282051282051282 
681.0 	 1472 	 584 	 34.0 	 43.0 	 0.11688311688311688 
682.0 	 1475 	 584 	 34.0 	 43.0 	 0.11688311688311688 
683.0 	 1477 	 584 	 34.0 	 43.0 	 0.11688311688311688 
684.0 	 1479 	 584 	 34.0 	 43.0 	 0.11688311688311688 
685.0 	 1482 	 584 	 34.0 	 42.0 	 0.10526315789473684 
686.0 	 1484 	 584 	 34.0 	 43.0 	 0.11688311688311688 
687.0 	 1486 	 584 	 34.0 	 43.0 	 0.11688311688311688 
688.0 	 1488 	 584 	 35.0 	 43.0 	 0.10256410256410256 
689.0 	 1491 	 584 	 35.0 	 43.0 	 0.10256410256410256 
690.0 	 1493 	 584 	 35.0 	 43.0 	 0.10256410256410256 
691.0 	 1495 	 584 	 35.0 	 43.0 	 0.10256410256410256 
692.0 	 1497 	 584 	 35.0 	 43.0 	 0.10256410256410256 
693.0 	 1499 	 584 	 35.0 	 43.0 	 0.10256410256410256 
694.0 	 1501 	 584 	 35.0 	 42.0 	 0.09090909090909091 
695.0 	 1503 	 584 	 35.0 	 43.0 	 0.10256410256410256 
696.0 	 1506 	 584 	 35.0 	 43.0 	 0.10256410256410256 
697.0 	 1508 	 584 	 35.0 	 41.0 	 0.07894736842105263 
698.0 	 1510 	 584 	 34.0 	 42.0 	 0.10526315789473684 
699.0 	 1512 	 584 	 34.0 	 43.0 	 0.11688311688311688 
700.0 	 1515 	 584 	 34.0 	 43.0 	 0.11688311688311688 
701.0 	 1517 	 584 	 34.0 	 43.0 	 0.11688311688311688 
702.0 	 1519 	 584 	 34.0 	 43.0 	 0.11688311688311688 
703.0 	 1521 	 584 	 34.0 	 42.0 	 0.10526315789473684 
704.0 	 1523 	 584 	 34.0 	 43.0 	 0.11688311688311688 
705.0 	 1526 	 584 	 34.0 	 43.0 	 0.11688311688311688 
706.0 	 1528 	 584 	 34.0 	 43.0 	 0.11688311688311688 
707.0 	 1531 	 584 	 34.0 	 43.0 	 0.11688311688311688 
708.0 	 1533 	 584 	 34.0 	 41.0 	 0.09333333333333334 
709.0 	 1535 	 584 	 34.0 	 41.0 	 0.09333333333333334 
710.0 	 1537 	 584 	 34.0 	 41.0 	 0.09333333333333334 
711.0 	 1539 	 584 	 34.0 	 42.0 	 0.10526315789473684 
712.0 	 1542 	 584 	 34.0 	 42.0 	 0.10526315789473684 
713.0 	 1544 	 584 	 41.0 	 35.0 	 0.07894736842105263 
714.0 	 1546 	 584 	 34.0 	 41.0 	 0.09333333333333334 
715.0 	 1548 	 584 	 33.0 	 42.0 	 0.12 
716.0 	 1551 	 584 	 33.0 	 41.0 	 0.10810810810810811 
717.0 	 1553 	 584 	 33.0 	 42.0 	 0.12 
718.0 	 1556 	 584 	 33.0 	 41.0 	 0.10810810810810811 
719.0 	 1558 	 584 	 33.0 	 41.0 	 0.10810810810810811 
720.0 	 1560 	 584 	 33.0 	 42.0 	 0.12 
721.0 	 1562 	 584 	 33.0 	 42.0 	 0.12 
722.0 	 1565 	 584 	 33.0 	 42.0 	 0.12 
723.0 	 1567 	 584 	 33.0 	 41.0 	 0.10810810810810811 
724.0 	 1569 	 584 	 33.0 	 41.0 	 0.10810810810810811 
725.0 	 1571 	 584 	 33.0 	 41.0 	 0.10810810810810811 
726.0 	 1574 	 584 	 33.0 	 41.0 	 0.10810810810810811 
727.0 	 1576 	 584 	 34.0 	 42.0 	 0.10526315789473684 
728.0 	 1578 	 584 	 33.0 	 42.0 	 0.12 
729.0 	 1580 	 584 	 33.0 	 42.0 	 0.12 
730.0 	 1583 	 584 	 33.0 	 42.0 	 0.12 
731.0 	 1585 	 584 	 33.0 	 41.0 	 0.10810810810810811 
732.0 	 1587 	 584 	 33.0 	 42.0 	 0.12 
733.0 	 1590 	 584 	 33.73176193237305 	 41.99057388305664 	 0.109067052168255 
734.0 	 1592 	 584 	 33.0 	 43.0 	 0.13157894736842105 
735.0 	 1594 	 584 	 33.0 	 43.0 	 0.13157894736842105 
736.0 	 1597 	 584 	 33.0 	 42.0 	 0.12 
737.0 	 1599 	 584 	 33.0 	 41.0 	 0.10810810810810811 
738.0 	 1601 	 584 	 33.0 	 41.0 	 0.10810810810810811 
739.0 	 1604 	 584 	 32.0 	 42.0 	 0.13513513513513514 
740.0 	 1606 	 584 	 32.0 	 42.0 	 0.13513513513513514 
741.0 	 1608 	 584 	 32.0 	 42.0 	 0.13513513513513514 
742.0 	 1610 	 584 	 32.0 	 42.0 	 0.13513513513513514 
743.0 	 1612 	 584 	 32.0 	 42.0 	 0.13513513513513514 
744.0 	 1614 	 584 	 32.0 	 42.0 	 0.13513513513513514 
745.0 	 1616 	 584 	 32.0 	 41.0 	 0.1232876712328767 
746.0 	 1619 	 584 	 32.0 	 41.0 	 0.1232876712328767 
747.0 	 1621 	 584 	 32.0 	 42.0 	 0.13513513513513514 
748.0 	 1623 	 584 	 32.0 	 42.0 	 0.13513513513513514 
749.0 	 1625 	 584 	 32.0 	 42.0 	 0.13513513513513514 
750.0 	 1628 	 584 	 32.0 	 41.0 	 0.1232876712328767 
751.0 	 1630 	 584 	 32.0 	 41.0 	 0.1232876712328767 
752.0 	 1632 	 584 	 32.0 	 41.0 	 0.1232876712328767 
753.0 	 1634 	 584 	 32.0 	 41.0 	 0.1232876712328767 
754.0 	 1636 	 584 	 32.0 	 42.0 	 0.13513513513513514 
755.0 	 1639 	 584 	 32.0 	 41.0 	 0.1232876712328767 
756.0 	 1641 	 584 	 31.0 	 41.0 	 0.1388888888888889 
757.0 	 1643 	 584 	 31.0 	 41.0 	 0.1388888888888889 
758.0 	 1646 	 584 	 31.0 	 42.0 	 0.1506849315068493 
759.0 	 1648 	 584 	 31.0 	 42.0 	 0.1506849315068493 
760.0 	 1650 	 584 	 41.791561126708984 	 32.13970184326172 	 0.13055179765247138 
761.0 	 1652 	 584 	 32.0 	 41.0 	 0.1232876712328767 
762.0 	 1654 	 584 	 31.0 	 41.0 	 0.1388888888888889 
763.0 	 1656 	 584 	 31.0 	 41.0 	 0.1388888888888889 
764.0 	 1658 	 584 	 31.0 	 40.0 	 0.1267605633802817 
765.0 	 1661 	 584 	 31.0 	 40.0 	 0.1267605633802817 
766.0 	 1663 	 584 	 31.0 	 40.0 	 0.1267605633802817 
767.0 	 1665 	 584 	 31.0 	 41.0 	 0.1388888888888889 
768.0 	 1667 	 583 	 31.0 	 40.0 	 0.1267605633802817 
769.0 	 1670 	 583 	 31.0 	 40.0 	 0.1267605633802817 
770.0 	 1672 	 584 	 31.0 	 42.0 	 0.1506849315068493 
771.0 	 1674 	 584 	 31.0 	 41.0 	 0.1388888888888889 
772.0 	 1676 	 583 	 31.0 	 41.0 	 0.1388888888888889 
773.0 	 1678 	 583 	 31.0 	 41.0 	 0.1388888888888889 
774.0 	 1680 	 583 	 31.0 	 40.0 	 0.1267605633802817 
775.0 	 1683 	 583 	 31.0 	 40.0 	 0.1267605633802817 
776.0 	 1685 	 583 	 31.0 	 40.0 	 0.1267605633802817 
777.0 	 1687 	 583 	 31.0 	 40.0 	 0.1267605633802817 
778.0 	 1689 	 583 	 31.0 	 40.0 	 0.1267605633802817 
779.0 	 1691 	 584 	 31.0 	 40.0 	 0.1267605633802817 
780.0 	 1693 	 583 	 31.0 	 40.0 	 0.1267605633802817 
781.0 	 1695 	 583 	 31.0 	 40.0 	 0.1267605633802817 
782.0 	 1697 	 583 	 31.0 	 40.0 	 0.1267605633802817 
783.0 	 1699 	 583 	 31.0 	 39.0 	 0.11428571428571428 
784.0 	 1702 	 583 	 31.0 	 39.0 	 0.11428571428571428 
785.0 	 1704 	 583 	 31.0 	 40.0 	 0.1267605633802817 
786.0 	 1706 	 583 	 31.0 	 40.0 	 0.1267605633802817 
787.0 	 1708 	 583 	 30.0 	 40.0 	 0.14285714285714285 
788.0 	 1710 	 583 	 31.0 	 40.0 	 0.1267605633802817 
789.0 	 1712 	 583 	 31.0 	 40.0 	 0.1267605633802817 
790.0 	 1714 	 583 	 31.0 	 40.0 	 0.1267605633802817 
791.0 	 1716 	 583 	 30.0 	 40.0 	 0.14285714285714285 
792.0 	 1719 	 583 	 30.0 	 40.0 	 0.14285714285714285 
793.0 	 1720 	 583 	 31.0 	 40.0 	 0.1267605633802817 
794.0 	 1723 	 583 	 31.0 	 41.0 	 0.1388888888888889 
795.0 	 1725 	 583 	 31.0 	 41.0 	 0.1388888888888889 
796.0 	 1727 	 583 	 40.47714614868164 	 32.25522994995117 	 0.11304341532278113 
797.0 	 1729 	 583 	 40.56001281738281 	 32.2307243347168 	 0.11442786278234252 
798.0 	 1731 	 583 	 31.0 	 41.0 	 0.1388888888888889 
799.0 	 1733 	 583 	 31.0 	 41.0 	 0.1388888888888889 
800.0 	 1735 	 583 	 31.0 	 41.0 	 0.1388888888888889 
801.0 	 1737 	 583 	 31.0 	 40.0 	 0.1267605633802817 
802.0 	 1739 	 583 	 31.0 	 40.0 	 0.1267605633802817 
803.0 	 1741 	 583 	 31.0 	 40.0 	 0.1267605633802817 
804.0 	 1743 	 583 	 31.0 	 40.0 	 0.1267605633802817 
805.0 	 1746 	 583 	 30.0 	 41.0 	 0.15492957746478872 
806.0 	 1748 	 583 	 30.0 	 41.0 	 0.15492957746478872 
807.0 	 1750 	 583 	 30.0 	 41.0 	 0.15492957746478872 
808.0 	 1752 	 583 	 30.0 	 41.0 	 0.15492957746478872 
809.0 	 1754 	 583 	 30.0 	 40.0 	 0.14285714285714285 
810.0 	 1756 	 583 	 30.0 	 40.0 	 0.14285714285714285 
811.0 	 1758 	 583 	 30.0 	 41.0 	 0.15492957746478872 
812.0 	 1760 	 583 	 30.0 	 41.0 	 0.15492957746478872 
813.0 	 1762 	 583 	 31.0 	 41.0 	 0.1388888888888889 
814.0 	 1764 	 583 	 31.0 	 41.0 	 0.1388888888888889 
815.0 	 1766 	 583 	 31.0 	 41.0 	 0.1388888888888889 
816.0 	 1768 	 583 	 31.0 	 41.0 	 0.1388888888888889 
817.0 	 1770 	 583 	 40.0 	 31.0 	 0.1267605633802817 
818.0 	 1772 	 583 	 30.0 	 41.0 	 0.15492957746478872 
819.0 	 1774 	 583 	 31.0 	 40.0 	 0.1267605633802817 
820.0 	 1776 	 583 	 30.0 	 40.0 	 0.14285714285714285 
821.0 	 1778 	 583 	 40.4421501159668 	 30.249414443969727 	 0.14418602467561828 
822.0 	 1780 	 583 	 30.0 	 40.0 	 0.14285714285714285 
823.0 	 1783 	 583 	 29.0 	 40.0 	 0.15942028985507245 
824.0 	 1785 	 583 	 29.0 	 41.0 	 0.17142857142857143 
825.0 	 1787 	 583 	 30.0 	 40.0 	 0.14285714285714285 
826.0 	 1790 	 583 	 30.0 	 40.0 	 0.14285714285714285 
827.0 	 1792 	 583 	 30.0 	 41.0 	 0.15492957746478872 
828.0 	 1794 	 583 	 30.0 	 41.0 	 0.15492957746478872 
829.0 	 1796 	 583 	 30.0 	 40.0 	 0.14285714285714285 
830.0 	 1798 	 583 	 29.0 	 40.0 	 0.15942028985507245 
831.0 	 1800 	 583 	 30.0 	 41.0 	 0.15492957746478872 
832.0 	 1802 	 583 	 30.0 	 40.0 	 0.14285714285714285 
833.0 	 1804 	 583 	 30.0 	 40.0 	 0.14285714285714285 
834.0 	 1806 	 583 	 30.0 	 40.0 	 0.14285714285714285 
835.0 	 1808 	 583 	 30.0 	 40.0 	 0.14285714285714285 
836.0 	 1810 	 583 	 39.0 	 31.0 	 0.11428571428571428 
837.0 	 1812 	 583 	 40.0 	 31.0 	 0.1267605633802817 
838.0 	 1814 	 583 	 30.0 	 39.0 	 0.13043478260869565 
839.0 	 1816 	 583 	 30.0 	 40.0 	 0.14285714285714285 
840.0 	 1818 	 583 	 30.0 	 40.0 	 0.14285714285714285 
841.0 	 1820 	 583 	 31.0 	 40.0 	 0.1267605633802817 
842.0 	 1822 	 583 	 31.0 	 40.0 	 0.1267605633802817 
843.0 	 1824 	 583 	 30.0 	 40.0 	 0.14285714285714285 
844.0 	 1826 	 583 	 30.0 	 40.0 	 0.14285714285714285 
845.0 	 1828 	 583 	 30.0 	 41.0 	 0.15492957746478872 
846.0 	 1830 	 583 	 30.0 	 41.0 	 0.15492957746478872 
847.0 	 1832 	 583 	 31.0 	 40.0 	 0.1267605633802817 
848.0 	 1834 	 583 	 31.0 	 40.0 	 0.1267605633802817 
849.0 	 1836 	 583 	 31.0 	 40.0 	 0.1267605633802817 
850.0 	 1838 	 583 	 31.0 	 40.0 	 0.1267605633802817 
851.0 	 1840 	 583 	 31.0 	 39.0 	 0.11428571428571428 
852.0 	 1842 	 583 	 31.0 	 40.0 	 0.1267605633802817 
853.0 	 1844 	 583 	 32.0 	 40.0 	 0.1111111111111111 
854.0 	 1846 	 583 	 32.0 	 41.0 	 0.1232876712328767 
855.0 	 1848 	 583 	 32.0 	 40.0 	 0.1111111111111111 
856.0 	 1850 	 583 	 32.497100830078125 	 40.31128692626953 	 0.10732535545686687 
857.0 	 1852 	 582 	 40.0 	 32.0 	 0.1111111111111111 
858.0 	 1854 	 582 	 33.0 	 40.0 	 0.0958904109589041 
859.0 	 1856 	 582 	 32.0 	 40.0 	 0.1111111111111111 
860.0 	 1857 	 582 	 32.0 	 40.0 	 0.1111111111111111 
861.0 	 1859 	 582 	 32.0 	 40.0 	 0.1111111111111111 
862.0 	 1861 	 582 	 32.0 	 41.0 	 0.1232876712328767 
863.0 	 1863 	 582 	 32.0 	 41.0 	 0.1232876712328767 
864.0 	 1865 	 582 	 32.0 	 41.0 	 0.1232876712328767 
865.0 	 1867 	 582 	 32.0 	 41.0 	 0.1232876712328767 
866.0 	 1869 	 582 	 32.0 	 41.0 	 0.1232876712328767 
867.0 	 1871 	 582 	 32.0 	 41.0 	 0.1232876712328767 
868.0 	 1873 	 582 	 32.0 	 41.0 	 0.1232876712328767 
869.0 	 1875 	 582 	 32.0 	 41.0 	 0.1232876712328767 
870.0 	 1877 	 582 	 33.0 	 41.0 	 0.10810810810810811 
871.0 	 1879 	 582 	 40.160919189453125 	 33.203914642333984 	 0.09482751045371889 
872.0 	 1881 	 582 	 32.0 	 41.0 	 0.1232876712328767 
873.0 	 1883 	 582 	 32.0 	 41.0 	 0.1232876712328767 
874.0 	 1885 	 582 	 32.0 	 41.0 	 0.1232876712328767 
875.0 	 1886 	 582 	 32.0 	 40.0 	 0.1111111111111111 
876.0 	 1888 	 582 	 31.0 	 40.0 	 0.1267605633802817 
877.0 	 1890 	 582 	 31.0 	 40.0 	 0.1267605633802817 
878.0 	 1892 	 582 	 31.0 	 40.0 	 0.1267605633802817 
879.0 	 1894 	 582 	 31.0 	 41.0 	 0.1388888888888889 
880.0 	 1896 	 582 	 31.0 	 42.0 	 0.1506849315068493 
881.0 	 1898 	 582 	 31.0 	 40.0 	 0.1267605633802817 
882.0 	 1899 	 582 	 31.0 	 38.0 	 0.10144927536231885 
883.0 	 1901 	 582 	 31.0 	 36.0 	 0.07462686567164178 
884.0 	 1902 	 582 	 31.0 	 34.0 	 0.046153846153846156 
885.0 	 1903 	 582 	 31.0 	 32.0 	 0.015873015873015872 
886.0 	 1905 	 582 	 31.0 	 30.0 	 0.01639344262295082 
887.0 	 1906 	 582 	 30.0 	 28.0 	 0.034482758620689655 
888.0 	 1907 	 582 	 30.0 	 26.0 	 0.07142857142857142 
889.0 	 1908 	 582 	 30.0 	 24.0 	 0.1111111111111111 
890.0 	 1909 	 582 	 30.0 	 22.0 	 0.15384615384615385 
891.0 	 1910 	 582 	 30.0 	 20.0 	 0.2 
