frame 	 x 	 y 	 width 	 height 	 deformation 
1.0 	 112 	 572 	 48.0 	 58.0 	 0.09433962264150944 
2.0 	 112 	 572 	 49.0 	 58.0 	 0.08411214953271028 
3.0 	 112 	 572 	 49.0 	 56.0 	 0.06666666666666667 
4.0 	 112 	 572 	 49.0 	 58.0 	 0.08411214953271028 
5.0 	 111 	 572 	 49.0 	 58.0 	 0.08411214953271028 
6.0 	 112 	 572 	 49.0 	 57.0 	 0.07547169811320754 
7.0 	 112 	 572 	 50.0 	 58.0 	 0.07407407407407407 
8.0 	 112 	 571 	 50.0 	 57.0 	 0.06542056074766354 
9.0 	 112 	 572 	 50.0 	 58.0 	 0.07407407407407407 
10.0 	 112 	 572 	 51.0 	 58.0 	 0.06422018348623854 
11.0 	 112 	 572 	 50.0 	 57.0 	 0.06542056074766354 
12.0 	 112 	 571 	 50.0 	 56.0 	 0.05660377358490566 
13.0 	 112 	 572 	 50.0 	 57.0 	 0.06542056074766354 
14.0 	 112 	 572 	 50.0 	 57.0 	 0.06542056074766354 
15.0 	 112 	 572 	 56.0 	 51.0 	 0.04672897196261682 
16.0 	 112 	 572 	 50.0 	 58.0 	 0.07407407407407407 
17.0 	 112 	 572 	 50.0 	 58.0 	 0.07407407407407407 
18.0 	 112 	 572 	 49.0 	 56.0 	 0.06666666666666667 
19.0 	 112 	 572 	 58.0 	 50.0 	 0.07407407407407407 
20.0 	 112 	 572 	 58.0 	 50.0 	 0.07407407407407407 
21.0 	 112 	 572 	 49.0 	 56.0 	 0.06666666666666667 
22.0 	 112 	 572 	 49.0 	 57.0 	 0.07547169811320754 
23.0 	 112 	 572 	 49.0 	 59.0 	 0.09259259259259259 
24.0 	 112 	 572 	 49.0 	 57.0 	 0.07547169811320754 
25.0 	 112 	 572 	 50.0 	 56.0 	 0.05660377358490566 
26.0 	 112 	 572 	 57.0 	 50.0 	 0.06542056074766354 
27.0 	 112 	 572 	 49.0 	 57.0 	 0.07547169811320754 
28.0 	 112 	 572 	 49.0 	 56.0 	 0.06666666666666667 
29.0 	 112 	 572 	 50.94590759277344 	 57.712158203125 	 0.06227103860896235 
30.0 	 112 	 572 	 57.0 	 50.0 	 0.06542056074766354 
31.0 	 112 	 572 	 50.0 	 57.0 	 0.06542056074766354 
32.0 	 112 	 572 	 51.0 	 57.0 	 0.05555555555555555 
33.0 	 112 	 572 	 51.0 	 57.0 	 0.05555555555555555 
34.0 	 112 	 571 	 51.36912155151367 	 56.356414794921875 	 0.04629629531265011 
35.0 	 112 	 572 	 52.058048248291016 	 57.761802673339844 	 0.051937371770055626 
36.0 	 112 	 572 	 52.058048248291016 	 57.761802673339844 	 0.051937371770055626 
37.0 	 112 	 572 	 50.74689865112305 	 57.01563262939453 	 0.0581717402494313 
38.0 	 112 	 572 	 50.0 	 57.0 	 0.06542056074766354 
39.0 	 112 	 572 	 50.0 	 58.0 	 0.07407407407407407 
40.0 	 113 	 571 	 50.0 	 57.0 	 0.06542056074766354 
41.0 	 112 	 572 	 50.0 	 57.0 	 0.06542056074766354 
42.0 	 112 	 572 	 50.0 	 57.0 	 0.06542056074766354 
43.0 	 112 	 572 	 56.0 	 50.0 	 0.05660377358490566 
44.0 	 112 	 572 	 51.0 	 57.0 	 0.05555555555555555 
45.0 	 113 	 572 	 51.0 	 58.0 	 0.06422018348623854 
46.0 	 112 	 572 	 56.0 	 51.0 	 0.04672897196261682 
47.0 	 112 	 572 	 50.0 	 57.0 	 0.06542056074766354 
48.0 	 112 	 572 	 51.0 	 58.0 	 0.06422018348623854 
49.0 	 113 	 571 	 51.0 	 56.0 	 0.04672897196261682 
50.0 	 113 	 571 	 51.0 	 56.0 	 0.04672897196261682 
51.0 	 112 	 571 	 51.0 	 57.0 	 0.05555555555555555 
52.0 	 113 	 572 	 51.0 	 56.0 	 0.04672897196261682 
53.0 	 113 	 572 	 50.0 	 56.0 	 0.05660377358490566 
54.0 	 113 	 571 	 51.0 	 58.0 	 0.06422018348623854 
55.0 	 113 	 572 	 51.0 	 58.0 	 0.06422018348623854 
56.0 	 113 	 571 	 51.0 	 56.0 	 0.04672897196261682 
57.0 	 113 	 571 	 51.15269470214844 	 57.58073043823242 	 0.05911738481322588 
58.0 	 113 	 571 	 51.14491271972656 	 57.712158203125 	 0.06032906661665305 
59.0 	 113 	 572 	 51.0 	 56.0 	 0.04672897196261682 
60.0 	 113 	 572 	 50.518943786621094 	 58.12394714355469 	 0.0700000091291872 
61.0 	 113 	 572 	 50.0 	 57.0 	 0.06542056074766354 
62.0 	 113 	 572 	 51.0 	 55.0 	 0.03773584905660377 
63.0 	 113 	 572 	 50.0 	 57.0 	 0.06542056074766354 
64.0 	 113 	 572 	 50.0 	 57.0 	 0.06542056074766354 
65.0 	 114 	 572 	 51.0 	 56.0 	 0.04672897196261682 
66.0 	 114 	 572 	 50.94590759277344 	 56.91613006591797 	 0.0553505441092829 
67.0 	 115 	 572 	 50.0 	 57.0 	 0.06542056074766354 
68.0 	 115 	 572 	 56.0 	 51.0 	 0.04672897196261682 
69.0 	 115 	 572 	 57.0 	 51.0 	 0.05555555555555555 
70.0 	 116 	 572 	 50.0 	 57.0 	 0.06542056074766354 
71.0 	 116 	 572 	 50.0 	 56.0 	 0.05660377358490566 
72.0 	 117 	 572 	 50.0 	 56.0 	 0.05660377358490566 
73.0 	 118 	 572 	 50.0 	 57.0 	 0.06542056074766354 
74.0 	 118 	 572 	 50.0 	 56.0 	 0.05660377358490566 
75.0 	 119 	 571 	 51.0 	 56.0 	 0.04672897196261682 
76.0 	 120 	 572 	 50.0 	 56.0 	 0.05660377358490566 
77.0 	 121 	 572 	 56.0 	 51.0 	 0.04672897196261682 
78.0 	 122 	 572 	 50.0 	 55.0 	 0.047619047619047616 
79.0 	 123 	 572 	 50.0 	 57.0 	 0.06542056074766354 
80.0 	 124 	 572 	 50.0 	 57.0 	 0.06542056074766354 
81.0 	 125 	 572 	 49.473331451416016 	 56.87224578857422 	 0.06957425526461775 
82.0 	 127 	 572 	 50.72789764404297 	 57.78135681152344 	 0.06500329582827241 
83.0 	 127 	 572 	 50.356781005859375 	 58.08699035644531 	 0.07128311062476546 
84.0 	 129 	 572 	 49.0 	 57.0 	 0.07547169811320754 
85.0 	 130 	 572 	 48.0 	 56.0 	 0.07692307692307693 
86.0 	 131 	 572 	 49.0 	 57.0 	 0.07547169811320754 
87.0 	 133 	 572 	 49.0 	 55.0 	 0.057692307692307696 
88.0 	 134 	 572 	 49.0 	 56.0 	 0.06666666666666667 
89.0 	 135 	 572 	 57.0 	 49.0 	 0.07547169811320754 
90.0 	 137 	 572 	 47.0 	 56.0 	 0.08737864077669903 
91.0 	 138 	 572 	 47.0 	 57.0 	 0.09615384615384616 
92.0 	 139 	 572 	 48.0 	 57.0 	 0.08571428571428572 
93.0 	 141 	 572 	 47.0 	 56.0 	 0.08737864077669903 
94.0 	 142 	 572 	 47.0 	 58.0 	 0.10476190476190476 
95.0 	 144 	 572 	 47.0 	 58.0 	 0.10476190476190476 
96.0 	 145 	 572 	 58.81333541870117 	 47.092716217041016 	 0.11066996664149614 
97.0 	 147 	 572 	 47.0 	 59.0 	 0.11320754716981132 
98.0 	 148 	 572 	 47.0 	 60.0 	 0.12149532710280374 
99.0 	 150 	 572 	 46.0 	 60.0 	 0.1320754716981132 
100.0 	 151 	 572 	 46.0 	 60.0 	 0.1320754716981132 
101.0 	 152 	 572 	 47.0 	 61.0 	 0.12962962962962962 
102.0 	 154 	 572 	 47.0 	 59.0 	 0.11320754716981132 
103.0 	 156 	 572 	 46.0 	 60.0 	 0.1320754716981132 
104.0 	 157 	 572 	 46.0 	 62.0 	 0.14814814814814814 
105.0 	 159 	 572 	 46.0 	 62.0 	 0.14814814814814814 
106.0 	 161 	 572 	 46.0 	 61.0 	 0.14018691588785046 
107.0 	 162 	 572 	 46.0 	 62.0 	 0.14814814814814814 
108.0 	 164 	 572 	 46.0 	 62.0 	 0.14814814814814814 
109.0 	 166 	 572 	 45.0 	 61.0 	 0.1509433962264151 
110.0 	 167 	 572 	 45.0 	 63.0 	 0.16666666666666666 
111.0 	 169 	 572 	 45.0 	 63.0 	 0.16666666666666666 
112.0 	 171 	 572 	 45.0 	 62.0 	 0.1588785046728972 
113.0 	 172 	 572 	 45.0 	 64.0 	 0.1743119266055046 
114.0 	 174 	 572 	 44.0 	 65.0 	 0.1926605504587156 
115.0 	 176 	 572 	 44.0 	 64.0 	 0.18518518518518517 
116.0 	 178 	 572 	 44.0 	 65.0 	 0.1926605504587156 
117.0 	 179 	 572 	 44.0 	 65.0 	 0.1926605504587156 
118.0 	 181 	 572 	 44.0 	 65.0 	 0.1926605504587156 
119.0 	 183 	 572 	 44.0 	 65.0 	 0.1926605504587156 
120.0 	 184 	 572 	 44.0 	 66.0 	 0.2 
121.0 	 186 	 572 	 43.0 	 65.0 	 0.2037037037037037 
122.0 	 188 	 572 	 44.0 	 66.0 	 0.2 
123.0 	 190 	 572 	 43.0 	 65.0 	 0.2037037037037037 
124.0 	 192 	 572 	 43.0 	 66.0 	 0.21100917431192662 
125.0 	 194 	 572 	 43.0 	 66.0 	 0.21100917431192662 
126.0 	 195 	 572 	 43.0 	 67.0 	 0.21818181818181817 
127.0 	 197 	 572 	 43.0 	 66.0 	 0.21100917431192662 
128.0 	 199 	 572 	 43.0 	 67.0 	 0.21818181818181817 
129.0 	 200 	 572 	 42.0 	 68.0 	 0.23636363636363636 
130.0 	 202 	 572 	 42.0 	 67.0 	 0.22935779816513763 
131.0 	 204 	 572 	 42.0 	 68.0 	 0.23636363636363636 
132.0 	 206 	 572 	 42.0 	 68.0 	 0.23636363636363636 
133.0 	 208 	 572 	 42.0 	 69.0 	 0.24324324324324326 
134.0 	 210 	 572 	 42.0 	 69.0 	 0.24324324324324326 
135.0 	 212 	 572 	 42.0 	 70.0 	 0.25 
136.0 	 214 	 572 	 42.0 	 70.0 	 0.25 
137.0 	 216 	 572 	 42.0 	 69.0 	 0.24324324324324326 
138.0 	 218 	 572 	 42.0 	 69.0 	 0.24324324324324326 
139.0 	 219 	 572 	 42.0 	 69.0 	 0.24324324324324326 
140.0 	 221 	 572 	 43.0 	 69.0 	 0.23214285714285715 
141.0 	 223 	 572 	 43.0 	 70.0 	 0.23893805309734514 
142.0 	 225 	 572 	 43.0 	 70.0 	 0.23893805309734514 
143.0 	 227 	 572 	 42.0 	 70.0 	 0.25 
144.0 	 229 	 572 	 42.0 	 70.0 	 0.25 
145.0 	 231 	 572 	 41.0 	 70.0 	 0.26126126126126126 
146.0 	 233 	 572 	 41.0 	 70.0 	 0.26126126126126126 
147.0 	 235 	 572 	 41.0 	 71.0 	 0.26785714285714285 
148.0 	 237 	 571 	 41.0 	 71.0 	 0.26785714285714285 
149.0 	 239 	 571 	 41.0 	 70.0 	 0.26126126126126126 
150.0 	 241 	 572 	 42.0 	 72.0 	 0.2631578947368421 
151.0 	 243 	 572 	 42.0 	 72.0 	 0.2631578947368421 
152.0 	 245 	 572 	 41.0 	 71.0 	 0.26785714285714285 
153.0 	 247 	 572 	 43.0 	 72.0 	 0.25217391304347825 
154.0 	 249 	 572 	 72.77666473388672 	 42.822853088378906 	 0.25911709849483827 
155.0 	 251 	 572 	 42.0 	 72.0 	 0.2631578947368421 
156.0 	 253 	 572 	 42.0 	 73.0 	 0.26956521739130435 
157.0 	 255 	 571 	 41.0 	 72.0 	 0.2743362831858407 
158.0 	 257 	 572 	 41.0 	 72.0 	 0.2743362831858407 
159.0 	 259 	 572 	 42.0 	 72.0 	 0.2631578947368421 
160.0 	 261 	 572 	 42.0 	 74.0 	 0.27586206896551724 
161.0 	 263 	 572 	 42.0 	 72.0 	 0.2631578947368421 
162.0 	 265 	 572 	 42.0 	 72.0 	 0.2631578947368421 
163.0 	 267 	 572 	 42.0 	 73.0 	 0.26956521739130435 
164.0 	 269 	 572 	 42.0 	 71.0 	 0.25663716814159293 
165.0 	 271 	 572 	 42.0 	 72.0 	 0.2631578947368421 
166.0 	 273 	 572 	 42.0 	 74.0 	 0.27586206896551724 
167.0 	 275 	 572 	 42.0 	 74.0 	 0.27586206896551724 
168.0 	 278 	 572 	 42.0 	 73.0 	 0.26956521739130435 
169.0 	 280 	 572 	 41.0 	 74.0 	 0.28695652173913044 
170.0 	 282 	 572 	 40.0 	 74.0 	 0.2982456140350877 
171.0 	 284 	 572 	 40.0 	 74.0 	 0.2982456140350877 
172.0 	 286 	 572 	 40.0 	 75.0 	 0.30434782608695654 
173.0 	 288 	 572 	 40.0 	 75.0 	 0.30434782608695654 
174.0 	 291 	 572 	 40.0 	 74.0 	 0.2982456140350877 
175.0 	 292 	 572 	 40.0 	 75.0 	 0.30434782608695654 
176.0 	 294 	 572 	 40.0 	 75.0 	 0.30434782608695654 
177.0 	 296 	 572 	 40.0 	 75.0 	 0.30434782608695654 
178.0 	 299 	 572 	 40.0 	 75.0 	 0.30434782608695654 
179.0 	 301 	 572 	 40.0 	 75.0 	 0.30434782608695654 
180.0 	 303 	 572 	 40.0 	 75.0 	 0.30434782608695654 
181.0 	 305 	 572 	 40.0 	 76.0 	 0.3103448275862069 
182.0 	 307 	 572 	 40.0 	 77.0 	 0.3162393162393162 
183.0 	 310 	 572 	 40.0 	 75.0 	 0.30434782608695654 
184.0 	 312 	 572 	 40.0 	 76.0 	 0.3103448275862069 
185.0 	 314 	 572 	 40.0 	 77.0 	 0.3162393162393162 
186.0 	 316 	 572 	 40.0 	 76.0 	 0.3103448275862069 
187.0 	 318 	 572 	 40.0 	 76.0 	 0.3103448275862069 
188.0 	 320 	 572 	 40.0 	 77.0 	 0.3162393162393162 
189.0 	 322 	 572 	 41.0 	 76.0 	 0.29914529914529914 
190.0 	 324 	 572 	 40.0 	 76.0 	 0.3103448275862069 
191.0 	 326 	 572 	 41.0 	 76.0 	 0.29914529914529914 
192.0 	 329 	 572 	 41.0 	 77.0 	 0.3050847457627119 
193.0 	 331 	 572 	 41.0 	 77.0 	 0.3050847457627119 
194.0 	 333 	 572 	 41.0 	 78.0 	 0.31092436974789917 
195.0 	 335 	 572 	 41.0 	 77.0 	 0.3050847457627119 
196.0 	 338 	 572 	 41.0 	 75.0 	 0.29310344827586204 
197.0 	 339 	 572 	 41.0 	 77.0 	 0.3050847457627119 
198.0 	 342 	 572 	 41.0 	 77.0 	 0.3050847457627119 
199.0 	 344 	 572 	 41.0 	 76.0 	 0.29914529914529914 
200.0 	 346 	 572 	 41.0 	 78.0 	 0.31092436974789917 
201.0 	 348 	 572 	 41.0 	 78.0 	 0.31092436974789917 
202.0 	 351 	 572 	 41.0 	 77.0 	 0.3050847457627119 
203.0 	 353 	 572 	 41.0 	 77.0 	 0.3050847457627119 
204.0 	 355 	 572 	 41.0 	 77.0 	 0.3050847457627119 
205.0 	 357 	 572 	 41.0 	 78.0 	 0.31092436974789917 
206.0 	 359 	 572 	 41.0 	 78.0 	 0.31092436974789917 
207.0 	 362 	 571 	 40.0 	 79.0 	 0.3277310924369748 
208.0 	 364 	 572 	 40.0 	 78.0 	 0.3220338983050847 
209.0 	 366 	 572 	 40.0 	 78.0 	 0.3220338983050847 
210.0 	 368 	 572 	 39.0 	 78.0 	 0.3333333333333333 
211.0 	 371 	 571 	 40.0 	 78.0 	 0.3220338983050847 
212.0 	 373 	 572 	 40.0 	 78.0 	 0.3220338983050847 
213.0 	 375 	 571 	 40.0 	 79.0 	 0.3277310924369748 
214.0 	 377 	 571 	 40.0 	 79.0 	 0.3277310924369748 
215.0 	 379 	 572 	 40.0 	 78.0 	 0.3220338983050847 
216.0 	 381 	 571 	 40.0 	 78.0 	 0.3220338983050847 
217.0 	 384 	 571 	 39.0 	 78.0 	 0.3333333333333333 
218.0 	 386 	 571 	 39.0 	 77.0 	 0.3275862068965517 
219.0 	 388 	 571 	 39.0 	 78.0 	 0.3333333333333333 
220.0 	 390 	 571 	 39.0 	 79.0 	 0.3389830508474576 
221.0 	 393 	 571 	 39.0 	 78.0 	 0.3333333333333333 
222.0 	 395 	 571 	 39.0 	 79.0 	 0.3389830508474576 
223.0 	 397 	 571 	 40.0 	 79.0 	 0.3277310924369748 
224.0 	 400 	 571 	 40.0 	 78.0 	 0.3220338983050847 
225.0 	 402 	 571 	 40.0 	 79.0 	 0.3277310924369748 
226.0 	 404 	 571 	 40.0 	 80.0 	 0.3333333333333333 
227.0 	 407 	 571 	 40.0 	 79.0 	 0.3277310924369748 
228.0 	 409 	 572 	 40.0 	 79.0 	 0.3277310924369748 
229.0 	 411 	 571 	 40.0 	 79.0 	 0.3277310924369748 
230.0 	 413 	 571 	 40.0 	 78.0 	 0.3220338983050847 
231.0 	 415 	 572 	 40.0 	 80.0 	 0.3333333333333333 
232.0 	 417 	 571 	 80.0 	 40.0 	 0.3333333333333333 
233.0 	 420 	 571 	 78.0 	 40.0 	 0.3220338983050847 
234.0 	 422 	 571 	 39.0 	 78.0 	 0.3333333333333333 
235.0 	 424 	 571 	 78.22520446777344 	 39.52672576904297 	 0.32864411327187715 
236.0 	 426 	 571 	 39.0 	 78.0 	 0.3333333333333333 
237.0 	 428 	 571 	 38.0 	 78.0 	 0.3448275862068966 
238.0 	 431 	 571 	 38.0 	 79.0 	 0.3504273504273504 
239.0 	 433 	 571 	 38.0 	 79.0 	 0.3504273504273504 
240.0 	 435 	 571 	 38.0 	 78.0 	 0.3448275862068966 
241.0 	 437 	 571 	 38.0 	 79.0 	 0.3504273504273504 
242.0 	 440 	 571 	 38.0 	 78.0 	 0.3448275862068966 
243.0 	 442 	 571 	 38.0 	 78.0 	 0.3448275862068966 
244.0 	 445 	 571 	 38.0 	 79.0 	 0.3504273504273504 
245.0 	 447 	 571 	 38.0 	 79.0 	 0.3504273504273504 
246.0 	 449 	 571 	 38.0 	 78.0 	 0.3448275862068966 
247.0 	 452 	 571 	 38.0 	 78.0 	 0.3448275862068966 
248.0 	 454 	 571 	 38.0 	 79.0 	 0.3504273504273504 
249.0 	 456 	 571 	 79.10118865966797 	 37.503150939941406 	 0.35674519372575664 
250.0 	 459 	 571 	 79.30503845214844 	 37.66910934448242 	 0.35594129037856714 
251.0 	 461 	 571 	 79.56834411621094 	 37.464656829833984 	 0.35975910167242303 
252.0 	 464 	 571 	 79.05693817138672 	 36.58833312988281 	 0.3672316607815999 
253.0 	 466 	 571 	 80.19886779785156 	 35.584449768066406 	 0.38532682399936585 
254.0 	 468 	 571 	 80.836669921875 	 36.66101837158203 	 0.37597038879575073 
255.0 	 471 	 571 	 36.0 	 80.0 	 0.3793103448275862 
256.0 	 473 	 571 	 36.0 	 81.0 	 0.38461538461538464 
257.0 	 475 	 571 	 36.0 	 81.0 	 0.38461538461538464 
258.0 	 478 	 571 	 36.0 	 80.0 	 0.3793103448275862 
259.0 	 480 	 571 	 36.0 	 80.0 	 0.3793103448275862 
260.0 	 483 	 571 	 36.0 	 80.0 	 0.3793103448275862 
261.0 	 486 	 571 	 36.0 	 81.0 	 0.38461538461538464 
262.0 	 488 	 571 	 36.0 	 81.0 	 0.38461538461538464 
263.0 	 490 	 571 	 36.0 	 81.0 	 0.38461538461538464 
264.0 	 493 	 571 	 36.0 	 81.0 	 0.38461538461538464 
265.0 	 495 	 571 	 37.0 	 80.0 	 0.36752136752136755 
266.0 	 498 	 571 	 37.0 	 81.0 	 0.3728813559322034 
267.0 	 501 	 571 	 37.0 	 81.0 	 0.3728813559322034 
268.0 	 503 	 571 	 37.0 	 80.0 	 0.36752136752136755 
269.0 	 506 	 571 	 37.0 	 82.0 	 0.37815126050420167 
270.0 	 508 	 571 	 37.0 	 82.0 	 0.37815126050420167 
271.0 	 511 	 571 	 37.0 	 82.0 	 0.37815126050420167 
272.0 	 513 	 571 	 37.0 	 82.0 	 0.37815126050420167 
273.0 	 515 	 571 	 37.0 	 81.0 	 0.3728813559322034 
274.0 	 518 	 571 	 38.0 	 80.0 	 0.3559322033898305 
275.0 	 520 	 571 	 38.0 	 81.0 	 0.36134453781512604 
276.0 	 522 	 571 	 38.04957580566406 	 81.77460479736328 	 0.3649098935761428 
277.0 	 524 	 571 	 38.0 	 79.0 	 0.3504273504273504 
278.0 	 527 	 571 	 38.0 	 80.0 	 0.3559322033898305 
279.0 	 529 	 571 	 38.0 	 79.0 	 0.3504273504273504 
280.0 	 532 	 571 	 38.0 	 78.0 	 0.3448275862068966 
281.0 	 534 	 571 	 38.0 	 79.0 	 0.3504273504273504 
282.0 	 537 	 571 	 38.0 	 79.0 	 0.3504273504273504 
283.0 	 540 	 571 	 38.0 	 79.0 	 0.3504273504273504 
284.0 	 542 	 571 	 38.0 	 81.0 	 0.36134453781512604 
285.0 	 545 	 571 	 38.0 	 81.0 	 0.36134453781512604 
286.0 	 547 	 571 	 38.0 	 81.0 	 0.36134453781512604 
287.0 	 549 	 571 	 39.0 	 82.0 	 0.35537190082644626 
288.0 	 552 	 571 	 38.0 	 81.0 	 0.36134453781512604 
289.0 	 554 	 571 	 38.0 	 82.0 	 0.36666666666666664 
290.0 	 556 	 571 	 38.0 	 83.0 	 0.371900826446281 
291.0 	 558 	 571 	 38.0 	 82.0 	 0.36666666666666664 
292.0 	 561 	 571 	 38.0 	 82.0 	 0.36666666666666664 
293.0 	 563 	 571 	 38.0 	 83.0 	 0.371900826446281 
294.0 	 566 	 571 	 39.0 	 83.0 	 0.36065573770491804 
295.0 	 568 	 571 	 39.0 	 83.0 	 0.36065573770491804 
296.0 	 570 	 571 	 39.0 	 84.0 	 0.36585365853658536 
297.0 	 573 	 571 	 39.0 	 84.0 	 0.36585365853658536 
298.0 	 575 	 571 	 39.0 	 84.0 	 0.36585365853658536 
299.0 	 578 	 571 	 39.0 	 83.0 	 0.36065573770491804 
300.0 	 579 	 571 	 38.0 	 83.0 	 0.371900826446281 
301.0 	 581 	 571 	 38.0 	 82.0 	 0.36666666666666664 
302.0 	 584 	 571 	 82.0 	 40.0 	 0.3442622950819672 
303.0 	 586 	 571 	 83.0 	 40.0 	 0.34959349593495936 
304.0 	 589 	 571 	 40.0 	 83.0 	 0.34959349593495936 
305.0 	 592 	 571 	 40.0 	 82.0 	 0.3442622950819672 
306.0 	 594 	 571 	 40.0 	 83.0 	 0.34959349593495936 
307.0 	 596 	 571 	 40.0 	 84.0 	 0.3548387096774194 
308.0 	 599 	 571 	 40.0 	 83.0 	 0.34959349593495936 
309.0 	 601 	 571 	 40.0 	 84.0 	 0.3548387096774194 
310.0 	 604 	 571 	 40.0 	 84.0 	 0.3548387096774194 
311.0 	 606 	 571 	 40.0 	 83.0 	 0.34959349593495936 
312.0 	 608 	 571 	 40.0 	 84.0 	 0.3548387096774194 
313.0 	 611 	 571 	 39.0 	 84.0 	 0.36585365853658536 
314.0 	 613 	 571 	 39.0 	 83.0 	 0.36065573770491804 
315.0 	 615 	 571 	 39.0 	 84.0 	 0.36585365853658536 
316.0 	 617 	 571 	 39.0 	 85.0 	 0.3709677419354839 
317.0 	 620 	 571 	 40.0 	 84.0 	 0.3548387096774194 
318.0 	 622 	 571 	 40.0 	 85.0 	 0.36 
319.0 	 625 	 571 	 40.0 	 86.0 	 0.36507936507936506 
320.0 	 627 	 571 	 40.0 	 84.0 	 0.3548387096774194 
321.0 	 630 	 571 	 40.0 	 84.0 	 0.3548387096774194 
322.0 	 632 	 571 	 40.0 	 85.0 	 0.36 
323.0 	 634 	 571 	 40.0 	 86.0 	 0.36507936507936506 
324.0 	 637 	 571 	 40.0 	 85.0 	 0.36 
325.0 	 639 	 571 	 39.0 	 84.0 	 0.36585365853658536 
326.0 	 641 	 571 	 39.0 	 84.0 	 0.36585365853658536 
327.0 	 644 	 571 	 39.0 	 84.0 	 0.36585365853658536 
328.0 	 646 	 571 	 40.0 	 86.0 	 0.36507936507936506 
329.0 	 649 	 571 	 40.0 	 85.0 	 0.36 
330.0 	 651 	 571 	 40.0 	 86.0 	 0.36507936507936506 
331.0 	 653 	 571 	 40.0 	 86.0 	 0.36507936507936506 
332.0 	 656 	 571 	 40.0 	 85.0 	 0.36 
333.0 	 658 	 571 	 40.0 	 84.0 	 0.3548387096774194 
334.0 	 660 	 571 	 40.0 	 84.0 	 0.3548387096774194 
335.0 	 663 	 571 	 40.0 	 85.0 	 0.36 
336.0 	 665 	 571 	 40.0 	 84.0 	 0.3548387096774194 
337.0 	 667 	 571 	 40.0 	 84.0 	 0.3548387096774194 
338.0 	 670 	 571 	 40.0 	 85.0 	 0.36 
339.0 	 672 	 571 	 40.0 	 84.0 	 0.3548387096774194 
340.0 	 674 	 570 	 39.0 	 85.0 	 0.3709677419354839 
341.0 	 677 	 570 	 40.0 	 85.0 	 0.36 
342.0 	 679 	 571 	 39.0 	 84.0 	 0.36585365853658536 
343.0 	 681 	 570 	 39.0 	 84.0 	 0.36585365853658536 
344.0 	 683 	 570 	 39.0 	 84.0 	 0.36585365853658536 
345.0 	 686 	 570 	 39.0 	 83.0 	 0.36065573770491804 
346.0 	 688 	 570 	 39.0 	 84.0 	 0.36585365853658536 
347.0 	 690 	 570 	 39.0 	 86.0 	 0.376 
348.0 	 693 	 570 	 39.0 	 85.0 	 0.3709677419354839 
349.0 	 694 	 571 	 39.0 	 85.0 	 0.3709677419354839 
350.0 	 697 	 571 	 39.0 	 86.0 	 0.376 
351.0 	 699 	 571 	 39.0 	 85.0 	 0.3709677419354839 
352.0 	 701 	 571 	 39.0 	 85.0 	 0.3709677419354839 
353.0 	 703 	 571 	 40.0 	 85.0 	 0.36 
354.0 	 706 	 571 	 40.0 	 86.0 	 0.36507936507936506 
355.0 	 709 	 571 	 39.0 	 85.0 	 0.3709677419354839 
356.0 	 711 	 571 	 39.0 	 85.0 	 0.3709677419354839 
357.0 	 713 	 571 	 39.0 	 85.0 	 0.3709677419354839 
358.0 	 715 	 571 	 39.0 	 84.0 	 0.36585365853658536 
359.0 	 718 	 570 	 39.0 	 85.0 	 0.3709677419354839 
360.0 	 720 	 570 	 39.0 	 85.0 	 0.3709677419354839 
361.0 	 722 	 570 	 39.0 	 84.0 	 0.36585365853658536 
362.0 	 724 	 570 	 39.0 	 84.0 	 0.36585365853658536 
363.0 	 727 	 570 	 39.0 	 85.0 	 0.3709677419354839 
364.0 	 729 	 570 	 39.0 	 84.0 	 0.36585365853658536 
365.0 	 731 	 570 	 39.0 	 84.0 	 0.36585365853658536 
366.0 	 734 	 570 	 39.0 	 85.0 	 0.3709677419354839 
367.0 	 736 	 570 	 39.0 	 85.0 	 0.3709677419354839 
368.0 	 738 	 570 	 39.0 	 85.0 	 0.3709677419354839 
369.0 	 740 	 570 	 39.0 	 85.0 	 0.3709677419354839 
370.0 	 743 	 570 	 39.0 	 84.0 	 0.36585365853658536 
371.0 	 745 	 570 	 39.0 	 85.0 	 0.3709677419354839 
372.0 	 747 	 570 	 39.0 	 85.0 	 0.3709677419354839 
373.0 	 749 	 570 	 38.0 	 84.0 	 0.3770491803278688 
374.0 	 752 	 570 	 38.0 	 83.0 	 0.371900826446281 
375.0 	 754 	 570 	 39.0 	 85.0 	 0.3709677419354839 
376.0 	 756 	 570 	 39.0 	 84.0 	 0.36585365853658536 
377.0 	 759 	 570 	 39.0 	 84.0 	 0.36585365853658536 
378.0 	 761 	 570 	 39.0 	 84.0 	 0.36585365853658536 
379.0 	 763 	 570 	 39.0 	 85.0 	 0.3709677419354839 
380.0 	 765 	 570 	 39.0 	 84.0 	 0.36585365853658536 
381.0 	 767 	 570 	 39.0 	 85.0 	 0.3709677419354839 
382.0 	 769 	 570 	 39.0 	 84.0 	 0.36585365853658536 
383.0 	 772 	 570 	 39.0 	 84.0 	 0.36585365853658536 
384.0 	 774 	 570 	 39.0 	 84.0 	 0.36585365853658536 
385.0 	 776 	 570 	 39.0 	 84.0 	 0.36585365853658536 
386.0 	 778 	 570 	 84.0 	 39.0 	 0.36585365853658536 
387.0 	 780 	 570 	 38.0 	 84.0 	 0.3770491803278688 
388.0 	 782 	 570 	 38.0 	 85.0 	 0.3821138211382114 
389.0 	 785 	 570 	 39.0 	 84.0 	 0.36585365853658536 
390.0 	 787 	 570 	 84.0 	 39.0 	 0.36585365853658536 
391.0 	 789 	 570 	 38.0 	 84.0 	 0.3770491803278688 
392.0 	 791 	 570 	 38.0 	 83.0 	 0.371900826446281 
393.0 	 794 	 570 	 38.0 	 84.0 	 0.3770491803278688 
394.0 	 796 	 570 	 38.0 	 84.0 	 0.3770491803278688 
395.0 	 798 	 570 	 38.0 	 84.0 	 0.3770491803278688 
396.0 	 800 	 570 	 37.0 	 84.0 	 0.3884297520661157 
397.0 	 802 	 570 	 38.0 	 85.0 	 0.3821138211382114 
398.0 	 805 	 570 	 38.0 	 85.0 	 0.3821138211382114 
399.0 	 807 	 570 	 38.0 	 85.0 	 0.3821138211382114 
400.0 	 809 	 570 	 38.0 	 84.0 	 0.3770491803278688 
401.0 	 812 	 570 	 37.9608039855957 	 84.86691284179688 	 0.3818853762633838 
402.0 	 814 	 570 	 38.0 	 83.0 	 0.371900826446281 
403.0 	 816 	 570 	 37.0 	 85.0 	 0.39344262295081966 
404.0 	 818 	 570 	 37.0 	 84.0 	 0.3884297520661157 
405.0 	 820 	 570 	 38.0 	 84.0 	 0.3770491803278688 
406.0 	 823 	 570 	 39.0 	 85.0 	 0.3709677419354839 
407.0 	 825 	 570 	 38.49039077758789 	 85.57672119140625 	 0.3795230634979703 
408.0 	 827 	 570 	 39.0 	 84.0 	 0.36585365853658536 
409.0 	 829 	 569 	 38.0 	 84.0 	 0.3770491803278688 
410.0 	 832 	 570 	 38.0 	 84.0 	 0.3770491803278688 
411.0 	 834 	 570 	 38.0 	 84.0 	 0.3770491803278688 
412.0 	 837 	 570 	 38.0 	 85.0 	 0.3821138211382114 
413.0 	 839 	 569 	 38.0 	 85.0 	 0.3821138211382114 
414.0 	 841 	 569 	 38.0 	 85.0 	 0.3821138211382114 
415.0 	 843 	 570 	 38.0 	 85.0 	 0.3821138211382114 
416.0 	 845 	 569 	 38.0 	 85.0 	 0.3821138211382114 
417.0 	 848 	 569 	 38.0 	 84.0 	 0.3770491803278688 
418.0 	 850 	 569 	 38.0 	 84.0 	 0.3770491803278688 
419.0 	 852 	 569 	 38.0 	 84.0 	 0.3770491803278688 
420.0 	 855 	 569 	 38.0 	 83.0 	 0.371900826446281 
421.0 	 856 	 569 	 38.0 	 85.0 	 0.3821138211382114 
422.0 	 858 	 569 	 38.0 	 84.0 	 0.3770491803278688 
423.0 	 861 	 569 	 38.0 	 84.0 	 0.3770491803278688 
424.0 	 863 	 569 	 38.0 	 84.0 	 0.3770491803278688 
425.0 	 865 	 569 	 38.0 	 84.0 	 0.3770491803278688 
426.0 	 867 	 569 	 38.0 	 84.0 	 0.3770491803278688 
427.0 	 869 	 569 	 38.0 	 85.0 	 0.3821138211382114 
428.0 	 871 	 569 	 38.0 	 84.0 	 0.3770491803278688 
429.0 	 873 	 569 	 38.0 	 84.0 	 0.3770491803278688 
430.0 	 875 	 569 	 38.0 	 84.0 	 0.3770491803278688 
431.0 	 877 	 569 	 39.0 	 86.0 	 0.376 
432.0 	 880 	 569 	 39.0 	 85.0 	 0.3709677419354839 
433.0 	 882 	 569 	 38.0 	 85.0 	 0.3821138211382114 
434.0 	 884 	 569 	 39.0 	 85.0 	 0.3709677419354839 
435.0 	 886 	 569 	 39.0 	 84.0 	 0.36585365853658536 
436.0 	 888 	 569 	 39.0 	 85.0 	 0.3709677419354839 
437.0 	 890 	 569 	 39.0 	 86.0 	 0.376 
438.0 	 892 	 569 	 39.0 	 85.0 	 0.3709677419354839 
439.0 	 895 	 569 	 38.0 	 85.0 	 0.3821138211382114 
440.0 	 897 	 569 	 39.0 	 86.0 	 0.376 
441.0 	 899 	 569 	 39.0 	 86.0 	 0.376 
442.0 	 901 	 569 	 38.0 	 85.0 	 0.3821138211382114 
443.0 	 904 	 569 	 38.0 	 85.0 	 0.3821138211382114 
444.0 	 906 	 569 	 39.0 	 85.0 	 0.3709677419354839 
445.0 	 908 	 569 	 37.0 	 84.0 	 0.3884297520661157 
446.0 	 910 	 569 	 37.0 	 85.0 	 0.39344262295081966 
447.0 	 912 	 569 	 38.0 	 85.0 	 0.3821138211382114 
448.0 	 914 	 569 	 38.0 	 85.0 	 0.3821138211382114 
449.0 	 916 	 569 	 38.0 	 85.0 	 0.3821138211382114 
450.0 	 919 	 569 	 38.0 	 85.0 	 0.3821138211382114 
451.0 	 921 	 569 	 38.0 	 84.0 	 0.3770491803278688 
452.0 	 923 	 569 	 38.0 	 85.0 	 0.3821138211382114 
453.0 	 925 	 569 	 38.0 	 85.0 	 0.3821138211382114 
454.0 	 928 	 569 	 38.0 	 85.0 	 0.3821138211382114 
455.0 	 930 	 569 	 38.0 	 85.0 	 0.3821138211382114 
456.0 	 932 	 569 	 38.0 	 85.0 	 0.3821138211382114 
457.0 	 934 	 569 	 38.0 	 86.0 	 0.3870967741935484 
458.0 	 936 	 569 	 38.0 	 85.0 	 0.3821138211382114 
459.0 	 938 	 569 	 38.0 	 85.0 	 0.3821138211382114 
460.0 	 941 	 569 	 38.0 	 85.0 	 0.3821138211382114 
461.0 	 943 	 569 	 38.0 	 85.0 	 0.3821138211382114 
462.0 	 945 	 569 	 38.0 	 86.0 	 0.3870967741935484 
463.0 	 947 	 569 	 38.0 	 86.0 	 0.3870967741935484 
464.0 	 950 	 569 	 38.0 	 85.0 	 0.3821138211382114 
465.0 	 952 	 570 	 38.0 	 85.0 	 0.3821138211382114 
466.0 	 954 	 570 	 38.0 	 86.0 	 0.3870967741935484 
467.0 	 956 	 570 	 38.0 	 85.0 	 0.3821138211382114 
468.0 	 958 	 570 	 38.0 	 85.0 	 0.3821138211382114 
469.0 	 961 	 570 	 38.0 	 85.0 	 0.3821138211382114 
470.0 	 963 	 569 	 37.0 	 85.0 	 0.39344262295081966 
471.0 	 965 	 570 	 37.0 	 86.0 	 0.3983739837398374 
472.0 	 967 	 569 	 37.0 	 86.0 	 0.3983739837398374 
473.0 	 970 	 569 	 38.0 	 85.0 	 0.3821138211382114 
474.0 	 972 	 570 	 38.0 	 86.0 	 0.3870967741935484 
475.0 	 974 	 570 	 38.0 	 86.0 	 0.3870967741935484 
476.0 	 977 	 569 	 38.0 	 85.0 	 0.3821138211382114 
477.0 	 979 	 569 	 38.0 	 85.0 	 0.3821138211382114 
478.0 	 981 	 570 	 38.0 	 85.0 	 0.3821138211382114 
479.0 	 983 	 570 	 38.0 	 85.0 	 0.3821138211382114 
480.0 	 985 	 569 	 38.0 	 86.0 	 0.3870967741935484 
481.0 	 987 	 570 	 37.0 	 86.0 	 0.3983739837398374 
482.0 	 990 	 569 	 37.0 	 85.0 	 0.39344262295081966 
483.0 	 992 	 569 	 37.0 	 85.0 	 0.39344262295081966 
484.0 	 994 	 570 	 37.0 	 86.0 	 0.3983739837398374 
485.0 	 996 	 570 	 37.0 	 86.0 	 0.3983739837398374 
486.0 	 999 	 570 	 37.0 	 85.0 	 0.39344262295081966 
487.0 	 1001 	 570 	 38.0 	 86.0 	 0.3870967741935484 
488.0 	 1003 	 570 	 38.0 	 86.0 	 0.3870967741935484 
489.0 	 1006 	 570 	 38.0 	 85.0 	 0.3821138211382114 
490.0 	 1008 	 570 	 38.0 	 85.0 	 0.3821138211382114 
491.0 	 1010 	 570 	 38.0 	 85.0 	 0.3821138211382114 
492.0 	 1013 	 570 	 38.0 	 84.0 	 0.3770491803278688 
493.0 	 1014 	 570 	 38.0 	 87.0 	 0.392 
494.0 	 1016 	 570 	 38.0 	 86.0 	 0.3870967741935484 
495.0 	 1019 	 570 	 38.0 	 86.0 	 0.3870967741935484 
496.0 	 1021 	 570 	 38.0 	 87.0 	 0.392 
497.0 	 1023 	 570 	 38.0 	 87.0 	 0.392 
498.0 	 1026 	 570 	 38.0 	 86.0 	 0.3870967741935484 
499.0 	 1028 	 570 	 38.0 	 87.0 	 0.392 
500.0 	 1030 	 570 	 38.0 	 86.0 	 0.3870967741935484 
501.0 	 1033 	 570 	 38.0 	 86.0 	 0.3870967741935484 
502.0 	 1035 	 570 	 38.0 	 87.0 	 0.392 
503.0 	 1037 	 570 	 38.0 	 87.0 	 0.392 
504.0 	 1039 	 570 	 38.0 	 86.0 	 0.3870967741935484 
505.0 	 1042 	 570 	 38.0 	 87.0 	 0.392 
506.0 	 1044 	 570 	 38.0 	 87.0 	 0.392 
507.0 	 1046 	 570 	 38.0 	 87.0 	 0.392 
508.0 	 1049 	 570 	 38.0 	 88.0 	 0.3968253968253968 
509.0 	 1051 	 570 	 38.0 	 88.0 	 0.3968253968253968 
510.0 	 1053 	 570 	 38.0 	 88.0 	 0.3968253968253968 
511.0 	 1055 	 570 	 38.0 	 88.0 	 0.3968253968253968 
512.0 	 1057 	 570 	 38.0 	 88.0 	 0.3968253968253968 
513.0 	 1059 	 570 	 38.0 	 94.0 	 0.42424242424242425 
514.0 	 1061 	 570 	 38.0 	 95.0 	 0.42857142857142855 
515.0 	 1063 	 570 	 38.0 	 95.0 	 0.42857142857142855 
516.0 	 1065 	 570 	 38.0 	 95.0 	 0.42857142857142855 
517.0 	 1068 	 570 	 38.0 	 94.0 	 0.42424242424242425 
518.0 	 1070 	 570 	 38.0 	 94.0 	 0.42424242424242425 
519.0 	 1072 	 570 	 38.0 	 95.0 	 0.42857142857142855 
520.0 	 1075 	 570 	 38.0 	 94.0 	 0.42424242424242425 
521.0 	 1077 	 570 	 38.0 	 94.0 	 0.42424242424242425 
522.0 	 1079 	 570 	 38.0 	 93.0 	 0.4198473282442748 
523.0 	 1081 	 570 	 38.0 	 95.0 	 0.42857142857142855 
524.0 	 1084 	 570 	 38.0 	 95.0 	 0.42857142857142855 
525.0 	 1086 	 570 	 38.0 	 95.0 	 0.42857142857142855 
526.0 	 1088 	 570 	 38.0 	 95.0 	 0.42857142857142855 
527.0 	 1090 	 570 	 38.0 	 95.0 	 0.42857142857142855 
528.0 	 1092 	 570 	 38.0 	 95.0 	 0.42857142857142855 
529.0 	 1094 	 570 	 38.0 	 96.0 	 0.43283582089552236 
530.0 	 1096 	 570 	 38.0 	 98.0 	 0.4411764705882353 
531.0 	 1099 	 570 	 38.0 	 96.0 	 0.43283582089552236 
532.0 	 1101 	 570 	 38.0 	 96.0 	 0.43283582089552236 
533.0 	 1103 	 570 	 38.0 	 96.0 	 0.43283582089552236 
534.0 	 1105 	 570 	 38.0 	 96.0 	 0.43283582089552236 
535.0 	 1108 	 570 	 38.0 	 96.0 	 0.43283582089552236 
536.0 	 1110 	 570 	 38.0 	 96.0 	 0.43283582089552236 
537.0 	 1112 	 570 	 38.0 	 96.0 	 0.43283582089552236 
538.0 	 1115 	 570 	 38.0 	 96.0 	 0.43283582089552236 
539.0 	 1117 	 570 	 38.0 	 96.0 	 0.43283582089552236 
540.0 	 1119 	 570 	 38.0 	 96.0 	 0.43283582089552236 
541.0 	 1121 	 570 	 38.0 	 95.0 	 0.42857142857142855 
542.0 	 1124 	 570 	 38.0 	 96.0 	 0.43283582089552236 
543.0 	 1126 	 570 	 38.0 	 96.0 	 0.43283582089552236 
544.0 	 1128 	 570 	 38.0 	 96.0 	 0.43283582089552236 
545.0 	 1130 	 570 	 38.0 	 96.0 	 0.43283582089552236 
546.0 	 1132 	 570 	 38.0 	 96.0 	 0.43283582089552236 
547.0 	 1135 	 570 	 38.0 	 96.0 	 0.43283582089552236 
548.0 	 1137 	 570 	 38.0 	 96.0 	 0.43283582089552236 
549.0 	 1139 	 570 	 38.0 	 97.0 	 0.43703703703703706 
550.0 	 1142 	 570 	 38.0 	 96.0 	 0.43283582089552236 
551.0 	 1144 	 570 	 38.0 	 96.0 	 0.43283582089552236 
552.0 	 1146 	 570 	 38.0 	 96.0 	 0.43283582089552236 
553.0 	 1149 	 570 	 38.0 	 95.0 	 0.42857142857142855 
554.0 	 1152 	 570 	 38.96182632446289 	 94.87357330322266 	 0.4177650093644859 
555.0 	 1154 	 570 	 39.0 	 96.0 	 0.4222222222222222 
556.0 	 1156 	 570 	 39.0 	 95.0 	 0.417910447761194 
557.0 	 1159 	 570 	 39.0 	 95.0 	 0.417910447761194 
558.0 	 1161 	 570 	 39.0 	 96.0 	 0.4222222222222222 
559.0 	 1163 	 570 	 39.0 	 96.0 	 0.4222222222222222 
560.0 	 1166 	 570 	 96.0 	 40.0 	 0.4117647058823529 
561.0 	 1168 	 570 	 40.0 	 97.0 	 0.41605839416058393 
562.0 	 1170 	 570 	 39.0 	 97.0 	 0.4264705882352941 
563.0 	 1173 	 570 	 39.0 	 95.0 	 0.417910447761194 
564.0 	 1175 	 570 	 40.0 	 97.0 	 0.41605839416058393 
565.0 	 1177 	 570 	 39.0 	 95.0 	 0.417910447761194 
566.0 	 1180 	 570 	 39.0 	 95.0 	 0.417910447761194 
567.0 	 1183 	 570 	 39.0 	 94.0 	 0.41353383458646614 
568.0 	 1185 	 570 	 39.0 	 95.0 	 0.417910447761194 
569.0 	 1187 	 570 	 38.0 	 95.0 	 0.42857142857142855 
570.0 	 1190 	 570 	 38.0 	 96.0 	 0.43283582089552236 
571.0 	 1192 	 570 	 38.0 	 97.0 	 0.43703703703703706 
572.0 	 1194 	 570 	 38.0 	 96.0 	 0.43283582089552236 
573.0 	 1197 	 570 	 38.0 	 95.0 	 0.42857142857142855 
574.0 	 1199 	 570 	 38.0 	 97.0 	 0.43703703703703706 
575.0 	 1201 	 570 	 38.0 	 96.0 	 0.43283582089552236 
576.0 	 1204 	 570 	 38.0 	 95.0 	 0.42857142857142855 
577.0 	 1206 	 570 	 38.0 	 96.0 	 0.43283582089552236 
578.0 	 1208 	 570 	 38.0 	 95.0 	 0.42857142857142855 
579.0 	 1211 	 570 	 38.0 	 95.0 	 0.42857142857142855 
580.0 	 1213 	 570 	 38.0 	 96.0 	 0.43283582089552236 
581.0 	 1215 	 570 	 38.0 	 95.0 	 0.42857142857142855 
582.0 	 1218 	 570 	 39.0 	 95.0 	 0.417910447761194 
583.0 	 1220 	 570 	 39.0 	 96.0 	 0.4222222222222222 
584.0 	 1223 	 570 	 39.0 	 95.0 	 0.417910447761194 
585.0 	 1225 	 570 	 38.0 	 95.0 	 0.42857142857142855 
586.0 	 1228 	 570 	 39.98970031738281 	 96.01050567626953 	 0.41191706254843047 
587.0 	 1230 	 570 	 39.0 	 95.0 	 0.417910447761194 
588.0 	 1233 	 570 	 94.0 	 39.0 	 0.41353383458646614 
589.0 	 1235 	 570 	 39.0 	 95.0 	 0.417910447761194 
590.0 	 1237 	 570 	 39.0 	 97.0 	 0.4264705882352941 
591.0 	 1240 	 570 	 39.0 	 96.0 	 0.4222222222222222 
592.0 	 1242 	 570 	 39.0 	 97.0 	 0.4264705882352941 
593.0 	 1245 	 570 	 40.0 	 96.0 	 0.4117647058823529 
594.0 	 1247 	 570 	 96.11226654052734 	 39.89834976196289 	 0.41330536032234144 
595.0 	 1249 	 570 	 39.0 	 95.0 	 0.417910447761194 
596.0 	 1252 	 570 	 97.08158111572266 	 39.86792755126953 	 0.4177718790037752 
597.0 	 1254 	 570 	 40.0 	 96.0 	 0.4117647058823529 
598.0 	 1257 	 570 	 39.0 	 95.0 	 0.417910447761194 
599.0 	 1259 	 570 	 40.0 	 97.0 	 0.41605839416058393 
600.0 	 1262 	 570 	 40.0 	 97.0 	 0.41605839416058393 
601.0 	 1264 	 570 	 39.0 	 95.0 	 0.417910447761194 
602.0 	 1266 	 570 	 40.0 	 97.0 	 0.41605839416058393 
603.0 	 1269 	 570 	 40.0 	 96.0 	 0.4117647058823529 
604.0 	 1272 	 570 	 94.0 	 40.0 	 0.40298507462686567 
605.0 	 1274 	 570 	 39.64532470703125 	 96.18647766113281 	 0.4162585783913116 
606.0 	 1276 	 570 	 40.0 	 97.0 	 0.41605839416058393 
607.0 	 1279 	 570 	 39.97792053222656 	 95.92040252685547 	 0.4116495386797953 
608.0 	 1281 	 570 	 40.0 	 97.0 	 0.41605839416058393 
609.0 	 1284 	 570 	 40.0 	 97.0 	 0.41605839416058393 
610.0 	 1286 	 570 	 40.0 	 96.0 	 0.4117647058823529 
611.0 	 1289 	 570 	 40.0 	 96.0 	 0.4117647058823529 
612.0 	 1291 	 570 	 40.0 	 96.0 	 0.4117647058823529 
613.0 	 1294 	 570 	 39.0 	 95.0 	 0.417910447761194 
614.0 	 1297 	 570 	 39.0 	 94.0 	 0.41353383458646614 
615.0 	 1299 	 570 	 40.0 	 95.0 	 0.4074074074074074 
616.0 	 1301 	 570 	 40.0 	 96.0 	 0.4117647058823529 
617.0 	 1304 	 570 	 40.0 	 95.0 	 0.4074074074074074 
618.0 	 1306 	 570 	 40.0 	 97.0 	 0.41605839416058393 
619.0 	 1308 	 570 	 40.0 	 96.0 	 0.4117647058823529 
620.0 	 1311 	 570 	 39.695743560791016 	 95.253173828125 	 0.41169230062972834 
621.0 	 1313 	 570 	 40.0 	 97.0 	 0.41605839416058393 
622.0 	 1315 	 570 	 40.0 	 96.0 	 0.4117647058823529 
623.0 	 1318 	 570 	 40.0 	 95.0 	 0.4074074074074074 
624.0 	 1320 	 570 	 40.0 	 97.0 	 0.41605839416058393 
625.0 	 1322 	 570 	 39.0 	 96.0 	 0.4222222222222222 
626.0 	 1325 	 570 	 38.0 	 95.0 	 0.42857142857142855 
627.0 	 1327 	 570 	 38.0 	 96.0 	 0.43283582089552236 
628.0 	 1329 	 570 	 39.0 	 97.0 	 0.4264705882352941 
629.0 	 1332 	 570 	 39.0 	 96.0 	 0.4222222222222222 
630.0 	 1335 	 570 	 39.0 	 95.0 	 0.417910447761194 
631.0 	 1337 	 570 	 39.0 	 96.0 	 0.4222222222222222 
632.0 	 1339 	 570 	 39.0 	 96.0 	 0.4222222222222222 
633.0 	 1342 	 570 	 39.0 	 95.0 	 0.417910447761194 
634.0 	 1344 	 570 	 39.0 	 97.0 	 0.4264705882352941 
635.0 	 1346 	 570 	 39.0 	 97.0 	 0.4264705882352941 
636.0 	 1348 	 570 	 38.0 	 97.0 	 0.43703703703703706 
637.0 	 1350 	 570 	 39.0 	 97.0 	 0.4264705882352941 
638.0 	 1353 	 570 	 38.0 	 96.0 	 0.43283582089552236 
639.0 	 1355 	 570 	 39.0 	 96.0 	 0.4222222222222222 
640.0 	 1357 	 570 	 38.0 	 97.0 	 0.43703703703703706 
641.0 	 1360 	 570 	 38.0 	 96.0 	 0.43283582089552236 
642.0 	 1362 	 570 	 38.0 	 96.0 	 0.43283582089552236 
643.0 	 1364 	 570 	 38.0 	 97.0 	 0.43703703703703706 
644.0 	 1367 	 570 	 38.0 	 97.0 	 0.43703703703703706 
645.0 	 1370 	 570 	 38.0 	 97.0 	 0.43703703703703706 
646.0 	 1372 	 570 	 38.0 	 97.0 	 0.43703703703703706 
647.0 	 1374 	 570 	 38.0 	 98.0 	 0.4411764705882353 
648.0 	 1376 	 570 	 38.0 	 98.0 	 0.4411764705882353 
649.0 	 1379 	 570 	 37.85271453857422 	 96.92890930175781 	 0.43831045419936276 
650.0 	 1381 	 570 	 37.702903747558594 	 97.2285385131836 	 0.4411546617177438 
651.0 	 1383 	 570 	 37.67564392089844 	 96.29144287109375 	 0.4375388041482667 
652.0 	 1386 	 570 	 37.60302734375 	 96.32966613769531 	 0.43847874083172345 
653.0 	 1388 	 570 	 37.7469482421875 	 97.25594329833984 	 0.4407979294153709 
654.0 	 1391 	 570 	 38.0 	 97.0 	 0.43703703703703706 
655.0 	 1393 	 570 	 38.0 	 96.0 	 0.43283582089552236 
656.0 	 1395 	 570 	 38.0 	 98.0 	 0.4411764705882353 
657.0 	 1397 	 570 	 38.0 	 97.0 	 0.43703703703703706 
658.0 	 1400 	 570 	 38.0 	 95.0 	 0.42857142857142855 
659.0 	 1402 	 570 	 38.0 	 95.0 	 0.42857142857142855 
660.0 	 1404 	 570 	 37.0 	 100.0 	 0.45985401459854014 
661.0 	 1407 	 570 	 37.0 	 102.0 	 0.4676258992805755 
662.0 	 1410 	 570 	 36.0 	 101.0 	 0.4744525547445255 
663.0 	 1412 	 570 	 36.0 	 100.0 	 0.47058823529411764 
664.0 	 1414 	 570 	 36.0 	 100.0 	 0.47058823529411764 
665.0 	 1416 	 570 	 36.0 	 98.0 	 0.4626865671641791 
666.0 	 1418 	 570 	 36.0 	 98.0 	 0.4626865671641791 
667.0 	 1420 	 570 	 37.0 	 99.0 	 0.45588235294117646 
668.0 	 1423 	 570 	 37.0 	 99.0 	 0.45588235294117646 
669.0 	 1425 	 570 	 38.0 	 99.0 	 0.44525547445255476 
670.0 	 1427 	 570 	 37.0 	 99.0 	 0.45588235294117646 
671.0 	 1430 	 569 	 37.0 	 98.0 	 0.45185185185185184 
672.0 	 1432 	 570 	 37.0 	 99.0 	 0.45588235294117646 
673.0 	 1434 	 570 	 37.91539764404297 	 97.08158111572266 	 0.4382778341800455 
674.0 	 1437 	 569 	 38.0 	 96.0 	 0.43283582089552236 
675.0 	 1439 	 569 	 38.0 	 96.0 	 0.43283582089552236 
676.0 	 1441 	 569 	 38.0 	 98.0 	 0.4411764705882353 
677.0 	 1443 	 570 	 38.0 	 97.0 	 0.43703703703703706 
678.0 	 1446 	 569 	 39.0 	 96.0 	 0.4222222222222222 
679.0 	 1448 	 570 	 38.0 	 97.0 	 0.43703703703703706 
680.0 	 1450 	 570 	 39.0 	 98.0 	 0.4306569343065693 
681.0 	 1453 	 569 	 38.0 	 97.0 	 0.43703703703703706 
682.0 	 1455 	 569 	 38.0 	 99.0 	 0.44525547445255476 
683.0 	 1457 	 570 	 39.0 	 98.0 	 0.4306569343065693 
684.0 	 1460 	 570 	 39.0 	 96.0 	 0.4222222222222222 
685.0 	 1462 	 570 	 37.0 	 96.0 	 0.44360902255639095 
686.0 	 1464 	 570 	 38.0 	 97.0 	 0.43703703703703706 
687.0 	 1467 	 570 	 96.0 	 39.0 	 0.4222222222222222 
688.0 	 1469 	 570 	 38.0 	 97.0 	 0.43703703703703706 
689.0 	 1472 	 570 	 39.0 	 97.0 	 0.4264705882352941 
690.0 	 1473 	 570 	 38.0 	 96.0 	 0.43283582089552236 
691.0 	 1476 	 570 	 38.0 	 97.0 	 0.43703703703703706 
692.0 	 1478 	 570 	 38.0 	 98.0 	 0.4411764705882353 
693.0 	 1480 	 570 	 38.0 	 97.0 	 0.43703703703703706 
694.0 	 1483 	 570 	 38.808963775634766 	 96.16310119628906 	 0.42493339219922877 
695.0 	 1485 	 570 	 39.750526428222656 	 98.117919921875 	 0.42335570639155895 
696.0 	 1487 	 570 	 39.0 	 97.0 	 0.4264705882352941 
697.0 	 1488 	 570 	 39.0 	 95.0 	 0.417910447761194 
698.0 	 1491 	 570 	 39.0 	 97.0 	 0.4264705882352941 
699.0 	 1493 	 570 	 39.0 	 98.0 	 0.4306569343065693 
700.0 	 1495 	 570 	 39.0 	 98.0 	 0.4306569343065693 
701.0 	 1498 	 570 	 39.0 	 99.0 	 0.43478260869565216 
702.0 	 1500 	 570 	 40.0 	 100.0 	 0.42857142857142855 
703.0 	 1503 	 570 	 39.0 	 96.0 	 0.4222222222222222 
704.0 	 1506 	 570 	 40.0 	 97.0 	 0.41605839416058393 
705.0 	 1508 	 570 	 40.0 	 97.0 	 0.41605839416058393 
706.0 	 1510 	 569 	 40.0 	 97.0 	 0.41605839416058393 
707.0 	 1512 	 570 	 40.0 	 98.0 	 0.42028985507246375 
708.0 	 1515 	 570 	 40.0 	 98.0 	 0.42028985507246375 
709.0 	 1517 	 570 	 39.0 	 95.0 	 0.417910447761194 
710.0 	 1520 	 569 	 40.0 	 95.0 	 0.4074074074074074 
711.0 	 1522 	 570 	 40.0 	 97.0 	 0.41605839416058393 
712.0 	 1524 	 570 	 40.0 	 96.0 	 0.4117647058823529 
713.0 	 1527 	 569 	 40.697021484375 	 94.92655181884766 	 0.3998532778164463 
714.0 	 1529 	 570 	 96.31951141357422 	 40.84267044067383 	 0.40446163966574594 
715.0 	 1531 	 569 	 40.0 	 95.0 	 0.4074074074074074 
716.0 	 1534 	 569 	 39.0 	 94.0 	 0.41353383458646614 
717.0 	 1536 	 569 	 40.0 	 95.0 	 0.4074074074074074 
718.0 	 1538 	 569 	 40.0 	 94.0 	 0.40298507462686567 
719.0 	 1541 	 569 	 39.0 	 94.0 	 0.41353383458646614 
720.0 	 1543 	 569 	 39.0 	 94.0 	 0.41353383458646614 
721.0 	 1545 	 570 	 38.0 	 96.0 	 0.43283582089552236 
722.0 	 1548 	 569 	 38.0 	 93.0 	 0.4198473282442748 
723.0 	 1550 	 569 	 38.0 	 95.0 	 0.42857142857142855 
724.0 	 1552 	 569 	 38.0 	 96.0 	 0.43283582089552236 
725.0 	 1555 	 569 	 38.81316375732422 	 93.9887466430664 	 0.41547280998737723 
726.0 	 1557 	 569 	 38.832881927490234 	 95.86595916748047 	 0.42341178867142976 
727.0 	 1559 	 570 	 38.754032135009766 	 95.95008087158203 	 0.4246050655763819 
728.0 	 1562 	 569 	 38.68906021118164 	 95.12393951416016 	 0.42174437026906253 
729.0 	 1564 	 569 	 38.82901382446289 	 93.85527038574219 	 0.41471570569807614 
730.0 	 1566 	 570 	 39.812034606933594 	 94.17900085449219 	 0.40575077325385783 
731.0 	 1568 	 569 	 38.87397766113281 	 94.01395416259766 	 0.41493592190602685 
732.0 	 1571 	 569 	 38.924049377441406 	 93.06840515136719 	 0.4102079620173157 
733.0 	 1573 	 570 	 37.0 	 94.0 	 0.4351145038167939 
734.0 	 1576 	 570 	 37.0 	 93.0 	 0.4307692307692308 
735.0 	 1578 	 570 	 37.99706268310547 	 91.78768920898438 	 0.4144602947702468 
736.0 	 1580 	 570 	 38.0 	 94.0 	 0.42424242424242425 
737.0 	 1583 	 570 	 37.96477127075195 	 93.87651824951172 	 0.4240837387301667 
738.0 	 1586 	 569 	 37.0 	 91.0 	 0.421875 
739.0 	 1588 	 570 	 38.0 	 93.0 	 0.4198473282442748 
740.0 	 1590 	 570 	 37.81141662597656 	 93.2349853515625 	 0.42293086944184366 
741.0 	 1592 	 570 	 37.0 	 93.0 	 0.4307692307692308 
742.0 	 1594 	 570 	 36.927947998046875 	 94.06645965576172 	 0.436190465540485 
743.0 	 1597 	 570 	 37.0 	 94.0 	 0.4351145038167939 
744.0 	 1599 	 570 	 36.60101318359375 	 92.82362365722656 	 0.4344042359012461 
745.0 	 1601 	 569 	 36.0 	 93.0 	 0.4418604651162791 
746.0 	 1604 	 569 	 36.0 	 94.0 	 0.4461538461538462 
747.0 	 1606 	 569 	 36.0 	 93.0 	 0.4418604651162791 
748.0 	 1608 	 569 	 36.0 	 94.0 	 0.4461538461538462 
749.0 	 1610 	 570 	 37.0 	 93.0 	 0.4307692307692308 
750.0 	 1613 	 570 	 36.0 	 92.0 	 0.4375 
751.0 	 1615 	 570 	 36.0 	 91.0 	 0.4330708661417323 
752.0 	 1617 	 570 	 36.0 	 92.0 	 0.4375 
753.0 	 1620 	 569 	 36.0 	 92.0 	 0.4375 
754.0 	 1622 	 569 	 36.0 	 90.0 	 0.42857142857142855 
755.0 	 1624 	 569 	 36.0 	 92.0 	 0.4375 
756.0 	 1626 	 569 	 36.0 	 92.0 	 0.4375 
757.0 	 1629 	 569 	 35.0 	 91.0 	 0.4444444444444444 
758.0 	 1631 	 570 	 37.0 	 93.0 	 0.4307692307692308 
759.0 	 1633 	 570 	 37.0 	 93.0 	 0.4307692307692308 
760.0 	 1635 	 569 	 35.0 	 92.0 	 0.44881889763779526 
761.0 	 1638 	 569 	 35.0 	 92.0 	 0.44881889763779526 
762.0 	 1640 	 569 	 35.0 	 93.0 	 0.453125 
763.0 	 1642 	 569 	 35.0 	 93.0 	 0.453125 
764.0 	 1644 	 569 	 35.0 	 92.0 	 0.44881889763779526 
765.0 	 1646 	 569 	 35.0 	 93.0 	 0.453125 
766.0 	 1649 	 569 	 35.0 	 91.0 	 0.4444444444444444 
767.0 	 1651 	 569 	 36.0 	 91.0 	 0.4330708661417323 
768.0 	 1653 	 569 	 36.0 	 92.0 	 0.4375 
769.0 	 1656 	 569 	 36.0 	 91.0 	 0.4330708661417323 
770.0 	 1658 	 569 	 35.0 	 89.0 	 0.43548387096774194 
771.0 	 1661 	 569 	 36.0 	 92.0 	 0.4375 
772.0 	 1663 	 569 	 36.0 	 91.0 	 0.4330708661417323 
773.0 	 1665 	 569 	 36.0 	 90.0 	 0.42857142857142855 
774.0 	 1667 	 569 	 36.0 	 92.0 	 0.4375 
775.0 	 1670 	 569 	 36.0 	 91.0 	 0.4330708661417323 
776.0 	 1672 	 569 	 36.0 	 90.0 	 0.42857142857142855 
777.0 	 1675 	 569 	 36.0 	 91.0 	 0.4330708661417323 
778.0 	 1677 	 569 	 36.0 	 91.0 	 0.4330708661417323 
779.0 	 1679 	 569 	 36.0 	 91.0 	 0.4330708661417323 
780.0 	 1682 	 569 	 35.0 	 91.0 	 0.4444444444444444 
781.0 	 1684 	 569 	 35.0 	 92.0 	 0.44881889763779526 
782.0 	 1686 	 569 	 35.0 	 91.0 	 0.4444444444444444 
783.0 	 1689 	 569 	 34.0 	 91.0 	 0.456 
784.0 	 1691 	 569 	 35.0 	 93.0 	 0.453125 
785.0 	 1693 	 569 	 35.0 	 94.0 	 0.4573643410852713 
786.0 	 1696 	 569 	 35.0 	 90.0 	 0.44 
787.0 	 1698 	 569 	 35.0 	 92.0 	 0.44881889763779526 
788.0 	 1700 	 569 	 35.0 	 91.0 	 0.4444444444444444 
789.0 	 1703 	 569 	 35.0 	 91.0 	 0.4444444444444444 
790.0 	 1705 	 569 	 35.0 	 92.0 	 0.44881889763779526 
791.0 	 1707 	 569 	 35.0 	 93.0 	 0.453125 
792.0 	 1710 	 569 	 35.0 	 92.0 	 0.44881889763779526 
793.0 	 1712 	 569 	 34.0 	 93.0 	 0.4645669291338583 
794.0 	 1714 	 569 	 34.0 	 93.0 	 0.4645669291338583 
795.0 	 1716 	 569 	 34.0 	 92.0 	 0.4603174603174603 
796.0 	 1718 	 569 	 34.0 	 93.0 	 0.4645669291338583 
797.0 	 1721 	 569 	 35.0 	 92.0 	 0.44881889763779526 
798.0 	 1724 	 569 	 35.0 	 91.0 	 0.4444444444444444 
799.0 	 1726 	 569 	 34.0 	 89.0 	 0.44715447154471544 
800.0 	 1728 	 569 	 34.0 	 90.0 	 0.45161290322580644 
801.0 	 1730 	 569 	 34.0 	 92.0 	 0.4603174603174603 
802.0 	 1733 	 569 	 34.0 	 89.0 	 0.44715447154471544 
803.0 	 1736 	 569 	 35.0 	 90.0 	 0.44 
804.0 	 1738 	 569 	 35.0 	 91.0 	 0.4444444444444444 
805.0 	 1740 	 569 	 34.0 	 89.0 	 0.44715447154471544 
806.0 	 1742 	 569 	 35.0 	 90.0 	 0.44 
807.0 	 1744 	 569 	 35.0 	 92.0 	 0.44881889763779526 
808.0 	 1747 	 569 	 34.0 	 90.0 	 0.45161290322580644 
809.0 	 1749 	 569 	 34.0 	 91.0 	 0.456 
810.0 	 1751 	 569 	 34.0 	 91.0 	 0.456 
811.0 	 1753 	 569 	 34.0 	 90.0 	 0.45161290322580644 
812.0 	 1756 	 569 	 34.0 	 90.0 	 0.45161290322580644 
813.0 	 1758 	 569 	 34.0 	 91.0 	 0.456 
814.0 	 1760 	 569 	 34.0 	 90.0 	 0.45161290322580644 
815.0 	 1763 	 569 	 34.0 	 89.0 	 0.44715447154471544 
816.0 	 1764 	 569 	 34.0 	 89.0 	 0.44715447154471544 
817.0 	 1767 	 569 	 33.0 	 90.0 	 0.4634146341463415 
818.0 	 1770 	 569 	 34.0 	 88.0 	 0.4426229508196721 
819.0 	 1772 	 569 	 34.0 	 90.0 	 0.45161290322580644 
820.0 	 1774 	 569 	 34.0 	 91.0 	 0.456 
821.0 	 1777 	 569 	 33.0 	 89.0 	 0.45901639344262296 
822.0 	 1779 	 569 	 33.0 	 91.0 	 0.46774193548387094 
823.0 	 1782 	 569 	 33.0 	 92.0 	 0.472 
824.0 	 1784 	 569 	 33.0 	 90.0 	 0.4634146341463415 
825.0 	 1786 	 569 	 33.0 	 92.0 	 0.472 
826.0 	 1788 	 569 	 34.0 	 93.0 	 0.4645669291338583 
827.0 	 1792 	 569 	 34.0 	 89.0 	 0.44715447154471544 
828.0 	 1794 	 569 	 34.0 	 90.0 	 0.45161290322580644 
829.0 	 1796 	 569 	 32.0 	 91.0 	 0.4796747967479675 
830.0 	 1798 	 569 	 32.0 	 90.0 	 0.47540983606557374 
831.0 	 1800 	 569 	 32.0 	 90.0 	 0.47540983606557374 
832.0 	 1803 	 569 	 33.0 	 92.0 	 0.472 
833.0 	 1805 	 569 	 33.0 	 90.0 	 0.4634146341463415 
834.0 	 1809 	 569 	 32.0 	 88.0 	 0.4666666666666667 
835.0 	 1811 	 569 	 89.0 	 33.0 	 0.45901639344262296 
836.0 	 1813 	 569 	 33.0 	 90.0 	 0.4634146341463415 
837.0 	 1816 	 569 	 32.0 	 89.0 	 0.47107438016528924 
838.0 	 1818 	 569 	 32.0 	 89.0 	 0.47107438016528924 
839.0 	 1820 	 569 	 32.0 	 91.0 	 0.4796747967479675 
840.0 	 1824 	 569 	 33.19297790527344 	 89.734130859375 	 0.45995674609376114 
841.0 	 1826 	 569 	 32.0 	 90.0 	 0.47540983606557374 
842.0 	 1828 	 569 	 32.0 	 91.0 	 0.4796747967479675 
843.0 	 1830 	 569 	 33.0 	 90.0 	 0.4634146341463415 
844.0 	 1833 	 569 	 33.0 	 91.0 	 0.46774193548387094 
845.0 	 1835 	 569 	 33.614830017089844 	 91.02630615234375 	 0.4606141912667612 
846.0 	 1838 	 569 	 34.0 	 90.0 	 0.45161290322580644 
847.0 	 1841 	 569 	 34.62729263305664 	 89.95136260986328 	 0.4440894780002919 
848.0 	 1843 	 569 	 35.0 	 93.0 	 0.453125 
849.0 	 1846 	 569 	 35.0 	 91.0 	 0.4444444444444444 
850.0 	 1848 	 569 	 35.0 	 89.0 	 0.43548387096774194 
851.0 	 1850 	 569 	 35.0 	 90.0 	 0.44 
852.0 	 1852 	 569 	 89.0 	 36.0 	 0.424 
853.0 	 1855 	 569 	 34.0 	 90.0 	 0.45161290322580644 
854.0 	 1857 	 569 	 36.0 	 92.0 	 0.4375 
855.0 	 1860 	 569 	 36.0 	 91.0 	 0.4330708661417323 
856.0 	 1863 	 568 	 35.65740966796875 	 87.28083801269531 	 0.41991348761387937 
857.0 	 1865 	 569 	 36.0 	 90.0 	 0.42857142857142855 
858.0 	 1867 	 569 	 36.0 	 90.0 	 0.42857142857142855 
859.0 	 1869 	 569 	 35.0 	 89.0 	 0.43548387096774194 
860.0 	 1871 	 569 	 35.0 	 91.0 	 0.4444444444444444 
861.0 	 1873 	 569 	 35.0 	 92.0 	 0.44881889763779526 
862.0 	 1876 	 568 	 87.0 	 35.0 	 0.4262295081967213 
863.0 	 1878 	 568 	 35.0 	 90.0 	 0.44 
864.0 	 1880 	 568 	 35.0 	 88.0 	 0.43089430894308944 
865.0 	 1881 	 568 	 34.0 	 84.0 	 0.423728813559322 
866.0 	 1883 	 568 	 34.0 	 81.0 	 0.40869565217391307 
867.0 	 1884 	 568 	 36.0 	 80.0 	 0.3793103448275862 
868.0 	 1885 	 568 	 36.0 	 79.0 	 0.3739130434782609 
869.0 	 1887 	 568 	 37.0 	 75.0 	 0.3392857142857143 
870.0 	 1887 	 568 	 38.0 	 75.0 	 0.3274336283185841 
871.0 	 1887 	 568 	 37.0 	 74.0 	 0.3333333333333333 
872.0 	 1890 	 568 	 36.0 	 69.0 	 0.3142857142857143 
873.0 	 1890 	 568 	 36.0 	 67.0 	 0.30097087378640774 
874.0 	 1891 	 568 	 37.0 	 66.0 	 0.2815533980582524 
875.0 	 1893 	 568 	 35.0 	 61.0 	 0.2708333333333333 
876.0 	 1893 	 568 	 37.0 	 62.0 	 0.25252525252525254 
877.0 	 1894 	 568 	 35.0 	 57.0 	 0.2391304347826087 
878.0 	 1896 	 568 	 34.0 	 55.0 	 0.23595505617977527 
879.0 	 1896 	 569 	 34.0 	 54.0 	 0.22727272727272727 
880.0 	 1897 	 568 	 34.0 	 52.0 	 0.20930232558139536 
881.0 	 1899 	 568 	 34.0 	 48.0 	 0.17073170731707318 
882.0 	 1900 	 568 	 33.0 	 45.0 	 0.15384615384615385 
883.0 	 1900 	 569 	 33.0 	 45.0 	 0.15384615384615385 
884.0 	 1901 	 569 	 32.0 	 42.0 	 0.13513513513513514 
885.0 	 1902 	 568 	 30.0 	 39.0 	 0.13043478260869565 
886.0 	 1903 	 569 	 30.0 	 38.0 	 0.11764705882352941 
887.0 	 1904 	 569 	 29.0 	 35.0 	 0.09375 
888.0 	 1906 	 568 	 27.0 	 31.0 	 0.06896551724137931 
889.0 	 1906 	 569 	 26.0 	 30.0 	 0.07142857142857142 
890.0 	 1907 	 568 	 26.0 	 26.0 	 0.0 
