frame 	 x 	 y 	 width 	 height 	 deformation 
1.0 	 218 	 569 	 34.0 	 34.0 	 0.0 
2.0 	 218 	 568 	 33.0 	 32.0 	 0.015384615384615385 
3.0 	 218 	 568 	 33.0 	 33.0 	 0.0 
4.0 	 218 	 568 	 34.0 	 35.0 	 0.014492753623188406 
5.0 	 218 	 568 	 33.0 	 33.0 	 0.0 
6.0 	 218 	 568 	 34.0 	 35.0 	 0.014492753623188406 
7.0 	 218 	 568 	 34.0 	 35.0 	 0.014492753623188406 
8.0 	 218 	 568 	 33.0 	 33.0 	 0.0 
9.0 	 218 	 568 	 33.0 	 35.0 	 0.029411764705882353 
10.0 	 218 	 568 	 34.0 	 35.0 	 0.014492753623188406 
11.0 	 219 	 568 	 33.0 	 34.0 	 0.014925373134328358 
12.0 	 219 	 568 	 33.0 	 34.0 	 0.014925373134328358 
13.0 	 219 	 568 	 34.0 	 33.0 	 0.014925373134328358 
14.0 	 219 	 568 	 34.0 	 33.0 	 0.014925373134328358 
15.0 	 219 	 568 	 34.0 	 33.0 	 0.014925373134328358 
16.0 	 219 	 568 	 34.0 	 33.0 	 0.014925373134328358 
17.0 	 219 	 568 	 34.0 	 33.0 	 0.014925373134328358 
18.0 	 219 	 568 	 34.0 	 33.0 	 0.014925373134328358 
19.0 	 219 	 568 	 34.0 	 33.0 	 0.014925373134328358 
20.0 	 219 	 568 	 34.0 	 33.0 	 0.014925373134328358 
21.0 	 219 	 568 	 34.0 	 33.0 	 0.014925373134328358 
22.0 	 219 	 568 	 34.0 	 33.0 	 0.014925373134328358 
23.0 	 219 	 568 	 34.0 	 33.0 	 0.014925373134328358 
24.0 	 219 	 568 	 34.0 	 33.0 	 0.014925373134328358 
25.0 	 219 	 568 	 34.0 	 33.0 	 0.014925373134328358 
26.0 	 219 	 568 	 34.0 	 33.0 	 0.014925373134328358 
27.0 	 219 	 568 	 34.0 	 33.0 	 0.014925373134328358 
28.0 	 220 	 568 	 34.0 	 35.0 	 0.014492753623188406 
29.0 	 220 	 568 	 34.0 	 34.0 	 0.0 
30.0 	 220 	 568 	 34.0 	 34.0 	 0.0 
31.0 	 220 	 568 	 35.0 	 35.0 	 0.0 
32.0 	 220 	 568 	 34.0 	 33.0 	 0.014925373134328358 
33.0 	 220 	 568 	 33.98823165893555 	 33.98823165893555 	 0.0 
34.0 	 220 	 568 	 34.0 	 34.0 	 0.0 
35.0 	 220 	 568 	 34.0 	 34.0 	 0.0 
36.0 	 220 	 568 	 34.2750129699707 	 34.2750129699707 	 0.0 
37.0 	 220 	 568 	 35.0 	 34.0 	 0.014492753623188406 
38.0 	 220 	 568 	 34.0 	 33.0 	 0.014925373134328358 
39.0 	 220 	 568 	 34.0 	 33.0 	 0.014925373134328358 
40.0 	 220 	 568 	 35.0 	 34.0 	 0.014492753623188406 
41.0 	 220 	 568 	 35.0 	 34.0 	 0.014492753623188406 
42.0 	 220 	 568 	 34.0 	 33.0 	 0.014925373134328358 
43.0 	 220 	 568 	 35.0 	 34.0 	 0.014492753623188406 
44.0 	 220 	 568 	 34.0 	 34.0 	 0.0 
45.0 	 220 	 568 	 34.0 	 33.0 	 0.014925373134328358 
46.0 	 220 	 568 	 34.0 	 35.0 	 0.014492753623188406 
47.0 	 220 	 568 	 34.0 	 35.0 	 0.014492753623188406 
48.0 	 220 	 568 	 34.0 	 33.0 	 0.014925373134328358 
49.0 	 220 	 568 	 34.0 	 34.0 	 0.0 
50.0 	 221 	 568 	 34.0 	 35.0 	 0.014492753623188406 
51.0 	 220 	 568 	 34.0 	 33.0 	 0.014925373134328358 
52.0 	 221 	 568 	 34.0 	 33.0 	 0.014925373134328358 
53.0 	 221 	 568 	 35.0 	 35.0 	 0.0 
54.0 	 221 	 568 	 34.0 	 33.0 	 0.014925373134328358 
55.0 	 221 	 568 	 34.0 	 33.0 	 0.014925373134328358 
56.0 	 221 	 568 	 35.0 	 35.0 	 0.0 
57.0 	 221 	 568 	 34.0 	 33.0 	 0.014925373134328358 
58.0 	 221 	 568 	 34.0 	 33.0 	 0.014925373134328358 
59.0 	 221 	 568 	 35.0 	 35.0 	 0.0 
60.0 	 221 	 568 	 35.0 	 33.0 	 0.029411764705882353 
61.0 	 221 	 568 	 36.0 	 33.0 	 0.043478260869565216 
62.0 	 221 	 568 	 34.0 	 36.0 	 0.02857142857142857 
63.0 	 221 	 568 	 36.0 	 34.0 	 0.02857142857142857 
64.0 	 221 	 568 	 36.0 	 33.0 	 0.043478260869565216 
65.0 	 221 	 568 	 36.0 	 35.0 	 0.014084507042253521 
66.0 	 221 	 568 	 36.0 	 35.0 	 0.014084507042253521 
67.0 	 221 	 568 	 34.0 	 32.0 	 0.030303030303030304 
68.0 	 221 	 568 	 36.0 	 35.0 	 0.014084507042253521 
69.0 	 221 	 568 	 36.0 	 35.0 	 0.014084507042253521 
70.0 	 221 	 568 	 34.0 	 33.0 	 0.014925373134328358 
71.0 	 221 	 568 	 36.08536911010742 	 34.90867233276367 	 0.016574585041628287 
72.0 	 221 	 568 	 36.0 	 35.0 	 0.014084507042253521 
73.0 	 221 	 568 	 35.0 	 33.0 	 0.029411764705882353 
74.0 	 221 	 568 	 35.0 	 33.0 	 0.029411764705882353 
75.0 	 221 	 568 	 37.0 	 35.0 	 0.027777777777777776 
76.0 	 221 	 568 	 35.0 	 33.0 	 0.029411764705882353 
77.0 	 221 	 568 	 35.0 	 33.0 	 0.029411764705882353 
78.0 	 221 	 568 	 36.0 	 35.0 	 0.014084507042253521 
79.0 	 221 	 568 	 36.0 	 33.0 	 0.043478260869565216 
80.0 	 222 	 568 	 36.0 	 32.0 	 0.058823529411764705 
81.0 	 222 	 568 	 36.0 	 34.0 	 0.02857142857142857 
82.0 	 222 	 568 	 36.0 	 32.0 	 0.058823529411764705 
83.0 	 222 	 568 	 36.0 	 32.0 	 0.058823529411764705 
84.0 	 222 	 568 	 36.0 	 35.0 	 0.014084507042253521 
85.0 	 223 	 568 	 36.0 	 34.0 	 0.02857142857142857 
86.0 	 223 	 568 	 35.0 	 32.0 	 0.04477611940298507 
87.0 	 223 	 568 	 36.0 	 33.0 	 0.043478260869565216 
88.0 	 224 	 568 	 36.0 	 34.0 	 0.02857142857142857 
89.0 	 224 	 568 	 35.0 	 33.0 	 0.029411764705882353 
90.0 	 225 	 568 	 35.0 	 34.0 	 0.014492753623188406 
91.0 	 225 	 568 	 35.0 	 35.0 	 0.0 
92.0 	 226 	 568 	 35.0 	 33.0 	 0.029411764705882353 
93.0 	 227 	 568 	 34.68259048461914 	 35.16766357421875 	 0.0069444713714428485 
94.0 	 228 	 568 	 36.0 	 34.0 	 0.02857142857142857 
95.0 	 229 	 568 	 35.0 	 32.0 	 0.04477611940298507 
96.0 	 230 	 568 	 36.0 	 33.0 	 0.043478260869565216 
97.0 	 232 	 568 	 35.0 	 33.0 	 0.029411764705882353 
98.0 	 233 	 568 	 34.0 	 32.0 	 0.030303030303030304 
99.0 	 235 	 568 	 34.0 	 33.0 	 0.014925373134328358 
100.0 	 237 	 568 	 35.0 	 33.0 	 0.029411764705882353 
101.0 	 239 	 568 	 35.0 	 33.0 	 0.029411764705882353 
102.0 	 240 	 568 	 35.0 	 32.0 	 0.04477611940298507 
103.0 	 242 	 568 	 36.0 	 34.0 	 0.02857142857142857 
104.0 	 244 	 568 	 36.0 	 33.0 	 0.043478260869565216 
105.0 	 246 	 568 	 35.0 	 33.0 	 0.029411764705882353 
106.0 	 247 	 568 	 35.0 	 35.0 	 0.0 
107.0 	 249 	 568 	 35.0 	 34.0 	 0.014492753623188406 
108.0 	 251 	 568 	 34.0 	 32.0 	 0.030303030303030304 
109.0 	 253 	 568 	 35.0 	 34.0 	 0.014492753623188406 
110.0 	 255 	 568 	 34.0 	 34.0 	 0.0 
111.0 	 257 	 568 	 34.0 	 33.0 	 0.014925373134328358 
112.0 	 258 	 568 	 34.0 	 34.0 	 0.0 
113.0 	 260 	 568 	 34.0 	 34.0 	 0.0 
114.0 	 263 	 568 	 34.0 	 33.0 	 0.014925373134328358 
115.0 	 264 	 568 	 34.0 	 34.0 	 0.0 
116.0 	 266 	 568 	 35.0 	 35.0 	 0.0 
117.0 	 268 	 568 	 34.0 	 34.0 	 0.0 
118.0 	 270 	 568 	 34.0 	 35.0 	 0.014492753623188406 
119.0 	 272 	 568 	 35.0 	 35.0 	 0.0 
120.0 	 274 	 568 	 33.0 	 35.0 	 0.029411764705882353 
121.0 	 276 	 568 	 33.0 	 35.0 	 0.029411764705882353 
122.0 	 278 	 568 	 33.0 	 35.0 	 0.029411764705882353 
123.0 	 280 	 568 	 33.0 	 34.0 	 0.014925373134328358 
124.0 	 281 	 568 	 33.0 	 35.0 	 0.029411764705882353 
125.0 	 283 	 568 	 33.0 	 35.0 	 0.029411764705882353 
126.0 	 285 	 568 	 33.0 	 34.0 	 0.014925373134328358 
127.0 	 287 	 568 	 33.0 	 34.0 	 0.014925373134328358 
128.0 	 289 	 568 	 33.0 	 35.0 	 0.029411764705882353 
129.0 	 292 	 568 	 33.0 	 35.0 	 0.029411764705882353 
130.0 	 294 	 568 	 33.0 	 35.0 	 0.029411764705882353 
131.0 	 296 	 568 	 33.0 	 35.0 	 0.029411764705882353 
132.0 	 298 	 568 	 33.0 	 36.0 	 0.043478260869565216 
133.0 	 300 	 568 	 33.0 	 35.0 	 0.029411764705882353 
134.0 	 302 	 568 	 33.0 	 35.0 	 0.029411764705882353 
135.0 	 304 	 568 	 33.0 	 36.0 	 0.043478260869565216 
136.0 	 306 	 568 	 33.0 	 36.0 	 0.043478260869565216 
137.0 	 308 	 568 	 33.0 	 36.0 	 0.043478260869565216 
138.0 	 310 	 568 	 33.0 	 36.0 	 0.043478260869565216 
139.0 	 312 	 568 	 32.99323654174805 	 34.7297248840332 	 0.025641057415780665 
140.0 	 314 	 568 	 34.0 	 36.0 	 0.02857142857142857 
141.0 	 317 	 568 	 36.0 	 34.0 	 0.02857142857142857 
142.0 	 319 	 568 	 33.0 	 35.0 	 0.029411764705882353 
143.0 	 321 	 568 	 32.0 	 36.0 	 0.058823529411764705 
144.0 	 323 	 568 	 32.0 	 37.0 	 0.07246376811594203 
145.0 	 325 	 568 	 34.0 	 36.0 	 0.02857142857142857 
146.0 	 327 	 568 	 34.0 	 36.0 	 0.02857142857142857 
147.0 	 329 	 568 	 33.0 	 36.0 	 0.043478260869565216 
148.0 	 331 	 568 	 33.0 	 36.0 	 0.043478260869565216 
149.0 	 333 	 568 	 33.0 	 36.0 	 0.043478260869565216 
150.0 	 335 	 568 	 34.0 	 37.0 	 0.04225352112676056 
151.0 	 338 	 568 	 34.0 	 36.0 	 0.02857142857142857 
152.0 	 340 	 567 	 33.0 	 37.0 	 0.05714285714285714 
153.0 	 342 	 567 	 33.0 	 37.0 	 0.05714285714285714 
154.0 	 344 	 567 	 33.0 	 36.0 	 0.043478260869565216 
155.0 	 347 	 567 	 33.0 	 37.0 	 0.05714285714285714 
156.0 	 349 	 568 	 33.0 	 37.0 	 0.05714285714285714 
157.0 	 351 	 567 	 33.0 	 36.0 	 0.043478260869565216 
158.0 	 352 	 567 	 33.0 	 36.0 	 0.043478260869565216 
159.0 	 355 	 567 	 33.0 	 36.0 	 0.043478260869565216 
160.0 	 357 	 567 	 33.0 	 36.0 	 0.043478260869565216 
161.0 	 359 	 567 	 33.0 	 36.0 	 0.043478260869565216 
162.0 	 362 	 567 	 33.0 	 37.0 	 0.05714285714285714 
163.0 	 364 	 567 	 33.0 	 35.0 	 0.029411764705882353 
164.0 	 366 	 567 	 33.0 	 36.0 	 0.043478260869565216 
165.0 	 368 	 567 	 33.0 	 36.0 	 0.043478260869565216 
166.0 	 370 	 567 	 33.0 	 36.0 	 0.043478260869565216 
167.0 	 373 	 567 	 33.0 	 37.0 	 0.05714285714285714 
168.0 	 375 	 567 	 33.0 	 38.0 	 0.07042253521126761 
169.0 	 377 	 567 	 33.0 	 37.0 	 0.05714285714285714 
170.0 	 379 	 567 	 33.0 	 36.0 	 0.043478260869565216 
171.0 	 381 	 567 	 33.0 	 37.0 	 0.05714285714285714 
172.0 	 383 	 567 	 33.0 	 36.0 	 0.043478260869565216 
173.0 	 386 	 567 	 33.0 	 36.0 	 0.043478260869565216 
174.0 	 388 	 567 	 33.0 	 38.0 	 0.07042253521126761 
175.0 	 390 	 567 	 33.0 	 36.0 	 0.043478260869565216 
176.0 	 392 	 567 	 33.0 	 35.0 	 0.029411764705882353 
177.0 	 394 	 567 	 34.0 	 37.0 	 0.04225352112676056 
178.0 	 396 	 567 	 34.0 	 37.0 	 0.04225352112676056 
179.0 	 399 	 567 	 34.0 	 35.0 	 0.014492753623188406 
180.0 	 401 	 567 	 34.0 	 37.0 	 0.04225352112676056 
181.0 	 403 	 567 	 37.0 	 34.0 	 0.04225352112676056 
182.0 	 406 	 567 	 32.0 	 36.0 	 0.058823529411764705 
183.0 	 408 	 567 	 32.0 	 37.0 	 0.07246376811594203 
184.0 	 410 	 567 	 34.0 	 38.0 	 0.05555555555555555 
185.0 	 412 	 567 	 33.0 	 37.0 	 0.05714285714285714 
186.0 	 414 	 567 	 34.0 	 37.0 	 0.04225352112676056 
187.0 	 417 	 567 	 34.0 	 38.0 	 0.05555555555555555 
188.0 	 419 	 567 	 32.0 	 37.0 	 0.07246376811594203 
189.0 	 421 	 567 	 33.0 	 37.0 	 0.05714285714285714 
190.0 	 423 	 567 	 33.0 	 38.0 	 0.07042253521126761 
191.0 	 426 	 567 	 36.0 	 33.0 	 0.043478260869565216 
192.0 	 428 	 567 	 33.0 	 37.0 	 0.05714285714285714 
193.0 	 430 	 567 	 33.0 	 37.0 	 0.05714285714285714 
194.0 	 432 	 567 	 33.0 	 37.0 	 0.05714285714285714 
195.0 	 435 	 567 	 33.0 	 37.0 	 0.05714285714285714 
196.0 	 437 	 567 	 33.0 	 38.0 	 0.07042253521126761 
197.0 	 439 	 567 	 33.0 	 37.0 	 0.05714285714285714 
198.0 	 441 	 567 	 33.0 	 36.0 	 0.043478260869565216 
199.0 	 444 	 567 	 34.0 	 37.0 	 0.04225352112676056 
200.0 	 446 	 567 	 34.0 	 37.0 	 0.04225352112676056 
201.0 	 448 	 568 	 33.0 	 37.0 	 0.05714285714285714 
202.0 	 450 	 567 	 34.0 	 38.0 	 0.05555555555555555 
203.0 	 452 	 567 	 34.0 	 38.0 	 0.05555555555555555 
204.0 	 454 	 567 	 33.0 	 36.0 	 0.043478260869565216 
205.0 	 456 	 567 	 32.0 	 37.0 	 0.07246376811594203 
206.0 	 459 	 567 	 32.0 	 39.0 	 0.09859154929577464 
207.0 	 461 	 567 	 32.0 	 37.0 	 0.07246376811594203 
208.0 	 463 	 567 	 33.0 	 38.0 	 0.07042253521126761 
209.0 	 465 	 567 	 32.0 	 38.0 	 0.08571428571428572 
210.0 	 467 	 567 	 32.0 	 37.0 	 0.07246376811594203 
211.0 	 469 	 567 	 32.0 	 37.0 	 0.07246376811594203 
212.0 	 471 	 567 	 33.0 	 39.0 	 0.08333333333333333 
213.0 	 473 	 567 	 32.0 	 37.0 	 0.07246376811594203 
214.0 	 476 	 567 	 32.0 	 38.0 	 0.08571428571428572 
215.0 	 478 	 567 	 32.0 	 38.0 	 0.08571428571428572 
216.0 	 480 	 567 	 32.0 	 37.0 	 0.07246376811594203 
217.0 	 482 	 566 	 33.0 	 36.0 	 0.043478260869565216 
218.0 	 484 	 567 	 33.0 	 37.0 	 0.05714285714285714 
219.0 	 486 	 567 	 33.0 	 37.0 	 0.05714285714285714 
220.0 	 489 	 567 	 32.0 	 35.0 	 0.04477611940298507 
221.0 	 491 	 567 	 33.0 	 38.0 	 0.07042253521126761 
222.0 	 493 	 567 	 33.0 	 37.0 	 0.05714285714285714 
223.0 	 495 	 567 	 35.0 	 33.0 	 0.029411764705882353 
224.0 	 497 	 567 	 34.0 	 37.0 	 0.04225352112676056 
225.0 	 499 	 567 	 36.06244659423828 	 34.64822769165039 	 0.020000076606116007 
226.0 	 502 	 566 	 33.0 	 35.0 	 0.029411764705882353 
227.0 	 504 	 567 	 33.0 	 36.0 	 0.043478260869565216 
228.0 	 507 	 567 	 34.0 	 37.0 	 0.04225352112676056 
229.0 	 509 	 566 	 33.0 	 34.0 	 0.014925373134328358 
230.0 	 512 	 566 	 33.0 	 36.0 	 0.043478260869565216 
231.0 	 513 	 566 	 32.0 	 38.0 	 0.08571428571428572 
232.0 	 516 	 566 	 32.0 	 36.0 	 0.058823529411764705 
233.0 	 518 	 566 	 32.0 	 37.0 	 0.07246376811594203 
234.0 	 520 	 566 	 33.0 	 38.0 	 0.07042253521126761 
235.0 	 522 	 567 	 33.0 	 36.0 	 0.043478260869565216 
236.0 	 524 	 566 	 33.0 	 36.0 	 0.043478260869565216 
237.0 	 527 	 567 	 33.0 	 37.0 	 0.05714285714285714 
238.0 	 529 	 566 	 32.0 	 36.0 	 0.058823529411764705 
239.0 	 531 	 566 	 32.0 	 35.0 	 0.04477611940298507 
240.0 	 533 	 566 	 33.0 	 35.0 	 0.029411764705882353 
241.0 	 536 	 566 	 32.0 	 35.0 	 0.04477611940298507 
242.0 	 538 	 566 	 32.0 	 35.0 	 0.04477611940298507 
243.0 	 540 	 566 	 32.0 	 37.0 	 0.07246376811594203 
244.0 	 542 	 566 	 32.0 	 35.0 	 0.04477611940298507 
245.0 	 544 	 566 	 32.0 	 35.0 	 0.04477611940298507 
246.0 	 546 	 566 	 33.0 	 35.0 	 0.029411764705882353 
247.0 	 548 	 566 	 33.0 	 35.0 	 0.029411764705882353 
248.0 	 550 	 566 	 32.0 	 34.0 	 0.030303030303030304 
249.0 	 552 	 566 	 33.0 	 37.0 	 0.05714285714285714 
250.0 	 555 	 566 	 33.0 	 38.0 	 0.07042253521126761 
251.0 	 558 	 566 	 32.0 	 37.0 	 0.07246376811594203 
252.0 	 560 	 567 	 32.0 	 38.0 	 0.08571428571428572 
253.0 	 562 	 567 	 33.0 	 38.0 	 0.07042253521126761 
254.0 	 564 	 567 	 33.0 	 38.0 	 0.07042253521126761 
255.0 	 566 	 567 	 33.0 	 38.0 	 0.07042253521126761 
256.0 	 568 	 567 	 34.0 	 39.0 	 0.0684931506849315 
257.0 	 571 	 567 	 33.0 	 38.0 	 0.07042253521126761 
258.0 	 573 	 566 	 33.0 	 38.0 	 0.07042253521126761 
259.0 	 576 	 566 	 33.0 	 39.0 	 0.08333333333333333 
260.0 	 578 	 566 	 33.0 	 36.0 	 0.043478260869565216 
261.0 	 580 	 566 	 33.0 	 37.0 	 0.05714285714285714 
262.0 	 582 	 566 	 33.0 	 38.0 	 0.07042253521126761 
263.0 	 585 	 566 	 33.0 	 37.0 	 0.05714285714285714 
264.0 	 586 	 566 	 33.0 	 37.0 	 0.05714285714285714 
265.0 	 588 	 566 	 33.0 	 37.0 	 0.05714285714285714 
266.0 	 591 	 567 	 33.0 	 37.0 	 0.05714285714285714 
267.0 	 593 	 566 	 33.0 	 38.0 	 0.07042253521126761 
268.0 	 595 	 566 	 33.0 	 38.0 	 0.07042253521126761 
269.0 	 597 	 566 	 34.0 	 38.0 	 0.05555555555555555 
270.0 	 599 	 566 	 33.0 	 38.0 	 0.07042253521126761 
271.0 	 601 	 566 	 33.0 	 38.0 	 0.07042253521126761 
272.0 	 603 	 566 	 33.0 	 39.0 	 0.08333333333333333 
273.0 	 606 	 566 	 33.0 	 38.0 	 0.07042253521126761 
274.0 	 608 	 566 	 33.0 	 38.0 	 0.07042253521126761 
275.0 	 610 	 566 	 33.0 	 38.0 	 0.07042253521126761 
276.0 	 612 	 566 	 38.0 	 34.0 	 0.05555555555555555 
277.0 	 615 	 566 	 33.0 	 38.0 	 0.07042253521126761 
278.0 	 617 	 566 	 33.0 	 38.0 	 0.07042253521126761 
279.0 	 619 	 566 	 33.0 	 38.0 	 0.07042253521126761 
280.0 	 621 	 566 	 34.0 	 39.0 	 0.0684931506849315 
281.0 	 624 	 566 	 34.0 	 38.0 	 0.05555555555555555 
282.0 	 626 	 566 	 34.0 	 38.0 	 0.05555555555555555 
283.0 	 628 	 566 	 34.0 	 39.0 	 0.0684931506849315 
284.0 	 630 	 566 	 33.0 	 38.0 	 0.07042253521126761 
285.0 	 633 	 566 	 33.0 	 38.0 	 0.07042253521126761 
286.0 	 635 	 566 	 33.0 	 39.0 	 0.08333333333333333 
287.0 	 637 	 566 	 33.0 	 38.0 	 0.07042253521126761 
288.0 	 639 	 566 	 33.0 	 37.0 	 0.05714285714285714 
289.0 	 641 	 566 	 33.0 	 38.0 	 0.07042253521126761 
290.0 	 643 	 566 	 33.0 	 39.0 	 0.08333333333333333 
291.0 	 646 	 566 	 34.0 	 38.0 	 0.05555555555555555 
292.0 	 648 	 566 	 34.0 	 39.0 	 0.0684931506849315 
293.0 	 650 	 566 	 39.04823303222656 	 33.95498275756836 	 0.06976747831662213 
294.0 	 652 	 566 	 38.57978057861328 	 34.15259552001953 	 0.06086952325866568 
295.0 	 654 	 566 	 34.0 	 39.0 	 0.0684931506849315 
296.0 	 657 	 566 	 34.0 	 39.0 	 0.0684931506849315 
297.0 	 659 	 566 	 34.0 	 38.0 	 0.05555555555555555 
298.0 	 661 	 566 	 34.0 	 39.0 	 0.0684931506849315 
299.0 	 664 	 566 	 38.507938385009766 	 34.229278564453125 	 0.058823529411764705 
300.0 	 666 	 566 	 34.0 	 38.0 	 0.05555555555555555 
301.0 	 668 	 566 	 33.0 	 38.0 	 0.07042253521126761 
302.0 	 670 	 566 	 33.0 	 39.0 	 0.08333333333333333 
303.0 	 672 	 566 	 33.0 	 37.0 	 0.05714285714285714 
304.0 	 675 	 566 	 33.0 	 39.0 	 0.08333333333333333 
305.0 	 677 	 566 	 33.0 	 39.0 	 0.08333333333333333 
306.0 	 679 	 566 	 33.0 	 38.0 	 0.07042253521126761 
307.0 	 682 	 566 	 33.0 	 39.0 	 0.08333333333333333 
308.0 	 684 	 566 	 34.0 	 39.0 	 0.0684931506849315 
309.0 	 686 	 566 	 34.0 	 38.0 	 0.05555555555555555 
310.0 	 688 	 566 	 33.0 	 39.0 	 0.08333333333333333 
311.0 	 690 	 566 	 34.0 	 39.0 	 0.0684931506849315 
312.0 	 693 	 566 	 33.0 	 38.0 	 0.07042253521126761 
313.0 	 695 	 566 	 32.0 	 38.0 	 0.08571428571428572 
314.0 	 697 	 566 	 33.0 	 39.0 	 0.08333333333333333 
315.0 	 700 	 566 	 33.0 	 38.0 	 0.07042253521126761 
316.0 	 702 	 566 	 34.0 	 37.0 	 0.04225352112676056 
317.0 	 704 	 566 	 33.0 	 39.0 	 0.08333333333333333 
318.0 	 707 	 566 	 33.0 	 39.0 	 0.08333333333333333 
319.0 	 709 	 566 	 33.0 	 38.0 	 0.07042253521126761 
320.0 	 711 	 566 	 33.0 	 39.0 	 0.08333333333333333 
321.0 	 713 	 566 	 33.0 	 39.0 	 0.08333333333333333 
322.0 	 716 	 566 	 32.0 	 38.0 	 0.08571428571428572 
323.0 	 718 	 566 	 32.0 	 39.0 	 0.09859154929577464 
324.0 	 720 	 566 	 32.0 	 39.0 	 0.09859154929577464 
325.0 	 722 	 566 	 37.81137466430664 	 33.13289260864258 	 0.06594587886381555 
326.0 	 725 	 566 	 34.0 	 38.0 	 0.05555555555555555 
327.0 	 727 	 566 	 34.0 	 39.0 	 0.0684931506849315 
328.0 	 730 	 566 	 33.0 	 38.0 	 0.07042253521126761 
329.0 	 732 	 566 	 33.0 	 38.0 	 0.07042253521126761 
330.0 	 734 	 566 	 33.0 	 39.0 	 0.08333333333333333 
331.0 	 737 	 566 	 38.613624572753906 	 33.298828125 	 0.07390648279084364 
332.0 	 739 	 566 	 33.0 	 38.0 	 0.07042253521126761 
333.0 	 741 	 566 	 33.0 	 39.0 	 0.08333333333333333 
334.0 	 743 	 566 	 33.0 	 39.0 	 0.08333333333333333 
335.0 	 746 	 566 	 33.0 	 38.0 	 0.07042253521126761 
336.0 	 748 	 566 	 33.0 	 40.0 	 0.0958904109589041 
337.0 	 750 	 566 	 33.0 	 39.0 	 0.08333333333333333 
338.0 	 753 	 566 	 33.0 	 37.0 	 0.05714285714285714 
339.0 	 755 	 566 	 33.0 	 39.0 	 0.08333333333333333 
340.0 	 757 	 566 	 33.0 	 38.0 	 0.07042253521126761 
341.0 	 759 	 566 	 33.0 	 37.0 	 0.05714285714285714 
342.0 	 762 	 566 	 33.0 	 37.0 	 0.05714285714285714 
343.0 	 764 	 565 	 33.0 	 38.0 	 0.07042253521126761 
344.0 	 767 	 566 	 33.0 	 37.0 	 0.05714285714285714 
345.0 	 769 	 566 	 33.0 	 38.0 	 0.07042253521126761 
346.0 	 771 	 566 	 33.0 	 39.0 	 0.08333333333333333 
347.0 	 774 	 566 	 33.0 	 37.0 	 0.05714285714285714 
348.0 	 776 	 566 	 33.0 	 38.0 	 0.07042253521126761 
349.0 	 778 	 566 	 33.0 	 37.0 	 0.05714285714285714 
350.0 	 780 	 566 	 33.0 	 36.0 	 0.043478260869565216 
351.0 	 783 	 565 	 33.0 	 37.0 	 0.05714285714285714 
352.0 	 785 	 566 	 33.0 	 38.0 	 0.07042253521126761 
353.0 	 788 	 566 	 33.0 	 37.0 	 0.05714285714285714 
354.0 	 790 	 566 	 33.0 	 37.0 	 0.05714285714285714 
355.0 	 793 	 566 	 38.07809066772461 	 33.22737503051758 	 0.0680272625626595 
356.0 	 795 	 566 	 37.654300689697266 	 32.75139617919922 	 0.06963789478041556 
357.0 	 797 	 566 	 36.816375732421875 	 32.83622741699219 	 0.05714285088371704 
358.0 	 799 	 566 	 38.04146957397461 	 32.74940490722656 	 0.07475631153777282 
359.0 	 802 	 566 	 32.0 	 38.0 	 0.08571428571428572 
360.0 	 804 	 566 	 32.25723648071289 	 37.83555603027344 	 0.07958478111264011 
361.0 	 806 	 566 	 31.0 	 38.0 	 0.10144927536231885 
362.0 	 809 	 566 	 31.0 	 37.0 	 0.08823529411764706 
363.0 	 812 	 566 	 31.0 	 36.0 	 0.07462686567164178 
364.0 	 814 	 566 	 31.0 	 37.0 	 0.08823529411764706 
365.0 	 817 	 566 	 29.0 	 38.0 	 0.13432835820895522 
366.0 	 819 	 566 	 30.0 	 37.0 	 0.1044776119402985 
367.0 	 821 	 566 	 30.4224910736084 	 38.33091354370117 	 0.11502590328598396 
368.0 	 824 	 566 	 30.0 	 38.0 	 0.11764705882352941 
369.0 	 827 	 566 	 30.0 	 37.0 	 0.1044776119402985 
370.0 	 829 	 566 	 30.0 	 38.0 	 0.11764705882352941 
371.0 	 832 	 566 	 30.0 	 39.0 	 0.13043478260869565 
372.0 	 835 	 566 	 29.0 	 38.0 	 0.13432835820895522 
373.0 	 837 	 565 	 31.0 	 37.0 	 0.08823529411764706 
374.0 	 839 	 565 	 38.450767517089844 	 32.37306594848633 	 0.08581435473353154 
375.0 	 842 	 565 	 31.0 	 38.0 	 0.10144927536231885 
376.0 	 844 	 565 	 31.0 	 38.0 	 0.10144927536231885 
377.0 	 846 	 565 	 31.0 	 38.0 	 0.10144927536231885 
378.0 	 849 	 565 	 31.0 	 37.0 	 0.08823529411764706 
379.0 	 851 	 565 	 31.0 	 38.0 	 0.10144927536231885 
380.0 	 853 	 565 	 39.20319366455078 	 31.804283142089844 	 0.10419903445673472 
381.0 	 856 	 565 	 32.0 	 38.0 	 0.08571428571428572 
382.0 	 858 	 565 	 39.1737174987793 	 31.678386688232422 	 0.10578840101577229 
383.0 	 861 	 565 	 38.87190628051758 	 32.025142669677734 	 0.09657332303985809 
384.0 	 863 	 565 	 32.0 	 38.0 	 0.08571428571428572 
385.0 	 865 	 565 	 32.0 	 37.0 	 0.07246376811594203 
386.0 	 868 	 565 	 33.0 	 38.0 	 0.07042253521126761 
387.0 	 870 	 565 	 32.0 	 38.0 	 0.08571428571428572 
388.0 	 873 	 565 	 32.0 	 38.0 	 0.08571428571428572 
389.0 	 876 	 565 	 32.0 	 38.0 	 0.08571428571428572 
390.0 	 878 	 565 	 32.0 	 38.0 	 0.08571428571428572 
391.0 	 880 	 565 	 32.0 	 38.0 	 0.08571428571428572 
392.0 	 883 	 565 	 32.0 	 37.0 	 0.07246376811594203 
393.0 	 885 	 565 	 32.0 	 38.0 	 0.08571428571428572 
394.0 	 888 	 565 	 32.0 	 38.0 	 0.08571428571428572 
395.0 	 890 	 565 	 33.0 	 38.0 	 0.07042253521126761 
396.0 	 892 	 565 	 32.0 	 38.0 	 0.08571428571428572 
397.0 	 894 	 565 	 32.0 	 38.0 	 0.08571428571428572 
398.0 	 897 	 565 	 32.0 	 38.0 	 0.08571428571428572 
399.0 	 899 	 565 	 32.0 	 38.0 	 0.08571428571428572 
400.0 	 902 	 565 	 32.0 	 38.0 	 0.08571428571428572 
401.0 	 904 	 565 	 32.0 	 38.0 	 0.08571428571428572 
402.0 	 907 	 565 	 32.0 	 39.0 	 0.09859154929577464 
403.0 	 909 	 565 	 31.0 	 37.0 	 0.08823529411764706 
404.0 	 911 	 565 	 32.0 	 38.0 	 0.08571428571428572 
405.0 	 914 	 565 	 32.0 	 37.0 	 0.07246376811594203 
406.0 	 916 	 565 	 32.0 	 38.0 	 0.08571428571428572 
407.0 	 918 	 565 	 32.0 	 38.0 	 0.08571428571428572 
408.0 	 921 	 565 	 32.0 	 38.0 	 0.08571428571428572 
409.0 	 923 	 565 	 31.0 	 38.0 	 0.10144927536231885 
410.0 	 925 	 565 	 31.0 	 38.0 	 0.10144927536231885 
411.0 	 927 	 565 	 31.0 	 38.0 	 0.10144927536231885 
412.0 	 930 	 565 	 31.0 	 38.0 	 0.10144927536231885 
413.0 	 932 	 565 	 31.0 	 38.0 	 0.10144927536231885 
414.0 	 934 	 565 	 32.0 	 38.0 	 0.08571428571428572 
415.0 	 937 	 565 	 32.0 	 38.0 	 0.08571428571428572 
416.0 	 939 	 565 	 32.0 	 38.0 	 0.08571428571428572 
417.0 	 941 	 565 	 32.0 	 39.0 	 0.09859154929577464 
418.0 	 944 	 565 	 31.0 	 38.0 	 0.10144927536231885 
419.0 	 946 	 565 	 31.0 	 38.0 	 0.10144927536231885 
420.0 	 948 	 565 	 31.0 	 39.0 	 0.11428571428571428 
421.0 	 950 	 565 	 31.0 	 37.0 	 0.08823529411764706 
422.0 	 953 	 564 	 31.0 	 37.0 	 0.08823529411764706 
423.0 	 955 	 564 	 31.0 	 39.0 	 0.11428571428571428 
424.0 	 957 	 565 	 31.0 	 38.0 	 0.10144927536231885 
425.0 	 960 	 564 	 31.0 	 38.0 	 0.10144927536231885 
426.0 	 962 	 564 	 32.0 	 39.0 	 0.09859154929577464 
427.0 	 964 	 564 	 32.0 	 38.0 	 0.08571428571428572 
428.0 	 967 	 564 	 32.0 	 38.0 	 0.08571428571428572 
429.0 	 969 	 564 	 32.0 	 38.0 	 0.08571428571428572 
430.0 	 971 	 564 	 32.0 	 38.0 	 0.08571428571428572 
431.0 	 973 	 564 	 32.0 	 38.0 	 0.08571428571428572 
432.0 	 976 	 564 	 32.0 	 38.0 	 0.08571428571428572 
433.0 	 978 	 564 	 39.0 	 32.0 	 0.09859154929577464 
434.0 	 980 	 564 	 32.0 	 38.0 	 0.08571428571428572 
435.0 	 983 	 564 	 32.0 	 38.0 	 0.08571428571428572 
436.0 	 985 	 564 	 31.0 	 39.0 	 0.11428571428571428 
437.0 	 987 	 564 	 31.0 	 38.0 	 0.10144927536231885 
438.0 	 989 	 564 	 31.0 	 38.0 	 0.10144927536231885 
439.0 	 992 	 564 	 31.0 	 38.0 	 0.10144927536231885 
440.0 	 994 	 564 	 31.0 	 38.0 	 0.10144927536231885 
441.0 	 996 	 565 	 32.0 	 39.0 	 0.09859154929577464 
442.0 	 998 	 564 	 32.0 	 39.0 	 0.09859154929577464 
443.0 	 1001 	 564 	 32.0 	 38.0 	 0.08571428571428572 
444.0 	 1003 	 564 	 32.0 	 38.0 	 0.08571428571428572 
445.0 	 1005 	 564 	 31.0 	 38.0 	 0.10144927536231885 
446.0 	 1007 	 564 	 31.0 	 38.0 	 0.10144927536231885 
447.0 	 1009 	 564 	 32.0 	 38.0 	 0.08571428571428572 
448.0 	 1011 	 564 	 32.0 	 40.0 	 0.1111111111111111 
449.0 	 1014 	 564 	 32.0 	 39.0 	 0.09859154929577464 
450.0 	 1016 	 564 	 31.0 	 38.0 	 0.10144927536231885 
451.0 	 1019 	 564 	 31.0 	 38.0 	 0.10144927536231885 
452.0 	 1021 	 564 	 31.0 	 39.0 	 0.11428571428571428 
453.0 	 1023 	 564 	 31.0 	 37.0 	 0.08823529411764706 
454.0 	 1025 	 564 	 38.0 	 32.0 	 0.08571428571428572 
455.0 	 1027 	 564 	 32.0 	 38.0 	 0.08571428571428572 
456.0 	 1029 	 564 	 32.0 	 38.0 	 0.08571428571428572 
457.0 	 1031 	 564 	 31.0 	 38.0 	 0.10144927536231885 
458.0 	 1034 	 564 	 31.0 	 39.0 	 0.11428571428571428 
459.0 	 1036 	 564 	 31.0 	 37.0 	 0.08823529411764706 
460.0 	 1038 	 564 	 32.0 	 38.0 	 0.08571428571428572 
461.0 	 1040 	 564 	 32.0 	 39.0 	 0.09859154929577464 
462.0 	 1043 	 564 	 30.0 	 37.0 	 0.1044776119402985 
463.0 	 1045 	 564 	 30.0 	 38.0 	 0.11764705882352941 
464.0 	 1047 	 564 	 30.0 	 38.0 	 0.11764705882352941 
465.0 	 1049 	 564 	 30.0 	 37.0 	 0.1044776119402985 
466.0 	 1051 	 564 	 30.0 	 37.0 	 0.1044776119402985 
467.0 	 1054 	 564 	 31.0 	 38.0 	 0.10144927536231885 
468.0 	 1056 	 564 	 31.0 	 38.0 	 0.10144927536231885 
469.0 	 1058 	 564 	 32.0 	 37.0 	 0.07246376811594203 
470.0 	 1060 	 564 	 38.0 	 32.0 	 0.08571428571428572 
471.0 	 1063 	 564 	 31.0 	 37.0 	 0.08823529411764706 
472.0 	 1065 	 564 	 31.0 	 37.0 	 0.08823529411764706 
473.0 	 1067 	 564 	 38.30893325805664 	 31.74168586730957 	 0.09375002637726848 
474.0 	 1069 	 564 	 31.0 	 38.0 	 0.10144927536231885 
475.0 	 1072 	 564 	 32.0 	 37.0 	 0.07246376811594203 
476.0 	 1074 	 564 	 32.0 	 38.0 	 0.08571428571428572 
477.0 	 1076 	 564 	 32.0 	 38.0 	 0.08571428571428572 
478.0 	 1078 	 564 	 32.0 	 36.0 	 0.058823529411764705 
479.0 	 1080 	 564 	 32.0 	 37.0 	 0.07246376811594203 
480.0 	 1083 	 564 	 32.0 	 38.0 	 0.08571428571428572 
481.0 	 1085 	 564 	 30.0 	 37.0 	 0.1044776119402985 
482.0 	 1087 	 564 	 30.0 	 38.0 	 0.11764705882352941 
483.0 	 1089 	 564 	 31.0 	 39.0 	 0.11428571428571428 
484.0 	 1091 	 564 	 31.0 	 37.0 	 0.08823529411764706 
485.0 	 1094 	 564 	 31.0 	 38.0 	 0.10144927536231885 
486.0 	 1096 	 564 	 31.0 	 38.0 	 0.10144927536231885 
487.0 	 1098 	 564 	 31.0 	 37.0 	 0.08823529411764706 
488.0 	 1100 	 564 	 31.0 	 37.0 	 0.08823529411764706 
489.0 	 1103 	 564 	 31.0 	 38.0 	 0.10144927536231885 
490.0 	 1105 	 564 	 30.0 	 37.0 	 0.1044776119402985 
491.0 	 1107 	 564 	 30.0 	 37.0 	 0.1044776119402985 
492.0 	 1109 	 564 	 31.0 	 38.0 	 0.10144927536231885 
493.0 	 1111 	 564 	 31.0 	 38.0 	 0.10144927536231885 
494.0 	 1114 	 564 	 31.0 	 36.0 	 0.07462686567164178 
495.0 	 1116 	 564 	 31.0 	 37.0 	 0.08823529411764706 
496.0 	 1118 	 564 	 31.0 	 37.0 	 0.08823529411764706 
497.0 	 1120 	 564 	 31.0 	 37.0 	 0.08823529411764706 
498.0 	 1122 	 564 	 31.0 	 39.0 	 0.11428571428571428 
499.0 	 1125 	 564 	 31.0 	 38.0 	 0.10144927536231885 
500.0 	 1127 	 564 	 31.0 	 38.0 	 0.10144927536231885 
501.0 	 1129 	 564 	 31.0 	 37.0 	 0.08823529411764706 
502.0 	 1131 	 564 	 31.0 	 37.0 	 0.08823529411764706 
503.0 	 1133 	 564 	 31.0 	 37.0 	 0.08823529411764706 
504.0 	 1135 	 564 	 31.0 	 37.0 	 0.08823529411764706 
505.0 	 1138 	 564 	 31.0 	 38.0 	 0.10144927536231885 
506.0 	 1140 	 564 	 31.0 	 37.0 	 0.08823529411764706 
507.0 	 1142 	 564 	 31.0 	 37.0 	 0.08823529411764706 
508.0 	 1144 	 564 	 31.0 	 38.0 	 0.10144927536231885 
509.0 	 1147 	 564 	 31.0 	 37.0 	 0.08823529411764706 
510.0 	 1149 	 564 	 31.0 	 36.0 	 0.07462686567164178 
511.0 	 1151 	 564 	 31.0 	 37.0 	 0.08823529411764706 
512.0 	 1153 	 564 	 31.0 	 36.0 	 0.07462686567164178 
513.0 	 1155 	 564 	 30.0 	 37.0 	 0.1044776119402985 
514.0 	 1158 	 564 	 30.0 	 37.0 	 0.1044776119402985 
515.0 	 1160 	 564 	 30.0 	 37.0 	 0.1044776119402985 
516.0 	 1162 	 564 	 30.0 	 38.0 	 0.11764705882352941 
517.0 	 1164 	 564 	 29.0 	 37.0 	 0.12121212121212122 
518.0 	 1166 	 564 	 30.0 	 38.0 	 0.11764705882352941 
519.0 	 1169 	 564 	 30.0 	 36.0 	 0.09090909090909091 
520.0 	 1170 	 564 	 31.0 	 37.0 	 0.08823529411764706 
521.0 	 1173 	 564 	 31.0 	 38.0 	 0.10144927536231885 
522.0 	 1175 	 564 	 31.0 	 37.0 	 0.08823529411764706 
523.0 	 1177 	 564 	 31.0 	 36.0 	 0.07462686567164178 
524.0 	 1179 	 564 	 31.0 	 37.0 	 0.08823529411764706 
525.0 	 1182 	 564 	 31.0 	 38.0 	 0.10144927536231885 
526.0 	 1184 	 564 	 31.0 	 37.0 	 0.08823529411764706 
527.0 	 1186 	 564 	 31.0 	 37.0 	 0.08823529411764706 
528.0 	 1188 	 564 	 31.0 	 36.0 	 0.07462686567164178 
529.0 	 1190 	 564 	 30.0 	 36.0 	 0.09090909090909091 
530.0 	 1192 	 564 	 30.0 	 36.0 	 0.09090909090909091 
531.0 	 1194 	 564 	 30.0 	 37.0 	 0.1044776119402985 
532.0 	 1196 	 564 	 30.0 	 37.0 	 0.1044776119402985 
533.0 	 1198 	 564 	 30.0 	 36.0 	 0.09090909090909091 
534.0 	 1200 	 564 	 30.0 	 37.0 	 0.1044776119402985 
535.0 	 1203 	 564 	 30.0 	 36.0 	 0.09090909090909091 
536.0 	 1205 	 564 	 29.0 	 36.0 	 0.1076923076923077 
537.0 	 1207 	 564 	 29.0 	 36.0 	 0.1076923076923077 
538.0 	 1209 	 564 	 30.0 	 37.0 	 0.1044776119402985 
539.0 	 1211 	 564 	 28.0 	 36.0 	 0.125 
540.0 	 1213 	 564 	 29.0 	 37.0 	 0.12121212121212122 
541.0 	 1215 	 564 	 28.0 	 37.0 	 0.13846153846153847 
542.0 	 1217 	 564 	 35.0 	 29.0 	 0.09375 
543.0 	 1220 	 564 	 29.0 	 36.0 	 0.1076923076923077 
544.0 	 1222 	 564 	 29.0 	 36.0 	 0.1076923076923077 
545.0 	 1224 	 564 	 29.0 	 36.0 	 0.1076923076923077 
546.0 	 1226 	 564 	 29.0 	 36.0 	 0.1076923076923077 
547.0 	 1228 	 564 	 29.0 	 37.0 	 0.12121212121212122 
548.0 	 1231 	 564 	 28.0 	 36.0 	 0.125 
549.0 	 1233 	 564 	 28.0 	 34.0 	 0.0967741935483871 
550.0 	 1234 	 564 	 28.0 	 36.0 	 0.125 
551.0 	 1236 	 564 	 28.0 	 35.0 	 0.1111111111111111 
552.0 	 1239 	 564 	 28.0 	 35.0 	 0.1111111111111111 
553.0 	 1241 	 564 	 27.0 	 36.0 	 0.14285714285714285 
554.0 	 1243 	 564 	 27.0 	 36.0 	 0.14285714285714285 
555.0 	 1245 	 564 	 27.0 	 32.0 	 0.0847457627118644 
556.0 	 1247 	 564 	 28.0 	 36.0 	 0.125 
557.0 	 1250 	 564 	 28.0 	 36.0 	 0.125 
558.0 	 1252 	 564 	 27.0 	 33.0 	 0.1 
559.0 	 1254 	 564 	 28.0 	 34.0 	 0.0967741935483871 
560.0 	 1256 	 564 	 28.0 	 35.0 	 0.1111111111111111 
561.0 	 1259 	 564 	 27.0 	 33.0 	 0.1 
562.0 	 1261 	 563 	 34.0 	 28.0 	 0.0967741935483871 
563.0 	 1263 	 564 	 29.0 	 36.0 	 0.1076923076923077 
564.0 	 1266 	 564 	 28.0 	 34.0 	 0.0967741935483871 
565.0 	 1268 	 564 	 27.907814025878906 	 33.98551559448242 	 0.09819639056232171 
566.0 	 1270 	 564 	 28.0 	 35.0 	 0.1111111111111111 
567.0 	 1272 	 564 	 27.0 	 34.0 	 0.11475409836065574 
568.0 	 1274 	 563 	 27.0 	 32.0 	 0.0847457627118644 
569.0 	 1276 	 563 	 29.0 	 35.0 	 0.09375 
570.0 	 1279 	 563 	 33.83636474609375 	 29.09295082092285 	 0.0753768554835051 
571.0 	 1280 	 563 	 32.7423095703125 	 28.134132385253906 	 0.075697216148442 
572.0 	 1283 	 563 	 28.0 	 34.0 	 0.0967741935483871 
573.0 	 1285 	 563 	 28.0 	 35.0 	 0.1111111111111111 
574.0 	 1287 	 563 	 27.0 	 31.0 	 0.06896551724137931 
575.0 	 1289 	 563 	 28.0 	 34.0 	 0.0967741935483871 
576.0 	 1291 	 563 	 29.0 	 33.0 	 0.06451612903225806 
577.0 	 1293 	 563 	 27.0 	 32.0 	 0.0847457627118644 
578.0 	 1295 	 564 	 28.0 	 33.0 	 0.08196721311475409 
579.0 	 1297 	 564 	 28.0 	 35.0 	 0.1111111111111111 
580.0 	 1300 	 564 	 28.0 	 32.0 	 0.06666666666666667 
581.0 	 1302 	 564 	 28.0 	 33.0 	 0.08196721311475409 
582.0 	 1305 	 563 	 29.0 	 34.0 	 0.07936507936507936 
583.0 	 1307 	 564 	 29.0 	 33.0 	 0.06451612903225806 
584.0 	 1309 	 563 	 29.0 	 33.0 	 0.06451612903225806 
585.0 	 1311 	 563 	 30.0 	 35.0 	 0.07692307692307693 
586.0 	 1313 	 563 	 30.0 	 33.0 	 0.047619047619047616 
587.0 	 1316 	 564 	 29.0 	 32.0 	 0.04918032786885246 
588.0 	 1318 	 563 	 30.0 	 34.0 	 0.0625 
589.0 	 1321 	 563 	 28.0 	 34.0 	 0.0967741935483871 
590.0 	 1323 	 563 	 27.0 	 33.0 	 0.1 
591.0 	 1325 	 563 	 35.66938781738281 	 28.38090705871582 	 0.11379308671046888 
592.0 	 1327 	 563 	 28.0 	 35.0 	 0.1111111111111111 
593.0 	 1329 	 563 	 27.0 	 33.0 	 0.1 
594.0 	 1331 	 563 	 29.0 	 35.0 	 0.09375 
595.0 	 1334 	 563 	 29.0 	 35.0 	 0.09375 
596.0 	 1336 	 563 	 27.0 	 34.0 	 0.11475409836065574 
597.0 	 1338 	 563 	 28.0 	 36.0 	 0.125 
598.0 	 1340 	 563 	 28.0 	 37.0 	 0.13846153846153847 
599.0 	 1343 	 563 	 28.0 	 35.0 	 0.1111111111111111 
600.0 	 1345 	 563 	 28.0 	 37.0 	 0.13846153846153847 
601.0 	 1347 	 563 	 28.0 	 37.0 	 0.13846153846153847 
602.0 	 1349 	 563 	 28.0 	 35.0 	 0.1111111111111111 
603.0 	 1352 	 563 	 36.0 	 28.0 	 0.125 
604.0 	 1353 	 563 	 27.0 	 37.0 	 0.15625 
605.0 	 1356 	 564 	 26.0 	 36.0 	 0.16129032258064516 
606.0 	 1358 	 563 	 27.0 	 35.0 	 0.12903225806451613 
607.0 	 1360 	 563 	 28.0 	 37.0 	 0.13846153846153847 
608.0 	 1363 	 563 	 27.0 	 36.0 	 0.14285714285714285 
609.0 	 1365 	 563 	 27.0 	 35.0 	 0.12903225806451613 
610.0 	 1367 	 563 	 28.0 	 36.0 	 0.125 
611.0 	 1369 	 563 	 28.0 	 36.0 	 0.125 
612.0 	 1372 	 563 	 27.0 	 35.0 	 0.12903225806451613 
613.0 	 1374 	 563 	 26.0 	 36.0 	 0.16129032258064516 
614.0 	 1376 	 563 	 26.0 	 36.0 	 0.16129032258064516 
615.0 	 1378 	 563 	 27.0 	 35.0 	 0.12903225806451613 
616.0 	 1380 	 563 	 27.0 	 37.0 	 0.15625 
617.0 	 1382 	 563 	 28.0 	 37.0 	 0.13846153846153847 
618.0 	 1385 	 563 	 27.0 	 36.0 	 0.14285714285714285 
619.0 	 1387 	 563 	 27.0 	 36.0 	 0.14285714285714285 
620.0 	 1389 	 563 	 28.0 	 36.0 	 0.125 
621.0 	 1391 	 563 	 27.0 	 36.0 	 0.14285714285714285 
622.0 	 1393 	 563 	 27.0 	 36.0 	 0.14285714285714285 
623.0 	 1395 	 563 	 27.0 	 38.0 	 0.16923076923076924 
624.0 	 1397 	 563 	 27.0 	 36.0 	 0.14285714285714285 
625.0 	 1399 	 563 	 28.0 	 35.0 	 0.1111111111111111 
626.0 	 1401 	 563 	 29.0 	 36.0 	 0.1076923076923077 
627.0 	 1404 	 563 	 29.0 	 35.0 	 0.09375 
628.0 	 1406 	 563 	 28.0 	 35.0 	 0.1111111111111111 
629.0 	 1408 	 563 	 28.971437454223633 	 36.84804916381836 	 0.11966990498275389 
630.0 	 1411 	 563 	 29.0 	 36.0 	 0.1076923076923077 
631.0 	 1413 	 563 	 28.0 	 35.0 	 0.1111111111111111 
632.0 	 1415 	 563 	 36.2215461730957 	 28.601768493652344 	 0.11754686903340385 
633.0 	 1417 	 563 	 28.0 	 35.0 	 0.1111111111111111 
634.0 	 1419 	 563 	 27.0 	 33.0 	 0.1 
635.0 	 1422 	 563 	 28.0 	 35.0 	 0.1111111111111111 
636.0 	 1425 	 563 	 27.0 	 35.0 	 0.12903225806451613 
637.0 	 1427 	 563 	 27.0 	 34.0 	 0.11475409836065574 
638.0 	 1429 	 563 	 27.0 	 34.0 	 0.11475409836065574 
639.0 	 1431 	 563 	 28.0 	 37.0 	 0.13846153846153847 
640.0 	 1433 	 563 	 28.0 	 39.0 	 0.16417910447761194 
641.0 	 1436 	 563 	 27.0 	 40.0 	 0.19402985074626866 
642.0 	 1438 	 563 	 28.0 	 40.0 	 0.17647058823529413 
643.0 	 1441 	 563 	 29.0 	 38.0 	 0.13432835820895522 
644.0 	 1443 	 563 	 29.0 	 37.0 	 0.12121212121212122 
645.0 	 1445 	 563 	 29.0 	 37.0 	 0.12121212121212122 
646.0 	 1447 	 563 	 29.0 	 36.0 	 0.1076923076923077 
647.0 	 1449 	 563 	 29.0 	 35.0 	 0.09375 
648.0 	 1451 	 563 	 29.0 	 35.0 	 0.09375 
649.0 	 1453 	 563 	 28.0 	 34.0 	 0.0967741935483871 
650.0 	 1455 	 563 	 29.0 	 33.0 	 0.06451612903225806 
651.0 	 1457 	 563 	 29.0 	 34.0 	 0.07936507936507936 
652.0 	 1459 	 563 	 29.0 	 36.0 	 0.1076923076923077 
653.0 	 1461 	 563 	 29.0 	 36.0 	 0.1076923076923077 
654.0 	 1463 	 563 	 29.0 	 36.0 	 0.1076923076923077 
655.0 	 1466 	 563 	 29.0 	 37.0 	 0.12121212121212122 
656.0 	 1468 	 563 	 29.0 	 37.0 	 0.12121212121212122 
657.0 	 1471 	 563 	 32.668338775634766 	 29.557065963745117 	 0.05000004138053686 
658.0 	 1474 	 563 	 28.0 	 34.0 	 0.0967741935483871 
659.0 	 1476 	 563 	 32.87979507446289 	 29.920616149902344 	 0.04712037496041822 
660.0 	 1478 	 562 	 33.226619720458984 	 29.60518455505371 	 0.057636975527959614 
661.0 	 1480 	 563 	 29.0 	 33.0 	 0.06451612903225806 
662.0 	 1483 	 563 	 30.0 	 34.0 	 0.0625 
663.0 	 1485 	 562 	 29.0 	 33.0 	 0.06451612903225806 
664.0 	 1488 	 562 	 29.0 	 34.0 	 0.07936507936507936 
665.0 	 1490 	 563 	 29.0 	 34.0 	 0.07936507936507936 
666.0 	 1492 	 562 	 29.0 	 32.0 	 0.04918032786885246 
667.0 	 1495 	 562 	 29.0 	 32.0 	 0.04918032786885246 
668.0 	 1497 	 563 	 30.0 	 34.0 	 0.0625 
669.0 	 1500 	 563 	 30.0 	 32.0 	 0.03225806451612903 
670.0 	 1502 	 563 	 30.0 	 32.0 	 0.03225806451612903 
671.0 	 1504 	 563 	 30.0 	 33.0 	 0.047619047619047616 
672.0 	 1507 	 563 	 30.0 	 33.0 	 0.047619047619047616 
673.0 	 1509 	 563 	 29.0 	 32.0 	 0.04918032786885246 
674.0 	 1511 	 563 	 30.0 	 34.0 	 0.0625 
675.0 	 1513 	 563 	 30.0 	 34.0 	 0.0625 
676.0 	 1515 	 563 	 28.0 	 32.0 	 0.06666666666666667 
677.0 	 1518 	 563 	 28.0 	 33.0 	 0.08196721311475409 
678.0 	 1520 	 563 	 28.0 	 34.0 	 0.0967741935483871 
679.0 	 1523 	 563 	 28.0 	 32.0 	 0.06666666666666667 
680.0 	 1525 	 563 	 28.0 	 33.0 	 0.08196721311475409 
681.0 	 1528 	 563 	 28.0 	 35.0 	 0.1111111111111111 
682.0 	 1530 	 563 	 28.0 	 32.0 	 0.06666666666666667 
683.0 	 1533 	 563 	 28.0 	 32.0 	 0.06666666666666667 
684.0 	 1535 	 563 	 28.0 	 33.0 	 0.08196721311475409 
685.0 	 1538 	 563 	 29.0 	 32.0 	 0.04918032786885246 
686.0 	 1540 	 563 	 32.64659118652344 	 27.72724151611328 	 0.08148148709789155 
687.0 	 1543 	 563 	 33.46991729736328 	 29.10427474975586 	 0.06976746170881502 
688.0 	 1544 	 563 	 29.0 	 32.0 	 0.04918032786885246 
689.0 	 1547 	 563 	 29.0 	 29.0 	 0.0 
690.0 	 1549 	 563 	 32.69414520263672 	 29.851177215576172 	 0.04545452604834104 
691.0 	 1552 	 563 	 30.0 	 32.0 	 0.03225806451612903 
692.0 	 1554 	 564 	 28.0 	 30.0 	 0.034482758620689655 
693.0 	 1557 	 563 	 29.0 	 32.0 	 0.04918032786885246 
694.0 	 1559 	 563 	 29.0 	 33.0 	 0.06451612903225806 
695.0 	 1561 	 563 	 27.0 	 30.0 	 0.05263157894736842 
696.0 	 1564 	 563 	 28.0 	 33.0 	 0.08196721311475409 
697.0 	 1566 	 563 	 27.0 	 32.0 	 0.0847457627118644 
698.0 	 1568 	 563 	 26.15350914001465 	 30.75529670715332 	 0.08086248689696723 
699.0 	 1571 	 563 	 27.0 	 31.0 	 0.06896551724137931 
700.0 	 1573 	 563 	 28.0 	 32.0 	 0.06666666666666667 
701.0 	 1575 	 563 	 25.0 	 30.0 	 0.09090909090909091 
702.0 	 1578 	 563 	 26.218914031982422 	 30.564983367919922 	 0.07653700318120422 
703.0 	 1581 	 563 	 26.0 	 33.0 	 0.11864406779661017 
704.0 	 1583 	 563 	 25.0 	 31.0 	 0.10714285714285714 
705.0 	 1586 	 563 	 24.0 	 30.0 	 0.1111111111111111 
706.0 	 1588 	 563 	 26.0 	 33.0 	 0.11864406779661017 
707.0 	 1590 	 563 	 26.0 	 31.0 	 0.08771929824561403 
708.0 	 1593 	 563 	 25.0 	 29.0 	 0.07407407407407407 
709.0 	 1595 	 564 	 26.0 	 30.0 	 0.07142857142857142 
710.0 	 1597 	 564 	 26.0 	 31.0 	 0.08771929824561403 
711.0 	 1599 	 563 	 26.0 	 28.0 	 0.037037037037037035 
712.0 	 1601 	 563 	 26.0 	 30.0 	 0.07142857142857142 
713.0 	 1604 	 563 	 27.0 	 31.0 	 0.06896551724137931 
714.0 	 1606 	 563 	 28.699831008911133 	 26.2553653717041 	 0.04448106454350305 
715.0 	 1608 	 563 	 26.0 	 31.0 	 0.08771929824561403 
716.0 	 1611 	 563 	 26.0 	 32.0 	 0.10344827586206896 
717.0 	 1613 	 563 	 26.0 	 30.0 	 0.07142857142857142 
718.0 	 1615 	 563 	 31.0 	 26.0 	 0.08771929824561403 
719.0 	 1617 	 563 	 26.0 	 32.0 	 0.10344827586206896 
720.0 	 1620 	 563 	 30.32108497619629 	 26.20671844482422 	 0.07278482945336058 
721.0 	 1623 	 563 	 24.0 	 30.0 	 0.1111111111111111 
722.0 	 1625 	 563 	 26.0 	 32.0 	 0.10344827586206896 
723.0 	 1627 	 563 	 25.0 	 31.0 	 0.10714285714285714 
724.0 	 1629 	 563 	 23.0 	 28.0 	 0.09803921568627451 
725.0 	 1631 	 563 	 25.0 	 32.0 	 0.12280701754385964 
726.0 	 1633 	 563 	 24.0 	 30.0 	 0.1111111111111111 
727.0 	 1635 	 563 	 24.0 	 30.0 	 0.1111111111111111 
728.0 	 1638 	 563 	 25.0 	 32.0 	 0.12280701754385964 
729.0 	 1640 	 563 	 25.0 	 31.0 	 0.10714285714285714 
730.0 	 1643 	 564 	 28.567113876342773 	 24.324474334716797 	 0.08021388060226267 
731.0 	 1645 	 563 	 25.0 	 31.0 	 0.10714285714285714 
732.0 	 1647 	 563 	 25.0 	 32.0 	 0.12280701754385964 
734.0 	 1652 	 564 	 24.0 	 32.0 	 0.14285714285714285 
735.0 	 1654 	 563 	 24.0 	 32.0 	 0.14285714285714285 
736.0 	 1657 	 564 	 22.0 	 31.0 	 0.16981132075471697 
737.0 	 1659 	 563 	 23.0 	 31.0 	 0.14814814814814814 
738.0 	 1661 	 563 	 25.0 	 33.0 	 0.13793103448275862 
739.0 	 1664 	 563 	 23.0 	 30.0 	 0.1320754716981132 
741.0 	 1667 	 563 	 30.31187629699707 	 25.492706298828125 	 0.08635796155080412 
742.0 	 1669 	 563 	 24.0 	 29.0 	 0.09433962264150944 
744.0 	 1674 	 563 	 25.0 	 30.0 	 0.09090909090909091 
745.0 	 1675 	 563 	 23.0 	 28.0 	 0.09803921568627451 
747.0 	 1680 	 563 	 23.334524154663086 	 28.991378784179688 	 0.1081081130339632 
748.0 	 1683 	 563 	 25.0 	 30.0 	 0.09090909090909091 
750.0 	 1687 	 563 	 24.0 	 29.0 	 0.09433962264150944 
751.0 	 1689 	 563 	 26.0 	 30.0 	 0.07142857142857142 
753.0 	 1694 	 563 	 23.0 	 26.0 	 0.061224489795918366 
754.0 	 1696 	 563 	 25.0 	 29.0 	 0.07407407407407407 
755.0 	 1698 	 563 	 25.0 	 27.0 	 0.038461538461538464 
756.0 	 1701 	 563 	 24.0 	 26.0 	 0.04 
757.0 	 1702 	 563 	 24.0 	 29.0 	 0.09433962264150944 
758.0 	 1704 	 563 	 26.368486404418945 	 24.278907775878906 	 0.04125737685736452 
760.0 	 1709 	 563 	 24.0 	 30.0 	 0.1111111111111111 
761.0 	 1711 	 563 	 22.0 	 29.0 	 0.13725490196078433 
763.0 	 1716 	 562 	 23.0 	 30.0 	 0.1320754716981132 
764.0 	 1718 	 562 	 23.0 	 30.0 	 0.1320754716981132 
766.0 	 1722 	 562 	 24.0 	 30.0 	 0.1111111111111111 
767.0 	 1725 	 562 	 23.0 	 31.0 	 0.14814814814814814 
770.0 	 1730 	 563 	 24.0 	 29.0 	 0.09433962264150944 
773.0 	 1737 	 562 	 24.033309936523438 	 28.776723861694336 	 0.08982031602734893 
776.0 	 1743 	 562 	 23.0 	 29.0 	 0.11538461538461539 
