frame 	 x 	 y 	 width 	 height 	 deformation 
1.0 	 96 	 569 	 46.0 	 51.0 	 0.05154639175257732 
2.0 	 95 	 569 	 47.0 	 51.0 	 0.04081632653061224 
3.0 	 96 	 569 	 47.0 	 51.0 	 0.04081632653061224 
4.0 	 95 	 569 	 47.0 	 51.0 	 0.04081632653061224 
5.0 	 96 	 569 	 47.0 	 52.0 	 0.050505050505050504 
6.0 	 96 	 569 	 47.0 	 52.0 	 0.050505050505050504 
7.0 	 96 	 569 	 47.0 	 51.0 	 0.04081632653061224 
8.0 	 96 	 569 	 47.0 	 51.0 	 0.04081632653061224 
9.0 	 96 	 569 	 46.0 	 52.0 	 0.061224489795918366 
10.0 	 96 	 569 	 51.0 	 47.0 	 0.04081632653061224 
11.0 	 96 	 569 	 46.0 	 51.0 	 0.05154639175257732 
12.0 	 96 	 569 	 47.0 	 52.0 	 0.050505050505050504 
13.0 	 96 	 569 	 47.0 	 51.0 	 0.04081632653061224 
14.0 	 96 	 569 	 47.0 	 51.0 	 0.04081632653061224 
15.0 	 96 	 569 	 47.0 	 53.0 	 0.06 
16.0 	 96 	 569 	 47.0 	 51.0 	 0.04081632653061224 
17.0 	 96 	 569 	 46.0 	 51.0 	 0.05154639175257732 
18.0 	 96 	 569 	 47.0 	 52.0 	 0.050505050505050504 
19.0 	 96 	 569 	 47.0 	 51.0 	 0.04081632653061224 
20.0 	 97 	 569 	 47.0 	 51.0 	 0.04081632653061224 
21.0 	 97 	 569 	 47.0 	 52.0 	 0.050505050505050504 
22.0 	 96 	 569 	 47.0 	 51.0 	 0.04081632653061224 
23.0 	 97 	 569 	 47.0 	 50.0 	 0.030927835051546393 
24.0 	 97 	 569 	 48.0 	 52.0 	 0.04 
25.0 	 97 	 569 	 47.0 	 51.0 	 0.04081632653061224 
26.0 	 97 	 569 	 46.0 	 50.0 	 0.041666666666666664 
27.0 	 97 	 569 	 47.0 	 52.0 	 0.050505050505050504 
28.0 	 97 	 569 	 47.0 	 52.0 	 0.050505050505050504 
29.0 	 97 	 569 	 46.0 	 51.0 	 0.05154639175257732 
30.0 	 97 	 569 	 47.0 	 53.0 	 0.06 
31.0 	 97 	 569 	 47.0 	 52.0 	 0.050505050505050504 
32.0 	 97 	 569 	 46.0 	 51.0 	 0.05154639175257732 
33.0 	 97 	 569 	 47.0 	 52.0 	 0.050505050505050504 
34.0 	 97 	 569 	 47.0 	 53.0 	 0.06 
35.0 	 98 	 569 	 47.0 	 52.0 	 0.050505050505050504 
36.0 	 98 	 569 	 47.0 	 52.0 	 0.050505050505050504 
37.0 	 98 	 569 	 46.0 	 52.0 	 0.061224489795918366 
38.0 	 98 	 569 	 46.0 	 51.0 	 0.05154639175257732 
39.0 	 98 	 569 	 46.0 	 51.0 	 0.05154639175257732 
40.0 	 98 	 569 	 48.0 	 52.0 	 0.04 
41.0 	 98 	 569 	 51.0 	 48.0 	 0.030303030303030304 
42.0 	 98 	 569 	 47.94926452636719 	 52.010345458984375 	 0.04062721866574222 
43.0 	 98 	 569 	 47.91724395751953 	 53.06606674194336 	 0.05098686851085002 
44.0 	 98 	 569 	 47.0 	 52.0 	 0.050505050505050504 
45.0 	 98 	 569 	 47.0 	 51.0 	 0.04081632653061224 
46.0 	 98 	 569 	 47.49456787109375 	 52.41697311401367 	 0.04926763409297875 
47.0 	 98 	 569 	 47.49456787109375 	 52.48349380493164 	 0.04990020660736843 
48.0 	 98 	 569 	 46.0 	 51.0 	 0.05154639175257732 
49.0 	 98 	 569 	 46.0 	 53.0 	 0.0707070707070707 
50.0 	 98 	 569 	 46.0 	 53.0 	 0.0707070707070707 
51.0 	 99 	 569 	 47.0 	 51.0 	 0.04081632653061224 
52.0 	 98 	 569 	 48.0 	 52.0 	 0.04 
53.0 	 99 	 569 	 48.0 	 53.0 	 0.04950495049504951 
54.0 	 99 	 570 	 47.0 	 50.0 	 0.030927835051546393 
55.0 	 99 	 569 	 48.0 	 53.0 	 0.04950495049504951 
56.0 	 99 	 569 	 48.0 	 53.0 	 0.04950495049504951 
57.0 	 99 	 569 	 47.0 	 52.0 	 0.050505050505050504 
58.0 	 99 	 569 	 48.0 	 52.0 	 0.04 
59.0 	 99 	 569 	 48.0 	 52.0 	 0.04 
60.0 	 99 	 569 	 48.0 	 51.0 	 0.030303030303030304 
61.0 	 99 	 569 	 46.0 	 51.0 	 0.05154639175257732 
62.0 	 99 	 569 	 46.0 	 52.0 	 0.061224489795918366 
63.0 	 99 	 569 	 46.0 	 51.0 	 0.05154639175257732 
64.0 	 99 	 569 	 46.0 	 51.0 	 0.05154639175257732 
65.0 	 99 	 569 	 46.0 	 52.0 	 0.061224489795918366 
66.0 	 99 	 569 	 46.0 	 51.0 	 0.05154639175257732 
67.0 	 99 	 569 	 47.0 	 51.0 	 0.04081632653061224 
68.0 	 99 	 569 	 48.0 	 51.0 	 0.030303030303030304 
69.0 	 99 	 569 	 47.0 	 51.0 	 0.04081632653061224 
70.0 	 100 	 569 	 47.0 	 51.0 	 0.04081632653061224 
71.0 	 99 	 569 	 47.0 	 51.0 	 0.04081632653061224 
72.0 	 99 	 569 	 47.0 	 51.0 	 0.04081632653061224 
73.0 	 100 	 569 	 46.0 	 51.0 	 0.05154639175257732 
74.0 	 99 	 569 	 47.0 	 51.0 	 0.04081632653061224 
75.0 	 99 	 569 	 47.0 	 51.0 	 0.04081632653061224 
76.0 	 100 	 569 	 47.0 	 51.0 	 0.04081632653061224 
77.0 	 100 	 569 	 47.55183029174805 	 52.076927185058594 	 0.04541958574926501 
78.0 	 100 	 569 	 47.55183029174805 	 52.076927185058594 	 0.04541958574926501 
79.0 	 100 	 569 	 47.0 	 50.0 	 0.030927835051546393 
80.0 	 100 	 569 	 48.0 	 50.0 	 0.02040816326530612 
81.0 	 100 	 569 	 48.0 	 51.0 	 0.030303030303030304 
82.0 	 101 	 569 	 47.0 	 50.0 	 0.030927835051546393 
83.0 	 101 	 569 	 47.0 	 51.0 	 0.04081632653061224 
84.0 	 101 	 569 	 48.0 	 51.0 	 0.030303030303030304 
85.0 	 101 	 569 	 46.0 	 51.0 	 0.05154639175257732 
86.0 	 102 	 569 	 46.0 	 51.0 	 0.05154639175257732 
87.0 	 102 	 569 	 46.0 	 52.0 	 0.061224489795918366 
88.0 	 102 	 569 	 46.0 	 50.0 	 0.041666666666666664 
89.0 	 103 	 569 	 46.0 	 50.0 	 0.041666666666666664 
90.0 	 103 	 569 	 47.0 	 50.0 	 0.030927835051546393 
91.0 	 104 	 569 	 47.0 	 50.0 	 0.030927835051546393 
92.0 	 105 	 569 	 46.0 	 51.0 	 0.05154639175257732 
93.0 	 105 	 569 	 47.0 	 52.0 	 0.050505050505050504 
94.0 	 106 	 569 	 47.0 	 50.0 	 0.030927835051546393 
95.0 	 107 	 569 	 46.0 	 50.0 	 0.041666666666666664 
96.0 	 108 	 569 	 47.0 	 50.0 	 0.030927835051546393 
97.0 	 109 	 569 	 46.0 	 51.0 	 0.05154639175257732 
98.0 	 111 	 569 	 45.0 	 51.0 	 0.0625 
99.0 	 112 	 569 	 46.0 	 50.0 	 0.041666666666666664 
100.0 	 113 	 569 	 46.0 	 50.0 	 0.041666666666666664 
101.0 	 114 	 569 	 46.0 	 50.0 	 0.041666666666666664 
102.0 	 115 	 569 	 46.0 	 50.0 	 0.041666666666666664 
103.0 	 117 	 569 	 46.0 	 51.0 	 0.05154639175257732 
104.0 	 118 	 569 	 46.0 	 50.0 	 0.041666666666666664 
105.0 	 120 	 569 	 46.0 	 51.0 	 0.05154639175257732 
106.0 	 121 	 569 	 47.0 	 51.0 	 0.04081632653061224 
107.0 	 123 	 569 	 46.0 	 51.0 	 0.05154639175257732 
108.0 	 124 	 569 	 46.0 	 50.0 	 0.041666666666666664 
109.0 	 125 	 569 	 45.0 	 51.0 	 0.0625 
110.0 	 127 	 569 	 50.0 	 46.0 	 0.041666666666666664 
111.0 	 128 	 569 	 45.0 	 51.0 	 0.0625 
112.0 	 130 	 569 	 46.0 	 52.0 	 0.061224489795918366 
113.0 	 131 	 569 	 45.0 	 51.0 	 0.0625 
114.0 	 133 	 569 	 45.0 	 51.0 	 0.0625 
115.0 	 134 	 569 	 45.0 	 52.0 	 0.07216494845360824 
116.0 	 136 	 569 	 45.0 	 51.0 	 0.0625 
117.0 	 137 	 569 	 45.0 	 51.0 	 0.0625 
118.0 	 139 	 569 	 45.0 	 51.0 	 0.0625 
119.0 	 140 	 569 	 45.0 	 51.0 	 0.0625 
120.0 	 142 	 569 	 44.0 	 51.0 	 0.07368421052631578 
121.0 	 144 	 569 	 44.0 	 51.0 	 0.07368421052631578 
122.0 	 145 	 569 	 44.0 	 52.0 	 0.08333333333333333 
123.0 	 147 	 569 	 44.0 	 52.0 	 0.08333333333333333 
124.0 	 149 	 569 	 44.0 	 52.0 	 0.08333333333333333 
125.0 	 150 	 569 	 44.0 	 53.0 	 0.09278350515463918 
126.0 	 152 	 569 	 44.0 	 53.0 	 0.09278350515463918 
127.0 	 154 	 569 	 44.0 	 54.0 	 0.10204081632653061 
128.0 	 156 	 569 	 44.0 	 54.0 	 0.10204081632653061 
129.0 	 157 	 569 	 44.0 	 53.0 	 0.09278350515463918 
130.0 	 159 	 569 	 44.0 	 54.0 	 0.10204081632653061 
131.0 	 161 	 569 	 44.0 	 54.0 	 0.10204081632653061 
132.0 	 163 	 569 	 44.0 	 54.0 	 0.10204081632653061 
133.0 	 165 	 569 	 42.0 	 54.0 	 0.125 
134.0 	 167 	 569 	 42.0 	 55.0 	 0.13402061855670103 
135.0 	 169 	 569 	 42.0 	 55.0 	 0.13402061855670103 
136.0 	 170 	 569 	 42.0 	 56.0 	 0.14285714285714285 
137.0 	 172 	 569 	 42.0 	 56.0 	 0.14285714285714285 
138.0 	 174 	 569 	 42.0 	 56.0 	 0.14285714285714285 
139.0 	 176 	 569 	 42.0 	 56.0 	 0.14285714285714285 
140.0 	 178 	 569 	 42.0 	 56.0 	 0.14285714285714285 
141.0 	 180 	 569 	 42.0 	 56.0 	 0.14285714285714285 
142.0 	 182 	 569 	 42.0 	 56.0 	 0.14285714285714285 
143.0 	 184 	 569 	 42.0 	 56.0 	 0.14285714285714285 
144.0 	 186 	 569 	 42.0 	 56.0 	 0.14285714285714285 
145.0 	 188 	 570 	 41.0 	 56.0 	 0.15463917525773196 
146.0 	 190 	 570 	 41.0 	 56.0 	 0.15463917525773196 
147.0 	 191 	 570 	 41.0 	 57.0 	 0.16326530612244897 
148.0 	 193 	 570 	 41.0 	 57.0 	 0.16326530612244897 
149.0 	 195 	 569 	 41.0 	 57.0 	 0.16326530612244897 
150.0 	 197 	 569 	 41.0 	 57.0 	 0.16326530612244897 
151.0 	 199 	 569 	 41.0 	 57.0 	 0.16326530612244897 
152.0 	 201 	 569 	 41.0 	 58.0 	 0.1717171717171717 
153.0 	 203 	 569 	 41.0 	 58.0 	 0.1717171717171717 
154.0 	 205 	 569 	 41.0 	 58.0 	 0.1717171717171717 
155.0 	 207 	 569 	 41.0 	 59.0 	 0.18 
156.0 	 209 	 569 	 41.0 	 59.0 	 0.18 
157.0 	 212 	 569 	 41.0 	 57.0 	 0.16326530612244897 
158.0 	 213 	 569 	 41.0 	 58.0 	 0.1717171717171717 
159.0 	 215 	 569 	 41.0 	 58.0 	 0.1717171717171717 
160.0 	 218 	 569 	 41.0 	 58.0 	 0.1717171717171717 
161.0 	 220 	 569 	 41.0 	 59.0 	 0.18 
162.0 	 222 	 569 	 41.0 	 59.0 	 0.18 
163.0 	 224 	 569 	 41.0 	 58.0 	 0.1717171717171717 
164.0 	 226 	 569 	 42.0 	 59.0 	 0.16831683168316833 
165.0 	 228 	 569 	 42.0 	 59.0 	 0.16831683168316833 
166.0 	 230 	 569 	 41.0 	 58.0 	 0.1717171717171717 
167.0 	 233 	 569 	 41.0 	 59.0 	 0.18 
168.0 	 235 	 569 	 41.0 	 60.0 	 0.18811881188118812 
169.0 	 237 	 569 	 40.0 	 59.0 	 0.1919191919191919 
170.0 	 239 	 570 	 41.0 	 60.0 	 0.18811881188118812 
171.0 	 241 	 570 	 41.0 	 60.0 	 0.18811881188118812 
172.0 	 243 	 569 	 41.0 	 59.0 	 0.18 
173.0 	 246 	 569 	 41.0 	 59.0 	 0.18 
174.0 	 247 	 569 	 41.0 	 60.0 	 0.18811881188118812 
175.0 	 249 	 569 	 41.0 	 60.0 	 0.18811881188118812 
176.0 	 252 	 569 	 41.0 	 61.0 	 0.19607843137254902 
177.0 	 254 	 569 	 41.0 	 62.0 	 0.20388349514563106 
178.0 	 256 	 570 	 41.0 	 61.0 	 0.19607843137254902 
179.0 	 258 	 570 	 41.0 	 61.0 	 0.19607843137254902 
180.0 	 260 	 570 	 41.0 	 62.0 	 0.20388349514563106 
181.0 	 262 	 569 	 39.0 	 60.0 	 0.21212121212121213 
182.0 	 265 	 570 	 40.0 	 60.0 	 0.2 
183.0 	 267 	 570 	 40.0 	 60.0 	 0.2 
184.0 	 269 	 570 	 40.0 	 61.0 	 0.2079207920792079 
185.0 	 271 	 570 	 40.0 	 60.0 	 0.2 
186.0 	 273 	 570 	 40.0 	 60.0 	 0.2 
187.0 	 275 	 570 	 41.0 	 60.0 	 0.18811881188118812 
188.0 	 278 	 570 	 40.0 	 59.0 	 0.1919191919191919 
189.0 	 280 	 570 	 41.0 	 61.0 	 0.19607843137254902 
190.0 	 282 	 570 	 41.0 	 61.0 	 0.19607843137254902 
191.0 	 284 	 570 	 40.0 	 61.0 	 0.2079207920792079 
192.0 	 286 	 570 	 41.0 	 62.0 	 0.20388349514563106 
193.0 	 289 	 570 	 40.0 	 61.0 	 0.2079207920792079 
194.0 	 291 	 570 	 39.87225341796875 	 61.18834686279297 	 0.21092387523530307 
195.0 	 293 	 570 	 40.0 	 62.0 	 0.21568627450980393 
196.0 	 295 	 570 	 41.0 	 62.0 	 0.20388349514563106 
197.0 	 298 	 570 	 40.0 	 61.0 	 0.2079207920792079 
198.0 	 300 	 570 	 39.0 	 61.0 	 0.22 
199.0 	 302 	 570 	 41.0 	 63.0 	 0.21153846153846154 
200.0 	 304 	 570 	 62.0 	 41.0 	 0.20388349514563106 
201.0 	 307 	 570 	 40.0 	 62.0 	 0.21568627450980393 
202.0 	 309 	 570 	 62.89113235473633 	 41.03262710571289 	 0.2103321258055742 
203.0 	 311 	 570 	 40.0 	 63.0 	 0.22330097087378642 
204.0 	 314 	 570 	 40.0 	 62.0 	 0.21568627450980393 
205.0 	 315 	 570 	 40.0 	 62.0 	 0.21568627450980393 
206.0 	 317 	 569 	 39.0 	 63.0 	 0.23529411764705882 
207.0 	 320 	 570 	 39.0 	 62.0 	 0.22772277227722773 
208.0 	 322 	 570 	 40.0 	 63.0 	 0.22330097087378642 
209.0 	 324 	 570 	 40.0 	 63.0 	 0.22330097087378642 
210.0 	 327 	 570 	 40.0 	 63.0 	 0.22330097087378642 
211.0 	 329 	 570 	 40.0 	 63.0 	 0.22330097087378642 
212.0 	 331 	 570 	 41.0 	 62.0 	 0.20388349514563106 
213.0 	 333 	 570 	 40.0 	 62.0 	 0.21568627450980393 
214.0 	 335 	 570 	 41.0 	 63.0 	 0.21153846153846154 
215.0 	 338 	 570 	 41.0 	 63.0 	 0.21153846153846154 
216.0 	 340 	 570 	 41.0 	 63.0 	 0.21153846153846154 
217.0 	 342 	 570 	 39.0 	 63.0 	 0.23529411764705882 
218.0 	 344 	 570 	 62.0 	 41.0 	 0.20388349514563106 
219.0 	 346 	 570 	 39.0 	 62.0 	 0.22772277227722773 
220.0 	 348 	 570 	 39.0 	 62.0 	 0.22772277227722773 
221.0 	 351 	 570 	 39.0 	 64.0 	 0.24271844660194175 
222.0 	 353 	 570 	 39.0 	 63.0 	 0.23529411764705882 
223.0 	 355 	 570 	 40.0 	 62.0 	 0.21568627450980393 
224.0 	 358 	 570 	 39.0 	 63.0 	 0.23529411764705882 
225.0 	 360 	 570 	 39.0 	 62.0 	 0.22772277227722773 
226.0 	 363 	 570 	 39.0 	 62.0 	 0.22772277227722773 
227.0 	 365 	 570 	 40.0 	 63.0 	 0.22330097087378642 
228.0 	 367 	 570 	 39.0 	 63.0 	 0.23529411764705882 
229.0 	 369 	 570 	 39.0 	 63.0 	 0.23529411764705882 
230.0 	 371 	 570 	 39.0 	 64.0 	 0.24271844660194175 
231.0 	 373 	 570 	 39.0 	 64.0 	 0.24271844660194175 
232.0 	 375 	 570 	 39.0 	 63.0 	 0.23529411764705882 
233.0 	 378 	 570 	 39.0 	 63.0 	 0.23529411764705882 
234.0 	 380 	 570 	 39.0 	 64.0 	 0.24271844660194175 
235.0 	 382 	 570 	 39.0 	 62.0 	 0.22772277227722773 
236.0 	 384 	 570 	 40.0 	 64.0 	 0.23076923076923078 
237.0 	 387 	 570 	 40.0 	 64.0 	 0.23076923076923078 
238.0 	 389 	 570 	 39.0 	 63.0 	 0.23529411764705882 
239.0 	 391 	 570 	 39.0 	 63.0 	 0.23529411764705882 
240.0 	 393 	 570 	 39.0 	 64.0 	 0.24271844660194175 
241.0 	 395 	 570 	 38.0 	 63.0 	 0.24752475247524752 
242.0 	 398 	 570 	 38.0 	 64.0 	 0.2549019607843137 
243.0 	 400 	 570 	 38.0 	 64.0 	 0.2549019607843137 
244.0 	 403 	 570 	 38.0 	 64.0 	 0.2549019607843137 
245.0 	 405 	 570 	 39.0 	 64.0 	 0.24271844660194175 
246.0 	 407 	 570 	 39.0 	 64.0 	 0.24271844660194175 
247.0 	 409 	 570 	 39.0 	 64.0 	 0.24271844660194175 
248.0 	 411 	 570 	 39.0 	 64.0 	 0.24271844660194175 
249.0 	 414 	 570 	 39.0 	 65.0 	 0.25 
250.0 	 416 	 570 	 39.0 	 65.0 	 0.25 
251.0 	 418 	 570 	 39.0 	 66.0 	 0.2571428571428571 
252.0 	 420 	 570 	 39.0 	 65.0 	 0.25 
253.0 	 422 	 570 	 38.0 	 65.0 	 0.2621359223300971 
254.0 	 425 	 570 	 38.0 	 64.0 	 0.2549019607843137 
255.0 	 427 	 570 	 38.0 	 64.0 	 0.2549019607843137 
256.0 	 430 	 570 	 38.0 	 65.0 	 0.2621359223300971 
257.0 	 432 	 570 	 38.0 	 65.0 	 0.2621359223300971 
258.0 	 434 	 570 	 65.92033386230469 	 38.31494140625 	 0.26483733443339 
259.0 	 437 	 570 	 38.0 	 66.0 	 0.2692307692307692 
260.0 	 439 	 570 	 37.0 	 65.0 	 0.27450980392156865 
261.0 	 441 	 570 	 38.0 	 65.0 	 0.2621359223300971 
262.0 	 443 	 570 	 39.0 	 64.0 	 0.24271844660194175 
263.0 	 446 	 570 	 38.662601470947266 	 64.34522247314453 	 0.2493268959466291 
264.0 	 448 	 570 	 39.0 	 65.0 	 0.25 
265.0 	 450 	 570 	 39.0 	 64.0 	 0.24271844660194175 
266.0 	 453 	 570 	 39.0 	 64.0 	 0.24271844660194175 
267.0 	 455 	 570 	 38.0 	 65.0 	 0.2621359223300971 
268.0 	 457 	 570 	 62.97743225097656 	 38.84971237182617 	 0.23694781944958251 
269.0 	 459 	 570 	 63.0 	 39.0 	 0.23529411764705882 
270.0 	 461 	 570 	 38.0 	 64.0 	 0.2549019607843137 
271.0 	 463 	 570 	 37.0 	 64.0 	 0.26732673267326734 
272.0 	 465 	 570 	 37.0 	 63.0 	 0.26 
273.0 	 468 	 570 	 37.0 	 64.0 	 0.26732673267326734 
274.0 	 470 	 570 	 38.0 	 64.0 	 0.2549019607843137 
275.0 	 472 	 570 	 37.0 	 64.0 	 0.26732673267326734 
276.0 	 475 	 570 	 37.0 	 65.0 	 0.27450980392156865 
277.0 	 477 	 569 	 36.0 	 64.0 	 0.28 
278.0 	 479 	 569 	 36.0 	 65.0 	 0.2871287128712871 
279.0 	 482 	 569 	 36.0 	 64.0 	 0.28 
280.0 	 484 	 569 	 65.3730239868164 	 35.48821258544922 	 0.2962963018994433 
281.0 	 486 	 570 	 35.0 	 65.0 	 0.3 
282.0 	 489 	 570 	 35.0 	 64.0 	 0.29292929292929293 
283.0 	 491 	 570 	 35.0 	 66.0 	 0.3069306930693069 
284.0 	 494 	 570 	 35.0 	 66.0 	 0.3069306930693069 
285.0 	 496 	 570 	 35.0 	 65.0 	 0.3 
286.0 	 499 	 570 	 35.0 	 66.0 	 0.3069306930693069 
287.0 	 501 	 570 	 35.0 	 66.0 	 0.3069306930693069 
288.0 	 503 	 570 	 35.0 	 66.0 	 0.3069306930693069 
289.0 	 506 	 569 	 36.0 	 65.0 	 0.2871287128712871 
290.0 	 508 	 569 	 36.0 	 65.0 	 0.2871287128712871 
291.0 	 511 	 569 	 36.0 	 66.0 	 0.29411764705882354 
292.0 	 513 	 570 	 36.0 	 67.0 	 0.30097087378640774 
293.0 	 515 	 569 	 36.0 	 66.0 	 0.29411764705882354 
294.0 	 518 	 569 	 36.0 	 66.0 	 0.29411764705882354 
295.0 	 520 	 570 	 36.0 	 65.0 	 0.2871287128712871 
296.0 	 523 	 570 	 36.0 	 64.0 	 0.28 
297.0 	 525 	 569 	 35.0 	 63.0 	 0.2857142857142857 
298.0 	 528 	 569 	 35.0 	 64.0 	 0.29292929292929293 
299.0 	 530 	 569 	 36.0 	 62.0 	 0.2653061224489796 
300.0 	 532 	 569 	 61.0 	 36.0 	 0.25773195876288657 
301.0 	 533 	 569 	 36.0 	 61.0 	 0.25773195876288657 
302.0 	 535 	 569 	 36.0 	 62.0 	 0.2653061224489796 
303.0 	 538 	 569 	 36.0 	 61.0 	 0.25773195876288657 
304.0 	 540 	 569 	 36.0 	 62.0 	 0.2653061224489796 
305.0 	 542 	 569 	 36.0 	 62.0 	 0.2653061224489796 
306.0 	 545 	 569 	 36.0 	 63.0 	 0.2727272727272727 
307.0 	 547 	 569 	 36.0 	 65.0 	 0.2871287128712871 
308.0 	 550 	 569 	 67.41288757324219 	 36.759986877441406 	 0.29425031091286774 
309.0 	 553 	 569 	 65.76866149902344 	 36.172767639160156 	 0.2903225323606703 
310.0 	 555 	 570 	 37.0 	 66.0 	 0.2815533980582524 
311.0 	 557 	 570 	 37.0 	 67.0 	 0.28846153846153844 
312.0 	 560 	 570 	 37.0 	 67.0 	 0.28846153846153844 
313.0 	 561 	 570 	 36.0 	 67.0 	 0.30097087378640774 
314.0 	 564 	 570 	 36.0 	 67.0 	 0.30097087378640774 
315.0 	 566 	 570 	 36.0 	 66.0 	 0.29411764705882354 
316.0 	 569 	 570 	 36.0 	 67.0 	 0.30097087378640774 
317.0 	 571 	 570 	 36.0 	 68.0 	 0.3076923076923077 
318.0 	 573 	 570 	 36.0 	 69.0 	 0.3142857142857143 
319.0 	 576 	 570 	 36.0 	 67.0 	 0.30097087378640774 
320.0 	 578 	 570 	 37.0 	 68.0 	 0.29523809523809524 
321.0 	 580 	 570 	 68.0 	 38.0 	 0.2830188679245283 
322.0 	 582 	 570 	 38.0 	 67.0 	 0.2761904761904762 
323.0 	 585 	 570 	 38.0 	 67.0 	 0.2761904761904762 
324.0 	 587 	 570 	 38.0 	 67.0 	 0.2761904761904762 
325.0 	 589 	 570 	 37.0 	 65.0 	 0.27450980392156865 
326.0 	 591 	 570 	 38.0 	 67.0 	 0.2761904761904762 
327.0 	 593 	 570 	 38.0 	 67.0 	 0.2761904761904762 
328.0 	 596 	 570 	 38.0 	 66.0 	 0.2692307692307692 
329.0 	 598 	 570 	 38.0 	 66.0 	 0.2692307692307692 
330.0 	 600 	 570 	 38.0 	 66.0 	 0.2692307692307692 
331.0 	 603 	 570 	 38.0 	 67.0 	 0.2761904761904762 
332.0 	 605 	 570 	 38.0 	 67.0 	 0.2761904761904762 
333.0 	 607 	 570 	 38.0 	 69.0 	 0.2897196261682243 
334.0 	 609 	 570 	 38.0 	 68.0 	 0.2830188679245283 
335.0 	 611 	 570 	 38.0 	 69.0 	 0.2897196261682243 
336.0 	 613 	 570 	 38.0 	 69.0 	 0.2897196261682243 
337.0 	 616 	 570 	 69.0 	 39.0 	 0.2777777777777778 
338.0 	 618 	 570 	 39.0 	 68.0 	 0.27102803738317754 
339.0 	 621 	 570 	 38.0 	 68.0 	 0.2830188679245283 
340.0 	 623 	 570 	 38.0 	 68.0 	 0.2830188679245283 
341.0 	 625 	 570 	 38.0 	 68.0 	 0.2830188679245283 
342.0 	 628 	 570 	 39.0 	 69.0 	 0.2777777777777778 
343.0 	 630 	 570 	 39.0 	 69.0 	 0.2777777777777778 
344.0 	 632 	 570 	 38.0 	 69.0 	 0.2897196261682243 
345.0 	 634 	 570 	 39.0 	 69.0 	 0.2777777777777778 
346.0 	 637 	 570 	 39.0 	 70.0 	 0.28440366972477066 
347.0 	 639 	 570 	 39.0 	 69.0 	 0.2777777777777778 
348.0 	 641 	 570 	 40.0 	 70.0 	 0.2727272727272727 
349.0 	 644 	 570 	 40.0 	 69.0 	 0.26605504587155965 
350.0 	 646 	 570 	 40.0 	 68.0 	 0.25925925925925924 
351.0 	 648 	 570 	 40.0 	 69.0 	 0.26605504587155965 
352.0 	 651 	 570 	 39.0 	 69.0 	 0.2777777777777778 
353.0 	 653 	 570 	 39.0 	 68.0 	 0.27102803738317754 
354.0 	 655 	 570 	 40.0 	 68.0 	 0.25925925925925924 
355.0 	 657 	 570 	 39.0 	 69.0 	 0.2777777777777778 
356.0 	 660 	 570 	 40.0 	 69.0 	 0.26605504587155965 
357.0 	 662 	 570 	 39.0 	 69.0 	 0.2777777777777778 
358.0 	 664 	 570 	 40.0 	 69.0 	 0.26605504587155965 
359.0 	 666 	 570 	 40.0 	 68.0 	 0.25925925925925924 
360.0 	 668 	 570 	 40.0 	 69.0 	 0.26605504587155965 
361.0 	 670 	 570 	 39.0 	 69.0 	 0.2777777777777778 
362.0 	 672 	 570 	 39.0 	 69.0 	 0.2777777777777778 
363.0 	 675 	 570 	 39.0 	 69.0 	 0.2777777777777778 
364.0 	 677 	 570 	 40.0 	 70.0 	 0.2727272727272727 
365.0 	 679 	 570 	 40.0 	 70.0 	 0.2727272727272727 
366.0 	 681 	 570 	 40.0 	 69.0 	 0.26605504587155965 
367.0 	 683 	 570 	 40.0 	 69.0 	 0.26605504587155965 
368.0 	 686 	 570 	 39.0 	 70.0 	 0.28440366972477066 
369.0 	 688 	 570 	 39.0 	 69.0 	 0.2777777777777778 
370.0 	 690 	 570 	 39.0 	 70.0 	 0.28440366972477066 
371.0 	 692 	 570 	 39.0 	 70.0 	 0.28440366972477066 
372.0 	 695 	 570 	 39.0 	 70.0 	 0.28440366972477066 
373.0 	 697 	 570 	 38.0 	 70.0 	 0.2962962962962963 
374.0 	 699 	 570 	 38.0 	 70.0 	 0.2962962962962963 
375.0 	 701 	 570 	 38.0 	 69.0 	 0.2897196261682243 
376.0 	 703 	 570 	 38.0 	 69.0 	 0.2897196261682243 
377.0 	 706 	 570 	 39.0 	 70.0 	 0.28440366972477066 
378.0 	 708 	 570 	 38.0 	 69.0 	 0.2897196261682243 
379.0 	 710 	 570 	 38.0 	 69.0 	 0.2897196261682243 
380.0 	 712 	 570 	 38.0 	 70.0 	 0.2962962962962963 
381.0 	 715 	 570 	 38.0 	 69.0 	 0.2897196261682243 
382.0 	 717 	 570 	 38.0 	 69.0 	 0.2897196261682243 
383.0 	 719 	 570 	 38.0 	 70.0 	 0.2962962962962963 
384.0 	 722 	 570 	 38.0 	 69.0 	 0.2897196261682243 
385.0 	 724 	 570 	 38.0 	 69.0 	 0.2897196261682243 
386.0 	 726 	 570 	 38.0 	 70.0 	 0.2962962962962963 
387.0 	 729 	 570 	 38.0 	 69.0 	 0.2897196261682243 
388.0 	 731 	 570 	 38.0 	 69.0 	 0.2897196261682243 
389.0 	 733 	 570 	 38.0 	 70.0 	 0.2962962962962963 
390.0 	 735 	 570 	 38.0 	 70.0 	 0.2962962962962963 
391.0 	 737 	 570 	 38.0 	 70.0 	 0.2962962962962963 
392.0 	 740 	 570 	 38.0 	 69.0 	 0.2897196261682243 
393.0 	 742 	 570 	 38.0 	 69.0 	 0.2897196261682243 
394.0 	 744 	 570 	 38.0 	 69.0 	 0.2897196261682243 
395.0 	 746 	 570 	 38.0 	 69.0 	 0.2897196261682243 
396.0 	 748 	 570 	 38.0 	 70.0 	 0.2962962962962963 
397.0 	 750 	 570 	 37.0 	 69.0 	 0.3018867924528302 
398.0 	 753 	 570 	 37.0 	 70.0 	 0.308411214953271 
399.0 	 755 	 570 	 38.0 	 70.0 	 0.2962962962962963 
400.0 	 757 	 570 	 38.0 	 69.0 	 0.2897196261682243 
401.0 	 759 	 570 	 38.0 	 69.0 	 0.2897196261682243 
402.0 	 762 	 570 	 38.0 	 69.0 	 0.2897196261682243 
403.0 	 764 	 570 	 38.0 	 69.0 	 0.2897196261682243 
404.0 	 766 	 570 	 38.0 	 69.0 	 0.2897196261682243 
405.0 	 769 	 570 	 38.0 	 69.0 	 0.2897196261682243 
406.0 	 771 	 570 	 38.0 	 70.0 	 0.2962962962962963 
407.0 	 773 	 570 	 38.0 	 70.0 	 0.2962962962962963 
408.0 	 775 	 570 	 38.0 	 69.0 	 0.2897196261682243 
409.0 	 777 	 570 	 38.0 	 69.0 	 0.2897196261682243 
410.0 	 779 	 570 	 38.0 	 69.0 	 0.2897196261682243 
411.0 	 781 	 570 	 38.0 	 69.0 	 0.2897196261682243 
412.0 	 783 	 570 	 38.0 	 69.0 	 0.2897196261682243 
413.0 	 786 	 570 	 38.0 	 70.0 	 0.2962962962962963 
414.0 	 788 	 570 	 38.0 	 70.0 	 0.2962962962962963 
415.0 	 790 	 570 	 38.0 	 69.0 	 0.2897196261682243 
416.0 	 793 	 570 	 38.0 	 68.0 	 0.2830188679245283 
417.0 	 795 	 570 	 38.0 	 69.0 	 0.2897196261682243 
418.0 	 798 	 570 	 38.0 	 70.0 	 0.2962962962962963 
419.0 	 800 	 570 	 38.0 	 69.0 	 0.2897196261682243 
420.0 	 802 	 570 	 38.0 	 70.0 	 0.2962962962962963 
421.0 	 803 	 570 	 36.0 	 69.0 	 0.3142857142857143 
422.0 	 806 	 570 	 36.0 	 69.0 	 0.3142857142857143 
423.0 	 808 	 570 	 36.0 	 69.0 	 0.3142857142857143 
424.0 	 811 	 570 	 36.0 	 70.0 	 0.32075471698113206 
425.0 	 813 	 570 	 36.0 	 69.0 	 0.3142857142857143 
426.0 	 815 	 570 	 36.0 	 70.0 	 0.32075471698113206 
427.0 	 818 	 570 	 35.0 	 70.0 	 0.3333333333333333 
428.0 	 820 	 570 	 36.0 	 69.0 	 0.3142857142857143 
429.0 	 823 	 570 	 36.0 	 69.0 	 0.3142857142857143 
430.0 	 825 	 570 	 36.0 	 69.0 	 0.3142857142857143 
431.0 	 827 	 570 	 36.37392044067383 	 68.84471130371094 	 0.30860305180474834 
432.0 	 829 	 570 	 36.0 	 68.0 	 0.3076923076923077 
433.0 	 831 	 570 	 36.0 	 70.0 	 0.32075471698113206 
434.0 	 833 	 570 	 36.0 	 70.0 	 0.32075471698113206 
435.0 	 836 	 570 	 38.0 	 70.0 	 0.2962962962962963 
436.0 	 838 	 570 	 38.0 	 70.0 	 0.2962962962962963 
437.0 	 841 	 570 	 37.0 	 69.0 	 0.3018867924528302 
438.0 	 843 	 570 	 38.0 	 70.0 	 0.2962962962962963 
439.0 	 846 	 570 	 38.0 	 69.0 	 0.2897196261682243 
440.0 	 848 	 570 	 38.0 	 70.0 	 0.2962962962962963 
441.0 	 850 	 570 	 38.0 	 69.0 	 0.2897196261682243 
442.0 	 851 	 570 	 38.0 	 70.0 	 0.2962962962962963 
443.0 	 854 	 570 	 69.29199981689453 	 37.758262634277344 	 0.2945694523355369 
444.0 	 856 	 570 	 38.0 	 70.0 	 0.2962962962962963 
445.0 	 858 	 570 	 37.0 	 69.0 	 0.3018867924528302 
446.0 	 861 	 570 	 37.0 	 69.0 	 0.3018867924528302 
447.0 	 863 	 570 	 37.0 	 70.0 	 0.308411214953271 
448.0 	 865 	 570 	 70.0 	 38.0 	 0.2962962962962963 
449.0 	 867 	 570 	 37.0 	 70.0 	 0.308411214953271 
450.0 	 869 	 570 	 38.0 	 70.0 	 0.2962962962962963 
451.0 	 871 	 570 	 38.0 	 70.0 	 0.2962962962962963 
452.0 	 873 	 570 	 38.0 	 70.0 	 0.2962962962962963 
453.0 	 875 	 570 	 38.0 	 69.0 	 0.2897196261682243 
454.0 	 878 	 570 	 38.0 	 70.0 	 0.2962962962962963 
455.0 	 880 	 570 	 37.0 	 70.0 	 0.308411214953271 
456.0 	 882 	 570 	 38.0 	 70.0 	 0.2962962962962963 
457.0 	 884 	 570 	 37.0 	 70.0 	 0.308411214953271 
458.0 	 887 	 570 	 37.0 	 70.0 	 0.308411214953271 
459.0 	 889 	 570 	 37.0 	 70.0 	 0.308411214953271 
460.0 	 891 	 570 	 37.0 	 71.0 	 0.3148148148148148 
461.0 	 893 	 570 	 37.0 	 71.0 	 0.3148148148148148 
462.0 	 896 	 570 	 38.0 	 70.0 	 0.2962962962962963 
463.0 	 898 	 570 	 38.0 	 71.0 	 0.30275229357798167 
464.0 	 900 	 570 	 38.0 	 71.0 	 0.30275229357798167 
465.0 	 902 	 570 	 37.0 	 71.0 	 0.3148148148148148 
466.0 	 905 	 570 	 38.0 	 71.0 	 0.30275229357798167 
467.0 	 907 	 570 	 37.0 	 71.0 	 0.3148148148148148 
468.0 	 909 	 570 	 70.0 	 38.0 	 0.2962962962962963 
469.0 	 911 	 570 	 36.0 	 70.0 	 0.32075471698113206 
470.0 	 913 	 570 	 37.0 	 70.0 	 0.308411214953271 
471.0 	 916 	 570 	 37.0 	 71.0 	 0.3148148148148148 
472.0 	 918 	 570 	 37.0 	 71.0 	 0.3148148148148148 
473.0 	 920 	 570 	 37.0 	 71.0 	 0.3148148148148148 
474.0 	 923 	 570 	 37.0 	 71.0 	 0.3148148148148148 
475.0 	 925 	 570 	 37.0 	 71.0 	 0.3148148148148148 
476.0 	 927 	 570 	 37.0 	 72.0 	 0.3211009174311927 
477.0 	 930 	 570 	 37.0 	 71.0 	 0.3148148148148148 
478.0 	 932 	 570 	 37.0 	 71.0 	 0.3148148148148148 
479.0 	 934 	 570 	 37.0 	 71.0 	 0.3148148148148148 
480.0 	 936 	 570 	 37.0 	 71.0 	 0.3148148148148148 
481.0 	 938 	 570 	 36.0 	 70.0 	 0.32075471698113206 
482.0 	 940 	 570 	 36.0 	 71.0 	 0.32710280373831774 
483.0 	 943 	 570 	 36.0 	 70.0 	 0.32075471698113206 
484.0 	 945 	 570 	 36.0 	 70.0 	 0.32075471698113206 
485.0 	 947 	 570 	 36.0 	 71.0 	 0.32710280373831774 
486.0 	 950 	 570 	 36.0 	 71.0 	 0.32710280373831774 
487.0 	 952 	 570 	 36.0 	 71.0 	 0.32710280373831774 
488.0 	 955 	 570 	 36.0 	 71.0 	 0.32710280373831774 
489.0 	 957 	 570 	 36.0 	 71.0 	 0.32710280373831774 
490.0 	 959 	 570 	 36.0 	 70.0 	 0.32075471698113206 
491.0 	 961 	 570 	 36.0 	 71.0 	 0.32710280373831774 
492.0 	 963 	 570 	 36.0 	 72.0 	 0.3333333333333333 
493.0 	 966 	 570 	 36.0 	 71.0 	 0.32710280373831774 
494.0 	 968 	 570 	 36.0 	 71.0 	 0.32710280373831774 
495.0 	 971 	 570 	 36.0 	 72.0 	 0.3333333333333333 
496.0 	 973 	 570 	 36.0 	 71.0 	 0.32710280373831774 
497.0 	 975 	 570 	 36.0 	 71.0 	 0.32710280373831774 
498.0 	 977 	 570 	 36.0 	 71.0 	 0.32710280373831774 
499.0 	 979 	 570 	 36.0 	 71.0 	 0.32710280373831774 
500.0 	 981 	 570 	 36.0 	 72.0 	 0.3333333333333333 
501.0 	 984 	 570 	 36.0 	 71.0 	 0.32710280373831774 
502.0 	 986 	 570 	 36.0 	 72.0 	 0.3333333333333333 
503.0 	 988 	 570 	 36.0 	 72.0 	 0.3333333333333333 
504.0 	 991 	 570 	 36.0 	 72.0 	 0.3333333333333333 
505.0 	 993 	 570 	 36.0 	 71.0 	 0.32710280373831774 
506.0 	 996 	 570 	 36.0 	 70.0 	 0.32075471698113206 
507.0 	 998 	 570 	 36.0 	 71.0 	 0.32710280373831774 
508.0 	 1000 	 570 	 36.0 	 71.0 	 0.32710280373831774 
509.0 	 1002 	 570 	 36.0 	 71.0 	 0.32710280373831774 
510.0 	 1004 	 570 	 36.0 	 72.0 	 0.3333333333333333 
511.0 	 1007 	 570 	 36.0 	 72.0 	 0.3333333333333333 
512.0 	 1009 	 570 	 36.0 	 71.0 	 0.32710280373831774 
513.0 	 1011 	 570 	 36.0 	 71.0 	 0.32710280373831774 
514.0 	 1014 	 570 	 36.0 	 72.0 	 0.3333333333333333 
515.0 	 1016 	 570 	 36.0 	 72.0 	 0.3333333333333333 
516.0 	 1018 	 570 	 36.0 	 72.0 	 0.3333333333333333 
517.0 	 1020 	 570 	 36.0 	 71.0 	 0.32710280373831774 
518.0 	 1022 	 570 	 36.0 	 71.0 	 0.32710280373831774 
519.0 	 1025 	 570 	 36.0 	 71.0 	 0.32710280373831774 
520.0 	 1027 	 570 	 36.0 	 72.0 	 0.3333333333333333 
521.0 	 1029 	 570 	 36.0 	 72.0 	 0.3333333333333333 
522.0 	 1031 	 570 	 36.0 	 73.0 	 0.3394495412844037 
523.0 	 1034 	 570 	 36.0 	 72.0 	 0.3333333333333333 
524.0 	 1036 	 570 	 36.0 	 72.0 	 0.3333333333333333 
525.0 	 1039 	 570 	 36.0 	 71.0 	 0.32710280373831774 
526.0 	 1041 	 570 	 36.0 	 72.0 	 0.3333333333333333 
527.0 	 1043 	 570 	 36.0 	 72.0 	 0.3333333333333333 
528.0 	 1045 	 570 	 36.0 	 72.0 	 0.3333333333333333 
529.0 	 1047 	 570 	 36.0 	 72.0 	 0.3333333333333333 
530.0 	 1049 	 570 	 36.0 	 72.0 	 0.3333333333333333 
531.0 	 1051 	 570 	 36.0 	 72.0 	 0.3333333333333333 
532.0 	 1053 	 570 	 36.0 	 71.0 	 0.32710280373831774 
533.0 	 1056 	 570 	 36.0 	 72.0 	 0.3333333333333333 
534.0 	 1058 	 570 	 36.0 	 72.0 	 0.3333333333333333 
535.0 	 1060 	 570 	 36.0 	 72.0 	 0.3333333333333333 
536.0 	 1063 	 570 	 36.0 	 72.0 	 0.3333333333333333 
537.0 	 1065 	 570 	 36.0 	 71.0 	 0.32710280373831774 
538.0 	 1067 	 570 	 36.0 	 72.0 	 0.3333333333333333 
539.0 	 1069 	 570 	 36.0 	 72.0 	 0.3333333333333333 
540.0 	 1071 	 570 	 36.0 	 72.0 	 0.3333333333333333 
541.0 	 1073 	 570 	 36.0 	 72.0 	 0.3333333333333333 
542.0 	 1075 	 570 	 36.0 	 71.0 	 0.32710280373831774 
543.0 	 1078 	 570 	 36.0 	 72.0 	 0.3333333333333333 
544.0 	 1080 	 570 	 36.0 	 73.0 	 0.3394495412844037 
545.0 	 1083 	 570 	 36.0 	 73.0 	 0.3394495412844037 
546.0 	 1085 	 570 	 36.0 	 73.0 	 0.3394495412844037 
547.0 	 1087 	 570 	 36.0 	 73.0 	 0.3394495412844037 
548.0 	 1089 	 570 	 36.0 	 73.0 	 0.3394495412844037 
549.0 	 1091 	 570 	 36.0 	 73.0 	 0.3394495412844037 
550.0 	 1093 	 570 	 36.0 	 73.0 	 0.3394495412844037 
551.0 	 1095 	 570 	 36.0 	 73.0 	 0.3394495412844037 
552.0 	 1098 	 570 	 36.0 	 73.0 	 0.3394495412844037 
553.0 	 1100 	 570 	 36.0 	 73.0 	 0.3394495412844037 
554.0 	 1102 	 570 	 36.0 	 73.0 	 0.3394495412844037 
555.0 	 1104 	 570 	 36.0 	 73.0 	 0.3394495412844037 
556.0 	 1107 	 570 	 36.0 	 73.0 	 0.3394495412844037 
557.0 	 1109 	 570 	 36.0 	 73.0 	 0.3394495412844037 
558.0 	 1111 	 570 	 36.0 	 73.0 	 0.3394495412844037 
559.0 	 1113 	 570 	 36.0 	 73.0 	 0.3394495412844037 
560.0 	 1116 	 570 	 36.0 	 73.0 	 0.3394495412844037 
561.0 	 1118 	 570 	 36.0 	 73.0 	 0.3394495412844037 
562.0 	 1120 	 570 	 36.0 	 73.0 	 0.3394495412844037 
563.0 	 1122 	 570 	 36.0 	 74.0 	 0.34545454545454546 
564.0 	 1124 	 570 	 36.0 	 73.0 	 0.3394495412844037 
565.0 	 1126 	 570 	 35.0 	 73.0 	 0.35185185185185186 
566.0 	 1129 	 570 	 73.0 	 36.0 	 0.3394495412844037 
567.0 	 1131 	 570 	 36.0 	 72.0 	 0.3333333333333333 
568.0 	 1134 	 570 	 36.0 	 72.0 	 0.3333333333333333 
569.0 	 1136 	 571 	 36.0 	 74.0 	 0.34545454545454546 
570.0 	 1138 	 571 	 36.0 	 74.0 	 0.34545454545454546 
571.0 	 1140 	 571 	 36.0 	 73.0 	 0.3394495412844037 
572.0 	 1142 	 571 	 36.0 	 73.0 	 0.3394495412844037 
573.0 	 1144 	 571 	 36.0 	 73.0 	 0.3394495412844037 
574.0 	 1146 	 571 	 36.0 	 73.0 	 0.3394495412844037 
575.0 	 1149 	 571 	 36.0 	 73.0 	 0.3394495412844037 
576.0 	 1151 	 571 	 36.0 	 73.0 	 0.3394495412844037 
577.0 	 1153 	 571 	 34.0 	 74.0 	 0.37037037037037035 
578.0 	 1156 	 571 	 35.0 	 73.0 	 0.35185185185185186 
579.0 	 1158 	 571 	 35.0 	 74.0 	 0.3577981651376147 
580.0 	 1160 	 571 	 35.0 	 74.0 	 0.3577981651376147 
581.0 	 1163 	 571 	 36.0 	 74.0 	 0.34545454545454546 
582.0 	 1165 	 571 	 36.0 	 75.0 	 0.35135135135135137 
583.0 	 1167 	 571 	 36.0 	 75.0 	 0.35135135135135137 
584.0 	 1170 	 571 	 36.0 	 75.0 	 0.35135135135135137 
585.0 	 1172 	 571 	 36.0 	 75.0 	 0.35135135135135137 
586.0 	 1174 	 571 	 36.0 	 74.0 	 0.34545454545454546 
587.0 	 1177 	 571 	 74.0 	 36.0 	 0.34545454545454546 
588.0 	 1179 	 571 	 36.0 	 75.0 	 0.35135135135135137 
589.0 	 1181 	 571 	 35.0 	 75.0 	 0.36363636363636365 
590.0 	 1183 	 571 	 35.0 	 74.0 	 0.3577981651376147 
591.0 	 1185 	 571 	 36.0 	 75.0 	 0.35135135135135137 
592.0 	 1187 	 571 	 36.0 	 75.0 	 0.35135135135135137 
593.0 	 1190 	 571 	 36.0 	 75.0 	 0.35135135135135137 
594.0 	 1192 	 571 	 37.0 	 75.0 	 0.3392857142857143 
595.0 	 1194 	 571 	 37.0 	 75.0 	 0.3392857142857143 
596.0 	 1197 	 570 	 37.0 	 76.0 	 0.34513274336283184 
597.0 	 1199 	 570 	 37.0 	 77.0 	 0.3508771929824561 
598.0 	 1201 	 570 	 36.81871032714844 	 76.16246795654297 	 0.34823284928577986 
599.0 	 1203 	 570 	 36.478485107421875 	 74.5244140625 	 0.34274716461988874 
600.0 	 1205 	 570 	 36.66697692871094 	 76.0500259399414 	 0.3493975887304511 
601.0 	 1207 	 570 	 36.0 	 75.0 	 0.35135135135135137 
602.0 	 1210 	 570 	 36.0 	 75.0 	 0.35135135135135137 
603.0 	 1211 	 570 	 36.0 	 77.0 	 0.36283185840707965 
604.0 	 1214 	 570 	 36.0 	 76.0 	 0.35714285714285715 
605.0 	 1216 	 570 	 36.0 	 76.0 	 0.35714285714285715 
606.0 	 1218 	 571 	 36.0 	 78.0 	 0.3684210526315789 
607.0 	 1220 	 571 	 37.0 	 78.0 	 0.3565217391304348 
608.0 	 1222 	 571 	 37.0 	 77.0 	 0.3508771929824561 
609.0 	 1225 	 571 	 37.02912139892578 	 77.67967224121094 	 0.3543804232639187 
610.0 	 1227 	 571 	 36.0 	 79.0 	 0.3739130434782609 
611.0 	 1229 	 571 	 36.0 	 78.0 	 0.3684210526315789 
612.0 	 1231 	 571 	 36.0 	 78.0 	 0.3684210526315789 
613.0 	 1233 	 571 	 36.0 	 79.0 	 0.3739130434782609 
614.0 	 1235 	 571 	 36.0 	 79.0 	 0.3739130434782609 
615.0 	 1238 	 571 	 35.0 	 79.0 	 0.38596491228070173 
616.0 	 1240 	 571 	 36.0 	 80.0 	 0.3793103448275862 
617.0 	 1242 	 571 	 35.0 	 81.0 	 0.39655172413793105 
618.0 	 1245 	 570 	 35.0 	 78.0 	 0.3805309734513274 
619.0 	 1247 	 571 	 36.0 	 80.0 	 0.3793103448275862 
620.0 	 1249 	 571 	 36.0 	 80.0 	 0.3793103448275862 
621.0 	 1251 	 570 	 36.0 	 78.0 	 0.3684210526315789 
622.0 	 1253 	 570 	 36.0 	 81.0 	 0.38461538461538464 
623.0 	 1256 	 570 	 36.0 	 81.0 	 0.38461538461538464 
624.0 	 1258 	 570 	 36.0 	 80.0 	 0.3793103448275862 
625.0 	 1260 	 571 	 35.0 	 80.0 	 0.391304347826087 
626.0 	 1263 	 571 	 36.0 	 79.0 	 0.3739130434782609 
627.0 	 1265 	 571 	 36.0 	 79.0 	 0.3739130434782609 
628.0 	 1267 	 571 	 36.0 	 79.0 	 0.3739130434782609 
629.0 	 1269 	 571 	 36.0 	 80.0 	 0.3793103448275862 
630.0 	 1272 	 570 	 36.0 	 80.0 	 0.3793103448275862 
631.0 	 1274 	 570 	 35.0 	 79.0 	 0.38596491228070173 
632.0 	 1276 	 570 	 35.0 	 81.0 	 0.39655172413793105 
633.0 	 1279 	 570 	 35.0 	 80.0 	 0.391304347826087 
634.0 	 1281 	 570 	 35.0 	 80.0 	 0.391304347826087 
635.0 	 1283 	 571 	 36.0 	 80.0 	 0.3793103448275862 
636.0 	 1286 	 571 	 36.0 	 79.0 	 0.3739130434782609 
637.0 	 1288 	 571 	 36.0 	 79.0 	 0.3739130434782609 
638.0 	 1290 	 571 	 36.0 	 79.0 	 0.3739130434782609 
639.0 	 1292 	 570 	 37.0 	 80.0 	 0.36752136752136755 
640.0 	 1295 	 571 	 37.0 	 79.0 	 0.3620689655172414 
641.0 	 1297 	 571 	 37.0 	 80.0 	 0.36752136752136755 
642.0 	 1299 	 571 	 80.2884292602539 	 37.78279113769531 	 0.3599999896612983 
643.0 	 1301 	 571 	 79.99445343017578 	 37.734683990478516 	 0.35895760697456064 
644.0 	 1304 	 571 	 79.55673217773438 	 37.71627426147461 	 0.3567782492039093 
645.0 	 1306 	 571 	 36.0 	 79.0 	 0.3739130434782609 
646.0 	 1308 	 571 	 36.0 	 79.0 	 0.3739130434782609 
647.0 	 1310 	 571 	 36.0 	 78.0 	 0.3684210526315789 
648.0 	 1312 	 571 	 36.0 	 80.0 	 0.3793103448275862 
649.0 	 1314 	 571 	 36.0 	 80.0 	 0.3793103448275862 
650.0 	 1316 	 571 	 36.0 	 79.0 	 0.3739130434782609 
651.0 	 1319 	 571 	 36.0 	 80.0 	 0.3793103448275862 
652.0 	 1321 	 571 	 36.0 	 79.0 	 0.3739130434782609 
653.0 	 1324 	 571 	 36.0 	 80.0 	 0.3793103448275862 
654.0 	 1326 	 571 	 36.0 	 80.0 	 0.3793103448275862 
655.0 	 1328 	 571 	 36.0 	 80.0 	 0.3793103448275862 
656.0 	 1330 	 571 	 36.0 	 81.0 	 0.38461538461538464 
657.0 	 1332 	 571 	 36.0 	 81.0 	 0.38461538461538464 
658.0 	 1334 	 571 	 36.0 	 82.0 	 0.3898305084745763 
659.0 	 1336 	 571 	 36.0 	 81.0 	 0.38461538461538464 
660.0 	 1339 	 571 	 36.0 	 80.0 	 0.3793103448275862 
661.0 	 1341 	 571 	 35.0 	 80.0 	 0.391304347826087 
662.0 	 1344 	 571 	 35.0 	 81.0 	 0.39655172413793105 
663.0 	 1346 	 570 	 35.0 	 80.0 	 0.391304347826087 
664.0 	 1348 	 571 	 35.0 	 81.0 	 0.39655172413793105 
665.0 	 1350 	 571 	 35.0 	 81.0 	 0.39655172413793105 
666.0 	 1352 	 571 	 36.0 	 81.0 	 0.38461538461538464 
667.0 	 1354 	 571 	 36.0 	 82.0 	 0.3898305084745763 
668.0 	 1357 	 571 	 36.0 	 81.0 	 0.38461538461538464 
669.0 	 1359 	 571 	 36.0 	 80.0 	 0.3793103448275862 
670.0 	 1361 	 571 	 36.0 	 82.0 	 0.3898305084745763 
671.0 	 1363 	 571 	 36.0 	 81.0 	 0.38461538461538464 
672.0 	 1366 	 571 	 36.0 	 80.0 	 0.3793103448275862 
673.0 	 1368 	 571 	 35.0 	 81.0 	 0.39655172413793105 
674.0 	 1370 	 571 	 35.0 	 81.0 	 0.39655172413793105 
675.0 	 1372 	 571 	 35.0 	 81.0 	 0.39655172413793105 
676.0 	 1374 	 571 	 35.0 	 82.0 	 0.4017094017094017 
677.0 	 1376 	 571 	 35.0 	 82.0 	 0.4017094017094017 
678.0 	 1378 	 571 	 35.0 	 82.0 	 0.4017094017094017 
679.0 	 1380 	 571 	 35.0 	 82.0 	 0.4017094017094017 
680.0 	 1383 	 571 	 35.0 	 82.0 	 0.4017094017094017 
681.0 	 1385 	 571 	 35.0 	 82.0 	 0.4017094017094017 
682.0 	 1388 	 571 	 35.0 	 82.0 	 0.4017094017094017 
683.0 	 1390 	 571 	 35.0 	 83.0 	 0.4067796610169492 
684.0 	 1392 	 571 	 35.0 	 83.0 	 0.4067796610169492 
685.0 	 1394 	 571 	 34.0 	 82.0 	 0.41379310344827586 
686.0 	 1396 	 571 	 35.0 	 83.0 	 0.4067796610169492 
687.0 	 1398 	 571 	 35.0 	 82.0 	 0.4017094017094017 
688.0 	 1401 	 571 	 35.0 	 83.0 	 0.4067796610169492 
689.0 	 1403 	 571 	 36.0 	 83.0 	 0.3949579831932773 
690.0 	 1405 	 571 	 36.0 	 82.0 	 0.3898305084745763 
691.0 	 1407 	 571 	 36.0 	 83.0 	 0.3949579831932773 
692.0 	 1409 	 571 	 36.0 	 84.0 	 0.4 
693.0 	 1412 	 571 	 36.0 	 87.0 	 0.4146341463414634 
694.0 	 1415 	 571 	 36.0 	 88.0 	 0.41935483870967744 
695.0 	 1417 	 571 	 35.0 	 87.0 	 0.4262295081967213 
696.0 	 1419 	 571 	 35.0 	 85.0 	 0.4166666666666667 
697.0 	 1422 	 571 	 34.0 	 85.0 	 0.42857142857142855 
698.0 	 1424 	 571 	 35.0 	 84.0 	 0.4117647058823529 
699.0 	 1426 	 571 	 35.0 	 83.0 	 0.4067796610169492 
700.0 	 1428 	 571 	 35.0 	 84.0 	 0.4117647058823529 
701.0 	 1430 	 571 	 35.0 	 82.0 	 0.4017094017094017 
702.0 	 1432 	 571 	 35.0 	 84.0 	 0.4117647058823529 
703.0 	 1434 	 571 	 35.0 	 84.0 	 0.4117647058823529 
704.0 	 1437 	 571 	 35.0 	 83.0 	 0.4067796610169492 
705.0 	 1439 	 571 	 36.0 	 83.0 	 0.3949579831932773 
706.0 	 1441 	 571 	 36.0 	 83.0 	 0.3949579831932773 
707.0 	 1444 	 571 	 35.0 	 82.0 	 0.4017094017094017 
708.0 	 1446 	 571 	 36.0 	 82.0 	 0.3898305084745763 
709.0 	 1448 	 571 	 36.0 	 83.0 	 0.3949579831932773 
710.0 	 1450 	 571 	 35.0 	 83.0 	 0.4067796610169492 
711.0 	 1452 	 571 	 35.0 	 84.0 	 0.4117647058823529 
712.0 	 1455 	 571 	 36.0 	 84.0 	 0.4 
713.0 	 1457 	 571 	 36.0 	 84.0 	 0.4 
714.0 	 1459 	 571 	 35.0 	 84.0 	 0.4117647058823529 
715.0 	 1462 	 571 	 36.0 	 85.0 	 0.4049586776859504 
716.0 	 1464 	 571 	 36.0 	 85.0 	 0.4049586776859504 
717.0 	 1466 	 571 	 36.0 	 84.0 	 0.4 
718.0 	 1468 	 571 	 36.0 	 85.0 	 0.4049586776859504 
719.0 	 1471 	 571 	 37.0 	 84.0 	 0.3884297520661157 
720.0 	 1473 	 571 	 36.0 	 84.0 	 0.4 
721.0 	 1475 	 571 	 36.0 	 82.0 	 0.3898305084745763 
722.0 	 1477 	 571 	 36.0 	 83.0 	 0.3949579831932773 
723.0 	 1479 	 571 	 36.0 	 82.0 	 0.3898305084745763 
724.0 	 1481 	 571 	 36.0 	 83.0 	 0.3949579831932773 
725.0 	 1483 	 571 	 37.0 	 84.0 	 0.3884297520661157 
726.0 	 1485 	 571 	 36.0 	 85.0 	 0.4049586776859504 
727.0 	 1488 	 571 	 36.0 	 85.0 	 0.4049586776859504 
728.0 	 1489 	 571 	 36.0 	 85.0 	 0.4049586776859504 
729.0 	 1492 	 571 	 36.0 	 85.0 	 0.4049586776859504 
730.0 	 1495 	 571 	 36.0 	 82.0 	 0.3898305084745763 
731.0 	 1497 	 571 	 36.0 	 83.0 	 0.3949579831932773 
732.0 	 1499 	 571 	 36.0 	 84.0 	 0.4 
733.0 	 1502 	 571 	 36.0 	 82.0 	 0.3898305084745763 
734.0 	 1504 	 571 	 37.0 	 85.0 	 0.39344262295081966 
735.0 	 1506 	 571 	 84.0228500366211 	 36.87066650390625 	 0.390030705384502 
736.0 	 1508 	 571 	 81.0 	 37.0 	 0.3728813559322034 
737.0 	 1510 	 571 	 36.0 	 84.0 	 0.4 
738.0 	 1513 	 571 	 37.0 	 84.0 	 0.3884297520661157 
739.0 	 1515 	 571 	 36.0 	 83.0 	 0.3949579831932773 
740.0 	 1518 	 571 	 36.0 	 83.0 	 0.3949579831932773 
741.0 	 1520 	 571 	 36.0 	 84.0 	 0.4 
742.0 	 1522 	 571 	 36.0 	 84.0 	 0.4 
743.0 	 1525 	 571 	 36.0 	 82.0 	 0.3898305084745763 
744.0 	 1527 	 571 	 37.0 	 84.0 	 0.3884297520661157 
745.0 	 1530 	 571 	 35.0 	 83.0 	 0.4067796610169492 
746.0 	 1532 	 571 	 35.0 	 82.0 	 0.4017094017094017 
747.0 	 1534 	 571 	 36.0 	 83.0 	 0.3949579831932773 
748.0 	 1536 	 571 	 36.0 	 83.0 	 0.3949579831932773 
749.0 	 1539 	 571 	 35.0 	 81.0 	 0.39655172413793105 
750.0 	 1541 	 572 	 36.0 	 82.0 	 0.3898305084745763 
751.0 	 1543 	 572 	 36.0 	 83.0 	 0.3949579831932773 
752.0 	 1545 	 571 	 36.0 	 81.0 	 0.38461538461538464 
753.0 	 1548 	 572 	 36.0 	 82.0 	 0.3898305084745763 
754.0 	 1550 	 571 	 36.0 	 82.0 	 0.3898305084745763 
755.0 	 1553 	 572 	 35.0 	 80.0 	 0.391304347826087 
756.0 	 1555 	 571 	 35.0 	 81.0 	 0.39655172413793105 
757.0 	 1558 	 572 	 33.0 	 81.0 	 0.42105263157894735 
758.0 	 1560 	 572 	 34.0 	 81.0 	 0.40869565217391307 
759.0 	 1562 	 572 	 34.0 	 82.0 	 0.41379310344827586 
760.0 	 1564 	 572 	 35.0 	 83.0 	 0.4067796610169492 
761.0 	 1566 	 572 	 34.0 	 81.0 	 0.40869565217391307 
762.0 	 1569 	 572 	 34.0 	 81.0 	 0.40869565217391307 
763.0 	 1571 	 572 	 36.0 	 83.0 	 0.3949579831932773 
764.0 	 1573 	 572 	 35.0 	 82.0 	 0.4017094017094017 
765.0 	 1576 	 572 	 34.0 	 81.0 	 0.40869565217391307 
766.0 	 1578 	 572 	 35.0 	 83.0 	 0.4067796610169492 
767.0 	 1581 	 572 	 35.0 	 81.0 	 0.39655172413793105 
768.0 	 1583 	 572 	 34.19858169555664 	 81.00788879394531 	 0.4063079695046652 
769.0 	 1585 	 572 	 33.0 	 82.0 	 0.4260869565217391 
770.0 	 1588 	 572 	 33.0 	 81.0 	 0.42105263157894735 
771.0 	 1589 	 572 	 33.0 	 80.0 	 0.415929203539823 
772.0 	 1592 	 572 	 34.0 	 81.0 	 0.40869565217391307 
773.0 	 1594 	 572 	 34.0 	 80.0 	 0.40350877192982454 
774.0 	 1597 	 572 	 34.0 	 80.0 	 0.40350877192982454 
775.0 	 1599 	 572 	 34.0 	 81.0 	 0.40869565217391307 
776.0 	 1601 	 572 	 34.0 	 81.0 	 0.40869565217391307 
777.0 	 1604 	 572 	 33.0 	 80.0 	 0.415929203539823 
778.0 	 1606 	 572 	 33.0 	 81.0 	 0.42105263157894735 
779.0 	 1608 	 572 	 33.0 	 83.0 	 0.43103448275862066 
780.0 	 1610 	 572 	 33.0 	 81.0 	 0.42105263157894735 
781.0 	 1612 	 572 	 33.0 	 79.0 	 0.4107142857142857 
782.0 	 1615 	 571 	 34.0 	 81.0 	 0.40869565217391307 
783.0 	 1617 	 572 	 34.0 	 80.0 	 0.40350877192982454 
784.0 	 1619 	 572 	 34.0 	 80.0 	 0.40350877192982454 
785.0 	 1621 	 572 	 34.0 	 83.0 	 0.4188034188034188 
786.0 	 1624 	 572 	 34.0 	 82.0 	 0.41379310344827586 
787.0 	 1626 	 571 	 34.0 	 81.0 	 0.40869565217391307 
788.0 	 1628 	 572 	 34.0 	 82.0 	 0.41379310344827586 
789.0 	 1631 	 571 	 34.0 	 80.0 	 0.40350877192982454 
790.0 	 1633 	 571 	 33.0 	 79.0 	 0.4107142857142857 
791.0 	 1635 	 571 	 33.0 	 81.0 	 0.42105263157894735 
792.0 	 1637 	 571 	 33.0 	 81.0 	 0.42105263157894735 
793.0 	 1639 	 571 	 32.0 	 79.0 	 0.42342342342342343 
794.0 	 1642 	 571 	 32.0 	 78.0 	 0.41818181818181815 
795.0 	 1644 	 571 	 32.0 	 79.0 	 0.42342342342342343 
796.0 	 1646 	 571 	 32.0 	 78.0 	 0.41818181818181815 
797.0 	 1649 	 571 	 32.0 	 78.0 	 0.41818181818181815 
798.0 	 1651 	 571 	 33.0 	 80.0 	 0.415929203539823 
799.0 	 1654 	 572 	 32.0 	 80.0 	 0.42857142857142855 
800.0 	 1655 	 571 	 32.0 	 78.0 	 0.41818181818181815 
801.0 	 1657 	 571 	 33.0 	 80.0 	 0.415929203539823 
802.0 	 1660 	 571 	 32.0 	 79.0 	 0.42342342342342343 
803.0 	 1662 	 571 	 32.0 	 79.0 	 0.42342342342342343 
804.0 	 1664 	 572 	 33.0 	 81.0 	 0.42105263157894735 
805.0 	 1667 	 571 	 32.0 	 80.0 	 0.42857142857142855 
806.0 	 1669 	 571 	 32.0 	 79.0 	 0.42342342342342343 
807.0 	 1671 	 571 	 32.0 	 80.0 	 0.42857142857142855 
808.0 	 1674 	 571 	 32.0 	 80.0 	 0.42857142857142855 
809.0 	 1676 	 572 	 32.0 	 79.0 	 0.42342342342342343 
810.0 	 1678 	 571 	 33.0 	 80.0 	 0.415929203539823 
811.0 	 1680 	 572 	 32.0 	 80.0 	 0.42857142857142855 
812.0 	 1683 	 572 	 32.0 	 78.0 	 0.41818181818181815 
813.0 	 1685 	 571 	 32.0 	 79.0 	 0.42342342342342343 
814.0 	 1687 	 571 	 33.0 	 80.0 	 0.415929203539823 
815.0 	 1690 	 571 	 33.0 	 79.0 	 0.4107142857142857 
816.0 	 1693 	 571 	 32.0 	 78.0 	 0.41818181818181815 
817.0 	 1694 	 571 	 32.0 	 80.0 	 0.42857142857142855 
818.0 	 1696 	 571 	 33.0 	 80.0 	 0.415929203539823 
819.0 	 1699 	 571 	 32.0 	 79.0 	 0.42342342342342343 
820.0 	 1701 	 571 	 33.0 	 80.0 	 0.415929203539823 
821.0 	 1703 	 571 	 33.0 	 80.0 	 0.415929203539823 
822.0 	 1706 	 571 	 33.0 	 80.0 	 0.415929203539823 
823.0 	 1708 	 571 	 81.0 	 33.0 	 0.42105263157894735 
824.0 	 1710 	 571 	 33.0 	 81.0 	 0.42105263157894735 
825.0 	 1713 	 572 	 32.0 	 80.0 	 0.42857142857142855 
826.0 	 1715 	 571 	 32.0 	 81.0 	 0.4336283185840708 
827.0 	 1717 	 572 	 32.0 	 81.0 	 0.4336283185840708 
828.0 	 1719 	 572 	 32.0 	 79.0 	 0.42342342342342343 
829.0 	 1722 	 571 	 78.98543548583984 	 31.89083480834961 	 0.4247491420168943 
830.0 	 1724 	 571 	 80.00458526611328 	 31.63082504272461 	 0.43331914210341776 
831.0 	 1726 	 571 	 79.00131225585938 	 31.61051368713379 	 0.42844242163717405 
832.0 	 1729 	 571 	 31.0 	 78.0 	 0.43119266055045874 
833.0 	 1731 	 572 	 32.0 	 79.0 	 0.42342342342342343 
834.0 	 1733 	 571 	 32.0 	 79.0 	 0.42342342342342343 
835.0 	 1736 	 571 	 32.0 	 77.0 	 0.41284403669724773 
836.0 	 1738 	 571 	 31.0 	 79.0 	 0.43636363636363634 
837.0 	 1740 	 572 	 31.0 	 78.0 	 0.43119266055045874 
838.0 	 1743 	 572 	 31.0 	 77.0 	 0.42592592592592593 
839.0 	 1745 	 572 	 31.0 	 77.0 	 0.42592592592592593 
840.0 	 1746 	 572 	 31.0 	 78.0 	 0.43119266055045874 
841.0 	 1748 	 572 	 31.0 	 76.0 	 0.4205607476635514 
842.0 	 1751 	 572 	 32.0 	 78.0 	 0.41818181818181815 
843.0 	 1752 	 572 	 32.0 	 79.0 	 0.42342342342342343 
844.0 	 1755 	 572 	 31.0 	 78.0 	 0.43119266055045874 
845.0 	 1757 	 572 	 78.0 	 32.0 	 0.41818181818181815 
846.0 	 1759 	 572 	 33.0 	 80.0 	 0.415929203539823 
847.0 	 1761 	 572 	 31.0 	 78.0 	 0.43119266055045874 
848.0 	 1764 	 572 	 30.0 	 78.0 	 0.4444444444444444 
849.0 	 1766 	 572 	 32.0 	 79.0 	 0.42342342342342343 
850.0 	 1767 	 572 	 31.0 	 80.0 	 0.44144144144144143 
851.0 	 1770 	 572 	 31.0 	 78.0 	 0.43119266055045874 
852.0 	 1772 	 572 	 31.0 	 79.0 	 0.43636363636363634 
853.0 	 1775 	 572 	 30.0 	 77.0 	 0.4392523364485981 
854.0 	 1777 	 572 	 30.0 	 77.0 	 0.4392523364485981 
855.0 	 1779 	 572 	 29.0 	 79.0 	 0.46296296296296297 
856.0 	 1781 	 572 	 29.0 	 79.0 	 0.46296296296296297 
857.0 	 1784 	 572 	 30.0 	 77.0 	 0.4392523364485981 
858.0 	 1786 	 572 	 30.0 	 79.0 	 0.44954128440366975 
859.0 	 1789 	 572 	 31.0 	 80.0 	 0.44144144144144143 
860.0 	 1791 	 572 	 29.0 	 77.0 	 0.4528301886792453 
861.0 	 1793 	 572 	 78.0867691040039 	 30.921220779418945 	 0.43267973636634827 
862.0 	 1795 	 572 	 79.94306182861328 	 31.868581771850586 	 0.429959515026423 
863.0 	 1798 	 572 	 78.0 	 31.0 	 0.43119266055045874 
864.0 	 1800 	 572 	 30.0 	 77.0 	 0.4392523364485981 
865.0 	 1801 	 572 	 30.0 	 80.0 	 0.45454545454545453 
866.0 	 1803 	 572 	 29.0 	 77.0 	 0.4528301886792453 
867.0 	 1806 	 572 	 29.0 	 76.0 	 0.44761904761904764 
868.0 	 1808 	 572 	 30.0 	 78.0 	 0.4444444444444444 
869.0 	 1810 	 572 	 30.0 	 78.0 	 0.4444444444444444 
870.0 	 1813 	 572 	 29.0 	 78.0 	 0.45794392523364486 
871.0 	 1816 	 572 	 79.0 	 31.0 	 0.43636363636363634 
872.0 	 1818 	 572 	 30.0 	 78.0 	 0.4444444444444444 
873.0 	 1820 	 572 	 29.0 	 78.0 	 0.45794392523364486 
874.0 	 1822 	 572 	 30.0 	 78.0 	 0.4444444444444444 
875.0 	 1824 	 572 	 78.0 	 31.0 	 0.43119266055045874 
876.0 	 1828 	 572 	 29.0 	 77.0 	 0.4528301886792453 
877.0 	 1830 	 572 	 29.0 	 77.0 	 0.4528301886792453 
878.0 	 1832 	 572 	 29.0 	 79.0 	 0.46296296296296297 
879.0 	 1835 	 572 	 30.0 	 76.0 	 0.4339622641509434 
880.0 	 1837 	 572 	 30.0 	 76.0 	 0.4339622641509434 
881.0 	 1839 	 572 	 30.0 	 78.0 	 0.4444444444444444 
882.0 	 1842 	 572 	 30.0 	 77.0 	 0.4392523364485981 
883.0 	 1844 	 572 	 30.0 	 76.0 	 0.4339622641509434 
884.0 	 1846 	 572 	 32.0 	 80.0 	 0.42857142857142855 
885.0 	 1848 	 572 	 31.0 	 79.0 	 0.43636363636363634 
886.0 	 1850 	 572 	 30.0 	 80.0 	 0.45454545454545453 
887.0 	 1853 	 572 	 31.0 	 80.0 	 0.44144144144144143 
888.0 	 1855 	 572 	 31.0 	 80.0 	 0.44144144144144143 
889.0 	 1858 	 572 	 30.0 	 78.0 	 0.4444444444444444 
890.0 	 1860 	 572 	 31.0 	 80.0 	 0.44144144144144143 
891.0 	 1862 	 572 	 30.0 	 82.0 	 0.4642857142857143 
892.0 	 1865 	 572 	 29.0 	 79.0 	 0.46296296296296297 
893.0 	 1867 	 572 	 29.0 	 80.0 	 0.46788990825688076 
894.0 	 1869 	 572 	 29.0 	 80.0 	 0.46788990825688076 
895.0 	 1871 	 572 	 78.0 	 30.0 	 0.4444444444444444 
896.0 	 1873 	 572 	 29.0 	 78.0 	 0.45794392523364486 
897.0 	 1875 	 572 	 30.0 	 78.0 	 0.4444444444444444 
898.0 	 1878 	 572 	 28.0 	 77.0 	 0.4666666666666667 
899.0 	 1880 	 572 	 28.0 	 75.0 	 0.4563106796116505 
900.0 	 1882 	 572 	 30.0 	 77.0 	 0.4392523364485981 
901.0 	 1884 	 572 	 29.0 	 73.0 	 0.43137254901960786 
902.0 	 1886 	 572 	 29.63877296447754 	 70.46332550048828 	 0.4078291380704542 
903.0 	 1887 	 572 	 30.0 	 68.0 	 0.3877551020408163 
904.0 	 1888 	 571 	 29.0 	 66.0 	 0.3894736842105263 
905.0 	 1890 	 572 	 30.0 	 65.0 	 0.3684210526315789 
906.0 	 1890 	 572 	 31.0 	 63.0 	 0.3404255319148936 
907.0 	 1892 	 572 	 31.0 	 59.0 	 0.3111111111111111 
908.0 	 1893 	 572 	 29.0 	 57.0 	 0.32558139534883723 
909.0 	 1894 	 572 	 30.0 	 56.0 	 0.3023255813953488 
910.0 	 1895 	 572 	 30.0 	 53.0 	 0.27710843373493976 
911.0 	 1896 	 572 	 28.0 	 51.0 	 0.2911392405063291 
912.0 	 1897 	 572 	 30.0 	 50.0 	 0.25 
913.0 	 1898 	 571 	 28.0 	 47.0 	 0.25333333333333335 
914.0 	 1899 	 572 	 27.0 	 44.0 	 0.23943661971830985 
915.0 	 1900 	 572 	 27.0 	 41.0 	 0.20588235294117646 
916.0 	 1900 	 571 	 27.0 	 41.0 	 0.20588235294117646 
917.0 	 1902 	 571 	 27.0 	 38.0 	 0.16923076923076924 
918.0 	 1903 	 571 	 27.0 	 36.0 	 0.14285714285714285 
919.0 	 1903 	 571 	 25.0 	 35.0 	 0.16666666666666666 
920.0 	 1904 	 571 	 25.0 	 32.0 	 0.12280701754385964 
921.0 	 1906 	 572 	 24.0 	 30.0 	 0.1111111111111111 
922.0 	 1906 	 571 	 24.0 	 28.0 	 0.07692307692307693 
923.0 	 1908 	 571 	 24.0 	 24.0 	 0.0 
