frame 	 x 	 y 	 width 	 height 	 deformation 
1.0 	 96 	 569 	 46.0 	 52.0 	 0.061224489795918366 
2.0 	 95 	 569 	 46.0 	 51.0 	 0.05154639175257732 
3.0 	 95 	 569 	 46.0 	 52.0 	 0.061224489795918366 
4.0 	 96 	 569 	 46.0 	 53.0 	 0.0707070707070707 
5.0 	 96 	 569 	 46.0 	 51.0 	 0.05154639175257732 
6.0 	 96 	 569 	 47.0 	 52.0 	 0.050505050505050504 
7.0 	 96 	 569 	 47.0 	 53.0 	 0.06 
8.0 	 96 	 569 	 47.0 	 52.0 	 0.050505050505050504 
9.0 	 96 	 569 	 47.0 	 52.0 	 0.050505050505050504 
10.0 	 96 	 569 	 47.0 	 53.0 	 0.06 
11.0 	 96 	 569 	 46.0 	 52.0 	 0.061224489795918366 
12.0 	 96 	 569 	 47.0 	 53.0 	 0.06 
13.0 	 97 	 569 	 47.0 	 53.0 	 0.06 
14.0 	 97 	 569 	 46.0 	 51.0 	 0.05154639175257732 
15.0 	 97 	 569 	 46.0 	 53.0 	 0.0707070707070707 
16.0 	 97 	 569 	 46.0 	 53.0 	 0.0707070707070707 
17.0 	 97 	 569 	 46.0 	 51.0 	 0.05154639175257732 
18.0 	 97 	 569 	 47.0 	 51.0 	 0.04081632653061224 
19.0 	 97 	 569 	 47.0 	 51.0 	 0.04081632653061224 
20.0 	 97 	 569 	 47.0 	 51.0 	 0.04081632653061224 
21.0 	 97 	 569 	 47.0 	 51.0 	 0.04081632653061224 
22.0 	 97 	 569 	 47.0 	 52.0 	 0.050505050505050504 
23.0 	 97 	 569 	 47.0 	 51.0 	 0.04081632653061224 
24.0 	 97 	 569 	 47.0 	 51.0 	 0.04081632653061224 
25.0 	 97 	 569 	 47.0 	 52.0 	 0.050505050505050504 
26.0 	 97 	 569 	 47.0 	 52.0 	 0.050505050505050504 
27.0 	 97 	 569 	 47.0 	 51.0 	 0.04081632653061224 
28.0 	 97 	 569 	 48.0 	 52.0 	 0.04 
29.0 	 97 	 569 	 48.0 	 52.0 	 0.04 
30.0 	 98 	 569 	 47.0 	 50.0 	 0.030927835051546393 
31.0 	 97 	 569 	 47.0 	 52.0 	 0.050505050505050504 
32.0 	 97 	 569 	 47.0 	 52.0 	 0.050505050505050504 
33.0 	 98 	 569 	 46.0 	 51.0 	 0.05154639175257732 
34.0 	 97 	 569 	 46.0 	 53.0 	 0.0707070707070707 
35.0 	 97 	 569 	 46.0 	 52.0 	 0.061224489795918366 
36.0 	 98 	 569 	 46.0 	 51.0 	 0.05154639175257732 
37.0 	 98 	 569 	 47.0 	 51.0 	 0.04081632653061224 
38.0 	 98 	 569 	 47.0 	 51.0 	 0.04081632653061224 
39.0 	 98 	 569 	 46.0 	 51.0 	 0.05154639175257732 
40.0 	 98 	 569 	 47.0 	 52.0 	 0.050505050505050504 
41.0 	 98 	 569 	 47.0 	 51.0 	 0.04081632653061224 
42.0 	 98 	 569 	 47.0 	 50.0 	 0.030927835051546393 
43.0 	 98 	 569 	 46.0 	 52.0 	 0.061224489795918366 
44.0 	 98 	 569 	 46.0 	 52.0 	 0.061224489795918366 
45.0 	 98 	 569 	 47.0 	 50.0 	 0.030927835051546393 
46.0 	 98 	 569 	 46.0 	 52.0 	 0.061224489795918366 
47.0 	 98 	 569 	 46.0 	 52.0 	 0.061224489795918366 
48.0 	 98 	 569 	 47.0 	 51.0 	 0.04081632653061224 
49.0 	 98 	 569 	 46.0 	 51.0 	 0.05154639175257732 
50.0 	 98 	 569 	 46.0 	 52.0 	 0.061224489795918366 
51.0 	 98 	 569 	 46.0 	 51.0 	 0.05154639175257732 
52.0 	 98 	 569 	 46.0 	 51.0 	 0.05154639175257732 
53.0 	 98 	 569 	 47.0 	 51.0 	 0.04081632653061224 
54.0 	 98 	 569 	 47.0 	 52.0 	 0.050505050505050504 
55.0 	 98 	 569 	 47.0 	 52.0 	 0.050505050505050504 
56.0 	 98 	 569 	 53.0 	 47.0 	 0.06 
57.0 	 98 	 569 	 51.0 	 47.0 	 0.04081632653061224 
58.0 	 99 	 569 	 46.0 	 51.0 	 0.05154639175257732 
59.0 	 98 	 569 	 46.0 	 53.0 	 0.0707070707070707 
60.0 	 99 	 569 	 46.0 	 52.0 	 0.061224489795918366 
61.0 	 99 	 569 	 46.0 	 51.0 	 0.05154639175257732 
62.0 	 99 	 569 	 47.0 	 52.0 	 0.050505050505050504 
63.0 	 99 	 569 	 47.0 	 51.0 	 0.04081632653061224 
64.0 	 99 	 569 	 46.0 	 51.0 	 0.05154639175257732 
65.0 	 99 	 569 	 47.0 	 52.0 	 0.050505050505050504 
66.0 	 99 	 569 	 47.0 	 51.0 	 0.04081632653061224 
67.0 	 99 	 569 	 46.0 	 50.0 	 0.041666666666666664 
68.0 	 99 	 569 	 47.0 	 52.0 	 0.050505050505050504 
69.0 	 99 	 569 	 47.0 	 51.0 	 0.04081632653061224 
70.0 	 99 	 569 	 46.0 	 51.0 	 0.05154639175257732 
71.0 	 99 	 569 	 47.0 	 52.0 	 0.050505050505050504 
72.0 	 99 	 569 	 47.0 	 52.0 	 0.050505050505050504 
73.0 	 99 	 569 	 47.0 	 50.0 	 0.030927835051546393 
74.0 	 99 	 569 	 46.0 	 51.0 	 0.05154639175257732 
75.0 	 99 	 569 	 47.0 	 51.0 	 0.04081632653061224 
76.0 	 99 	 569 	 47.0 	 51.0 	 0.04081632653061224 
77.0 	 99 	 569 	 47.0 	 51.0 	 0.04081632653061224 
78.0 	 100 	 569 	 47.0 	 52.0 	 0.050505050505050504 
79.0 	 100 	 569 	 48.0 	 50.0 	 0.02040816326530612 
80.0 	 100 	 569 	 48.0 	 50.0 	 0.02040816326530612 
81.0 	 100 	 569 	 47.0 	 51.0 	 0.04081632653061224 
82.0 	 101 	 569 	 48.0 	 50.0 	 0.02040816326530612 
83.0 	 101 	 569 	 46.0 	 49.0 	 0.031578947368421054 
84.0 	 101 	 569 	 47.0 	 50.0 	 0.030927835051546393 
85.0 	 102 	 569 	 46.0 	 51.0 	 0.05154639175257732 
86.0 	 102 	 569 	 46.0 	 50.0 	 0.041666666666666664 
87.0 	 103 	 569 	 46.0 	 50.0 	 0.041666666666666664 
88.0 	 104 	 569 	 46.0 	 50.0 	 0.041666666666666664 
89.0 	 105 	 569 	 47.0 	 50.0 	 0.030927835051546393 
90.0 	 106 	 569 	 47.0 	 52.0 	 0.050505050505050504 
91.0 	 107 	 569 	 47.0 	 52.0 	 0.050505050505050504 
92.0 	 109 	 569 	 46.0 	 50.0 	 0.041666666666666664 
93.0 	 111 	 569 	 46.0 	 51.0 	 0.05154639175257732 
94.0 	 112 	 569 	 46.0 	 51.0 	 0.05154639175257732 
95.0 	 114 	 569 	 47.0 	 51.0 	 0.04081632653061224 
96.0 	 115 	 569 	 46.0 	 51.0 	 0.05154639175257732 
97.0 	 117 	 569 	 46.0 	 51.0 	 0.05154639175257732 
98.0 	 118 	 569 	 45.0 	 50.0 	 0.05263157894736842 
99.0 	 120 	 569 	 45.0 	 51.0 	 0.0625 
100.0 	 121 	 569 	 45.0 	 52.0 	 0.07216494845360824 
101.0 	 123 	 569 	 45.0 	 51.0 	 0.0625 
102.0 	 125 	 569 	 45.0 	 53.0 	 0.08163265306122448 
103.0 	 126 	 569 	 45.0 	 53.0 	 0.08163265306122448 
104.0 	 128 	 569 	 45.0 	 52.0 	 0.07216494845360824 
105.0 	 129 	 569 	 45.0 	 51.0 	 0.0625 
106.0 	 131 	 569 	 46.0 	 53.0 	 0.0707070707070707 
107.0 	 133 	 569 	 45.0 	 52.0 	 0.07216494845360824 
108.0 	 135 	 569 	 45.0 	 52.0 	 0.07216494845360824 
109.0 	 136 	 569 	 44.0 	 52.0 	 0.08333333333333333 
110.0 	 138 	 569 	 43.0 	 52.0 	 0.09473684210526316 
111.0 	 140 	 569 	 43.0 	 52.0 	 0.09473684210526316 
112.0 	 142 	 569 	 44.0 	 53.0 	 0.09278350515463918 
113.0 	 143 	 569 	 44.0 	 53.0 	 0.09278350515463918 
114.0 	 146 	 569 	 53.0 	 43.0 	 0.10416666666666667 
115.0 	 148 	 569 	 43.0 	 54.0 	 0.1134020618556701 
116.0 	 149 	 569 	 43.0 	 55.0 	 0.12244897959183673 
117.0 	 151 	 569 	 42.0 	 54.0 	 0.125 
118.0 	 153 	 569 	 42.0 	 55.0 	 0.13402061855670103 
119.0 	 155 	 569 	 43.0 	 56.0 	 0.13131313131313133 
120.0 	 157 	 569 	 42.0 	 55.0 	 0.13402061855670103 
121.0 	 159 	 569 	 42.0 	 55.0 	 0.13402061855670103 
122.0 	 161 	 569 	 42.0 	 55.0 	 0.13402061855670103 
123.0 	 163 	 569 	 42.0 	 55.0 	 0.13402061855670103 
124.0 	 165 	 569 	 42.0 	 56.0 	 0.14285714285714285 
125.0 	 166 	 569 	 42.0 	 57.0 	 0.15151515151515152 
126.0 	 168 	 569 	 42.0 	 56.0 	 0.14285714285714285 
127.0 	 170 	 569 	 43.0 	 57.0 	 0.14 
128.0 	 172 	 569 	 42.0 	 58.0 	 0.16 
129.0 	 174 	 569 	 41.0 	 56.0 	 0.15463917525773196 
130.0 	 176 	 569 	 41.0 	 56.0 	 0.15463917525773196 
131.0 	 178 	 569 	 42.0 	 58.0 	 0.16 
132.0 	 180 	 569 	 42.0 	 56.0 	 0.14285714285714285 
133.0 	 182 	 569 	 41.0 	 56.0 	 0.15463917525773196 
134.0 	 184 	 570 	 41.0 	 57.0 	 0.16326530612244897 
135.0 	 186 	 570 	 41.0 	 57.0 	 0.16326530612244897 
136.0 	 189 	 570 	 41.0 	 57.0 	 0.16326530612244897 
137.0 	 191 	 570 	 41.0 	 58.0 	 0.1717171717171717 
138.0 	 192 	 570 	 41.0 	 59.0 	 0.18 
139.0 	 195 	 570 	 41.0 	 58.0 	 0.1717171717171717 
140.0 	 197 	 570 	 41.0 	 59.0 	 0.18 
141.0 	 198 	 570 	 41.0 	 59.0 	 0.18 
142.0 	 201 	 570 	 41.0 	 58.0 	 0.1717171717171717 
143.0 	 203 	 570 	 41.0 	 60.0 	 0.18811881188118812 
144.0 	 205 	 570 	 41.0 	 60.0 	 0.18811881188118812 
145.0 	 207 	 569 	 41.0 	 59.0 	 0.18 
146.0 	 209 	 569 	 41.0 	 59.0 	 0.18 
147.0 	 211 	 570 	 41.0 	 59.0 	 0.18 
148.0 	 213 	 569 	 41.0 	 58.0 	 0.1717171717171717 
149.0 	 215 	 569 	 41.0 	 60.0 	 0.18811881188118812 
150.0 	 217 	 569 	 41.0 	 60.0 	 0.18811881188118812 
151.0 	 219 	 569 	 41.0 	 59.0 	 0.18 
152.0 	 221 	 570 	 41.0 	 60.0 	 0.18811881188118812 
153.0 	 223 	 570 	 41.0 	 60.0 	 0.18811881188118812 
154.0 	 226 	 570 	 41.0 	 59.0 	 0.18 
155.0 	 228 	 570 	 41.0 	 61.0 	 0.19607843137254902 
156.0 	 230 	 570 	 41.0 	 61.0 	 0.19607843137254902 
157.0 	 232 	 570 	 41.0 	 59.0 	 0.18 
158.0 	 234 	 570 	 41.0 	 60.0 	 0.18811881188118812 
159.0 	 236 	 569 	 41.0 	 61.0 	 0.19607843137254902 
160.0 	 238 	 570 	 41.0 	 61.0 	 0.19607843137254902 
161.0 	 241 	 569 	 41.0 	 61.0 	 0.19607843137254902 
162.0 	 243 	 570 	 41.0 	 61.0 	 0.19607843137254902 
163.0 	 245 	 569 	 41.0 	 61.0 	 0.19607843137254902 
164.0 	 247 	 569 	 41.0 	 60.0 	 0.18811881188118812 
165.0 	 249 	 569 	 42.0 	 62.0 	 0.19230769230769232 
166.0 	 251 	 570 	 42.0 	 62.0 	 0.19230769230769232 
167.0 	 254 	 569 	 41.0 	 61.0 	 0.19607843137254902 
168.0 	 256 	 570 	 42.0 	 62.0 	 0.19230769230769232 
169.0 	 258 	 570 	 40.0 	 61.0 	 0.2079207920792079 
170.0 	 260 	 570 	 40.0 	 60.0 	 0.2 
171.0 	 262 	 570 	 40.0 	 62.0 	 0.21568627450980393 
172.0 	 265 	 570 	 41.0 	 62.0 	 0.20388349514563106 
173.0 	 267 	 570 	 41.0 	 61.0 	 0.19607843137254902 
174.0 	 269 	 570 	 41.0 	 62.0 	 0.20388349514563106 
175.0 	 271 	 570 	 41.0 	 61.0 	 0.19607843137254902 
176.0 	 273 	 570 	 41.0 	 60.0 	 0.18811881188118812 
177.0 	 275 	 570 	 42.0 	 62.0 	 0.19230769230769232 
178.0 	 277 	 570 	 42.0 	 61.0 	 0.18446601941747573 
179.0 	 280 	 570 	 40.0 	 62.0 	 0.21568627450980393 
180.0 	 282 	 570 	 63.11457443237305 	 40.775333404541016 	 0.2150280185338125 
181.0 	 285 	 570 	 40.0 	 61.0 	 0.2079207920792079 
182.0 	 287 	 570 	 39.0 	 62.0 	 0.22772277227722773 
183.0 	 289 	 570 	 39.0 	 62.0 	 0.22772277227722773 
184.0 	 291 	 570 	 40.0 	 63.0 	 0.22330097087378642 
185.0 	 294 	 570 	 40.0 	 61.0 	 0.2079207920792079 
186.0 	 296 	 570 	 40.0 	 62.0 	 0.21568627450980393 
187.0 	 298 	 570 	 40.0 	 62.0 	 0.21568627450980393 
188.0 	 301 	 570 	 40.0 	 63.0 	 0.22330097087378642 
189.0 	 303 	 570 	 40.0 	 63.0 	 0.22330097087378642 
190.0 	 305 	 570 	 40.0 	 63.0 	 0.22330097087378642 
191.0 	 307 	 570 	 40.0 	 62.0 	 0.21568627450980393 
192.0 	 310 	 570 	 40.0 	 63.0 	 0.22330097087378642 
193.0 	 312 	 570 	 40.0 	 63.0 	 0.22330097087378642 
194.0 	 314 	 570 	 40.0 	 63.0 	 0.22330097087378642 
195.0 	 316 	 570 	 62.0 	 40.0 	 0.21568627450980393 
196.0 	 318 	 570 	 40.0 	 64.0 	 0.23076923076923078 
197.0 	 321 	 570 	 40.0 	 63.0 	 0.22330097087378642 
198.0 	 324 	 570 	 39.0 	 63.0 	 0.23529411764705882 
199.0 	 326 	 570 	 39.0 	 63.0 	 0.23529411764705882 
200.0 	 328 	 570 	 39.0 	 63.0 	 0.23529411764705882 
201.0 	 331 	 570 	 40.0 	 63.0 	 0.22330097087378642 
202.0 	 333 	 570 	 40.0 	 63.0 	 0.22330097087378642 
203.0 	 335 	 570 	 40.0 	 64.0 	 0.23076923076923078 
204.0 	 337 	 570 	 40.0 	 63.0 	 0.22330097087378642 
205.0 	 339 	 570 	 40.0 	 64.0 	 0.23076923076923078 
206.0 	 342 	 570 	 40.0 	 64.0 	 0.23076923076923078 
207.0 	 344 	 570 	 40.0 	 63.0 	 0.22330097087378642 
208.0 	 346 	 570 	 40.0 	 63.0 	 0.22330097087378642 
209.0 	 349 	 570 	 40.0 	 64.0 	 0.23076923076923078 
210.0 	 351 	 570 	 40.0 	 63.0 	 0.22330097087378642 
211.0 	 353 	 570 	 40.0 	 64.0 	 0.23076923076923078 
212.0 	 356 	 570 	 40.0 	 65.0 	 0.23809523809523808 
213.0 	 358 	 570 	 40.0 	 64.0 	 0.23076923076923078 
214.0 	 361 	 570 	 40.0 	 63.0 	 0.22330097087378642 
215.0 	 363 	 570 	 40.0 	 65.0 	 0.23809523809523808 
216.0 	 365 	 570 	 40.0 	 64.0 	 0.23076923076923078 
217.0 	 368 	 570 	 40.0 	 64.0 	 0.23076923076923078 
218.0 	 370 	 570 	 39.0 	 65.0 	 0.25 
219.0 	 373 	 570 	 39.0 	 64.0 	 0.24271844660194175 
220.0 	 376 	 570 	 39.0 	 65.0 	 0.25 
221.0 	 378 	 570 	 40.0 	 65.0 	 0.23809523809523808 
222.0 	 380 	 570 	 40.0 	 64.0 	 0.23076923076923078 
223.0 	 383 	 570 	 40.0 	 64.0 	 0.23076923076923078 
224.0 	 385 	 570 	 40.0 	 64.0 	 0.23076923076923078 
225.0 	 388 	 570 	 40.0 	 65.0 	 0.23809523809523808 
226.0 	 391 	 570 	 39.0 	 64.0 	 0.24271844660194175 
227.0 	 393 	 570 	 39.0 	 65.0 	 0.25 
228.0 	 395 	 570 	 39.0 	 65.0 	 0.25 
229.0 	 398 	 570 	 38.0 	 63.0 	 0.24752475247524752 
230.0 	 400 	 570 	 39.43918228149414 	 64.56710052490234 	 0.24160000305157348 
231.0 	 403 	 570 	 39.50466537475586 	 64.4334716796875 	 0.2398427277167167 
232.0 	 405 	 570 	 39.0 	 63.0 	 0.23529411764705882 
233.0 	 407 	 570 	 39.0 	 64.0 	 0.24271844660194175 
234.0 	 410 	 570 	 39.0 	 64.0 	 0.24271844660194175 
235.0 	 412 	 570 	 39.0 	 63.0 	 0.23529411764705882 
236.0 	 414 	 570 	 39.0 	 64.0 	 0.24271844660194175 
237.0 	 416 	 570 	 39.0 	 64.0 	 0.24271844660194175 
238.0 	 419 	 570 	 62.50304412841797 	 39.29832077026367 	 0.22794118115458395 
239.0 	 421 	 570 	 39.0 	 63.0 	 0.23529411764705882 
240.0 	 424 	 570 	 39.0 	 64.0 	 0.24271844660194175 
241.0 	 426 	 570 	 38.0 	 65.0 	 0.2621359223300971 
242.0 	 428 	 570 	 64.38158416748047 	 37.546722412109375 	 0.2632719276506112 
243.0 	 431 	 570 	 38.0 	 65.0 	 0.2621359223300971 
244.0 	 433 	 570 	 64.47840881347656 	 37.41339874267578 	 0.26562498713044536 
245.0 	 436 	 570 	 63.24361801147461 	 36.40765380859375 	 0.26929876270255965 
246.0 	 438 	 570 	 64.21977996826172 	 36.40452575683594 	 0.2764267938147683 
247.0 	 441 	 570 	 36.0 	 64.0 	 0.28 
248.0 	 444 	 570 	 35.0 	 64.0 	 0.29292929292929293 
249.0 	 447 	 570 	 34.0 	 66.0 	 0.32 
250.0 	 449 	 570 	 34.0 	 66.0 	 0.32 
251.0 	 452 	 570 	 33.0 	 65.0 	 0.32653061224489793 
252.0 	 455 	 570 	 33.0 	 66.0 	 0.3333333333333333 
253.0 	 457 	 570 	 33.0 	 66.0 	 0.3333333333333333 
254.0 	 460 	 570 	 32.0 	 65.0 	 0.3402061855670103 
255.0 	 462 	 570 	 65.91267395019531 	 33.95590591430664 	 0.3199882092971228 
256.0 	 464 	 570 	 34.0 	 66.0 	 0.32 
257.0 	 467 	 570 	 34.0 	 64.0 	 0.30612244897959184 
258.0 	 470 	 570 	 34.69731140136719 	 65.33354187011719 	 0.30626781104828804 
259.0 	 473 	 570 	 35.0 	 65.0 	 0.3 
260.0 	 476 	 570 	 34.0 	 65.0 	 0.31313131313131315 
261.0 	 479 	 570 	 35.0 	 64.0 	 0.29292929292929293 
262.0 	 481 	 570 	 36.0 	 65.0 	 0.2871287128712871 
263.0 	 483 	 570 	 36.0 	 63.0 	 0.2727272727272727 
264.0 	 486 	 570 	 35.0 	 63.0 	 0.2857142857142857 
265.0 	 488 	 570 	 35.0 	 62.0 	 0.27835051546391754 
266.0 	 491 	 570 	 35.0 	 61.0 	 0.2708333333333333 
267.0 	 493 	 570 	 35.0 	 62.0 	 0.27835051546391754 
268.0 	 495 	 570 	 36.0 	 64.0 	 0.28 
269.0 	 498 	 570 	 36.0 	 65.0 	 0.2871287128712871 
270.0 	 500 	 570 	 36.0 	 64.0 	 0.28 
271.0 	 502 	 570 	 38.0 	 65.0 	 0.2621359223300971 
272.0 	 505 	 570 	 37.0 	 66.0 	 0.2815533980582524 
273.0 	 508 	 570 	 36.0 	 65.0 	 0.2871287128712871 
274.0 	 510 	 570 	 37.399452209472656 	 66.28520202636719 	 0.2785923339358528 
275.0 	 512 	 571 	 37.0 	 68.0 	 0.29523809523809524 
276.0 	 515 	 570 	 36.0 	 67.0 	 0.30097087378640774 
277.0 	 517 	 570 	 36.0 	 66.0 	 0.29411764705882354 
278.0 	 519 	 570 	 37.0 	 66.0 	 0.2815533980582524 
279.0 	 522 	 570 	 37.0 	 65.0 	 0.27450980392156865 
280.0 	 524 	 570 	 37.0 	 66.0 	 0.2815533980582524 
281.0 	 526 	 570 	 37.0 	 66.0 	 0.2815533980582524 
282.0 	 529 	 570 	 37.0 	 65.0 	 0.27450980392156865 
283.0 	 531 	 570 	 38.0 	 65.0 	 0.2621359223300971 
284.0 	 533 	 570 	 38.0 	 65.0 	 0.2621359223300971 
285.0 	 535 	 570 	 38.0 	 64.0 	 0.2549019607843137 
286.0 	 537 	 570 	 38.0 	 64.0 	 0.2549019607843137 
287.0 	 540 	 571 	 38.0 	 65.0 	 0.2621359223300971 
288.0 	 542 	 571 	 38.0 	 65.0 	 0.2621359223300971 
289.0 	 545 	 570 	 36.0 	 66.0 	 0.29411764705882354 
290.0 	 547 	 570 	 37.0 	 67.0 	 0.28846153846153844 
291.0 	 550 	 570 	 37.0 	 66.0 	 0.2815533980582524 
292.0 	 552 	 570 	 38.0 	 67.0 	 0.2761904761904762 
293.0 	 555 	 570 	 38.0 	 68.0 	 0.2830188679245283 
294.0 	 557 	 570 	 38.0 	 68.0 	 0.2830188679245283 
295.0 	 560 	 570 	 38.0 	 68.0 	 0.2830188679245283 
296.0 	 562 	 570 	 39.0 	 69.0 	 0.2777777777777778 
297.0 	 564 	 570 	 39.0 	 68.0 	 0.27102803738317754 
298.0 	 567 	 570 	 39.0 	 67.0 	 0.2641509433962264 
299.0 	 569 	 570 	 39.0 	 68.0 	 0.27102803738317754 
300.0 	 571 	 571 	 39.0 	 69.0 	 0.2777777777777778 
301.0 	 573 	 571 	 38.0 	 68.0 	 0.2830188679245283 
302.0 	 575 	 571 	 38.0 	 69.0 	 0.2897196261682243 
303.0 	 577 	 571 	 38.0 	 69.0 	 0.2897196261682243 
304.0 	 580 	 571 	 38.0 	 68.0 	 0.2830188679245283 
305.0 	 582 	 571 	 38.0 	 70.0 	 0.2962962962962963 
306.0 	 584 	 571 	 38.0 	 70.0 	 0.2962962962962963 
307.0 	 586 	 571 	 38.0 	 69.0 	 0.2897196261682243 
308.0 	 589 	 571 	 39.0 	 68.0 	 0.27102803738317754 
309.0 	 591 	 571 	 39.0 	 69.0 	 0.2777777777777778 
310.0 	 593 	 571 	 39.0 	 68.0 	 0.27102803738317754 
311.0 	 596 	 571 	 67.51597595214844 	 40.02792739868164 	 0.25559839002491097 
312.0 	 598 	 571 	 39.0 	 67.0 	 0.2641509433962264 
313.0 	 600 	 571 	 39.0 	 66.0 	 0.2571428571428571 
314.0 	 602 	 571 	 39.0 	 67.0 	 0.2641509433962264 
315.0 	 604 	 571 	 39.0 	 68.0 	 0.27102803738317754 
316.0 	 606 	 571 	 39.0 	 68.0 	 0.27102803738317754 
317.0 	 609 	 571 	 39.0 	 69.0 	 0.2777777777777778 
318.0 	 611 	 571 	 39.0 	 69.0 	 0.2777777777777778 
319.0 	 613 	 571 	 39.0 	 69.0 	 0.2777777777777778 
320.0 	 616 	 571 	 38.0 	 70.0 	 0.2962962962962963 
321.0 	 618 	 571 	 70.0 	 39.0 	 0.28440366972477066 
322.0 	 620 	 571 	 38.0 	 69.0 	 0.2897196261682243 
323.0 	 622 	 571 	 38.0 	 69.0 	 0.2897196261682243 
324.0 	 625 	 571 	 38.0 	 69.0 	 0.2897196261682243 
325.0 	 627 	 571 	 38.0 	 70.0 	 0.2962962962962963 
326.0 	 629 	 571 	 38.0 	 69.0 	 0.2897196261682243 
327.0 	 631 	 571 	 38.0 	 70.0 	 0.2962962962962963 
328.0 	 633 	 571 	 38.0 	 70.0 	 0.2962962962962963 
329.0 	 635 	 571 	 38.0 	 69.0 	 0.2897196261682243 
330.0 	 637 	 571 	 38.0 	 69.0 	 0.2897196261682243 
331.0 	 639 	 571 	 38.0 	 69.0 	 0.2897196261682243 
332.0 	 642 	 571 	 38.0 	 68.0 	 0.2830188679245283 
333.0 	 644 	 571 	 39.0 	 69.0 	 0.2777777777777778 
334.0 	 646 	 571 	 39.0 	 69.0 	 0.2777777777777778 
335.0 	 649 	 571 	 39.0 	 68.0 	 0.27102803738317754 
336.0 	 650 	 571 	 69.0 	 39.0 	 0.2777777777777778 
337.0 	 652 	 571 	 38.0 	 68.0 	 0.2830188679245283 
338.0 	 655 	 571 	 38.0 	 68.0 	 0.2830188679245283 
339.0 	 657 	 571 	 38.0 	 68.0 	 0.2830188679245283 
340.0 	 659 	 571 	 38.0 	 68.0 	 0.2830188679245283 
341.0 	 661 	 571 	 38.0 	 68.0 	 0.2830188679245283 
342.0 	 663 	 571 	 38.0 	 69.0 	 0.2897196261682243 
343.0 	 665 	 571 	 38.0 	 69.0 	 0.2897196261682243 
344.0 	 667 	 571 	 38.0 	 69.0 	 0.2897196261682243 
345.0 	 669 	 571 	 38.0 	 69.0 	 0.2897196261682243 
346.0 	 671 	 571 	 38.0 	 69.0 	 0.2897196261682243 
347.0 	 673 	 571 	 38.0 	 69.0 	 0.2897196261682243 
348.0 	 675 	 571 	 38.0 	 69.0 	 0.2897196261682243 
349.0 	 677 	 571 	 39.0 	 69.0 	 0.2777777777777778 
350.0 	 680 	 571 	 39.0 	 68.0 	 0.27102803738317754 
351.0 	 682 	 571 	 39.0 	 68.0 	 0.27102803738317754 
352.0 	 684 	 571 	 39.0 	 68.0 	 0.27102803738317754 
353.0 	 686 	 571 	 39.0 	 68.0 	 0.27102803738317754 
354.0 	 688 	 571 	 39.0 	 68.0 	 0.27102803738317754 
355.0 	 690 	 571 	 39.0 	 69.0 	 0.2777777777777778 
356.0 	 692 	 571 	 39.0 	 69.0 	 0.2777777777777778 
357.0 	 694 	 571 	 39.0 	 69.0 	 0.2777777777777778 
358.0 	 696 	 571 	 39.0 	 68.0 	 0.27102803738317754 
359.0 	 698 	 571 	 39.0 	 68.0 	 0.27102803738317754 
360.0 	 700 	 571 	 39.0 	 68.0 	 0.27102803738317754 
361.0 	 702 	 571 	 38.0 	 68.0 	 0.2830188679245283 
362.0 	 704 	 571 	 38.0 	 68.0 	 0.2830188679245283 
363.0 	 707 	 571 	 38.0 	 67.0 	 0.2761904761904762 
364.0 	 709 	 571 	 38.0 	 69.0 	 0.2897196261682243 
365.0 	 711 	 571 	 38.0 	 68.0 	 0.2830188679245283 
366.0 	 713 	 571 	 38.0 	 67.0 	 0.2761904761904762 
367.0 	 715 	 571 	 37.0 	 69.0 	 0.3018867924528302 
368.0 	 717 	 571 	 37.0 	 69.0 	 0.3018867924528302 
369.0 	 719 	 571 	 37.0 	 68.0 	 0.29523809523809524 
370.0 	 721 	 571 	 37.0 	 68.0 	 0.29523809523809524 
371.0 	 723 	 571 	 38.0 	 68.0 	 0.2830188679245283 
372.0 	 726 	 571 	 38.0 	 67.0 	 0.2761904761904762 
373.0 	 728 	 571 	 38.0 	 67.0 	 0.2761904761904762 
374.0 	 730 	 571 	 38.0 	 67.0 	 0.2761904761904762 
375.0 	 732 	 571 	 37.78980255126953 	 67.22274780273438 	 0.28028026318991905 
376.0 	 735 	 571 	 37.766727447509766 	 67.20955657958984 	 0.280471245528937 
377.0 	 737 	 571 	 38.0 	 68.0 	 0.2830188679245283 
378.0 	 739 	 571 	 68.0 	 38.0 	 0.2830188679245283 
379.0 	 741 	 571 	 37.0 	 67.0 	 0.28846153846153844 
380.0 	 743 	 571 	 37.0 	 68.0 	 0.29523809523809524 
381.0 	 745 	 571 	 37.0 	 68.0 	 0.29523809523809524 
382.0 	 747 	 571 	 37.0 	 68.0 	 0.29523809523809524 
383.0 	 750 	 571 	 37.0 	 68.0 	 0.29523809523809524 
384.0 	 752 	 571 	 37.0 	 68.0 	 0.29523809523809524 
385.0 	 754 	 571 	 37.0 	 68.0 	 0.29523809523809524 
386.0 	 756 	 571 	 38.0 	 68.0 	 0.2830188679245283 
387.0 	 758 	 571 	 37.0 	 68.0 	 0.29523809523809524 
388.0 	 760 	 571 	 37.0 	 67.0 	 0.28846153846153844 
389.0 	 762 	 571 	 38.0 	 67.0 	 0.2761904761904762 
390.0 	 765 	 571 	 38.0 	 68.0 	 0.2830188679245283 
391.0 	 767 	 571 	 37.0 	 67.0 	 0.28846153846153844 
392.0 	 769 	 571 	 37.0 	 68.0 	 0.29523809523809524 
393.0 	 771 	 571 	 68.0 	 38.0 	 0.2830188679245283 
394.0 	 773 	 571 	 36.0 	 68.0 	 0.3076923076923077 
395.0 	 776 	 571 	 36.0 	 67.0 	 0.30097087378640774 
396.0 	 778 	 571 	 36.0 	 68.0 	 0.3076923076923077 
397.0 	 780 	 571 	 37.0 	 67.0 	 0.28846153846153844 
398.0 	 782 	 571 	 37.0 	 67.0 	 0.28846153846153844 
399.0 	 785 	 571 	 37.0 	 68.0 	 0.29523809523809524 
400.0 	 787 	 571 	 37.0 	 67.0 	 0.28846153846153844 
401.0 	 789 	 571 	 37.0 	 68.0 	 0.29523809523809524 
402.0 	 791 	 571 	 37.0 	 68.0 	 0.29523809523809524 
403.0 	 793 	 571 	 37.0 	 68.0 	 0.29523809523809524 
404.0 	 796 	 571 	 37.0 	 67.0 	 0.28846153846153844 
405.0 	 798 	 571 	 37.0 	 68.0 	 0.29523809523809524 
406.0 	 800 	 571 	 37.0 	 68.0 	 0.29523809523809524 
407.0 	 802 	 571 	 37.0 	 68.0 	 0.29523809523809524 
408.0 	 805 	 571 	 37.8880729675293 	 68.87345886230469 	 0.29022987366051145 
409.0 	 807 	 571 	 36.0 	 69.0 	 0.3142857142857143 
410.0 	 809 	 571 	 36.0 	 68.0 	 0.3076923076923077 
411.0 	 811 	 571 	 36.0 	 68.0 	 0.3076923076923077 
412.0 	 814 	 571 	 35.0 	 69.0 	 0.3269230769230769 
413.0 	 816 	 571 	 35.0 	 68.0 	 0.32038834951456313 
414.0 	 819 	 571 	 35.0 	 69.0 	 0.3269230769230769 
415.0 	 821 	 571 	 35.0 	 69.0 	 0.3269230769230769 
416.0 	 823 	 571 	 36.0 	 69.0 	 0.3142857142857143 
417.0 	 826 	 571 	 36.0 	 69.0 	 0.3142857142857143 
418.0 	 828 	 571 	 36.0 	 69.0 	 0.3142857142857143 
419.0 	 831 	 571 	 36.0 	 69.0 	 0.3142857142857143 
420.0 	 833 	 571 	 36.0 	 69.0 	 0.3142857142857143 
421.0 	 835 	 571 	 35.0 	 69.0 	 0.3269230769230769 
422.0 	 838 	 571 	 35.0 	 68.0 	 0.32038834951456313 
423.0 	 840 	 571 	 35.0 	 69.0 	 0.3269230769230769 
424.0 	 843 	 571 	 35.0 	 70.0 	 0.3333333333333333 
425.0 	 845 	 571 	 35.0 	 69.0 	 0.3269230769230769 
426.0 	 848 	 571 	 35.0 	 69.0 	 0.3269230769230769 
427.0 	 850 	 571 	 35.0 	 70.0 	 0.3333333333333333 
428.0 	 852 	 571 	 35.0 	 69.0 	 0.3269230769230769 
429.0 	 855 	 571 	 35.0 	 68.0 	 0.32038834951456313 
430.0 	 857 	 571 	 36.0 	 68.0 	 0.3076923076923077 
431.0 	 859 	 571 	 36.0 	 69.0 	 0.3142857142857143 
432.0 	 862 	 571 	 36.0 	 69.0 	 0.3142857142857143 
433.0 	 864 	 571 	 36.0 	 70.0 	 0.32075471698113206 
434.0 	 865 	 571 	 36.0 	 70.0 	 0.32075471698113206 
435.0 	 868 	 571 	 36.0 	 69.0 	 0.3142857142857143 
436.0 	 870 	 571 	 36.0 	 70.0 	 0.32075471698113206 
437.0 	 873 	 571 	 36.0 	 71.0 	 0.32710280373831774 
438.0 	 875 	 571 	 36.0 	 70.0 	 0.32075471698113206 
439.0 	 878 	 571 	 36.0 	 70.0 	 0.32075471698113206 
440.0 	 880 	 571 	 36.0 	 70.0 	 0.32075471698113206 
441.0 	 882 	 571 	 36.0 	 69.0 	 0.3142857142857143 
442.0 	 884 	 571 	 36.0 	 70.0 	 0.32075471698113206 
443.0 	 886 	 571 	 36.0 	 70.0 	 0.32075471698113206 
444.0 	 889 	 571 	 37.0 	 70.0 	 0.308411214953271 
445.0 	 891 	 571 	 36.0 	 69.0 	 0.3142857142857143 
446.0 	 894 	 571 	 36.0 	 69.0 	 0.3142857142857143 
447.0 	 896 	 571 	 36.0 	 70.0 	 0.32075471698113206 
448.0 	 899 	 571 	 36.0 	 71.0 	 0.32710280373831774 
449.0 	 901 	 571 	 36.0 	 70.0 	 0.32075471698113206 
450.0 	 904 	 571 	 36.0 	 70.0 	 0.32075471698113206 
451.0 	 906 	 571 	 36.0 	 71.0 	 0.32710280373831774 
452.0 	 908 	 571 	 36.0 	 71.0 	 0.32710280373831774 
453.0 	 911 	 571 	 36.0 	 70.0 	 0.32075471698113206 
454.0 	 913 	 571 	 36.0 	 69.0 	 0.3142857142857143 
455.0 	 915 	 571 	 36.0 	 70.0 	 0.32075471698113206 
456.0 	 917 	 571 	 36.0 	 70.0 	 0.32075471698113206 
457.0 	 919 	 571 	 36.0 	 70.0 	 0.32075471698113206 
458.0 	 922 	 571 	 36.0 	 71.0 	 0.32710280373831774 
459.0 	 924 	 571 	 36.0 	 71.0 	 0.32710280373831774 
460.0 	 927 	 571 	 36.0 	 71.0 	 0.32710280373831774 
461.0 	 929 	 571 	 36.0 	 71.0 	 0.32710280373831774 
462.0 	 931 	 571 	 36.0 	 71.0 	 0.32710280373831774 
463.0 	 934 	 571 	 36.0 	 70.0 	 0.32075471698113206 
464.0 	 936 	 571 	 36.0 	 71.0 	 0.32710280373831774 
465.0 	 938 	 571 	 36.0 	 71.0 	 0.32710280373831774 
466.0 	 941 	 571 	 36.0 	 71.0 	 0.32710280373831774 
467.0 	 943 	 571 	 36.0 	 71.0 	 0.32710280373831774 
468.0 	 945 	 571 	 36.0 	 71.0 	 0.32710280373831774 
469.0 	 947 	 571 	 36.0 	 71.0 	 0.32710280373831774 
470.0 	 949 	 571 	 36.0 	 72.0 	 0.3333333333333333 
471.0 	 952 	 571 	 36.0 	 71.0 	 0.32710280373831774 
472.0 	 954 	 571 	 36.0 	 71.0 	 0.32710280373831774 
473.0 	 957 	 571 	 36.0 	 71.0 	 0.32710280373831774 
474.0 	 959 	 571 	 36.0 	 71.0 	 0.32710280373831774 
475.0 	 962 	 571 	 36.0 	 71.0 	 0.32710280373831774 
476.0 	 964 	 571 	 36.0 	 71.0 	 0.32710280373831774 
477.0 	 966 	 571 	 36.0 	 71.0 	 0.32710280373831774 
478.0 	 969 	 571 	 36.0 	 70.0 	 0.32075471698113206 
479.0 	 971 	 571 	 36.0 	 71.0 	 0.32710280373831774 
480.0 	 973 	 571 	 36.0 	 71.0 	 0.32710280373831774 
481.0 	 976 	 571 	 36.0 	 71.0 	 0.32710280373831774 
482.0 	 978 	 571 	 36.0 	 71.0 	 0.32710280373831774 
483.0 	 980 	 571 	 36.0 	 71.0 	 0.32710280373831774 
484.0 	 983 	 571 	 36.0 	 71.0 	 0.32710280373831774 
485.0 	 985 	 571 	 36.0 	 71.0 	 0.32710280373831774 
486.0 	 987 	 571 	 36.0 	 71.0 	 0.32710280373831774 
487.0 	 989 	 571 	 36.0 	 71.0 	 0.32710280373831774 
488.0 	 992 	 571 	 36.0 	 71.0 	 0.32710280373831774 
489.0 	 994 	 571 	 36.0 	 71.0 	 0.32710280373831774 
490.0 	 997 	 571 	 36.0 	 72.0 	 0.3333333333333333 
491.0 	 999 	 571 	 36.0 	 71.0 	 0.32710280373831774 
492.0 	 1001 	 571 	 36.0 	 71.0 	 0.32710280373831774 
493.0 	 1003 	 571 	 36.0 	 71.0 	 0.32710280373831774 
494.0 	 1006 	 571 	 36.0 	 71.0 	 0.32710280373831774 
495.0 	 1008 	 571 	 36.0 	 71.0 	 0.32710280373831774 
496.0 	 1010 	 571 	 36.0 	 71.0 	 0.32710280373831774 
497.0 	 1013 	 571 	 36.0 	 70.0 	 0.32075471698113206 
498.0 	 1015 	 571 	 36.0 	 72.0 	 0.3333333333333333 
499.0 	 1018 	 571 	 36.0 	 72.0 	 0.3333333333333333 
500.0 	 1020 	 571 	 35.0 	 72.0 	 0.34579439252336447 
501.0 	 1022 	 571 	 35.0 	 73.0 	 0.35185185185185186 
502.0 	 1025 	 571 	 35.0 	 72.0 	 0.34579439252336447 
503.0 	 1027 	 571 	 35.0 	 72.0 	 0.34579439252336447 
504.0 	 1029 	 571 	 35.0 	 73.0 	 0.35185185185185186 
505.0 	 1032 	 571 	 35.0 	 72.0 	 0.34579439252336447 
506.0 	 1034 	 571 	 35.0 	 72.0 	 0.34579439252336447 
507.0 	 1037 	 571 	 35.0 	 72.0 	 0.34579439252336447 
508.0 	 1039 	 571 	 35.0 	 72.0 	 0.34579439252336447 
509.0 	 1042 	 571 	 35.0 	 72.0 	 0.34579439252336447 
510.0 	 1044 	 571 	 35.0 	 72.0 	 0.34579439252336447 
511.0 	 1046 	 571 	 35.0 	 72.0 	 0.34579439252336447 
512.0 	 1048 	 571 	 35.0 	 72.0 	 0.34579439252336447 
513.0 	 1051 	 571 	 35.0 	 72.0 	 0.34579439252336447 
514.0 	 1053 	 571 	 35.0 	 72.0 	 0.34579439252336447 
515.0 	 1056 	 571 	 35.0 	 73.0 	 0.35185185185185186 
516.0 	 1058 	 571 	 35.0 	 72.0 	 0.34579439252336447 
517.0 	 1059 	 571 	 35.0 	 72.0 	 0.34579439252336447 
518.0 	 1062 	 571 	 35.0 	 72.0 	 0.34579439252336447 
519.0 	 1065 	 571 	 35.0 	 71.0 	 0.33962264150943394 
520.0 	 1067 	 571 	 35.0 	 72.0 	 0.34579439252336447 
521.0 	 1070 	 571 	 35.0 	 71.0 	 0.33962264150943394 
522.0 	 1072 	 571 	 35.0 	 71.0 	 0.33962264150943394 
523.0 	 1074 	 571 	 35.0 	 72.0 	 0.34579439252336447 
524.0 	 1077 	 571 	 35.0 	 72.0 	 0.34579439252336447 
525.0 	 1079 	 571 	 35.0 	 72.0 	 0.34579439252336447 
526.0 	 1082 	 571 	 36.0 	 72.0 	 0.3333333333333333 
527.0 	 1084 	 571 	 36.0 	 73.0 	 0.3394495412844037 
528.0 	 1086 	 571 	 36.0 	 73.0 	 0.3394495412844037 
529.0 	 1089 	 572 	 35.0 	 73.0 	 0.35185185185185186 
530.0 	 1091 	 572 	 35.0 	 73.0 	 0.35185185185185186 
531.0 	 1094 	 571 	 36.0 	 72.0 	 0.3333333333333333 
532.0 	 1096 	 572 	 36.0 	 73.0 	 0.3394495412844037 
533.0 	 1099 	 572 	 36.0 	 72.0 	 0.3333333333333333 
534.0 	 1101 	 572 	 72.0 	 35.0 	 0.34579439252336447 
535.0 	 1104 	 571 	 35.0 	 71.0 	 0.33962264150943394 
536.0 	 1106 	 572 	 36.0 	 72.0 	 0.3333333333333333 
537.0 	 1108 	 572 	 36.0 	 72.0 	 0.3333333333333333 
538.0 	 1111 	 572 	 35.0 	 71.0 	 0.33962264150943394 
539.0 	 1113 	 572 	 72.0 	 36.0 	 0.3333333333333333 
540.0 	 1116 	 572 	 35.0 	 73.0 	 0.35185185185185186 
541.0 	 1118 	 572 	 35.0 	 73.0 	 0.35185185185185186 
542.0 	 1120 	 572 	 35.0 	 73.0 	 0.35185185185185186 
543.0 	 1123 	 572 	 35.0 	 73.0 	 0.35185185185185186 
544.0 	 1125 	 572 	 36.0 	 74.0 	 0.34545454545454546 
545.0 	 1128 	 572 	 36.0 	 74.0 	 0.34545454545454546 
546.0 	 1130 	 572 	 36.0 	 73.0 	 0.3394495412844037 
547.0 	 1133 	 572 	 35.0 	 74.0 	 0.3577981651376147 
548.0 	 1135 	 572 	 35.0 	 74.0 	 0.3577981651376147 
549.0 	 1137 	 572 	 36.0 	 74.0 	 0.34545454545454546 
550.0 	 1139 	 572 	 36.0 	 73.0 	 0.3394495412844037 
551.0 	 1142 	 572 	 36.0 	 74.0 	 0.34545454545454546 
552.0 	 1144 	 572 	 36.0 	 74.0 	 0.34545454545454546 
553.0 	 1146 	 572 	 35.0 	 74.0 	 0.3577981651376147 
554.0 	 1149 	 572 	 35.0 	 75.0 	 0.36363636363636365 
555.0 	 1151 	 572 	 35.0 	 75.0 	 0.36363636363636365 
556.0 	 1154 	 572 	 35.0 	 74.0 	 0.3577981651376147 
557.0 	 1156 	 572 	 35.813446044921875 	 74.12549591064453 	 0.3484847969630915 
558.0 	 1159 	 572 	 35.97533416748047 	 75.02263641357422 	 0.3517839293969795 
559.0 	 1161 	 572 	 36.0 	 74.0 	 0.34545454545454546 
560.0 	 1164 	 572 	 36.0 	 75.0 	 0.35135135135135137 
561.0 	 1166 	 572 	 37.0 	 75.0 	 0.3392857142857143 
562.0 	 1168 	 572 	 37.0 	 74.0 	 0.3333333333333333 
563.0 	 1171 	 572 	 37.0 	 74.0 	 0.3333333333333333 
564.0 	 1173 	 572 	 37.0 	 76.0 	 0.34513274336283184 
565.0 	 1175 	 572 	 36.0 	 75.0 	 0.35135135135135137 
566.0 	 1177 	 572 	 36.0 	 75.0 	 0.35135135135135137 
567.0 	 1180 	 572 	 36.0 	 76.0 	 0.35714285714285715 
568.0 	 1182 	 572 	 36.0 	 76.0 	 0.35714285714285715 
569.0 	 1185 	 572 	 36.0 	 75.0 	 0.35135135135135137 
570.0 	 1187 	 572 	 36.0 	 75.0 	 0.35135135135135137 
571.0 	 1189 	 572 	 36.0 	 77.0 	 0.36283185840707965 
572.0 	 1192 	 572 	 36.0 	 76.0 	 0.35714285714285715 
573.0 	 1194 	 572 	 36.0 	 77.0 	 0.36283185840707965 
574.0 	 1196 	 572 	 36.0 	 77.0 	 0.36283185840707965 
575.0 	 1199 	 572 	 36.0 	 77.0 	 0.36283185840707965 
576.0 	 1201 	 572 	 36.0 	 78.0 	 0.3684210526315789 
577.0 	 1203 	 572 	 36.0 	 78.0 	 0.3684210526315789 
578.0 	 1205 	 572 	 36.0 	 78.0 	 0.3684210526315789 
579.0 	 1207 	 572 	 36.0 	 77.0 	 0.36283185840707965 
580.0 	 1210 	 572 	 36.0 	 78.0 	 0.3684210526315789 
581.0 	 1212 	 572 	 36.0 	 79.0 	 0.3739130434782609 
582.0 	 1214 	 572 	 36.0 	 77.0 	 0.36283185840707965 
583.0 	 1217 	 572 	 36.0 	 77.0 	 0.36283185840707965 
584.0 	 1219 	 572 	 36.0 	 77.0 	 0.36283185840707965 
585.0 	 1222 	 572 	 36.0 	 78.0 	 0.3684210526315789 
586.0 	 1224 	 572 	 36.0 	 78.0 	 0.3684210526315789 
587.0 	 1226 	 572 	 36.0 	 79.0 	 0.3739130434782609 
588.0 	 1229 	 572 	 36.0 	 79.0 	 0.3739130434782609 
589.0 	 1230 	 572 	 35.0 	 78.0 	 0.3805309734513274 
590.0 	 1233 	 572 	 36.0 	 79.0 	 0.3739130434782609 
591.0 	 1236 	 572 	 79.0 	 36.0 	 0.3739130434782609 
592.0 	 1238 	 572 	 36.0 	 77.0 	 0.36283185840707965 
593.0 	 1240 	 572 	 37.0 	 78.0 	 0.3565217391304348 
594.0 	 1243 	 572 	 36.0 	 79.0 	 0.3739130434782609 
595.0 	 1245 	 572 	 36.0 	 79.0 	 0.3739130434782609 
596.0 	 1247 	 572 	 36.0 	 79.0 	 0.3739130434782609 
597.0 	 1249 	 572 	 36.0 	 80.0 	 0.3793103448275862 
598.0 	 1252 	 572 	 36.0 	 80.0 	 0.3793103448275862 
599.0 	 1254 	 572 	 36.0 	 81.0 	 0.38461538461538464 
600.0 	 1256 	 572 	 37.0 	 80.0 	 0.36752136752136755 
601.0 	 1259 	 572 	 35.0 	 80.0 	 0.391304347826087 
602.0 	 1261 	 572 	 35.0 	 80.0 	 0.391304347826087 
603.0 	 1263 	 572 	 35.0 	 80.0 	 0.391304347826087 
604.0 	 1266 	 572 	 36.0 	 80.0 	 0.3793103448275862 
605.0 	 1268 	 572 	 36.0 	 79.0 	 0.3739130434782609 
606.0 	 1270 	 572 	 36.0 	 80.0 	 0.3793103448275862 
607.0 	 1273 	 572 	 36.903900146484375 	 80.89894104003906 	 0.37346332610004734 
608.0 	 1275 	 572 	 37.0 	 79.0 	 0.3620689655172414 
609.0 	 1278 	 572 	 37.0 	 80.0 	 0.36752136752136755 
610.0 	 1280 	 572 	 37.05270767211914 	 80.8422622680664 	 0.3714285233556958 
611.0 	 1282 	 572 	 36.0 	 79.0 	 0.3739130434782609 
612.0 	 1285 	 572 	 36.0 	 79.0 	 0.3739130434782609 
613.0 	 1287 	 572 	 35.0 	 80.0 	 0.391304347826087 
614.0 	 1289 	 572 	 35.0 	 80.0 	 0.391304347826087 
615.0 	 1291 	 572 	 35.0 	 79.0 	 0.38596491228070173 
616.0 	 1294 	 573 	 36.0 	 80.0 	 0.3793103448275862 
617.0 	 1296 	 573 	 36.0 	 80.0 	 0.3793103448275862 
618.0 	 1298 	 572 	 36.0 	 79.0 	 0.3739130434782609 
619.0 	 1301 	 572 	 36.0 	 79.0 	 0.3739130434782609 
620.0 	 1303 	 572 	 36.0 	 80.0 	 0.3793103448275862 
621.0 	 1305 	 572 	 36.0 	 79.0 	 0.3739130434782609 
622.0 	 1308 	 572 	 36.0 	 79.0 	 0.3739130434782609 
623.0 	 1310 	 573 	 36.0 	 80.0 	 0.3793103448275862 
624.0 	 1312 	 572 	 36.0 	 80.0 	 0.3793103448275862 
625.0 	 1314 	 572 	 35.0 	 80.0 	 0.391304347826087 
626.0 	 1316 	 572 	 36.0 	 81.0 	 0.38461538461538464 
627.0 	 1319 	 572 	 36.0 	 81.0 	 0.38461538461538464 
628.0 	 1321 	 572 	 36.0 	 81.0 	 0.38461538461538464 
629.0 	 1323 	 572 	 36.0 	 80.0 	 0.3793103448275862 
630.0 	 1325 	 572 	 36.0 	 80.0 	 0.3793103448275862 
631.0 	 1328 	 572 	 36.0 	 80.0 	 0.3793103448275862 
632.0 	 1330 	 572 	 36.927947998046875 	 82.02745056152344 	 0.379129515008028 
633.0 	 1332 	 572 	 37.0 	 80.0 	 0.36752136752136755 
634.0 	 1334 	 572 	 36.0 	 79.0 	 0.3739130434782609 
635.0 	 1337 	 572 	 36.00279998779297 	 80.94060516357422 	 0.38426968256666916 
636.0 	 1339 	 572 	 80.0 	 36.0 	 0.3793103448275862 
637.0 	 1341 	 572 	 35.0 	 81.0 	 0.39655172413793105 
638.0 	 1343 	 572 	 35.0 	 81.0 	 0.39655172413793105 
639.0 	 1346 	 573 	 36.0 	 82.0 	 0.3898305084745763 
640.0 	 1348 	 572 	 35.0 	 81.0 	 0.39655172413793105 
641.0 	 1350 	 572 	 36.0 	 81.0 	 0.38461538461538464 
642.0 	 1352 	 572 	 36.0 	 81.0 	 0.38461538461538464 
643.0 	 1354 	 572 	 35.0 	 80.0 	 0.391304347826087 
644.0 	 1357 	 573 	 36.0 	 81.0 	 0.38461538461538464 
645.0 	 1359 	 573 	 36.0 	 82.0 	 0.3898305084745763 
646.0 	 1361 	 572 	 35.0 	 81.0 	 0.39655172413793105 
647.0 	 1363 	 573 	 35.0 	 82.0 	 0.4017094017094017 
648.0 	 1365 	 573 	 35.0 	 83.0 	 0.4067796610169492 
649.0 	 1368 	 572 	 35.0 	 81.0 	 0.39655172413793105 
650.0 	 1370 	 572 	 35.0 	 81.0 	 0.39655172413793105 
651.0 	 1372 	 573 	 35.0 	 82.0 	 0.4017094017094017 
652.0 	 1374 	 573 	 35.0 	 81.0 	 0.39655172413793105 
653.0 	 1376 	 573 	 34.844764709472656 	 80.01390075683594 	 0.3932584090541493 
654.0 	 1379 	 573 	 35.0 	 81.0 	 0.39655172413793105 
655.0 	 1381 	 573 	 35.0 	 81.0 	 0.39655172413793105 
656.0 	 1383 	 572 	 35.0 	 80.0 	 0.391304347826087 
657.0 	 1385 	 572 	 36.50753402709961 	 80.99150848388672 	 0.3785901017246825 
658.0 	 1387 	 572 	 36.0 	 81.0 	 0.38461538461538464 
659.0 	 1389 	 572 	 35.0 	 79.0 	 0.38596491228070173 
660.0 	 1392 	 573 	 36.0 	 81.0 	 0.38461538461538464 
661.0 	 1394 	 573 	 35.0 	 80.0 	 0.391304347826087 
662.0 	 1395 	 573 	 34.0 	 78.0 	 0.39285714285714285 
663.0 	 1398 	 573 	 34.0 	 80.0 	 0.40350877192982454 
664.0 	 1400 	 573 	 34.0 	 81.0 	 0.40869565217391307 
665.0 	 1402 	 573 	 34.0 	 80.0 	 0.40350877192982454 
666.0 	 1404 	 573 	 80.0 	 35.0 	 0.391304347826087 
667.0 	 1405 	 573 	 81.0 	 36.0 	 0.38461538461538464 
668.0 	 1408 	 573 	 35.0 	 81.0 	 0.39655172413793105 
669.0 	 1410 	 573 	 35.0 	 83.0 	 0.4067796610169492 
670.0 	 1413 	 573 	 35.0 	 86.0 	 0.4214876033057851 
671.0 	 1415 	 573 	 34.0 	 85.0 	 0.42857142857142855 
672.0 	 1417 	 573 	 34.0 	 84.0 	 0.423728813559322 
673.0 	 1420 	 573 	 34.0 	 83.0 	 0.4188034188034188 
674.0 	 1422 	 573 	 34.0 	 82.0 	 0.41379310344827586 
675.0 	 1424 	 573 	 34.0 	 82.0 	 0.41379310344827586 
676.0 	 1426 	 573 	 35.0 	 82.0 	 0.4017094017094017 
677.0 	 1427 	 573 	 35.0 	 81.0 	 0.39655172413793105 
678.0 	 1430 	 573 	 35.0 	 81.0 	 0.39655172413793105 
679.0 	 1432 	 573 	 35.0 	 82.0 	 0.4017094017094017 
680.0 	 1434 	 573 	 35.0 	 81.0 	 0.39655172413793105 
681.0 	 1436 	 573 	 35.0 	 80.0 	 0.391304347826087 
682.0 	 1438 	 573 	 36.0 	 82.0 	 0.3898305084745763 
683.0 	 1440 	 573 	 35.0 	 82.0 	 0.4017094017094017 
684.0 	 1442 	 573 	 35.0 	 81.0 	 0.39655172413793105 
685.0 	 1444 	 572 	 35.0 	 80.0 	 0.391304347826087 
686.0 	 1446 	 573 	 36.0 	 81.0 	 0.38461538461538464 
687.0 	 1448 	 573 	 35.77816390991211 	 80.9862289428711 	 0.38717338332720497 
688.0 	 1450 	 573 	 35.0 	 81.0 	 0.39655172413793105 
689.0 	 1452 	 573 	 36.0 	 81.0 	 0.38461538461538464 
690.0 	 1454 	 573 	 35.76171112060547 	 81.03638458251953 	 0.3876319488717718 
691.0 	 1457 	 573 	 35.0 	 79.0 	 0.38596491228070173 
692.0 	 1459 	 573 	 35.0 	 80.0 	 0.391304347826087 
693.0 	 1461 	 573 	 35.0 	 79.0 	 0.38596491228070173 
694.0 	 1463 	 573 	 35.0 	 79.0 	 0.38596491228070173 
695.0 	 1465 	 573 	 36.0 	 81.0 	 0.38461538461538464 
696.0 	 1468 	 573 	 36.0 	 80.0 	 0.3793103448275862 
697.0 	 1470 	 573 	 36.0 	 79.0 	 0.3739130434782609 
698.0 	 1472 	 573 	 36.0 	 81.0 	 0.38461538461538464 
699.0 	 1474 	 573 	 36.0 	 81.0 	 0.38461538461538464 
700.0 	 1476 	 573 	 36.0 	 80.0 	 0.3793103448275862 
701.0 	 1478 	 573 	 36.0 	 81.0 	 0.38461538461538464 
702.0 	 1480 	 573 	 36.0 	 81.0 	 0.38461538461538464 
703.0 	 1482 	 573 	 36.0 	 82.0 	 0.3898305084745763 
704.0 	 1484 	 573 	 36.0 	 83.0 	 0.3949579831932773 
705.0 	 1486 	 573 	 36.0 	 85.0 	 0.4049586776859504 
706.0 	 1488 	 573 	 36.0 	 84.0 	 0.4 
707.0 	 1490 	 573 	 36.0 	 84.0 	 0.4 
708.0 	 1493 	 573 	 36.0 	 82.0 	 0.3898305084745763 
709.0 	 1495 	 573 	 35.0 	 81.0 	 0.39655172413793105 
710.0 	 1497 	 573 	 36.0 	 79.0 	 0.3739130434782609 
711.0 	 1499 	 573 	 36.0 	 81.0 	 0.38461538461538464 
712.0 	 1501 	 573 	 36.0 	 81.0 	 0.38461538461538464 
713.0 	 1504 	 573 	 36.0 	 81.0 	 0.38461538461538464 
714.0 	 1506 	 573 	 36.0 	 82.0 	 0.3898305084745763 
715.0 	 1508 	 573 	 36.0 	 81.0 	 0.38461538461538464 
716.0 	 1511 	 573 	 36.0 	 80.0 	 0.3793103448275862 
717.0 	 1513 	 573 	 36.0 	 80.0 	 0.3793103448275862 
718.0 	 1515 	 573 	 36.0 	 79.0 	 0.3739130434782609 
719.0 	 1517 	 573 	 36.0 	 77.0 	 0.36283185840707965 
720.0 	 1520 	 573 	 36.0 	 78.0 	 0.3684210526315789 
721.0 	 1521 	 573 	 36.0 	 79.0 	 0.3739130434782609 
722.0 	 1523 	 573 	 36.0 	 78.0 	 0.3684210526315789 
723.0 	 1526 	 573 	 36.0 	 78.0 	 0.3684210526315789 
724.0 	 1528 	 573 	 36.0 	 79.0 	 0.3739130434782609 
725.0 	 1530 	 573 	 36.0 	 79.0 	 0.3739130434782609 
726.0 	 1533 	 573 	 36.0 	 79.0 	 0.3739130434782609 
727.0 	 1535 	 573 	 36.0 	 80.0 	 0.3793103448275862 
728.0 	 1538 	 573 	 36.0 	 80.0 	 0.3793103448275862 
729.0 	 1540 	 573 	 36.0 	 78.0 	 0.3684210526315789 
730.0 	 1542 	 573 	 36.0 	 80.0 	 0.3793103448275862 
731.0 	 1544 	 573 	 36.0 	 79.0 	 0.3739130434782609 
732.0 	 1546 	 573 	 35.0 	 78.0 	 0.3805309734513274 
733.0 	 1549 	 573 	 35.0 	 80.0 	 0.391304347826087 
734.0 	 1552 	 573 	 35.0 	 80.0 	 0.391304347826087 
735.0 	 1554 	 573 	 35.0 	 78.0 	 0.3805309734513274 
736.0 	 1556 	 574 	 35.0 	 79.0 	 0.38596491228070173 
737.0 	 1559 	 574 	 35.0 	 80.0 	 0.391304347826087 
738.0 	 1561 	 574 	 35.0 	 79.0 	 0.38596491228070173 
739.0 	 1564 	 574 	 35.0 	 78.0 	 0.3805309734513274 
740.0 	 1565 	 574 	 35.0 	 78.0 	 0.3805309734513274 
741.0 	 1567 	 574 	 35.0 	 80.0 	 0.391304347826087 
742.0 	 1570 	 574 	 34.0 	 78.0 	 0.39285714285714285 
743.0 	 1572 	 573 	 34.0 	 79.0 	 0.39823008849557523 
744.0 	 1574 	 573 	 34.0 	 80.0 	 0.40350877192982454 
745.0 	 1577 	 574 	 33.0 	 79.0 	 0.4107142857142857 
746.0 	 1579 	 574 	 33.0 	 80.0 	 0.415929203539823 
747.0 	 1581 	 574 	 33.0 	 81.0 	 0.42105263157894735 
748.0 	 1584 	 574 	 33.0 	 78.0 	 0.40540540540540543 
749.0 	 1586 	 574 	 33.0 	 80.0 	 0.415929203539823 
750.0 	 1588 	 574 	 33.0 	 80.0 	 0.415929203539823 
751.0 	 1591 	 573 	 33.0 	 79.0 	 0.4107142857142857 
752.0 	 1593 	 573 	 33.0 	 80.0 	 0.415929203539823 
753.0 	 1595 	 574 	 33.0 	 80.0 	 0.415929203539823 
754.0 	 1598 	 574 	 33.0 	 80.0 	 0.415929203539823 
755.0 	 1600 	 573 	 33.0 	 80.0 	 0.415929203539823 
756.0 	 1603 	 573 	 33.0 	 80.0 	 0.415929203539823 
757.0 	 1605 	 573 	 32.0 	 80.0 	 0.42857142857142855 
758.0 	 1608 	 573 	 32.0 	 79.0 	 0.42342342342342343 
759.0 	 1610 	 573 	 32.0 	 80.0 	 0.42857142857142855 
760.0 	 1612 	 573 	 32.0 	 80.0 	 0.42857142857142855 
761.0 	 1614 	 573 	 32.0 	 79.0 	 0.42342342342342343 
762.0 	 1617 	 573 	 33.0 	 80.0 	 0.415929203539823 
763.0 	 1619 	 574 	 33.0 	 80.0 	 0.415929203539823 
764.0 	 1621 	 573 	 33.0 	 78.0 	 0.40540540540540543 
765.0 	 1623 	 573 	 33.0 	 78.0 	 0.40540540540540543 
766.0 	 1625 	 573 	 33.0 	 81.0 	 0.42105263157894735 
767.0 	 1628 	 573 	 32.0 	 79.0 	 0.42342342342342343 
768.0 	 1630 	 574 	 33.0 	 80.0 	 0.415929203539823 
769.0 	 1633 	 573 	 34.0 	 80.0 	 0.40350877192982454 
770.0 	 1635 	 573 	 32.0 	 79.0 	 0.42342342342342343 
771.0 	 1638 	 573 	 33.0 	 79.0 	 0.4107142857142857 
772.0 	 1640 	 573 	 32.0 	 80.0 	 0.42857142857142855 
773.0 	 1642 	 573 	 32.0 	 78.0 	 0.41818181818181815 
774.0 	 1645 	 573 	 32.0 	 78.0 	 0.41818181818181815 
775.0 	 1647 	 573 	 33.0 	 80.0 	 0.415929203539823 
776.0 	 1649 	 573 	 33.0 	 79.0 	 0.4107142857142857 
777.0 	 1653 	 573 	 33.0 	 77.0 	 0.4 
778.0 	 1654 	 573 	 33.0 	 79.0 	 0.4107142857142857 
779.0 	 1656 	 573 	 33.0 	 80.0 	 0.415929203539823 
780.0 	 1659 	 573 	 32.0 	 78.0 	 0.41818181818181815 
781.0 	 1662 	 573 	 32.0 	 78.0 	 0.41818181818181815 
782.0 	 1664 	 573 	 32.0 	 80.0 	 0.42857142857142855 
783.0 	 1667 	 573 	 32.0 	 79.0 	 0.42342342342342343 
784.0 	 1669 	 573 	 33.0 	 80.0 	 0.415929203539823 
785.0 	 1671 	 573 	 32.0 	 80.0 	 0.42857142857142855 
786.0 	 1673 	 574 	 32.0 	 78.0 	 0.41818181818181815 
787.0 	 1676 	 574 	 32.0 	 78.0 	 0.41818181818181815 
788.0 	 1678 	 574 	 32.0 	 80.0 	 0.42857142857142855 
789.0 	 1681 	 573 	 31.0 	 79.0 	 0.43636363636363634 
790.0 	 1684 	 574 	 32.0 	 79.0 	 0.42342342342342343 
791.0 	 1686 	 574 	 31.0 	 81.0 	 0.44642857142857145 
792.0 	 1688 	 574 	 31.0 	 81.0 	 0.44642857142857145 
793.0 	 1691 	 573 	 30.0 	 79.0 	 0.44954128440366975 
794.0 	 1693 	 574 	 32.0 	 80.0 	 0.42857142857142855 
795.0 	 1696 	 574 	 32.0 	 80.0 	 0.42857142857142855 
796.0 	 1699 	 574 	 32.0 	 78.0 	 0.41818181818181815 
797.0 	 1701 	 573 	 32.0 	 79.0 	 0.42342342342342343 
798.0 	 1703 	 573 	 32.0 	 79.0 	 0.42342342342342343 
799.0 	 1706 	 574 	 32.0 	 77.0 	 0.41284403669724773 
800.0 	 1708 	 574 	 78.81017303466797 	 33.052101135253906 	 0.4090572289805792 
801.0 	 1710 	 574 	 80.00006866455078 	 32.70914077758789 	 0.41958352934096793 
802.0 	 1713 	 574 	 79.0 	 31.0 	 0.43636363636363634 
803.0 	 1715 	 574 	 32.0 	 80.0 	 0.42857142857142855 
804.0 	 1717 	 574 	 33.0 	 80.0 	 0.415929203539823 
805.0 	 1720 	 574 	 30.0 	 80.0 	 0.45454545454545453 
806.0 	 1722 	 574 	 31.0 	 79.0 	 0.43636363636363634 
807.0 	 1725 	 574 	 31.0 	 79.0 	 0.43636363636363634 
808.0 	 1727 	 574 	 31.0 	 78.0 	 0.43119266055045874 
809.0 	 1730 	 574 	 31.0 	 77.0 	 0.42592592592592593 
810.0 	 1732 	 574 	 32.0 	 79.0 	 0.42342342342342343 
811.0 	 1734 	 574 	 32.0 	 79.0 	 0.42342342342342343 
812.0 	 1737 	 574 	 32.0 	 77.0 	 0.41284403669724773 
813.0 	 1739 	 574 	 32.0 	 78.0 	 0.41818181818181815 
814.0 	 1741 	 574 	 32.0 	 79.0 	 0.42342342342342343 
815.0 	 1744 	 574 	 32.23920440673828 	 76.8168716430664 	 0.4087591343005043 
816.0 	 1746 	 574 	 32.0 	 79.0 	 0.42342342342342343 
817.0 	 1748 	 573 	 30.0 	 79.0 	 0.44954128440366975 
818.0 	 1751 	 574 	 31.0 	 76.0 	 0.4205607476635514 
819.0 	 1753 	 574 	 32.0 	 77.0 	 0.41284403669724773 
820.0 	 1755 	 574 	 77.64865112304688 	 33.04096984863281 	 0.40299786811834043 
821.0 	 1757 	 574 	 32.0 	 78.0 	 0.41818181818181815 
822.0 	 1760 	 574 	 33.0 	 79.0 	 0.4107142857142857 
823.0 	 1762 	 574 	 33.0 	 81.0 	 0.42105263157894735 
824.0 	 1764 	 574 	 78.67061614990234 	 32.71399688720703 	 0.41259396616464616 
825.0 	 1766 	 574 	 76.08733367919922 	 32.68773651123047 	 0.398984777412602 
826.0 	 1769 	 574 	 79.0059585571289 	 32.83622741699219 	 0.41281141581781877 
827.0 	 1771 	 574 	 31.0 	 78.0 	 0.43119266055045874 
828.0 	 1774 	 574 	 31.0 	 79.0 	 0.43636363636363634 
829.0 	 1776 	 574 	 30.0 	 80.0 	 0.45454545454545453 
830.0 	 1779 	 574 	 30.0 	 80.0 	 0.45454545454545453 
831.0 	 1782 	 574 	 30.0 	 80.0 	 0.45454545454545453 
832.0 	 1783 	 574 	 31.0 	 84.0 	 0.4608695652173913 
833.0 	 1786 	 574 	 31.0 	 84.0 	 0.4608695652173913 
834.0 	 1788 	 574 	 81.83516693115234 	 31.752351760864258 	 0.4409182958392075 
835.0 	 1791 	 574 	 33.0 	 83.0 	 0.43103448275862066 
836.0 	 1793 	 574 	 33.0 	 84.0 	 0.4358974358974359 
837.0 	 1796 	 574 	 31.918678283691406 	 81.07913970947266 	 0.435056732057917 
838.0 	 1798 	 574 	 32.0 	 84.0 	 0.4482758620689655 
839.0 	 1800 	 574 	 33.0 	 84.0 	 0.4358974358974359 
840.0 	 1803 	 574 	 81.0 	 32.0 	 0.4336283185840708 
841.0 	 1805 	 574 	 31.0 	 81.0 	 0.44642857142857145 
842.0 	 1807 	 574 	 33.0 	 82.0 	 0.4260869565217391 
843.0 	 1810 	 574 	 31.0 	 81.0 	 0.44642857142857145 
844.0 	 1812 	 574 	 79.311279296875 	 31.692975997924805 	 0.4289772781456691 
845.0 	 1815 	 574 	 32.0 	 82.0 	 0.43859649122807015 
846.0 	 1817 	 574 	 32.0 	 81.0 	 0.4336283185840708 
847.0 	 1820 	 574 	 32.0 	 79.0 	 0.42342342342342343 
848.0 	 1822 	 574 	 33.0 	 81.0 	 0.42105263157894735 
849.0 	 1825 	 574 	 32.0 	 80.0 	 0.42857142857142855 
850.0 	 1827 	 574 	 33.0 	 80.0 	 0.415929203539823 
851.0 	 1830 	 574 	 33.51637268066406 	 82.9856185913086 	 0.4246214624362866 
852.0 	 1832 	 574 	 33.64772033691406 	 81.8584976196289 	 0.4173868570508753 
853.0 	 1836 	 574 	 33.0 	 80.0 	 0.415929203539823 
854.0 	 1839 	 574 	 35.0 	 80.0 	 0.391304347826087 
855.0 	 1841 	 574 	 35.0 	 81.0 	 0.39655172413793105 
856.0 	 1843 	 574 	 34.89636993408203 	 78.84811401367188 	 0.3864076969198624 
857.0 	 1845 	 574 	 34.0 	 81.0 	 0.40869565217391307 
858.0 	 1847 	 574 	 34.925804138183594 	 82.68759155273438 	 0.40609139064453453 
859.0 	 1850 	 574 	 33.0 	 81.0 	 0.42105263157894735 
860.0 	 1852 	 574 	 34.0 	 81.0 	 0.40869565217391307 
861.0 	 1854 	 574 	 35.0 	 84.0 	 0.4117647058823529 
862.0 	 1857 	 574 	 35.0 	 83.0 	 0.4067796610169492 
863.0 	 1860 	 574 	 33.0 	 81.0 	 0.42105263157894735 
864.0 	 1861 	 574 	 34.0 	 83.0 	 0.4188034188034188 
865.0 	 1864 	 574 	 34.47859573364258 	 83.1480712890625 	 0.41376225976058145 
866.0 	 1866 	 574 	 34.94679641723633 	 79.8525161743164 	 0.39116714850768514 
867.0 	 1868 	 574 	 35.0 	 84.0 	 0.4117647058823529 
868.0 	 1870 	 574 	 35.0 	 83.0 	 0.4067796610169492 
869.0 	 1872 	 574 	 34.428287506103516 	 81.59304809570312 	 0.4065179938237599 
870.0 	 1875 	 574 	 34.93960189819336 	 84.91205596923828 	 0.41695254750935223 
871.0 	 1877 	 574 	 34.0 	 83.0 	 0.4188034188034188 
872.0 	 1879 	 574 	 33.0 	 83.0 	 0.43103448275862066 
873.0 	 1882 	 574 	 34.0 	 81.0 	 0.40869565217391307 
874.0 	 1883 	 574 	 34.0 	 79.0 	 0.39823008849557523 
875.0 	 1884 	 574 	 34.0 	 75.0 	 0.3761467889908257 
876.0 	 1886 	 574 	 34.0 	 72.0 	 0.3584905660377358 
877.0 	 1887 	 574 	 33.0 	 70.0 	 0.3592233009708738 
878.0 	 1889 	 574 	 33.0 	 68.0 	 0.3465346534653465 
879.0 	 1890 	 574 	 32.0 	 65.0 	 0.3402061855670103 
880.0 	 1891 	 574 	 34.0 	 64.0 	 0.30612244897959184 
881.0 	 1892 	 574 	 34.0 	 62.0 	 0.2916666666666667 
882.0 	 1893 	 574 	 32.0 	 59.0 	 0.2967032967032967 
883.0 	 1894 	 574 	 34.0 	 58.0 	 0.2608695652173913 
884.0 	 1895 	 574 	 34.0 	 55.0 	 0.23595505617977527 
885.0 	 1896 	 573 	 32.0 	 52.0 	 0.23809523809523808 
886.0 	 1897 	 574 	 33.0 	 51.0 	 0.21428571428571427 
887.0 	 1898 	 574 	 33.0 	 48.0 	 0.18518518518518517 
888.0 	 1899 	 574 	 30.0 	 45.0 	 0.2 
889.0 	 1900 	 573 	 30.0 	 42.0 	 0.16666666666666666 
890.0 	 1901 	 573 	 30.0 	 40.0 	 0.14285714285714285 
891.0 	 1902 	 573 	 28.0 	 38.0 	 0.15151515151515152 
892.0 	 1903 	 573 	 28.0 	 35.0 	 0.1111111111111111 
893.0 	 1904 	 573 	 28.0 	 34.0 	 0.0967741935483871 
894.0 	 1905 	 574 	 27.0 	 31.0 	 0.06896551724137931 
895.0 	 1907 	 573 	 27.0 	 28.0 	 0.01818181818181818 
896.0 	 1907 	 574 	 29.0 	 27.0 	 0.03571428571428571 
897.0 	 1908 	 574 	 29.0 	 26.0 	 0.05454545454545454 
