frame 	 x 	 y 	 width 	 height 	 deformation 
1.0 	 83 	 588 	 36.34529113769531 	 39.59798049926758 	 0.04283051403317639 
2.0 	 83 	 588 	 36.0 	 39.0 	 0.04 
3.0 	 83 	 588 	 36.0 	 39.0 	 0.04 
4.0 	 84 	 588 	 36.0 	 39.0 	 0.04 
5.0 	 84 	 588 	 36.0 	 38.0 	 0.02702702702702703 
6.0 	 84 	 588 	 36.0 	 39.0 	 0.04 
7.0 	 85 	 588 	 36.0 	 39.0 	 0.04 
8.0 	 85 	 588 	 36.0 	 40.0 	 0.05263157894736842 
9.0 	 85 	 588 	 36.0 	 40.0 	 0.05263157894736842 
10.0 	 85 	 588 	 36.0 	 39.0 	 0.04 
11.0 	 86 	 588 	 36.0 	 39.0 	 0.04 
12.0 	 86 	 588 	 36.0 	 40.0 	 0.05263157894736842 
13.0 	 86 	 588 	 36.0 	 40.0 	 0.05263157894736842 
14.0 	 86 	 588 	 36.0 	 39.0 	 0.04 
15.0 	 87 	 588 	 36.0 	 39.0 	 0.04 
16.0 	 87 	 588 	 36.0 	 40.0 	 0.05263157894736842 
17.0 	 87 	 588 	 36.0 	 40.0 	 0.05263157894736842 
18.0 	 87 	 588 	 36.0 	 40.0 	 0.05263157894736842 
19.0 	 87 	 588 	 36.0 	 39.0 	 0.04 
20.0 	 88 	 588 	 36.0 	 39.0 	 0.04 
21.0 	 88 	 588 	 36.0 	 39.0 	 0.04 
22.0 	 88 	 588 	 36.0 	 38.0 	 0.02702702702702703 
23.0 	 88 	 588 	 36.0 	 38.0 	 0.02702702702702703 
24.0 	 88 	 588 	 36.0 	 39.0 	 0.04 
25.0 	 88 	 588 	 36.0 	 39.0 	 0.04 
26.0 	 89 	 588 	 36.0 	 39.0 	 0.04 
27.0 	 89 	 588 	 36.0 	 39.0 	 0.04 
28.0 	 89 	 588 	 36.0 	 40.0 	 0.05263157894736842 
29.0 	 89 	 588 	 36.0 	 39.0 	 0.04 
30.0 	 89 	 588 	 36.0 	 39.0 	 0.04 
31.0 	 90 	 588 	 36.0 	 39.0 	 0.04 
32.0 	 90 	 588 	 36.0 	 38.0 	 0.02702702702702703 
33.0 	 90 	 588 	 36.0 	 39.0 	 0.04 
34.0 	 91 	 588 	 36.0 	 38.0 	 0.02702702702702703 
35.0 	 92 	 588 	 36.0 	 39.0 	 0.04 
36.0 	 92 	 588 	 36.0 	 38.0 	 0.02702702702702703 
37.0 	 93 	 588 	 36.0 	 39.0 	 0.04 
38.0 	 93 	 588 	 36.0 	 39.0 	 0.04 
39.0 	 94 	 588 	 36.0 	 39.0 	 0.04 
40.0 	 95 	 588 	 36.0 	 38.0 	 0.02702702702702703 
41.0 	 96 	 588 	 36.0 	 38.0 	 0.02702702702702703 
42.0 	 97 	 588 	 36.0 	 38.0 	 0.02702702702702703 
43.0 	 98 	 588 	 36.0 	 38.0 	 0.02702702702702703 
44.0 	 99 	 588 	 36.0 	 39.0 	 0.04 
45.0 	 100 	 588 	 36.0 	 38.0 	 0.02702702702702703 
46.0 	 102 	 588 	 36.0 	 38.0 	 0.02702702702702703 
47.0 	 104 	 588 	 36.0 	 38.0 	 0.02702702702702703 
48.0 	 105 	 588 	 36.0 	 38.0 	 0.02702702702702703 
49.0 	 107 	 588 	 36.0 	 38.0 	 0.02702702702702703 
50.0 	 108 	 588 	 36.0 	 38.0 	 0.02702702702702703 
51.0 	 110 	 588 	 36.0 	 38.0 	 0.02702702702702703 
52.0 	 111 	 588 	 38.56315994262695 	 35.89527130126953 	 0.03583057817345721 
53.0 	 113 	 588 	 36.0 	 38.0 	 0.02702702702702703 
54.0 	 114 	 588 	 36.0 	 38.0 	 0.02702702702702703 
55.0 	 116 	 588 	 35.49676513671875 	 38.466609954833984 	 0.040152911010877014 
56.0 	 117 	 588 	 35.0 	 38.0 	 0.0410958904109589 
57.0 	 119 	 588 	 35.0 	 38.0 	 0.0410958904109589 
58.0 	 121 	 588 	 34.0 	 38.0 	 0.05555555555555555 
59.0 	 123 	 588 	 39.0 	 35.0 	 0.05405405405405406 
60.0 	 125 	 588 	 34.0 	 39.0 	 0.0684931506849315 
61.0 	 126 	 588 	 34.0 	 39.0 	 0.0684931506849315 
62.0 	 128 	 588 	 34.0 	 39.0 	 0.0684931506849315 
63.0 	 130 	 588 	 34.0 	 39.0 	 0.0684931506849315 
64.0 	 131 	 588 	 34.0 	 40.0 	 0.08108108108108109 
65.0 	 133 	 588 	 34.0 	 39.0 	 0.0684931506849315 
66.0 	 135 	 588 	 34.0 	 39.0 	 0.0684931506849315 
67.0 	 137 	 588 	 34.0 	 39.0 	 0.0684931506849315 
68.0 	 139 	 588 	 34.0 	 38.0 	 0.05555555555555555 
69.0 	 140 	 588 	 34.0 	 38.0 	 0.05555555555555555 
70.0 	 142 	 588 	 34.0 	 38.0 	 0.05555555555555555 
71.0 	 144 	 588 	 34.0 	 38.0 	 0.05555555555555555 
72.0 	 146 	 588 	 34.0 	 38.0 	 0.05555555555555555 
73.0 	 148 	 588 	 34.0 	 39.0 	 0.0684931506849315 
74.0 	 150 	 588 	 34.0 	 39.0 	 0.0684931506849315 
75.0 	 151 	 588 	 34.0 	 38.0 	 0.05555555555555555 
76.0 	 153 	 588 	 34.0 	 38.0 	 0.05555555555555555 
77.0 	 155 	 588 	 34.0 	 38.0 	 0.05555555555555555 
78.0 	 157 	 588 	 34.0 	 39.0 	 0.0684931506849315 
79.0 	 159 	 588 	 34.0 	 39.0 	 0.0684931506849315 
80.0 	 162 	 588 	 34.0 	 39.0 	 0.0684931506849315 
81.0 	 164 	 588 	 34.0 	 39.0 	 0.0684931506849315 
82.0 	 166 	 588 	 34.0 	 39.0 	 0.0684931506849315 
83.0 	 168 	 588 	 34.0 	 39.0 	 0.0684931506849315 
84.0 	 170 	 588 	 34.0 	 39.0 	 0.0684931506849315 
85.0 	 172 	 588 	 34.0 	 39.0 	 0.0684931506849315 
86.0 	 174 	 588 	 34.0 	 38.0 	 0.05555555555555555 
87.0 	 176 	 588 	 34.0 	 38.0 	 0.05555555555555555 
88.0 	 178 	 588 	 34.0 	 39.0 	 0.0684931506849315 
89.0 	 180 	 588 	 34.0 	 39.0 	 0.0684931506849315 
90.0 	 182 	 588 	 34.0 	 40.0 	 0.08108108108108109 
91.0 	 184 	 588 	 34.0 	 39.0 	 0.0684931506849315 
92.0 	 186 	 588 	 34.0 	 39.0 	 0.0684931506849315 
93.0 	 188 	 588 	 34.0 	 39.0 	 0.0684931506849315 
94.0 	 190 	 588 	 34.0 	 39.0 	 0.0684931506849315 
95.0 	 192 	 588 	 34.0 	 39.0 	 0.0684931506849315 
96.0 	 194 	 588 	 34.0 	 39.0 	 0.0684931506849315 
97.0 	 196 	 588 	 34.0 	 39.0 	 0.0684931506849315 
98.0 	 198 	 588 	 34.0 	 38.0 	 0.05555555555555555 
99.0 	 200 	 588 	 34.0 	 38.0 	 0.05555555555555555 
100.0 	 202 	 588 	 34.0 	 39.0 	 0.0684931506849315 
101.0 	 205 	 588 	 34.0 	 39.0 	 0.0684931506849315 
102.0 	 207 	 588 	 34.0 	 39.0 	 0.0684931506849315 
103.0 	 209 	 588 	 34.0 	 39.0 	 0.0684931506849315 
104.0 	 211 	 588 	 34.0 	 39.0 	 0.0684931506849315 
105.0 	 213 	 588 	 34.0 	 39.0 	 0.0684931506849315 
106.0 	 215 	 588 	 34.0 	 39.0 	 0.0684931506849315 
107.0 	 217 	 588 	 34.0 	 39.0 	 0.0684931506849315 
108.0 	 219 	 588 	 34.0 	 39.0 	 0.0684931506849315 
109.0 	 221 	 588 	 34.0 	 40.0 	 0.08108108108108109 
110.0 	 223 	 588 	 34.0 	 40.0 	 0.08108108108108109 
111.0 	 225 	 588 	 34.0 	 40.0 	 0.08108108108108109 
112.0 	 228 	 588 	 34.0 	 39.0 	 0.0684931506849315 
113.0 	 230 	 588 	 34.0 	 39.0 	 0.0684931506849315 
114.0 	 232 	 588 	 34.0 	 39.0 	 0.0684931506849315 
115.0 	 234 	 588 	 34.0 	 39.0 	 0.0684931506849315 
116.0 	 236 	 588 	 34.0 	 39.0 	 0.0684931506849315 
117.0 	 238 	 588 	 34.0 	 40.0 	 0.08108108108108109 
118.0 	 239 	 588 	 34.0 	 40.0 	 0.08108108108108109 
119.0 	 241 	 588 	 34.0 	 40.0 	 0.08108108108108109 
120.0 	 243 	 588 	 34.0 	 40.0 	 0.08108108108108109 
121.0 	 245 	 588 	 34.0 	 40.0 	 0.08108108108108109 
122.0 	 248 	 588 	 34.0 	 40.0 	 0.08108108108108109 
123.0 	 250 	 588 	 34.0 	 40.0 	 0.08108108108108109 
124.0 	 252 	 588 	 34.0 	 40.0 	 0.08108108108108109 
125.0 	 254 	 588 	 34.0 	 40.0 	 0.08108108108108109 
126.0 	 256 	 588 	 34.0 	 40.0 	 0.08108108108108109 
127.0 	 258 	 588 	 34.0 	 41.0 	 0.09333333333333334 
128.0 	 260 	 588 	 34.0 	 40.0 	 0.08108108108108109 
129.0 	 262 	 588 	 34.0 	 41.0 	 0.09333333333333334 
130.0 	 263 	 588 	 34.0 	 40.0 	 0.08108108108108109 
131.0 	 265 	 588 	 34.0 	 40.0 	 0.08108108108108109 
132.0 	 267 	 588 	 34.0 	 40.0 	 0.08108108108108109 
133.0 	 269 	 588 	 40.0 	 35.0 	 0.06666666666666667 
134.0 	 271 	 588 	 34.0 	 41.0 	 0.09333333333333334 
135.0 	 273 	 588 	 34.0 	 41.0 	 0.09333333333333334 
136.0 	 275 	 588 	 34.0 	 40.0 	 0.08108108108108109 
137.0 	 277 	 588 	 34.0 	 40.0 	 0.08108108108108109 
138.0 	 279 	 588 	 34.0 	 40.0 	 0.08108108108108109 
139.0 	 281 	 588 	 34.0 	 40.0 	 0.08108108108108109 
140.0 	 283 	 588 	 34.0 	 39.0 	 0.0684931506849315 
141.0 	 285 	 588 	 34.0 	 39.0 	 0.0684931506849315 
142.0 	 287 	 588 	 34.0 	 40.0 	 0.08108108108108109 
143.0 	 289 	 588 	 34.0 	 40.0 	 0.08108108108108109 
144.0 	 291 	 588 	 34.0 	 40.0 	 0.08108108108108109 
145.0 	 293 	 588 	 34.0 	 41.0 	 0.09333333333333334 
146.0 	 295 	 588 	 34.0 	 41.0 	 0.09333333333333334 
147.0 	 297 	 588 	 34.0 	 41.0 	 0.09333333333333334 
148.0 	 299 	 588 	 34.0 	 40.0 	 0.08108108108108109 
149.0 	 301 	 588 	 34.0 	 40.0 	 0.08108108108108109 
150.0 	 304 	 588 	 34.0 	 40.0 	 0.08108108108108109 
151.0 	 306 	 588 	 34.0 	 41.0 	 0.09333333333333334 
152.0 	 307 	 588 	 34.0 	 40.0 	 0.08108108108108109 
153.0 	 309 	 588 	 34.0 	 40.0 	 0.08108108108108109 
154.0 	 311 	 588 	 34.0 	 40.0 	 0.08108108108108109 
155.0 	 314 	 588 	 34.0 	 40.0 	 0.08108108108108109 
156.0 	 316 	 588 	 34.0 	 40.0 	 0.08108108108108109 
157.0 	 318 	 588 	 34.0 	 40.0 	 0.08108108108108109 
158.0 	 320 	 588 	 34.0 	 40.0 	 0.08108108108108109 
159.0 	 322 	 588 	 34.0 	 40.0 	 0.08108108108108109 
160.0 	 324 	 588 	 34.0 	 41.0 	 0.09333333333333334 
161.0 	 326 	 588 	 34.0 	 41.0 	 0.09333333333333334 
162.0 	 328 	 588 	 34.0 	 40.0 	 0.08108108108108109 
163.0 	 330 	 588 	 34.0 	 40.0 	 0.08108108108108109 
164.0 	 332 	 588 	 34.0 	 40.0 	 0.08108108108108109 
165.0 	 334 	 588 	 34.0 	 40.0 	 0.08108108108108109 
166.0 	 336 	 588 	 34.0 	 40.0 	 0.08108108108108109 
167.0 	 338 	 588 	 34.0 	 40.0 	 0.08108108108108109 
168.0 	 341 	 587 	 34.0 	 41.0 	 0.09333333333333334 
169.0 	 343 	 587 	 35.0 	 40.0 	 0.06666666666666667 
170.0 	 345 	 587 	 35.0 	 40.0 	 0.06666666666666667 
171.0 	 347 	 587 	 34.0 	 41.0 	 0.09333333333333334 
172.0 	 349 	 587 	 34.0 	 41.0 	 0.09333333333333334 
173.0 	 351 	 587 	 34.0 	 40.0 	 0.08108108108108109 
174.0 	 353 	 587 	 34.0 	 40.0 	 0.08108108108108109 
175.0 	 355 	 587 	 33.0 	 40.0 	 0.0958904109589041 
176.0 	 358 	 587 	 33.0 	 41.0 	 0.10810810810810811 
177.0 	 360 	 587 	 33.0 	 41.0 	 0.10810810810810811 
178.0 	 362 	 587 	 33.0 	 40.0 	 0.0958904109589041 
179.0 	 365 	 587 	 33.0 	 41.0 	 0.10810810810810811 
180.0 	 367 	 587 	 33.0 	 41.0 	 0.10810810810810811 
181.0 	 369 	 587 	 33.0 	 41.0 	 0.10810810810810811 
182.0 	 371 	 587 	 34.0 	 40.0 	 0.08108108108108109 
183.0 	 374 	 587 	 33.0 	 41.0 	 0.10810810810810811 
184.0 	 375 	 587 	 33.0 	 41.0 	 0.10810810810810811 
185.0 	 377 	 587 	 33.0 	 41.0 	 0.10810810810810811 
186.0 	 380 	 587 	 34.0 	 40.0 	 0.08108108108108109 
187.0 	 382 	 588 	 33.0 	 41.0 	 0.10810810810810811 
188.0 	 384 	 587 	 33.0 	 41.0 	 0.10810810810810811 
189.0 	 387 	 587 	 33.0 	 41.0 	 0.10810810810810811 
190.0 	 389 	 587 	 33.0 	 40.0 	 0.0958904109589041 
191.0 	 391 	 587 	 33.0 	 40.0 	 0.0958904109589041 
192.0 	 393 	 587 	 33.0 	 40.0 	 0.0958904109589041 
193.0 	 395 	 587 	 34.0 	 40.0 	 0.08108108108108109 
194.0 	 397 	 587 	 34.0 	 40.0 	 0.08108108108108109 
195.0 	 399 	 587 	 34.0 	 41.0 	 0.09333333333333334 
196.0 	 402 	 587 	 34.0 	 41.0 	 0.09333333333333334 
197.0 	 404 	 587 	 34.0 	 41.0 	 0.09333333333333334 
198.0 	 406 	 587 	 34.0 	 41.0 	 0.09333333333333334 
199.0 	 408 	 587 	 34.0 	 40.0 	 0.08108108108108109 
200.0 	 411 	 587 	 34.0 	 41.0 	 0.09333333333333334 
201.0 	 413 	 587 	 34.0 	 40.0 	 0.08108108108108109 
202.0 	 415 	 587 	 34.0 	 40.0 	 0.08108108108108109 
203.0 	 417 	 587 	 34.0 	 41.0 	 0.09333333333333334 
204.0 	 420 	 587 	 34.0 	 41.0 	 0.09333333333333334 
205.0 	 422 	 587 	 32.0 	 41.0 	 0.1232876712328767 
206.0 	 424 	 587 	 32.0 	 41.0 	 0.1232876712328767 
207.0 	 426 	 587 	 32.0 	 40.0 	 0.1111111111111111 
208.0 	 428 	 587 	 32.0 	 39.0 	 0.09859154929577464 
209.0 	 430 	 587 	 31.0 	 41.0 	 0.1388888888888889 
210.0 	 433 	 587 	 32.0 	 41.0 	 0.1232876712328767 
211.0 	 435 	 587 	 32.0 	 40.0 	 0.1111111111111111 
212.0 	 437 	 587 	 31.0 	 41.0 	 0.1388888888888889 
213.0 	 440 	 587 	 31.0 	 40.0 	 0.1267605633802817 
214.0 	 442 	 588 	 31.0 	 40.0 	 0.1267605633802817 
215.0 	 444 	 587 	 31.0 	 40.0 	 0.1267605633802817 
216.0 	 446 	 587 	 30.0 	 40.0 	 0.14285714285714285 
217.0 	 448 	 587 	 30.0 	 40.0 	 0.14285714285714285 
218.0 	 451 	 587 	 30.0 	 41.0 	 0.15492957746478872 
219.0 	 454 	 587 	 30.0 	 41.0 	 0.15492957746478872 
220.0 	 456 	 587 	 30.0 	 40.0 	 0.14285714285714285 
221.0 	 459 	 587 	 30.0 	 40.0 	 0.14285714285714285 
222.0 	 461 	 587 	 30.0 	 40.0 	 0.14285714285714285 
223.0 	 464 	 587 	 30.0 	 40.0 	 0.14285714285714285 
224.0 	 466 	 587 	 30.0 	 39.0 	 0.13043478260869565 
225.0 	 468 	 587 	 30.0 	 39.0 	 0.13043478260869565 
226.0 	 470 	 587 	 30.0 	 39.0 	 0.13043478260869565 
227.0 	 473 	 587 	 30.0 	 39.0 	 0.13043478260869565 
228.0 	 475 	 587 	 30.0 	 38.0 	 0.11764705882352941 
229.0 	 477 	 587 	 30.0 	 39.0 	 0.13043478260869565 
230.0 	 480 	 587 	 30.0 	 39.0 	 0.13043478260869565 
231.0 	 482 	 587 	 30.0 	 40.0 	 0.14285714285714285 
232.0 	 485 	 587 	 30.0 	 40.0 	 0.14285714285714285 
233.0 	 487 	 587 	 30.0 	 40.0 	 0.14285714285714285 
234.0 	 489 	 587 	 30.0 	 39.0 	 0.13043478260869565 
235.0 	 492 	 587 	 30.0 	 40.0 	 0.14285714285714285 
236.0 	 494 	 587 	 30.0 	 39.0 	 0.13043478260869565 
237.0 	 496 	 587 	 30.0 	 39.0 	 0.13043478260869565 
238.0 	 499 	 587 	 30.0 	 39.0 	 0.13043478260869565 
239.0 	 501 	 587 	 30.0 	 38.0 	 0.11764705882352941 
240.0 	 504 	 587 	 30.0 	 39.0 	 0.13043478260869565 
241.0 	 506 	 587 	 30.0 	 39.0 	 0.13043478260869565 
242.0 	 508 	 587 	 30.0 	 40.0 	 0.14285714285714285 
243.0 	 511 	 586 	 30.0 	 39.0 	 0.13043478260869565 
244.0 	 513 	 586 	 30.0 	 40.0 	 0.14285714285714285 
245.0 	 515 	 587 	 30.0 	 40.0 	 0.14285714285714285 
246.0 	 518 	 586 	 31.0 	 39.0 	 0.11428571428571428 
247.0 	 520 	 586 	 31.0 	 40.0 	 0.1267605633802817 
248.0 	 523 	 586 	 31.0 	 40.0 	 0.1267605633802817 
249.0 	 525 	 586 	 31.0 	 40.0 	 0.1267605633802817 
250.0 	 527 	 586 	 31.0 	 40.0 	 0.1267605633802817 
251.0 	 529 	 586 	 31.0 	 39.0 	 0.11428571428571428 
252.0 	 532 	 586 	 31.0 	 39.0 	 0.11428571428571428 
253.0 	 534 	 587 	 31.0 	 39.0 	 0.11428571428571428 
254.0 	 536 	 587 	 31.0 	 39.0 	 0.11428571428571428 
255.0 	 538 	 587 	 31.0 	 39.0 	 0.11428571428571428 
256.0 	 541 	 586 	 31.0 	 39.0 	 0.11428571428571428 
257.0 	 543 	 587 	 31.0 	 39.0 	 0.11428571428571428 
258.0 	 545 	 587 	 32.0 	 38.0 	 0.08571428571428572 
259.0 	 548 	 587 	 32.0 	 39.0 	 0.09859154929577464 
260.0 	 550 	 587 	 32.0 	 39.0 	 0.09859154929577464 
261.0 	 553 	 587 	 32.0 	 40.0 	 0.1111111111111111 
262.0 	 555 	 587 	 32.0 	 41.0 	 0.1232876712328767 
263.0 	 558 	 587 	 32.0 	 41.0 	 0.1232876712328767 
264.0 	 560 	 587 	 32.0 	 42.0 	 0.13513513513513514 
265.0 	 563 	 587 	 32.0 	 41.0 	 0.1232876712328767 
266.0 	 566 	 587 	 32.0 	 41.0 	 0.1232876712328767 
267.0 	 568 	 587 	 32.0 	 40.0 	 0.1111111111111111 
268.0 	 570 	 587 	 33.0 	 41.0 	 0.10810810810810811 
269.0 	 573 	 587 	 33.0 	 39.0 	 0.08333333333333333 
270.0 	 575 	 587 	 33.0 	 40.0 	 0.0958904109589041 
271.0 	 577 	 587 	 33.0 	 40.0 	 0.0958904109589041 
272.0 	 580 	 587 	 33.0 	 40.0 	 0.0958904109589041 
273.0 	 582 	 587 	 32.0 	 40.0 	 0.1111111111111111 
274.0 	 584 	 587 	 32.0 	 41.0 	 0.1232876712328767 
275.0 	 587 	 587 	 41.0 	 33.0 	 0.10810810810810811 
276.0 	 589 	 587 	 33.0 	 41.0 	 0.10810810810810811 
277.0 	 591 	 587 	 33.0 	 41.0 	 0.10810810810810811 
278.0 	 593 	 587 	 33.0 	 41.0 	 0.10810810810810811 
279.0 	 596 	 587 	 41.0 	 33.0 	 0.10810810810810811 
280.0 	 598 	 587 	 32.0 	 41.0 	 0.1232876712328767 
281.0 	 601 	 587 	 32.0 	 41.0 	 0.1232876712328767 
282.0 	 603 	 587 	 32.0 	 41.0 	 0.1232876712328767 
283.0 	 605 	 587 	 32.0 	 40.0 	 0.1111111111111111 
284.0 	 608 	 587 	 32.0 	 39.0 	 0.09859154929577464 
285.0 	 610 	 587 	 32.0 	 40.0 	 0.1111111111111111 
286.0 	 612 	 587 	 32.0 	 41.0 	 0.1232876712328767 
287.0 	 615 	 587 	 32.0 	 40.0 	 0.1111111111111111 
288.0 	 617 	 587 	 32.0 	 41.0 	 0.1232876712328767 
289.0 	 619 	 587 	 32.0 	 41.0 	 0.1232876712328767 
290.0 	 622 	 586 	 31.0 	 41.0 	 0.1388888888888889 
291.0 	 625 	 586 	 31.0 	 41.0 	 0.1388888888888889 
292.0 	 627 	 586 	 31.0 	 41.0 	 0.1388888888888889 
293.0 	 630 	 586 	 31.0 	 41.0 	 0.1388888888888889 
294.0 	 632 	 587 	 32.0 	 40.0 	 0.1111111111111111 
295.0 	 635 	 587 	 32.0 	 41.0 	 0.1232876712328767 
296.0 	 637 	 587 	 32.0 	 41.0 	 0.1232876712328767 
297.0 	 639 	 587 	 32.0 	 41.0 	 0.1232876712328767 
298.0 	 642 	 587 	 33.0 	 40.0 	 0.0958904109589041 
299.0 	 644 	 586 	 33.0 	 40.0 	 0.0958904109589041 
300.0 	 647 	 586 	 33.0 	 41.0 	 0.10810810810810811 
301.0 	 649 	 587 	 33.0 	 41.0 	 0.10810810810810811 
302.0 	 651 	 587 	 33.0 	 40.0 	 0.0958904109589041 
303.0 	 654 	 587 	 33.0 	 41.0 	 0.10810810810810811 
304.0 	 656 	 586 	 33.0 	 41.0 	 0.10810810810810811 
305.0 	 658 	 586 	 33.0 	 40.0 	 0.0958904109589041 
306.0 	 661 	 586 	 33.0 	 41.0 	 0.10810810810810811 
307.0 	 663 	 586 	 33.0 	 40.0 	 0.0958904109589041 
308.0 	 666 	 586 	 33.0 	 41.0 	 0.10810810810810811 
309.0 	 668 	 586 	 33.0 	 40.0 	 0.0958904109589041 
310.0 	 670 	 586 	 33.0 	 40.0 	 0.0958904109589041 
311.0 	 672 	 586 	 33.0 	 40.0 	 0.0958904109589041 
312.0 	 675 	 586 	 34.0 	 41.0 	 0.09333333333333334 
313.0 	 677 	 586 	 34.0 	 40.0 	 0.08108108108108109 
314.0 	 680 	 586 	 34.0 	 41.0 	 0.09333333333333334 
315.0 	 682 	 586 	 33.0 	 41.0 	 0.10810810810810811 
316.0 	 684 	 586 	 33.0 	 41.0 	 0.10810810810810811 
317.0 	 687 	 586 	 33.0 	 41.0 	 0.10810810810810811 
318.0 	 689 	 586 	 33.0 	 41.0 	 0.10810810810810811 
319.0 	 692 	 586 	 33.0 	 41.0 	 0.10810810810810811 
320.0 	 694 	 586 	 33.0 	 40.0 	 0.0958904109589041 
321.0 	 696 	 586 	 33.0 	 40.0 	 0.0958904109589041 
322.0 	 699 	 586 	 33.0 	 41.0 	 0.10810810810810811 
323.0 	 701 	 586 	 33.0 	 41.0 	 0.10810810810810811 
324.0 	 703 	 586 	 33.0 	 40.0 	 0.0958904109589041 
325.0 	 705 	 586 	 33.0 	 40.0 	 0.0958904109589041 
326.0 	 708 	 586 	 33.0 	 40.0 	 0.0958904109589041 
327.0 	 710 	 586 	 33.0 	 40.0 	 0.0958904109589041 
328.0 	 713 	 586 	 33.0 	 41.0 	 0.10810810810810811 
329.0 	 715 	 586 	 33.0 	 40.0 	 0.0958904109589041 
330.0 	 717 	 586 	 33.0 	 41.0 	 0.10810810810810811 
331.0 	 720 	 586 	 33.0 	 41.0 	 0.10810810810810811 
332.0 	 722 	 586 	 33.0 	 41.0 	 0.10810810810810811 
333.0 	 724 	 586 	 33.0 	 41.0 	 0.10810810810810811 
334.0 	 727 	 586 	 33.0 	 41.0 	 0.10810810810810811 
335.0 	 729 	 586 	 33.0 	 40.0 	 0.0958904109589041 
336.0 	 731 	 586 	 33.0 	 41.0 	 0.10810810810810811 
337.0 	 734 	 586 	 33.0 	 40.0 	 0.0958904109589041 
338.0 	 736 	 586 	 33.0 	 40.0 	 0.0958904109589041 
339.0 	 738 	 586 	 33.0 	 41.0 	 0.10810810810810811 
340.0 	 741 	 586 	 32.0 	 40.0 	 0.1111111111111111 
341.0 	 743 	 586 	 33.0 	 40.0 	 0.0958904109589041 
342.0 	 745 	 586 	 34.0 	 40.0 	 0.08108108108108109 
343.0 	 748 	 586 	 34.0 	 40.0 	 0.08108108108108109 
344.0 	 750 	 586 	 34.0 	 40.0 	 0.08108108108108109 
345.0 	 753 	 586 	 34.0 	 41.0 	 0.09333333333333334 
346.0 	 755 	 586 	 34.0 	 40.0 	 0.08108108108108109 
347.0 	 757 	 586 	 34.0 	 40.0 	 0.08108108108108109 
348.0 	 760 	 586 	 34.0 	 41.0 	 0.09333333333333334 
349.0 	 762 	 586 	 34.0 	 40.0 	 0.08108108108108109 
350.0 	 764 	 586 	 34.0 	 40.0 	 0.08108108108108109 
351.0 	 766 	 586 	 33.0 	 40.0 	 0.0958904109589041 
352.0 	 769 	 586 	 33.0 	 41.0 	 0.10810810810810811 
353.0 	 771 	 586 	 33.0 	 40.0 	 0.0958904109589041 
354.0 	 774 	 586 	 33.0 	 39.0 	 0.08333333333333333 
355.0 	 776 	 586 	 33.0 	 40.0 	 0.0958904109589041 
356.0 	 778 	 586 	 33.0 	 40.0 	 0.0958904109589041 
357.0 	 781 	 586 	 33.0 	 39.0 	 0.08333333333333333 
358.0 	 783 	 586 	 33.0 	 40.0 	 0.0958904109589041 
359.0 	 785 	 586 	 33.0 	 40.0 	 0.0958904109589041 
360.0 	 787 	 586 	 33.0 	 40.0 	 0.0958904109589041 
361.0 	 789 	 586 	 33.0 	 40.0 	 0.0958904109589041 
362.0 	 792 	 586 	 33.0 	 41.0 	 0.10810810810810811 
363.0 	 794 	 586 	 32.0 	 40.0 	 0.1111111111111111 
364.0 	 796 	 586 	 32.0 	 40.0 	 0.1111111111111111 
365.0 	 798 	 586 	 32.0 	 39.0 	 0.09859154929577464 
366.0 	 801 	 586 	 33.0 	 39.0 	 0.08333333333333333 
367.0 	 803 	 586 	 32.0 	 39.0 	 0.09859154929577464 
368.0 	 805 	 587 	 33.0 	 39.0 	 0.08333333333333333 
369.0 	 808 	 586 	 32.0 	 40.0 	 0.1111111111111111 
370.0 	 810 	 586 	 32.0 	 40.0 	 0.1111111111111111 
371.0 	 812 	 586 	 32.0 	 40.0 	 0.1111111111111111 
372.0 	 814 	 586 	 31.0 	 40.0 	 0.1267605633802817 
373.0 	 817 	 586 	 31.0 	 41.0 	 0.1388888888888889 
374.0 	 819 	 586 	 31.0 	 40.0 	 0.1267605633802817 
375.0 	 821 	 586 	 31.0 	 40.0 	 0.1267605633802817 
376.0 	 824 	 586 	 32.0 	 41.0 	 0.1232876712328767 
377.0 	 826 	 586 	 31.36255645751953 	 40.63880920410156 	 0.12883440003314486 
378.0 	 829 	 586 	 32.0 	 40.0 	 0.1111111111111111 
379.0 	 831 	 586 	 32.2749137878418 	 39.61336135864258 	 0.102081285937762 
380.0 	 833 	 586 	 33.0 	 40.0 	 0.0958904109589041 
381.0 	 835 	 585 	 32.0 	 40.0 	 0.1111111111111111 
382.0 	 837 	 585 	 33.0 	 40.0 	 0.0958904109589041 
383.0 	 840 	 585 	 33.0 	 39.0 	 0.08333333333333333 
384.0 	 842 	 585 	 32.0 	 39.0 	 0.09859154929577464 
385.0 	 844 	 586 	 33.0 	 40.0 	 0.0958904109589041 
386.0 	 846 	 585 	 33.0 	 40.0 	 0.0958904109589041 
387.0 	 848 	 586 	 33.0 	 40.0 	 0.0958904109589041 
388.0 	 850 	 586 	 33.0 	 40.0 	 0.0958904109589041 
389.0 	 853 	 586 	 34.0 	 41.0 	 0.09333333333333334 
390.0 	 855 	 586 	 33.0 	 40.0 	 0.0958904109589041 
391.0 	 857 	 586 	 33.0 	 40.0 	 0.0958904109589041 
392.0 	 859 	 586 	 33.0 	 40.0 	 0.0958904109589041 
393.0 	 861 	 586 	 33.0 	 39.0 	 0.08333333333333333 
394.0 	 864 	 586 	 34.0 	 39.0 	 0.0684931506849315 
395.0 	 866 	 586 	 34.0 	 39.0 	 0.0684931506849315 
396.0 	 868 	 586 	 33.0 	 40.0 	 0.0958904109589041 
397.0 	 870 	 586 	 33.0 	 40.0 	 0.0958904109589041 
398.0 	 872 	 586 	 33.0 	 41.0 	 0.10810810810810811 
399.0 	 875 	 585 	 33.0 	 40.0 	 0.0958904109589041 
400.0 	 877 	 585 	 33.0 	 40.0 	 0.0958904109589041 
401.0 	 879 	 586 	 33.0 	 40.0 	 0.0958904109589041 
402.0 	 882 	 585 	 33.0 	 40.0 	 0.0958904109589041 
403.0 	 884 	 585 	 33.0 	 40.0 	 0.0958904109589041 
404.0 	 886 	 585 	 33.0 	 40.0 	 0.0958904109589041 
405.0 	 888 	 585 	 33.0 	 40.0 	 0.0958904109589041 
406.0 	 890 	 585 	 33.0 	 40.0 	 0.0958904109589041 
407.0 	 893 	 585 	 33.0 	 39.0 	 0.08333333333333333 
408.0 	 895 	 585 	 33.0 	 40.0 	 0.0958904109589041 
409.0 	 897 	 585 	 33.0 	 40.0 	 0.0958904109589041 
410.0 	 899 	 585 	 33.0 	 41.0 	 0.10810810810810811 
411.0 	 902 	 585 	 33.0 	 40.0 	 0.0958904109589041 
412.0 	 904 	 585 	 33.0 	 40.0 	 0.0958904109589041 
413.0 	 906 	 585 	 33.0 	 40.0 	 0.0958904109589041 
414.0 	 908 	 585 	 33.0 	 40.0 	 0.0958904109589041 
415.0 	 910 	 585 	 33.0 	 40.0 	 0.0958904109589041 
416.0 	 912 	 585 	 33.0 	 39.0 	 0.08333333333333333 
417.0 	 915 	 585 	 33.0 	 40.0 	 0.0958904109589041 
418.0 	 917 	 585 	 33.0 	 40.0 	 0.0958904109589041 
419.0 	 919 	 585 	 33.0 	 40.0 	 0.0958904109589041 
420.0 	 921 	 585 	 33.0 	 40.0 	 0.0958904109589041 
421.0 	 923 	 585 	 33.0 	 39.0 	 0.08333333333333333 
422.0 	 925 	 585 	 33.0 	 39.0 	 0.08333333333333333 
423.0 	 928 	 585 	 33.0 	 40.0 	 0.0958904109589041 
424.0 	 930 	 585 	 33.0 	 40.0 	 0.0958904109589041 
425.0 	 932 	 585 	 33.0 	 40.0 	 0.0958904109589041 
426.0 	 934 	 585 	 33.0 	 40.0 	 0.0958904109589041 
427.0 	 936 	 585 	 33.0 	 40.0 	 0.0958904109589041 
428.0 	 938 	 585 	 33.0 	 40.0 	 0.0958904109589041 
429.0 	 940 	 585 	 33.0 	 40.0 	 0.0958904109589041 
430.0 	 942 	 585 	 33.0 	 40.0 	 0.0958904109589041 
431.0 	 944 	 585 	 33.0 	 40.0 	 0.0958904109589041 
432.0 	 947 	 585 	 33.0 	 39.0 	 0.08333333333333333 
433.0 	 949 	 585 	 34.0 	 40.0 	 0.08108108108108109 
434.0 	 951 	 585 	 34.0 	 40.0 	 0.08108108108108109 
435.0 	 953 	 585 	 34.0 	 40.0 	 0.08108108108108109 
436.0 	 955 	 585 	 34.0 	 40.0 	 0.08108108108108109 
437.0 	 957 	 585 	 34.0 	 40.0 	 0.08108108108108109 
438.0 	 959 	 585 	 34.0 	 41.0 	 0.09333333333333334 
439.0 	 961 	 585 	 34.0 	 41.0 	 0.09333333333333334 
440.0 	 963 	 585 	 34.0 	 39.0 	 0.0684931506849315 
441.0 	 965 	 585 	 39.0 	 34.0 	 0.0684931506849315 
442.0 	 968 	 585 	 34.0 	 40.0 	 0.08108108108108109 
443.0 	 970 	 585 	 34.0 	 40.0 	 0.08108108108108109 
444.0 	 972 	 585 	 34.0 	 40.0 	 0.08108108108108109 
445.0 	 974 	 585 	 33.0 	 40.0 	 0.0958904109589041 
446.0 	 976 	 585 	 33.0 	 40.0 	 0.0958904109589041 
447.0 	 978 	 585 	 33.0 	 40.0 	 0.0958904109589041 
448.0 	 980 	 585 	 33.0 	 40.0 	 0.0958904109589041 
449.0 	 982 	 585 	 40.0 	 34.0 	 0.08108108108108109 
450.0 	 984 	 585 	 33.0 	 40.0 	 0.0958904109589041 
451.0 	 986 	 585 	 33.0 	 40.0 	 0.0958904109589041 
452.0 	 988 	 585 	 33.0 	 40.0 	 0.0958904109589041 
453.0 	 991 	 585 	 33.0 	 40.0 	 0.0958904109589041 
454.0 	 993 	 585 	 33.0 	 39.0 	 0.08333333333333333 
455.0 	 995 	 585 	 33.0 	 40.0 	 0.0958904109589041 
456.0 	 997 	 585 	 33.0 	 39.0 	 0.08333333333333333 
457.0 	 999 	 585 	 33.0 	 40.0 	 0.0958904109589041 
458.0 	 1001 	 585 	 33.0 	 40.0 	 0.0958904109589041 
459.0 	 1003 	 585 	 33.0 	 40.0 	 0.0958904109589041 
460.0 	 1005 	 585 	 33.0 	 40.0 	 0.0958904109589041 
461.0 	 1007 	 585 	 33.0 	 40.0 	 0.0958904109589041 
462.0 	 1009 	 585 	 33.0 	 40.0 	 0.0958904109589041 
463.0 	 1011 	 585 	 33.0 	 39.0 	 0.08333333333333333 
464.0 	 1013 	 585 	 33.0 	 39.0 	 0.08333333333333333 
465.0 	 1016 	 585 	 33.0 	 39.0 	 0.08333333333333333 
466.0 	 1018 	 585 	 33.0 	 39.0 	 0.08333333333333333 
467.0 	 1020 	 585 	 33.0 	 39.0 	 0.08333333333333333 
468.0 	 1022 	 585 	 33.0 	 39.0 	 0.08333333333333333 
469.0 	 1024 	 585 	 32.0 	 40.0 	 0.1111111111111111 
470.0 	 1026 	 585 	 32.0 	 40.0 	 0.1111111111111111 
471.0 	 1028 	 585 	 32.0 	 39.0 	 0.09859154929577464 
472.0 	 1030 	 585 	 32.0 	 39.0 	 0.09859154929577464 
473.0 	 1032 	 585 	 32.0 	 39.0 	 0.09859154929577464 
474.0 	 1035 	 585 	 32.0 	 39.0 	 0.09859154929577464 
475.0 	 1037 	 585 	 32.0 	 40.0 	 0.1111111111111111 
476.0 	 1039 	 585 	 32.0 	 40.0 	 0.1111111111111111 
477.0 	 1041 	 585 	 32.0 	 40.0 	 0.1111111111111111 
478.0 	 1043 	 585 	 32.0 	 40.0 	 0.1111111111111111 
479.0 	 1045 	 585 	 33.0 	 40.0 	 0.0958904109589041 
480.0 	 1047 	 585 	 33.0 	 40.0 	 0.0958904109589041 
481.0 	 1049 	 585 	 32.0 	 40.0 	 0.1111111111111111 
482.0 	 1051 	 585 	 32.0 	 39.0 	 0.09859154929577464 
483.0 	 1054 	 585 	 32.0 	 40.0 	 0.1111111111111111 
484.0 	 1056 	 585 	 32.0 	 40.0 	 0.1111111111111111 
485.0 	 1058 	 585 	 32.0 	 39.0 	 0.09859154929577464 
486.0 	 1060 	 585 	 32.0 	 39.0 	 0.09859154929577464 
487.0 	 1062 	 585 	 32.0 	 39.0 	 0.09859154929577464 
488.0 	 1064 	 585 	 32.0 	 39.0 	 0.09859154929577464 
489.0 	 1067 	 585 	 32.0 	 39.0 	 0.09859154929577464 
490.0 	 1069 	 585 	 32.0 	 39.0 	 0.09859154929577464 
491.0 	 1071 	 585 	 32.0 	 39.0 	 0.09859154929577464 
492.0 	 1073 	 585 	 32.0 	 39.0 	 0.09859154929577464 
493.0 	 1075 	 585 	 33.0 	 39.0 	 0.08333333333333333 
494.0 	 1077 	 585 	 33.0 	 40.0 	 0.0958904109589041 
495.0 	 1079 	 585 	 33.0 	 40.0 	 0.0958904109589041 
496.0 	 1082 	 585 	 33.0 	 40.0 	 0.0958904109589041 
497.0 	 1084 	 585 	 33.0 	 40.0 	 0.0958904109589041 
498.0 	 1086 	 585 	 33.0 	 39.0 	 0.08333333333333333 
499.0 	 1088 	 585 	 33.0 	 40.0 	 0.0958904109589041 
500.0 	 1090 	 585 	 33.0 	 40.0 	 0.0958904109589041 
501.0 	 1092 	 585 	 33.0 	 40.0 	 0.0958904109589041 
502.0 	 1095 	 585 	 33.0 	 39.0 	 0.08333333333333333 
503.0 	 1097 	 585 	 33.0 	 39.0 	 0.08333333333333333 
504.0 	 1099 	 585 	 33.0 	 40.0 	 0.0958904109589041 
505.0 	 1101 	 585 	 33.0 	 40.0 	 0.0958904109589041 
506.0 	 1103 	 585 	 33.0 	 39.0 	 0.08333333333333333 
507.0 	 1106 	 585 	 33.0 	 40.0 	 0.0958904109589041 
508.0 	 1108 	 585 	 33.0 	 39.0 	 0.08333333333333333 
509.0 	 1110 	 585 	 33.0 	 39.0 	 0.08333333333333333 
510.0 	 1112 	 585 	 33.0 	 39.0 	 0.08333333333333333 
511.0 	 1114 	 585 	 33.0 	 40.0 	 0.0958904109589041 
512.0 	 1116 	 585 	 33.0 	 39.0 	 0.08333333333333333 
513.0 	 1119 	 585 	 33.0 	 40.0 	 0.0958904109589041 
514.0 	 1121 	 585 	 33.0 	 40.0 	 0.0958904109589041 
515.0 	 1123 	 585 	 33.0 	 39.0 	 0.08333333333333333 
516.0 	 1125 	 585 	 33.0 	 39.0 	 0.08333333333333333 
517.0 	 1127 	 585 	 33.0 	 39.0 	 0.08333333333333333 
518.0 	 1130 	 585 	 33.0 	 40.0 	 0.0958904109589041 
519.0 	 1132 	 585 	 33.0 	 40.0 	 0.0958904109589041 
520.0 	 1134 	 585 	 33.0 	 40.0 	 0.0958904109589041 
521.0 	 1136 	 585 	 33.0 	 39.0 	 0.08333333333333333 
522.0 	 1138 	 585 	 34.0 	 39.0 	 0.0684931506849315 
523.0 	 1141 	 585 	 34.0 	 40.0 	 0.08108108108108109 
524.0 	 1143 	 585 	 34.0 	 40.0 	 0.08108108108108109 
525.0 	 1145 	 585 	 34.0 	 40.0 	 0.08108108108108109 
526.0 	 1148 	 585 	 33.0 	 40.0 	 0.0958904109589041 
527.0 	 1150 	 585 	 33.0 	 40.0 	 0.0958904109589041 
528.0 	 1152 	 585 	 33.0 	 40.0 	 0.0958904109589041 
529.0 	 1154 	 585 	 33.0 	 39.0 	 0.08333333333333333 
530.0 	 1157 	 585 	 33.0 	 40.0 	 0.0958904109589041 
531.0 	 1159 	 585 	 33.0 	 40.0 	 0.0958904109589041 
532.0 	 1161 	 585 	 32.0 	 40.0 	 0.1111111111111111 
533.0 	 1163 	 585 	 32.0 	 40.0 	 0.1111111111111111 
534.0 	 1166 	 585 	 32.0 	 40.0 	 0.1111111111111111 
535.0 	 1168 	 585 	 32.0 	 40.0 	 0.1111111111111111 
536.0 	 1170 	 585 	 33.0 	 39.0 	 0.08333333333333333 
537.0 	 1173 	 585 	 33.0 	 40.0 	 0.0958904109589041 
538.0 	 1175 	 585 	 32.0 	 40.0 	 0.1111111111111111 
539.0 	 1177 	 585 	 32.0 	 40.0 	 0.1111111111111111 
540.0 	 1179 	 585 	 32.0 	 41.0 	 0.1232876712328767 
541.0 	 1181 	 585 	 32.0 	 40.0 	 0.1111111111111111 
542.0 	 1184 	 585 	 32.0 	 40.0 	 0.1111111111111111 
543.0 	 1186 	 585 	 32.0 	 39.0 	 0.09859154929577464 
544.0 	 1188 	 585 	 32.0 	 39.0 	 0.09859154929577464 
545.0 	 1191 	 585 	 32.0 	 40.0 	 0.1111111111111111 
546.0 	 1193 	 585 	 32.0 	 40.0 	 0.1111111111111111 
547.0 	 1195 	 585 	 32.0 	 40.0 	 0.1111111111111111 
548.0 	 1198 	 585 	 32.0 	 40.0 	 0.1111111111111111 
549.0 	 1200 	 585 	 32.0 	 39.0 	 0.09859154929577464 
550.0 	 1202 	 585 	 32.0 	 39.0 	 0.09859154929577464 
551.0 	 1205 	 585 	 32.0 	 40.0 	 0.1111111111111111 
552.0 	 1207 	 585 	 32.0 	 40.0 	 0.1111111111111111 
553.0 	 1210 	 585 	 32.0 	 40.0 	 0.1111111111111111 
554.0 	 1212 	 585 	 32.0 	 40.0 	 0.1111111111111111 
555.0 	 1214 	 585 	 32.0 	 40.0 	 0.1111111111111111 
556.0 	 1216 	 585 	 32.0 	 39.0 	 0.09859154929577464 
557.0 	 1219 	 585 	 32.0 	 39.0 	 0.09859154929577464 
558.0 	 1221 	 585 	 32.0 	 40.0 	 0.1111111111111111 
559.0 	 1223 	 585 	 32.0 	 39.0 	 0.09859154929577464 
560.0 	 1226 	 585 	 32.0 	 40.0 	 0.1111111111111111 
561.0 	 1228 	 585 	 32.0 	 39.0 	 0.09859154929577464 
562.0 	 1230 	 585 	 32.0 	 39.0 	 0.09859154929577464 
563.0 	 1233 	 585 	 32.0 	 39.0 	 0.09859154929577464 
564.0 	 1235 	 585 	 32.0 	 39.0 	 0.09859154929577464 
565.0 	 1237 	 585 	 31.0 	 39.0 	 0.11428571428571428 
566.0 	 1240 	 585 	 31.0 	 40.0 	 0.1267605633802817 
567.0 	 1242 	 585 	 31.0 	 39.0 	 0.11428571428571428 
568.0 	 1244 	 585 	 32.0 	 39.0 	 0.09859154929577464 
569.0 	 1247 	 585 	 32.0 	 40.0 	 0.1111111111111111 
570.0 	 1250 	 585 	 32.0 	 39.0 	 0.09859154929577464 
571.0 	 1252 	 585 	 32.0 	 39.0 	 0.09859154929577464 
572.0 	 1254 	 585 	 32.0 	 39.0 	 0.09859154929577464 
573.0 	 1257 	 585 	 32.0 	 40.0 	 0.1111111111111111 
574.0 	 1259 	 585 	 32.0 	 40.0 	 0.1111111111111111 
575.0 	 1261 	 585 	 32.0 	 40.0 	 0.1111111111111111 
576.0 	 1263 	 585 	 32.0 	 39.0 	 0.09859154929577464 
577.0 	 1266 	 585 	 32.0 	 38.0 	 0.08571428571428572 
578.0 	 1268 	 585 	 32.0 	 39.0 	 0.09859154929577464 
579.0 	 1271 	 585 	 32.0 	 39.0 	 0.09859154929577464 
580.0 	 1273 	 585 	 32.0 	 39.0 	 0.09859154929577464 
581.0 	 1275 	 585 	 32.0 	 39.0 	 0.09859154929577464 
582.0 	 1278 	 585 	 32.0 	 39.0 	 0.09859154929577464 
583.0 	 1280 	 585 	 32.0 	 38.0 	 0.08571428571428572 
584.0 	 1282 	 585 	 32.0 	 39.0 	 0.09859154929577464 
585.0 	 1285 	 585 	 32.0 	 39.0 	 0.09859154929577464 
586.0 	 1287 	 585 	 32.0 	 39.0 	 0.09859154929577464 
587.0 	 1289 	 585 	 32.0 	 40.0 	 0.1111111111111111 
588.0 	 1292 	 585 	 32.0 	 39.0 	 0.09859154929577464 
589.0 	 1293 	 585 	 32.0 	 39.0 	 0.09859154929577464 
590.0 	 1296 	 585 	 32.0 	 39.0 	 0.09859154929577464 
591.0 	 1299 	 585 	 32.0 	 39.0 	 0.09859154929577464 
592.0 	 1301 	 585 	 32.0 	 40.0 	 0.1111111111111111 
593.0 	 1303 	 585 	 32.0 	 40.0 	 0.1111111111111111 
594.0 	 1306 	 585 	 32.0 	 39.0 	 0.09859154929577464 
595.0 	 1308 	 585 	 32.0 	 40.0 	 0.1111111111111111 
596.0 	 1310 	 585 	 32.0 	 39.0 	 0.09859154929577464 
597.0 	 1313 	 585 	 32.0 	 39.0 	 0.09859154929577464 
598.0 	 1315 	 585 	 33.0 	 40.0 	 0.0958904109589041 
599.0 	 1317 	 585 	 33.0 	 39.0 	 0.08333333333333333 
600.0 	 1320 	 585 	 32.0 	 39.0 	 0.09859154929577464 
601.0 	 1322 	 585 	 32.0 	 40.0 	 0.1111111111111111 
602.0 	 1324 	 585 	 32.0 	 39.0 	 0.09859154929577464 
603.0 	 1327 	 585 	 32.0 	 40.0 	 0.1111111111111111 
604.0 	 1329 	 585 	 32.0 	 40.0 	 0.1111111111111111 
605.0 	 1331 	 585 	 32.0 	 41.0 	 0.1232876712328767 
606.0 	 1334 	 585 	 32.0 	 40.0 	 0.1111111111111111 
607.0 	 1336 	 585 	 32.0 	 40.0 	 0.1111111111111111 
608.0 	 1338 	 585 	 32.0 	 40.0 	 0.1111111111111111 
609.0 	 1341 	 585 	 32.0 	 40.0 	 0.1111111111111111 
610.0 	 1343 	 585 	 32.0 	 41.0 	 0.1232876712328767 
611.0 	 1345 	 585 	 32.0 	 39.0 	 0.09859154929577464 
612.0 	 1348 	 585 	 32.0 	 40.0 	 0.1111111111111111 
613.0 	 1350 	 585 	 32.0 	 40.0 	 0.1111111111111111 
614.0 	 1352 	 585 	 32.0 	 41.0 	 0.1232876712328767 
615.0 	 1354 	 585 	 32.0 	 41.0 	 0.1232876712328767 
616.0 	 1357 	 585 	 32.0 	 40.0 	 0.1111111111111111 
617.0 	 1359 	 585 	 32.0 	 41.0 	 0.1232876712328767 
618.0 	 1361 	 585 	 32.0 	 41.0 	 0.1232876712328767 
619.0 	 1364 	 585 	 32.0 	 40.0 	 0.1111111111111111 
620.0 	 1366 	 585 	 32.0 	 40.0 	 0.1111111111111111 
621.0 	 1368 	 585 	 32.0 	 41.0 	 0.1232876712328767 
622.0 	 1371 	 585 	 32.0 	 40.0 	 0.1111111111111111 
623.0 	 1373 	 585 	 32.0 	 40.0 	 0.1111111111111111 
624.0 	 1375 	 585 	 32.0 	 41.0 	 0.1232876712328767 
625.0 	 1378 	 585 	 33.0 	 39.0 	 0.08333333333333333 
626.0 	 1380 	 585 	 33.0 	 40.0 	 0.0958904109589041 
627.0 	 1382 	 585 	 33.0 	 40.0 	 0.0958904109589041 
628.0 	 1385 	 585 	 33.0 	 39.0 	 0.08333333333333333 
629.0 	 1387 	 585 	 32.0 	 40.0 	 0.1111111111111111 
630.0 	 1389 	 585 	 32.0 	 40.0 	 0.1111111111111111 
631.0 	 1392 	 585 	 32.0 	 41.0 	 0.1232876712328767 
632.0 	 1394 	 585 	 32.0 	 40.0 	 0.1111111111111111 
633.0 	 1396 	 585 	 32.0 	 40.0 	 0.1111111111111111 
634.0 	 1398 	 585 	 32.0 	 41.0 	 0.1232876712328767 
635.0 	 1401 	 585 	 32.0 	 40.0 	 0.1111111111111111 
636.0 	 1403 	 585 	 32.0 	 40.0 	 0.1111111111111111 
637.0 	 1405 	 585 	 32.0 	 41.0 	 0.1232876712328767 
638.0 	 1407 	 585 	 32.0 	 39.0 	 0.09859154929577464 
639.0 	 1410 	 585 	 32.0 	 40.0 	 0.1111111111111111 
640.0 	 1412 	 585 	 33.0 	 39.0 	 0.08333333333333333 
641.0 	 1415 	 585 	 32.0 	 39.0 	 0.09859154929577464 
642.0 	 1417 	 585 	 32.0 	 40.0 	 0.1111111111111111 
643.0 	 1420 	 585 	 32.0 	 39.0 	 0.09859154929577464 
644.0 	 1422 	 585 	 33.0 	 40.0 	 0.0958904109589041 
645.0 	 1424 	 585 	 33.0 	 39.0 	 0.08333333333333333 
646.0 	 1426 	 585 	 32.0 	 40.0 	 0.1111111111111111 
647.0 	 1429 	 585 	 32.0 	 41.0 	 0.1232876712328767 
648.0 	 1431 	 585 	 32.0 	 40.0 	 0.1111111111111111 
649.0 	 1433 	 585 	 32.0 	 40.0 	 0.1111111111111111 
650.0 	 1435 	 585 	 33.0 	 39.0 	 0.08333333333333333 
651.0 	 1437 	 585 	 33.0 	 39.0 	 0.08333333333333333 
652.0 	 1440 	 585 	 33.0 	 39.0 	 0.08333333333333333 
653.0 	 1442 	 585 	 33.0 	 39.0 	 0.08333333333333333 
654.0 	 1445 	 585 	 32.0 	 39.0 	 0.09859154929577464 
655.0 	 1447 	 585 	 32.0 	 40.0 	 0.1111111111111111 
656.0 	 1449 	 585 	 32.0 	 40.0 	 0.1111111111111111 
657.0 	 1451 	 584 	 33.0 	 40.0 	 0.0958904109589041 
658.0 	 1454 	 585 	 34.0 	 39.0 	 0.0684931506849315 
659.0 	 1456 	 585 	 34.0 	 40.0 	 0.08108108108108109 
660.0 	 1458 	 585 	 34.0 	 39.0 	 0.0684931506849315 
661.0 	 1460 	 585 	 33.0 	 39.0 	 0.08333333333333333 
662.0 	 1462 	 585 	 34.0 	 39.0 	 0.0684931506849315 
663.0 	 1465 	 585 	 34.0 	 40.0 	 0.08108108108108109 
664.0 	 1467 	 585 	 34.0 	 40.0 	 0.08108108108108109 
665.0 	 1469 	 585 	 34.0 	 39.0 	 0.0684931506849315 
666.0 	 1472 	 585 	 34.0 	 39.0 	 0.0684931506849315 
667.0 	 1474 	 585 	 34.0 	 39.0 	 0.0684931506849315 
668.0 	 1476 	 585 	 34.0 	 39.0 	 0.0684931506849315 
669.0 	 1478 	 585 	 34.0 	 40.0 	 0.08108108108108109 
670.0 	 1480 	 585 	 34.0 	 40.0 	 0.08108108108108109 
671.0 	 1482 	 585 	 34.0 	 39.0 	 0.0684931506849315 
672.0 	 1485 	 585 	 34.0 	 40.0 	 0.08108108108108109 
673.0 	 1487 	 585 	 34.0 	 40.0 	 0.08108108108108109 
674.0 	 1489 	 585 	 34.0 	 41.0 	 0.09333333333333334 
675.0 	 1491 	 585 	 34.0 	 40.0 	 0.08108108108108109 
676.0 	 1493 	 585 	 34.0 	 40.0 	 0.08108108108108109 
677.0 	 1496 	 585 	 34.0 	 40.0 	 0.08108108108108109 
678.0 	 1498 	 585 	 34.0 	 40.0 	 0.08108108108108109 
679.0 	 1500 	 585 	 34.0 	 40.0 	 0.08108108108108109 
680.0 	 1502 	 585 	 34.0 	 40.0 	 0.08108108108108109 
681.0 	 1504 	 585 	 34.0 	 39.0 	 0.0684931506849315 
682.0 	 1507 	 585 	 34.0 	 38.0 	 0.05555555555555555 
683.0 	 1509 	 585 	 35.0 	 38.0 	 0.0410958904109589 
684.0 	 1511 	 585 	 35.0 	 39.0 	 0.05405405405405406 
685.0 	 1513 	 585 	 33.0 	 39.0 	 0.08333333333333333 
686.0 	 1515 	 585 	 33.0 	 39.0 	 0.08333333333333333 
687.0 	 1517 	 584 	 33.0 	 39.0 	 0.08333333333333333 
688.0 	 1519 	 584 	 33.0 	 39.0 	 0.08333333333333333 
689.0 	 1522 	 585 	 34.0 	 39.0 	 0.0684931506849315 
690.0 	 1524 	 585 	 34.0 	 39.0 	 0.0684931506849315 
691.0 	 1526 	 585 	 34.0 	 39.0 	 0.0684931506849315 
692.0 	 1529 	 585 	 34.0 	 38.0 	 0.05555555555555555 
693.0 	 1531 	 585 	 34.0 	 39.0 	 0.0684931506849315 
694.0 	 1533 	 585 	 34.0 	 39.0 	 0.0684931506849315 
695.0 	 1535 	 585 	 34.0 	 39.0 	 0.0684931506849315 
696.0 	 1537 	 585 	 34.0 	 39.0 	 0.0684931506849315 
697.0 	 1540 	 585 	 34.0 	 38.0 	 0.05555555555555555 
698.0 	 1542 	 585 	 34.0 	 38.0 	 0.05555555555555555 
699.0 	 1544 	 585 	 34.0 	 39.0 	 0.0684931506849315 
700.0 	 1546 	 585 	 35.0 	 39.0 	 0.05405405405405406 
701.0 	 1548 	 585 	 36.06244659423828 	 37.47665786743164 	 0.01923073830645402 
702.0 	 1551 	 585 	 34.0 	 38.0 	 0.05555555555555555 
703.0 	 1553 	 585 	 34.0 	 38.0 	 0.05555555555555555 
704.0 	 1555 	 585 	 34.0 	 38.0 	 0.05555555555555555 
705.0 	 1557 	 585 	 34.0 	 38.0 	 0.05555555555555555 
706.0 	 1560 	 585 	 33.0 	 38.0 	 0.07042253521126761 
707.0 	 1562 	 585 	 33.0 	 38.0 	 0.07042253521126761 
708.0 	 1564 	 585 	 33.0 	 38.0 	 0.07042253521126761 
709.0 	 1566 	 585 	 33.0 	 38.0 	 0.07042253521126761 
710.0 	 1568 	 585 	 32.0 	 38.0 	 0.08571428571428572 
711.0 	 1570 	 585 	 33.0 	 37.0 	 0.05714285714285714 
712.0 	 1572 	 585 	 33.0 	 37.0 	 0.05714285714285714 
713.0 	 1575 	 585 	 34.0 	 37.0 	 0.04225352112676056 
714.0 	 1577 	 585 	 38.0 	 34.0 	 0.05555555555555555 
715.0 	 1579 	 585 	 33.0 	 38.0 	 0.07042253521126761 
716.0 	 1581 	 585 	 33.0 	 39.0 	 0.08333333333333333 
717.0 	 1583 	 585 	 33.0 	 38.0 	 0.07042253521126761 
718.0 	 1586 	 585 	 33.0 	 38.0 	 0.07042253521126761 
719.0 	 1588 	 585 	 33.0 	 38.0 	 0.07042253521126761 
720.0 	 1590 	 585 	 33.0 	 38.0 	 0.07042253521126761 
721.0 	 1592 	 585 	 33.0 	 39.0 	 0.08333333333333333 
722.0 	 1595 	 585 	 33.0 	 38.0 	 0.07042253521126761 
723.0 	 1597 	 585 	 33.0 	 39.0 	 0.08333333333333333 
724.0 	 1600 	 585 	 32.0 	 38.0 	 0.08571428571428572 
725.0 	 1602 	 585 	 33.0 	 38.0 	 0.07042253521126761 
726.0 	 1604 	 585 	 33.0 	 38.0 	 0.07042253521126761 
727.0 	 1606 	 585 	 34.0 	 38.0 	 0.05555555555555555 
728.0 	 1608 	 585 	 34.0 	 38.0 	 0.05555555555555555 
729.0 	 1610 	 585 	 33.0 	 38.0 	 0.07042253521126761 
730.0 	 1612 	 585 	 33.63225555419922 	 38.20942687988281 	 0.06371191724084906 
731.0 	 1614 	 585 	 33.0 	 37.0 	 0.05714285714285714 
732.0 	 1617 	 585 	 33.0 	 38.0 	 0.07042253521126761 
733.0 	 1619 	 585 	 32.0 	 38.0 	 0.08571428571428572 
734.0 	 1621 	 585 	 33.0 	 38.0 	 0.07042253521126761 
735.0 	 1623 	 585 	 33.0 	 38.0 	 0.07042253521126761 
736.0 	 1625 	 585 	 32.0 	 38.0 	 0.08571428571428572 
737.0 	 1627 	 585 	 32.0 	 38.0 	 0.08571428571428572 
738.0 	 1629 	 585 	 32.0 	 38.0 	 0.08571428571428572 
739.0 	 1631 	 585 	 32.0 	 38.0 	 0.08571428571428572 
740.0 	 1633 	 585 	 32.0 	 38.0 	 0.08571428571428572 
741.0 	 1635 	 585 	 32.0 	 39.0 	 0.09859154929577464 
742.0 	 1638 	 585 	 32.0 	 39.0 	 0.09859154929577464 
743.0 	 1640 	 585 	 32.0 	 38.0 	 0.08571428571428572 
744.0 	 1642 	 585 	 32.0 	 38.0 	 0.08571428571428572 
745.0 	 1644 	 585 	 32.0 	 38.0 	 0.08571428571428572 
746.0 	 1645 	 585 	 32.0 	 38.0 	 0.08571428571428572 
747.0 	 1648 	 585 	 32.0 	 38.0 	 0.08571428571428572 
748.0 	 1650 	 585 	 32.0 	 38.0 	 0.08571428571428572 
749.0 	 1652 	 585 	 32.0 	 38.0 	 0.08571428571428572 
750.0 	 1654 	 585 	 32.0 	 38.0 	 0.08571428571428572 
751.0 	 1656 	 585 	 32.0 	 38.0 	 0.08571428571428572 
752.0 	 1658 	 585 	 32.0 	 38.0 	 0.08571428571428572 
753.0 	 1660 	 585 	 32.0 	 38.0 	 0.08571428571428572 
754.0 	 1662 	 585 	 32.0 	 38.0 	 0.08571428571428572 
755.0 	 1664 	 585 	 32.0 	 38.0 	 0.08571428571428572 
756.0 	 1666 	 585 	 33.0 	 38.0 	 0.07042253521126761 
757.0 	 1668 	 585 	 32.0 	 37.0 	 0.07246376811594203 
758.0 	 1670 	 585 	 32.0 	 38.0 	 0.08571428571428572 
759.0 	 1672 	 585 	 32.0 	 38.0 	 0.08571428571428572 
760.0 	 1674 	 585 	 32.0 	 38.0 	 0.08571428571428572 
761.0 	 1677 	 585 	 33.0 	 37.0 	 0.05714285714285714 
762.0 	 1679 	 585 	 33.0 	 37.0 	 0.05714285714285714 
763.0 	 1681 	 585 	 33.0 	 38.0 	 0.07042253521126761 
764.0 	 1683 	 585 	 33.0 	 37.0 	 0.05714285714285714 
765.0 	 1685 	 585 	 33.0 	 37.0 	 0.05714285714285714 
766.0 	 1687 	 585 	 32.0 	 37.0 	 0.07246376811594203 
767.0 	 1689 	 585 	 32.0 	 37.0 	 0.07246376811594203 
768.0 	 1691 	 584 	 33.0 	 37.0 	 0.05714285714285714 
769.0 	 1692 	 585 	 37.0 	 32.0 	 0.07246376811594203 
770.0 	 1695 	 585 	 32.0 	 37.0 	 0.07246376811594203 
771.0 	 1697 	 585 	 32.0 	 37.0 	 0.07246376811594203 
772.0 	 1699 	 585 	 31.0 	 37.0 	 0.08823529411764706 
773.0 	 1701 	 585 	 31.0 	 37.0 	 0.08823529411764706 
774.0 	 1703 	 585 	 31.0 	 38.0 	 0.10144927536231885 
775.0 	 1705 	 585 	 31.0 	 38.0 	 0.10144927536231885 
776.0 	 1707 	 585 	 31.0 	 38.0 	 0.10144927536231885 
777.0 	 1709 	 585 	 31.0 	 38.0 	 0.10144927536231885 
778.0 	 1711 	 585 	 32.0 	 38.0 	 0.08571428571428572 
779.0 	 1713 	 585 	 37.91091537475586 	 31.841190338134766 	 0.08701852043872234 
780.0 	 1715 	 585 	 32.0 	 37.0 	 0.07246376811594203 
781.0 	 1717 	 585 	 32.0 	 37.0 	 0.07246376811594203 
782.0 	 1719 	 584 	 32.0 	 37.0 	 0.07246376811594203 
783.0 	 1721 	 585 	 31.0 	 37.0 	 0.08823529411764706 
784.0 	 1723 	 585 	 32.0 	 37.0 	 0.07246376811594203 
785.0 	 1725 	 585 	 32.0 	 37.0 	 0.07246376811594203 
786.0 	 1727 	 585 	 32.0 	 37.0 	 0.07246376811594203 
787.0 	 1729 	 585 	 32.0 	 37.0 	 0.07246376811594203 
788.0 	 1731 	 585 	 32.0 	 38.0 	 0.08571428571428572 
789.0 	 1733 	 585 	 32.0 	 37.0 	 0.07246376811594203 
790.0 	 1735 	 585 	 32.0 	 38.0 	 0.08571428571428572 
791.0 	 1737 	 585 	 32.0 	 37.0 	 0.07246376811594203 
792.0 	 1739 	 585 	 32.0 	 37.0 	 0.07246376811594203 
793.0 	 1741 	 585 	 32.0 	 37.0 	 0.07246376811594203 
794.0 	 1743 	 585 	 32.0 	 38.0 	 0.08571428571428572 
795.0 	 1746 	 585 	 32.0 	 37.0 	 0.07246376811594203 
796.0 	 1747 	 585 	 32.0 	 37.0 	 0.07246376811594203 
797.0 	 1750 	 585 	 32.0 	 37.0 	 0.07246376811594203 
798.0 	 1752 	 584 	 32.0 	 38.0 	 0.08571428571428572 
799.0 	 1754 	 584 	 33.0 	 37.0 	 0.05714285714285714 
800.0 	 1756 	 584 	 32.0 	 37.0 	 0.07246376811594203 
801.0 	 1758 	 584 	 32.0 	 38.0 	 0.08571428571428572 
802.0 	 1760 	 584 	 32.0 	 38.0 	 0.08571428571428572 
803.0 	 1762 	 584 	 32.0 	 38.0 	 0.08571428571428572 
804.0 	 1764 	 584 	 32.0 	 38.0 	 0.08571428571428572 
805.0 	 1766 	 584 	 32.0 	 37.0 	 0.07246376811594203 
806.0 	 1768 	 584 	 32.0 	 37.0 	 0.07246376811594203 
807.0 	 1770 	 584 	 32.0 	 37.0 	 0.07246376811594203 
808.0 	 1772 	 584 	 32.0 	 37.0 	 0.07246376811594203 
809.0 	 1774 	 584 	 32.0 	 37.0 	 0.07246376811594203 
810.0 	 1776 	 584 	 33.0 	 37.0 	 0.05714285714285714 
811.0 	 1778 	 584 	 32.0 	 37.0 	 0.07246376811594203 
812.0 	 1781 	 584 	 32.0 	 37.0 	 0.07246376811594203 
813.0 	 1782 	 585 	 32.0 	 37.0 	 0.07246376811594203 
814.0 	 1785 	 584 	 36.671512603759766 	 33.09380340576172 	 0.05128206109622962 
815.0 	 1787 	 584 	 32.0 	 38.0 	 0.08571428571428572 
816.0 	 1789 	 584 	 33.0 	 36.0 	 0.043478260869565216 
817.0 	 1791 	 584 	 37.0 	 32.0 	 0.07246376811594203 
818.0 	 1793 	 585 	 31.0 	 37.0 	 0.08823529411764706 
819.0 	 1795 	 585 	 31.0 	 37.0 	 0.08823529411764706 
820.0 	 1797 	 584 	 31.0 	 37.0 	 0.08823529411764706 
821.0 	 1799 	 584 	 32.0 	 37.0 	 0.07246376811594203 
822.0 	 1802 	 584 	 32.0 	 38.0 	 0.08571428571428572 
823.0 	 1804 	 584 	 32.0 	 38.0 	 0.08571428571428572 
824.0 	 1806 	 584 	 32.0 	 38.0 	 0.08571428571428572 
825.0 	 1808 	 584 	 32.0 	 38.0 	 0.08571428571428572 
826.0 	 1810 	 584 	 32.0 	 38.0 	 0.08571428571428572 
827.0 	 1812 	 584 	 32.0 	 38.0 	 0.08571428571428572 
828.0 	 1814 	 584 	 33.09380340576172 	 37.11872863769531 	 0.05732488367521662 
829.0 	 1816 	 584 	 32.0 	 37.0 	 0.07246376811594203 
830.0 	 1818 	 584 	 32.0 	 37.0 	 0.07246376811594203 
831.0 	 1820 	 584 	 32.0 	 37.0 	 0.07246376811594203 
832.0 	 1822 	 584 	 32.0 	 38.0 	 0.08571428571428572 
833.0 	 1824 	 584 	 32.0 	 38.0 	 0.08571428571428572 
834.0 	 1827 	 584 	 33.941123962402344 	 35.35533905029297 	 0.020408185734263763 
835.0 	 1829 	 584 	 36.671512603759766 	 33.09380340576172 	 0.05128206109622962 
836.0 	 1831 	 584 	 31.0 	 38.0 	 0.10144927536231885 
837.0 	 1833 	 584 	 31.0 	 38.0 	 0.10144927536231885 
838.0 	 1835 	 584 	 31.0 	 38.0 	 0.10144927536231885 
839.0 	 1838 	 584 	 32.0 	 38.0 	 0.08571428571428572 
840.0 	 1840 	 584 	 38.0 	 32.0 	 0.08571428571428572 
841.0 	 1842 	 584 	 32.0 	 37.0 	 0.07246376811594203 
842.0 	 1844 	 584 	 32.0 	 38.0 	 0.08571428571428572 
843.0 	 1846 	 584 	 32.0 	 38.0 	 0.08571428571428572 
844.0 	 1848 	 584 	 32.0 	 38.0 	 0.08571428571428572 
845.0 	 1851 	 584 	 32.0 	 39.0 	 0.09859154929577464 
846.0 	 1853 	 584 	 32.0 	 38.0 	 0.08571428571428572 
847.0 	 1855 	 584 	 32.0 	 38.0 	 0.08571428571428572 
848.0 	 1857 	 584 	 32.0 	 38.0 	 0.08571428571428572 
849.0 	 1859 	 584 	 32.0 	 38.0 	 0.08571428571428572 
850.0 	 1861 	 584 	 32.0 	 39.0 	 0.09859154929577464 
851.0 	 1864 	 584 	 32.0 	 39.0 	 0.09859154929577464 
852.0 	 1866 	 584 	 32.0 	 38.0 	 0.08571428571428572 
853.0 	 1868 	 584 	 31.0 	 38.0 	 0.10144927536231885 
854.0 	 1870 	 584 	 31.0 	 38.0 	 0.10144927536231885 
855.0 	 1872 	 584 	 31.0 	 39.0 	 0.11428571428571428 
856.0 	 1874 	 584 	 31.0 	 39.0 	 0.11428571428571428 
857.0 	 1877 	 584 	 31.0 	 39.0 	 0.11428571428571428 
858.0 	 1879 	 584 	 31.0 	 39.0 	 0.11428571428571428 
859.0 	 1881 	 584 	 39.111183166503906 	 31.87530517578125 	 0.10193317291358947 
860.0 	 1883 	 584 	 31.0 	 39.0 	 0.11428571428571428 
861.0 	 1885 	 584 	 31.0 	 39.0 	 0.11428571428571428 
862.0 	 1888 	 584 	 31.0 	 39.0 	 0.11428571428571428 
863.0 	 1890 	 584 	 31.0 	 39.0 	 0.11428571428571428 
864.0 	 1892 	 584 	 32.0 	 39.0 	 0.09859154929577464 
865.0 	 1894 	 584 	 32.0 	 39.0 	 0.09859154929577464 
866.0 	 1897 	 584 	 32.0 	 41.0 	 0.1232876712328767 
867.0 	 1899 	 584 	 31.0 	 38.0 	 0.10144927536231885 
868.0 	 1901 	 584 	 31.0 	 36.0 	 0.07462686567164178 
869.0 	 1902 	 584 	 31.0 	 34.0 	 0.046153846153846156 
870.0 	 1904 	 584 	 31.0 	 32.0 	 0.015873015873015872 
871.0 	 1905 	 584 	 32.0 	 29.0 	 0.04918032786885246 
872.0 	 1906 	 584 	 32.0 	 27.0 	 0.0847457627118644 
873.0 	 1908 	 584 	 32.0 	 25.0 	 0.12280701754385964 
874.0 	 1909 	 584 	 31.0 	 22.0 	 0.16981132075471697 
875.0 	 1910 	 584 	 32.0 	 20.0 	 0.23076923076923078 
