frame 	 x 	 y 	 width 	 height 	 deformation 
1.0 	 86 	 589 	 36.0 	 41.0 	 0.06493506493506493 
2.0 	 87 	 589 	 41.0 	 37.0 	 0.05128205128205128 
3.0 	 87 	 589 	 37.0 	 41.0 	 0.05128205128205128 
4.0 	 87 	 589 	 37.0 	 41.0 	 0.05128205128205128 
5.0 	 88 	 589 	 37.0 	 41.0 	 0.05128205128205128 
6.0 	 88 	 589 	 37.0 	 41.0 	 0.05128205128205128 
7.0 	 88 	 589 	 40.0 	 37.0 	 0.03896103896103896 
8.0 	 89 	 589 	 37.0 	 41.0 	 0.05128205128205128 
9.0 	 89 	 589 	 36.0 	 40.0 	 0.05263157894736842 
10.0 	 89 	 589 	 37.0 	 40.0 	 0.03896103896103896 
11.0 	 89 	 588 	 37.0 	 40.0 	 0.03896103896103896 
12.0 	 90 	 588 	 37.0 	 40.0 	 0.03896103896103896 
13.0 	 90 	 589 	 37.0 	 40.0 	 0.03896103896103896 
14.0 	 90 	 589 	 37.0 	 40.0 	 0.03896103896103896 
15.0 	 90 	 589 	 37.0 	 40.0 	 0.03896103896103896 
16.0 	 91 	 589 	 37.0 	 41.0 	 0.05128205128205128 
17.0 	 91 	 589 	 37.0 	 40.0 	 0.03896103896103896 
18.0 	 91 	 589 	 37.0 	 41.0 	 0.05128205128205128 
19.0 	 92 	 589 	 37.0 	 40.0 	 0.03896103896103896 
20.0 	 92 	 589 	 37.0 	 40.0 	 0.03896103896103896 
21.0 	 92 	 589 	 37.0 	 40.0 	 0.03896103896103896 
22.0 	 92 	 589 	 37.0 	 40.0 	 0.03896103896103896 
23.0 	 93 	 589 	 37.0 	 40.0 	 0.03896103896103896 
24.0 	 93 	 589 	 37.0 	 40.0 	 0.03896103896103896 
25.0 	 93 	 589 	 37.0 	 40.0 	 0.03896103896103896 
26.0 	 93 	 589 	 37.0 	 40.0 	 0.03896103896103896 
27.0 	 93 	 589 	 37.0 	 40.0 	 0.03896103896103896 
28.0 	 94 	 588 	 37.0 	 41.0 	 0.05128205128205128 
29.0 	 94 	 589 	 37.0 	 40.0 	 0.03896103896103896 
30.0 	 94 	 589 	 37.0 	 40.0 	 0.03896103896103896 
31.0 	 94 	 588 	 37.0 	 41.0 	 0.05128205128205128 
32.0 	 95 	 588 	 37.0 	 40.0 	 0.03896103896103896 
33.0 	 95 	 588 	 37.0 	 40.0 	 0.03896103896103896 
34.0 	 95 	 588 	 37.0 	 40.0 	 0.03896103896103896 
35.0 	 95 	 588 	 37.0 	 40.0 	 0.03896103896103896 
36.0 	 96 	 589 	 37.0 	 40.0 	 0.03896103896103896 
37.0 	 96 	 589 	 36.0 	 40.0 	 0.05263157894736842 
38.0 	 96 	 589 	 36.0 	 40.0 	 0.05263157894736842 
39.0 	 97 	 589 	 36.0 	 40.0 	 0.05263157894736842 
40.0 	 97 	 589 	 36.0 	 40.0 	 0.05263157894736842 
41.0 	 97 	 589 	 36.0 	 39.0 	 0.04 
42.0 	 98 	 589 	 36.0 	 40.0 	 0.05263157894736842 
43.0 	 98 	 589 	 36.0 	 40.0 	 0.05263157894736842 
44.0 	 99 	 589 	 36.0 	 40.0 	 0.05263157894736842 
45.0 	 99 	 589 	 36.0 	 39.0 	 0.04 
46.0 	 100 	 589 	 36.0 	 40.0 	 0.05263157894736842 
47.0 	 100 	 589 	 36.0 	 41.0 	 0.06493506493506493 
48.0 	 101 	 589 	 36.0 	 40.0 	 0.05263157894736842 
49.0 	 102 	 589 	 36.0 	 41.0 	 0.06493506493506493 
50.0 	 103 	 589 	 36.0 	 40.0 	 0.05263157894736842 
51.0 	 103 	 589 	 36.0 	 41.0 	 0.06493506493506493 
52.0 	 104 	 589 	 36.0 	 41.0 	 0.06493506493506493 
53.0 	 105 	 589 	 36.0 	 40.0 	 0.05263157894736842 
54.0 	 106 	 589 	 36.0 	 39.0 	 0.04 
55.0 	 107 	 589 	 36.0 	 39.0 	 0.04 
56.0 	 108 	 589 	 36.0 	 40.0 	 0.05263157894736842 
57.0 	 109 	 589 	 36.0 	 40.0 	 0.05263157894736842 
58.0 	 111 	 589 	 40.0 	 37.0 	 0.03896103896103896 
59.0 	 112 	 589 	 36.0 	 40.0 	 0.05263157894736842 
60.0 	 113 	 589 	 39.0 	 37.0 	 0.02631578947368421 
61.0 	 114 	 589 	 36.0 	 40.0 	 0.05263157894736842 
62.0 	 115 	 589 	 36.0 	 40.0 	 0.05263157894736842 
63.0 	 117 	 589 	 36.0 	 40.0 	 0.05263157894736842 
64.0 	 118 	 589 	 36.0 	 40.0 	 0.05263157894736842 
65.0 	 120 	 589 	 35.0 	 40.0 	 0.06666666666666667 
66.0 	 121 	 589 	 35.0 	 40.0 	 0.06666666666666667 
67.0 	 123 	 589 	 35.0 	 40.0 	 0.06666666666666667 
68.0 	 124 	 589 	 35.0 	 40.0 	 0.06666666666666667 
69.0 	 126 	 589 	 35.0 	 41.0 	 0.07894736842105263 
70.0 	 127 	 589 	 35.0 	 40.0 	 0.06666666666666667 
71.0 	 129 	 589 	 35.0 	 39.0 	 0.05405405405405406 
72.0 	 130 	 589 	 35.0 	 40.0 	 0.06666666666666667 
73.0 	 132 	 589 	 35.0 	 40.0 	 0.06666666666666667 
74.0 	 133 	 589 	 35.0 	 41.0 	 0.07894736842105263 
75.0 	 135 	 589 	 35.0 	 40.0 	 0.06666666666666667 
76.0 	 137 	 589 	 35.0 	 40.0 	 0.06666666666666667 
77.0 	 138 	 589 	 35.0 	 40.0 	 0.06666666666666667 
78.0 	 140 	 589 	 35.0 	 39.0 	 0.05405405405405406 
79.0 	 142 	 589 	 35.0 	 39.0 	 0.05405405405405406 
80.0 	 143 	 589 	 35.0 	 40.0 	 0.06666666666666667 
81.0 	 145 	 589 	 35.0 	 39.0 	 0.05405405405405406 
82.0 	 147 	 589 	 35.0 	 39.0 	 0.05405405405405406 
83.0 	 149 	 589 	 35.0 	 39.0 	 0.05405405405405406 
84.0 	 150 	 589 	 35.0 	 40.0 	 0.06666666666666667 
85.0 	 152 	 589 	 35.0 	 40.0 	 0.06666666666666667 
86.0 	 154 	 589 	 35.0 	 40.0 	 0.06666666666666667 
87.0 	 156 	 589 	 35.0 	 40.0 	 0.06666666666666667 
88.0 	 158 	 589 	 35.0 	 41.0 	 0.07894736842105263 
89.0 	 160 	 589 	 35.0 	 41.0 	 0.07894736842105263 
90.0 	 161 	 589 	 35.0 	 41.0 	 0.07894736842105263 
91.0 	 163 	 589 	 35.0 	 41.0 	 0.07894736842105263 
92.0 	 165 	 589 	 40.0 	 35.0 	 0.06666666666666667 
93.0 	 167 	 589 	 34.0 	 41.0 	 0.09333333333333334 
94.0 	 169 	 589 	 35.0 	 40.0 	 0.06666666666666667 
95.0 	 171 	 589 	 35.0 	 40.0 	 0.06666666666666667 
96.0 	 173 	 589 	 35.0 	 40.0 	 0.06666666666666667 
97.0 	 175 	 589 	 35.0 	 40.0 	 0.06666666666666667 
98.0 	 177 	 589 	 35.0 	 40.0 	 0.06666666666666667 
99.0 	 179 	 589 	 35.0 	 40.0 	 0.06666666666666667 
100.0 	 181 	 589 	 35.0 	 41.0 	 0.07894736842105263 
101.0 	 183 	 588 	 35.0 	 41.0 	 0.07894736842105263 
102.0 	 185 	 589 	 35.0 	 41.0 	 0.07894736842105263 
103.0 	 187 	 589 	 35.0 	 41.0 	 0.07894736842105263 
104.0 	 189 	 588 	 35.0 	 41.0 	 0.07894736842105263 
105.0 	 191 	 588 	 35.0 	 41.0 	 0.07894736842105263 
106.0 	 193 	 588 	 35.0 	 41.0 	 0.07894736842105263 
107.0 	 195 	 588 	 35.0 	 41.0 	 0.07894736842105263 
108.0 	 197 	 588 	 35.0 	 41.0 	 0.07894736842105263 
109.0 	 199 	 588 	 35.0 	 41.0 	 0.07894736842105263 
110.0 	 201 	 588 	 35.0 	 40.0 	 0.06666666666666667 
111.0 	 203 	 588 	 35.0 	 41.0 	 0.07894736842105263 
112.0 	 205 	 588 	 35.0 	 42.0 	 0.09090909090909091 
113.0 	 207 	 588 	 35.0 	 42.0 	 0.09090909090909091 
114.0 	 210 	 588 	 35.0 	 42.0 	 0.09090909090909091 
115.0 	 212 	 588 	 35.0 	 41.0 	 0.07894736842105263 
116.0 	 214 	 588 	 35.0 	 41.0 	 0.07894736842105263 
117.0 	 216 	 588 	 35.0 	 41.0 	 0.07894736842105263 
118.0 	 218 	 588 	 35.0 	 42.0 	 0.09090909090909091 
119.0 	 220 	 588 	 35.0 	 42.0 	 0.09090909090909091 
120.0 	 222 	 588 	 35.0 	 42.0 	 0.09090909090909091 
121.0 	 224 	 588 	 35.0 	 42.0 	 0.09090909090909091 
122.0 	 226 	 588 	 35.0 	 42.0 	 0.09090909090909091 
123.0 	 228 	 588 	 35.0 	 42.0 	 0.09090909090909091 
124.0 	 231 	 588 	 35.0 	 42.0 	 0.09090909090909091 
125.0 	 233 	 588 	 35.0 	 42.0 	 0.09090909090909091 
126.0 	 235 	 588 	 35.0 	 43.0 	 0.10256410256410256 
127.0 	 237 	 588 	 35.0 	 42.0 	 0.09090909090909091 
128.0 	 240 	 588 	 35.0 	 43.0 	 0.10256410256410256 
129.0 	 242 	 588 	 35.0 	 43.0 	 0.10256410256410256 
130.0 	 244 	 588 	 35.0 	 43.0 	 0.10256410256410256 
131.0 	 246 	 588 	 35.0 	 42.0 	 0.09090909090909091 
132.0 	 248 	 588 	 35.0 	 42.0 	 0.09090909090909091 
133.0 	 250 	 588 	 35.0 	 42.0 	 0.09090909090909091 
134.0 	 252 	 588 	 35.0 	 42.0 	 0.09090909090909091 
135.0 	 255 	 588 	 35.0 	 43.0 	 0.10256410256410256 
136.0 	 257 	 588 	 35.0 	 43.0 	 0.10256410256410256 
137.0 	 259 	 588 	 35.0 	 43.0 	 0.10256410256410256 
138.0 	 261 	 588 	 35.0 	 43.0 	 0.10256410256410256 
139.0 	 263 	 588 	 35.0 	 43.0 	 0.10256410256410256 
140.0 	 266 	 588 	 35.0 	 43.0 	 0.10256410256410256 
141.0 	 268 	 588 	 35.0 	 43.0 	 0.10256410256410256 
142.0 	 270 	 588 	 35.0 	 43.0 	 0.10256410256410256 
143.0 	 273 	 588 	 35.0 	 43.0 	 0.10256410256410256 
144.0 	 275 	 588 	 35.0 	 43.0 	 0.10256410256410256 
145.0 	 277 	 588 	 35.0 	 43.0 	 0.10256410256410256 
146.0 	 279 	 588 	 35.0 	 43.0 	 0.10256410256410256 
147.0 	 281 	 588 	 35.0 	 42.0 	 0.09090909090909091 
148.0 	 283 	 588 	 35.0 	 42.0 	 0.09090909090909091 
149.0 	 285 	 588 	 35.0 	 43.0 	 0.10256410256410256 
150.0 	 288 	 588 	 35.0 	 43.0 	 0.10256410256410256 
151.0 	 290 	 588 	 35.0 	 43.0 	 0.10256410256410256 
152.0 	 292 	 588 	 35.0 	 43.0 	 0.10256410256410256 
153.0 	 294 	 588 	 35.0 	 43.0 	 0.10256410256410256 
154.0 	 297 	 588 	 35.0 	 44.0 	 0.11392405063291139 
155.0 	 299 	 588 	 35.0 	 44.0 	 0.11392405063291139 
156.0 	 302 	 588 	 35.0 	 43.0 	 0.10256410256410256 
157.0 	 304 	 588 	 34.0 	 43.0 	 0.11688311688311688 
158.0 	 306 	 588 	 35.0 	 43.0 	 0.10256410256410256 
159.0 	 308 	 588 	 35.0 	 43.0 	 0.10256410256410256 
160.0 	 310 	 588 	 35.0 	 43.0 	 0.10256410256410256 
161.0 	 313 	 588 	 35.0 	 43.0 	 0.10256410256410256 
162.0 	 315 	 588 	 35.0 	 43.0 	 0.10256410256410256 
163.0 	 317 	 588 	 35.0 	 43.0 	 0.10256410256410256 
164.0 	 319 	 588 	 36.0 	 43.0 	 0.08860759493670886 
165.0 	 321 	 588 	 35.0 	 43.0 	 0.10256410256410256 
166.0 	 324 	 588 	 35.0 	 43.0 	 0.10256410256410256 
167.0 	 326 	 588 	 43.0 	 35.0 	 0.10256410256410256 
168.0 	 328 	 588 	 35.0 	 44.0 	 0.11392405063291139 
169.0 	 330 	 588 	 35.0 	 43.0 	 0.10256410256410256 
170.0 	 333 	 588 	 35.0 	 43.0 	 0.10256410256410256 
171.0 	 335 	 588 	 35.0 	 44.0 	 0.11392405063291139 
172.0 	 337 	 587 	 35.0 	 44.0 	 0.11392405063291139 
173.0 	 340 	 588 	 35.0 	 43.0 	 0.10256410256410256 
174.0 	 342 	 588 	 35.0 	 43.0 	 0.10256410256410256 
175.0 	 344 	 588 	 35.0 	 44.0 	 0.11392405063291139 
176.0 	 347 	 588 	 35.0 	 44.0 	 0.11392405063291139 
177.0 	 349 	 588 	 35.0 	 43.0 	 0.10256410256410256 
178.0 	 351 	 588 	 35.0 	 43.0 	 0.10256410256410256 
179.0 	 353 	 588 	 35.0 	 43.0 	 0.10256410256410256 
180.0 	 355 	 588 	 35.0 	 44.0 	 0.11392405063291139 
181.0 	 357 	 588 	 35.0 	 43.0 	 0.10256410256410256 
182.0 	 360 	 587 	 35.0 	 43.0 	 0.10256410256410256 
183.0 	 362 	 587 	 43.95175552368164 	 35.00680160522461 	 0.11328669423193319 
184.0 	 365 	 587 	 35.0 	 43.0 	 0.10256410256410256 
185.0 	 367 	 588 	 35.0 	 44.0 	 0.11392405063291139 
186.0 	 369 	 588 	 35.0 	 44.0 	 0.11392405063291139 
187.0 	 371 	 587 	 35.0 	 44.0 	 0.11392405063291139 
188.0 	 374 	 588 	 35.0 	 44.0 	 0.11392405063291139 
189.0 	 376 	 588 	 35.0 	 43.0 	 0.10256410256410256 
190.0 	 378 	 588 	 35.0 	 44.0 	 0.11392405063291139 
191.0 	 380 	 588 	 35.0 	 44.0 	 0.11392405063291139 
192.0 	 382 	 588 	 35.0 	 43.0 	 0.10256410256410256 
193.0 	 385 	 588 	 35.0 	 44.0 	 0.11392405063291139 
194.0 	 387 	 588 	 35.0 	 44.0 	 0.11392405063291139 
195.0 	 389 	 587 	 35.0 	 43.0 	 0.10256410256410256 
196.0 	 391 	 587 	 35.0 	 43.0 	 0.10256410256410256 
197.0 	 394 	 587 	 35.0 	 43.0 	 0.10256410256410256 
198.0 	 396 	 587 	 35.0 	 43.0 	 0.10256410256410256 
199.0 	 398 	 587 	 35.0 	 44.0 	 0.11392405063291139 
200.0 	 400 	 587 	 36.0 	 44.0 	 0.1 
201.0 	 402 	 587 	 35.0 	 44.0 	 0.11392405063291139 
202.0 	 404 	 587 	 35.0 	 43.0 	 0.10256410256410256 
203.0 	 407 	 587 	 35.0 	 43.0 	 0.10256410256410256 
204.0 	 409 	 587 	 35.0 	 43.0 	 0.10256410256410256 
205.0 	 411 	 587 	 34.0 	 44.0 	 0.1282051282051282 
206.0 	 413 	 587 	 34.0 	 44.0 	 0.1282051282051282 
207.0 	 416 	 587 	 34.0 	 44.0 	 0.1282051282051282 
208.0 	 418 	 587 	 34.0 	 44.0 	 0.1282051282051282 
209.0 	 420 	 587 	 34.0 	 44.0 	 0.1282051282051282 
210.0 	 422 	 587 	 33.0 	 43.0 	 0.13157894736842105 
211.0 	 424 	 587 	 33.0 	 43.0 	 0.13157894736842105 
212.0 	 427 	 587 	 33.0 	 44.0 	 0.14285714285714285 
213.0 	 429 	 587 	 33.0 	 43.0 	 0.13157894736842105 
214.0 	 431 	 587 	 33.0 	 43.0 	 0.13157894736842105 
215.0 	 434 	 587 	 33.0 	 43.0 	 0.13157894736842105 
216.0 	 436 	 587 	 33.0 	 44.0 	 0.14285714285714285 
217.0 	 438 	 587 	 33.0 	 42.0 	 0.12 
218.0 	 440 	 587 	 33.0 	 42.0 	 0.12 
219.0 	 443 	 587 	 33.433250427246094 	 43.682132720947266 	 0.13290321431724975 
220.0 	 445 	 587 	 33.0 	 42.0 	 0.12 
221.0 	 447 	 587 	 33.0 	 42.0 	 0.12 
222.0 	 449 	 587 	 33.0 	 43.0 	 0.13157894736842105 
223.0 	 451 	 587 	 43.0 	 33.0 	 0.13157894736842105 
224.0 	 454 	 587 	 32.0 	 43.0 	 0.14666666666666667 
225.0 	 456 	 587 	 32.0 	 42.0 	 0.13513513513513514 
226.0 	 458 	 587 	 32.0 	 42.0 	 0.13513513513513514 
227.0 	 461 	 587 	 31.0 	 43.0 	 0.16216216216216217 
228.0 	 463 	 587 	 31.0 	 42.0 	 0.1506849315068493 
229.0 	 465 	 587 	 32.0 	 42.0 	 0.13513513513513514 
230.0 	 468 	 587 	 31.0 	 42.0 	 0.1506849315068493 
231.0 	 470 	 587 	 31.0 	 42.0 	 0.1506849315068493 
232.0 	 472 	 587 	 30.0 	 42.0 	 0.16666666666666666 
233.0 	 475 	 587 	 31.0 	 41.0 	 0.1388888888888889 
234.0 	 477 	 587 	 32.0 	 42.0 	 0.13513513513513514 
235.0 	 479 	 587 	 32.0 	 41.0 	 0.1232876712328767 
236.0 	 481 	 587 	 32.0 	 42.0 	 0.13513513513513514 
237.0 	 483 	 587 	 32.0 	 42.0 	 0.13513513513513514 
238.0 	 486 	 587 	 32.0 	 43.0 	 0.14666666666666667 
239.0 	 488 	 587 	 32.0 	 42.0 	 0.13513513513513514 
240.0 	 490 	 587 	 32.0 	 42.0 	 0.13513513513513514 
241.0 	 492 	 587 	 32.0 	 42.0 	 0.13513513513513514 
242.0 	 495 	 587 	 32.0 	 42.0 	 0.13513513513513514 
243.0 	 497 	 587 	 32.0 	 42.0 	 0.13513513513513514 
244.0 	 499 	 587 	 32.0 	 42.0 	 0.13513513513513514 
245.0 	 501 	 587 	 32.0 	 42.0 	 0.13513513513513514 
246.0 	 504 	 587 	 32.0 	 43.0 	 0.14666666666666667 
247.0 	 506 	 587 	 32.0 	 42.0 	 0.13513513513513514 
248.0 	 508 	 587 	 32.0 	 42.0 	 0.13513513513513514 
249.0 	 511 	 587 	 32.0 	 41.0 	 0.1232876712328767 
250.0 	 513 	 587 	 32.0 	 42.0 	 0.13513513513513514 
251.0 	 515 	 586 	 32.0 	 42.0 	 0.13513513513513514 
252.0 	 517 	 587 	 32.0 	 42.0 	 0.13513513513513514 
253.0 	 520 	 586 	 32.0 	 42.0 	 0.13513513513513514 
254.0 	 522 	 586 	 33.0 	 42.0 	 0.12 
255.0 	 524 	 586 	 33.0 	 43.0 	 0.13157894736842105 
256.0 	 526 	 586 	 33.0 	 42.0 	 0.12 
257.0 	 528 	 586 	 33.0 	 42.0 	 0.12 
258.0 	 530 	 586 	 33.0 	 42.0 	 0.12 
259.0 	 533 	 586 	 33.0 	 42.0 	 0.12 
260.0 	 535 	 586 	 33.0 	 41.0 	 0.10810810810810811 
261.0 	 537 	 586 	 33.0 	 42.0 	 0.12 
262.0 	 539 	 586 	 33.0 	 42.0 	 0.12 
263.0 	 541 	 586 	 33.0 	 42.0 	 0.12 
264.0 	 543 	 586 	 33.0 	 42.0 	 0.12 
265.0 	 545 	 586 	 33.0 	 41.0 	 0.10810810810810811 
266.0 	 548 	 586 	 33.0 	 41.0 	 0.10810810810810811 
267.0 	 550 	 586 	 33.0 	 42.0 	 0.12 
268.0 	 553 	 586 	 33.0 	 43.0 	 0.13157894736842105 
269.0 	 555 	 586 	 33.0 	 43.0 	 0.13157894736842105 
270.0 	 557 	 586 	 34.0 	 44.0 	 0.1282051282051282 
271.0 	 559 	 587 	 34.0 	 44.0 	 0.1282051282051282 
272.0 	 562 	 587 	 33.0 	 43.0 	 0.13157894736842105 
273.0 	 564 	 587 	 34.0 	 43.0 	 0.11688311688311688 
274.0 	 566 	 587 	 33.0 	 42.0 	 0.12 
275.0 	 568 	 587 	 34.0 	 43.0 	 0.11688311688311688 
276.0 	 571 	 587 	 33.0 	 43.0 	 0.13157894736842105 
277.0 	 573 	 587 	 34.0 	 43.0 	 0.11688311688311688 
278.0 	 575 	 586 	 34.0 	 42.0 	 0.10526315789473684 
279.0 	 577 	 586 	 33.0 	 42.0 	 0.12 
280.0 	 579 	 586 	 33.0 	 42.0 	 0.12 
281.0 	 581 	 586 	 33.0 	 42.0 	 0.12 
282.0 	 583 	 586 	 33.0 	 42.0 	 0.12 
283.0 	 585 	 586 	 33.0 	 43.0 	 0.13157894736842105 
284.0 	 588 	 586 	 33.0 	 43.0 	 0.13157894736842105 
285.0 	 590 	 586 	 35.0 	 44.0 	 0.11392405063291139 
286.0 	 592 	 586 	 35.0 	 44.0 	 0.11392405063291139 
287.0 	 594 	 586 	 35.0 	 44.0 	 0.11392405063291139 
288.0 	 596 	 586 	 34.0 	 44.0 	 0.1282051282051282 
289.0 	 598 	 586 	 34.0 	 44.0 	 0.1282051282051282 
290.0 	 600 	 586 	 34.0 	 44.0 	 0.1282051282051282 
291.0 	 602 	 586 	 34.0 	 44.0 	 0.1282051282051282 
292.0 	 604 	 586 	 34.0 	 43.0 	 0.11688311688311688 
293.0 	 606 	 586 	 34.0 	 43.0 	 0.11688311688311688 
294.0 	 608 	 586 	 34.0 	 43.0 	 0.11688311688311688 
295.0 	 611 	 586 	 35.0 	 44.0 	 0.11392405063291139 
296.0 	 613 	 586 	 34.0 	 44.0 	 0.1282051282051282 
297.0 	 615 	 586 	 34.0 	 44.0 	 0.1282051282051282 
298.0 	 617 	 586 	 34.0 	 44.0 	 0.1282051282051282 
299.0 	 619 	 586 	 34.0 	 44.0 	 0.1282051282051282 
300.0 	 622 	 586 	 34.0 	 44.0 	 0.1282051282051282 
301.0 	 624 	 586 	 34.0 	 44.0 	 0.1282051282051282 
302.0 	 626 	 586 	 34.0 	 44.0 	 0.1282051282051282 
303.0 	 628 	 586 	 34.0 	 44.0 	 0.1282051282051282 
304.0 	 630 	 586 	 34.0 	 43.0 	 0.11688311688311688 
305.0 	 633 	 586 	 34.0 	 43.0 	 0.11688311688311688 
306.0 	 635 	 586 	 34.0 	 43.0 	 0.11688311688311688 
307.0 	 637 	 586 	 34.0 	 42.0 	 0.10526315789473684 
308.0 	 639 	 586 	 34.0 	 44.0 	 0.1282051282051282 
309.0 	 641 	 586 	 35.0 	 44.0 	 0.11392405063291139 
310.0 	 643 	 586 	 35.0 	 44.0 	 0.11392405063291139 
311.0 	 645 	 586 	 35.0 	 43.0 	 0.10256410256410256 
312.0 	 648 	 586 	 35.0 	 43.0 	 0.10256410256410256 
313.0 	 650 	 586 	 35.0 	 43.0 	 0.10256410256410256 
314.0 	 652 	 586 	 35.0 	 43.0 	 0.10256410256410256 
315.0 	 654 	 586 	 35.0 	 44.0 	 0.11392405063291139 
316.0 	 656 	 586 	 35.0 	 44.0 	 0.11392405063291139 
317.0 	 658 	 586 	 35.0 	 44.0 	 0.11392405063291139 
318.0 	 660 	 586 	 35.0 	 43.0 	 0.10256410256410256 
319.0 	 663 	 586 	 35.0 	 43.0 	 0.10256410256410256 
320.0 	 665 	 586 	 35.0 	 43.0 	 0.10256410256410256 
321.0 	 667 	 586 	 35.0 	 43.0 	 0.10256410256410256 
322.0 	 669 	 586 	 35.0 	 44.0 	 0.11392405063291139 
323.0 	 671 	 586 	 35.0 	 43.0 	 0.10256410256410256 
324.0 	 673 	 586 	 35.0 	 43.0 	 0.10256410256410256 
325.0 	 675 	 586 	 36.0 	 43.0 	 0.08860759493670886 
326.0 	 677 	 586 	 36.0 	 43.0 	 0.08860759493670886 
327.0 	 680 	 586 	 36.0 	 44.0 	 0.1 
328.0 	 682 	 586 	 36.0 	 44.0 	 0.1 
329.0 	 684 	 586 	 36.0 	 44.0 	 0.1 
330.0 	 686 	 586 	 36.0 	 43.0 	 0.08860759493670886 
331.0 	 688 	 586 	 35.0 	 44.0 	 0.11392405063291139 
332.0 	 690 	 586 	 35.0 	 44.0 	 0.11392405063291139 
333.0 	 693 	 586 	 35.0 	 43.0 	 0.10256410256410256 
334.0 	 695 	 586 	 36.0 	 43.0 	 0.08860759493670886 
335.0 	 697 	 586 	 36.0 	 42.0 	 0.07692307692307693 
336.0 	 699 	 586 	 35.0 	 43.0 	 0.10256410256410256 
337.0 	 701 	 586 	 34.0 	 44.0 	 0.1282051282051282 
338.0 	 703 	 586 	 35.0 	 44.0 	 0.11392405063291139 
339.0 	 705 	 586 	 35.0 	 43.0 	 0.10256410256410256 
340.0 	 707 	 586 	 35.0 	 43.0 	 0.10256410256410256 
341.0 	 710 	 586 	 35.0 	 44.0 	 0.11392405063291139 
342.0 	 712 	 586 	 35.0 	 43.0 	 0.10256410256410256 
343.0 	 714 	 586 	 35.0 	 42.0 	 0.09090909090909091 
344.0 	 716 	 586 	 34.0 	 43.0 	 0.11688311688311688 
345.0 	 718 	 586 	 35.0 	 43.0 	 0.10256410256410256 
346.0 	 720 	 586 	 43.0 	 35.0 	 0.10256410256410256 
347.0 	 723 	 586 	 34.0 	 43.0 	 0.11688311688311688 
348.0 	 725 	 586 	 34.0 	 44.0 	 0.1282051282051282 
349.0 	 727 	 586 	 34.0 	 43.0 	 0.11688311688311688 
350.0 	 729 	 586 	 34.0 	 42.0 	 0.10526315789473684 
351.0 	 731 	 586 	 34.0 	 43.0 	 0.11688311688311688 
352.0 	 733 	 586 	 34.0 	 43.0 	 0.11688311688311688 
353.0 	 736 	 586 	 34.0 	 43.0 	 0.11688311688311688 
354.0 	 738 	 586 	 34.0 	 43.0 	 0.11688311688311688 
355.0 	 740 	 586 	 35.0 	 43.0 	 0.10256410256410256 
356.0 	 742 	 586 	 35.0 	 42.0 	 0.09090909090909091 
357.0 	 744 	 586 	 35.0 	 42.0 	 0.09090909090909091 
358.0 	 746 	 586 	 35.0 	 42.0 	 0.09090909090909091 
359.0 	 748 	 586 	 35.0 	 42.0 	 0.09090909090909091 
360.0 	 750 	 586 	 35.0 	 43.0 	 0.10256410256410256 
361.0 	 753 	 586 	 35.0 	 43.0 	 0.10256410256410256 
362.0 	 755 	 585 	 35.0 	 42.0 	 0.09090909090909091 
363.0 	 757 	 585 	 35.0 	 42.0 	 0.09090909090909091 
364.0 	 759 	 585 	 35.0 	 43.0 	 0.10256410256410256 
365.0 	 761 	 585 	 35.0 	 43.0 	 0.10256410256410256 
366.0 	 764 	 585 	 35.0 	 43.0 	 0.10256410256410256 
367.0 	 766 	 585 	 35.0 	 42.0 	 0.09090909090909091 
368.0 	 768 	 585 	 35.0 	 42.0 	 0.09090909090909091 
369.0 	 770 	 585 	 35.0 	 42.0 	 0.09090909090909091 
370.0 	 772 	 585 	 35.0 	 42.0 	 0.09090909090909091 
371.0 	 774 	 585 	 35.0 	 43.0 	 0.10256410256410256 
372.0 	 777 	 585 	 35.0 	 43.0 	 0.10256410256410256 
373.0 	 779 	 585 	 36.0 	 42.0 	 0.07692307692307693 
374.0 	 781 	 585 	 36.0 	 42.0 	 0.07692307692307693 
375.0 	 783 	 585 	 36.0 	 42.0 	 0.07692307692307693 
376.0 	 785 	 585 	 36.0 	 43.0 	 0.08860759493670886 
377.0 	 787 	 585 	 36.0 	 43.0 	 0.08860759493670886 
378.0 	 789 	 585 	 35.0 	 43.0 	 0.10256410256410256 
379.0 	 791 	 585 	 35.0 	 43.0 	 0.10256410256410256 
380.0 	 794 	 585 	 35.0 	 42.0 	 0.09090909090909091 
381.0 	 796 	 585 	 34.0 	 43.0 	 0.11688311688311688 
382.0 	 798 	 585 	 33.0 	 42.0 	 0.12 
383.0 	 801 	 586 	 35.0 	 42.0 	 0.09090909090909091 
384.0 	 803 	 586 	 35.0 	 42.0 	 0.09090909090909091 
385.0 	 805 	 586 	 35.0 	 42.0 	 0.09090909090909091 
386.0 	 807 	 586 	 43.133514404296875 	 34.78965759277344 	 0.1070779923055127 
387.0 	 810 	 585 	 43.274940490722656 	 34.506813049316406 	 0.11272730482853867 
388.0 	 812 	 585 	 43.620460510253906 	 34.344207763671875 	 0.11898021183121416 
389.0 	 814 	 585 	 34.0 	 43.0 	 0.11688311688311688 
390.0 	 816 	 585 	 34.0 	 43.0 	 0.11688311688311688 
391.0 	 819 	 585 	 33.0 	 43.0 	 0.13157894736842105 
392.0 	 821 	 585 	 33.0 	 43.0 	 0.13157894736842105 
393.0 	 823 	 585 	 33.0 	 43.0 	 0.13157894736842105 
394.0 	 826 	 585 	 33.0 	 43.0 	 0.13157894736842105 
395.0 	 828 	 585 	 33.0 	 43.0 	 0.13157894736842105 
396.0 	 830 	 585 	 33.0 	 42.0 	 0.12 
397.0 	 832 	 585 	 34.0 	 43.0 	 0.11688311688311688 
398.0 	 834 	 585 	 34.0 	 43.0 	 0.11688311688311688 
399.0 	 837 	 585 	 34.0 	 43.0 	 0.11688311688311688 
400.0 	 839 	 585 	 33.0 	 43.0 	 0.13157894736842105 
401.0 	 841 	 585 	 33.0 	 43.0 	 0.13157894736842105 
402.0 	 843 	 585 	 34.0 	 43.0 	 0.11688311688311688 
403.0 	 845 	 585 	 34.0 	 43.0 	 0.11688311688311688 
404.0 	 847 	 585 	 34.0 	 43.0 	 0.11688311688311688 
405.0 	 849 	 585 	 35.0 	 43.0 	 0.10256410256410256 
406.0 	 852 	 585 	 44.0 	 35.0 	 0.11392405063291139 
407.0 	 854 	 585 	 43.0 	 35.0 	 0.10256410256410256 
408.0 	 856 	 585 	 34.0 	 43.0 	 0.11688311688311688 
409.0 	 858 	 585 	 34.0 	 43.0 	 0.11688311688311688 
410.0 	 861 	 585 	 34.0 	 42.0 	 0.10526315789473684 
411.0 	 863 	 585 	 34.0 	 43.0 	 0.11688311688311688 
412.0 	 865 	 585 	 34.0 	 43.0 	 0.11688311688311688 
413.0 	 867 	 585 	 34.0 	 43.0 	 0.11688311688311688 
414.0 	 870 	 585 	 43.0 	 35.0 	 0.10256410256410256 
415.0 	 872 	 585 	 43.0 	 35.0 	 0.10256410256410256 
416.0 	 874 	 585 	 35.0 	 43.0 	 0.10256410256410256 
417.0 	 876 	 585 	 43.0 	 35.0 	 0.10256410256410256 
418.0 	 879 	 585 	 35.0 	 43.0 	 0.10256410256410256 
419.0 	 881 	 585 	 35.0 	 44.0 	 0.11392405063291139 
420.0 	 883 	 585 	 35.0 	 43.0 	 0.10256410256410256 
421.0 	 885 	 585 	 43.0 	 35.0 	 0.10256410256410256 
422.0 	 887 	 585 	 35.0 	 43.0 	 0.10256410256410256 
423.0 	 890 	 585 	 35.0 	 42.0 	 0.09090909090909091 
424.0 	 892 	 585 	 35.0 	 43.0 	 0.10256410256410256 
425.0 	 894 	 585 	 35.0 	 43.0 	 0.10256410256410256 
426.0 	 897 	 585 	 35.0 	 42.0 	 0.09090909090909091 
427.0 	 899 	 585 	 35.0 	 43.0 	 0.10256410256410256 
428.0 	 901 	 585 	 35.0 	 43.0 	 0.10256410256410256 
429.0 	 903 	 585 	 34.0 	 43.0 	 0.11688311688311688 
430.0 	 906 	 585 	 34.0 	 43.0 	 0.11688311688311688 
431.0 	 908 	 585 	 34.0 	 43.0 	 0.11688311688311688 
432.0 	 910 	 584 	 34.0 	 43.0 	 0.11688311688311688 
433.0 	 913 	 584 	 34.0 	 43.0 	 0.11688311688311688 
434.0 	 915 	 584 	 34.0 	 43.0 	 0.11688311688311688 
435.0 	 917 	 585 	 34.0 	 43.0 	 0.11688311688311688 
436.0 	 919 	 585 	 34.0 	 43.0 	 0.11688311688311688 
437.0 	 922 	 584 	 34.0 	 43.0 	 0.11688311688311688 
438.0 	 924 	 585 	 34.0 	 43.0 	 0.11688311688311688 
439.0 	 926 	 585 	 34.0 	 43.0 	 0.11688311688311688 
440.0 	 928 	 584 	 35.0 	 43.0 	 0.10256410256410256 
441.0 	 931 	 584 	 35.0 	 43.0 	 0.10256410256410256 
442.0 	 933 	 584 	 35.0 	 43.0 	 0.10256410256410256 
443.0 	 935 	 584 	 43.0 	 35.0 	 0.10256410256410256 
444.0 	 938 	 584 	 42.0 	 35.0 	 0.09090909090909091 
445.0 	 940 	 584 	 35.0 	 43.0 	 0.10256410256410256 
446.0 	 942 	 585 	 35.0 	 43.0 	 0.10256410256410256 
447.0 	 944 	 584 	 35.0 	 43.0 	 0.10256410256410256 
448.0 	 947 	 585 	 35.0 	 42.0 	 0.09090909090909091 
449.0 	 949 	 584 	 35.0 	 43.0 	 0.10256410256410256 
450.0 	 951 	 584 	 35.0 	 43.0 	 0.10256410256410256 
451.0 	 954 	 584 	 35.0 	 43.0 	 0.10256410256410256 
452.0 	 956 	 584 	 35.0 	 43.0 	 0.10256410256410256 
453.0 	 958 	 584 	 35.0 	 43.0 	 0.10256410256410256 
454.0 	 960 	 584 	 35.0 	 43.0 	 0.10256410256410256 
455.0 	 963 	 584 	 35.0 	 42.0 	 0.09090909090909091 
456.0 	 965 	 584 	 35.0 	 43.0 	 0.10256410256410256 
457.0 	 967 	 584 	 34.0 	 43.0 	 0.11688311688311688 
458.0 	 969 	 584 	 35.0 	 43.0 	 0.10256410256410256 
459.0 	 972 	 584 	 35.0 	 44.0 	 0.11392405063291139 
460.0 	 974 	 584 	 35.0 	 43.0 	 0.10256410256410256 
461.0 	 976 	 584 	 43.0 	 34.0 	 0.11688311688311688 
462.0 	 979 	 584 	 34.0 	 43.0 	 0.11688311688311688 
463.0 	 981 	 584 	 34.0 	 43.0 	 0.11688311688311688 
464.0 	 983 	 584 	 34.0 	 43.0 	 0.11688311688311688 
465.0 	 985 	 584 	 43.0 	 34.0 	 0.11688311688311688 
466.0 	 988 	 584 	 44.0 	 34.0 	 0.1282051282051282 
467.0 	 990 	 584 	 34.0 	 43.0 	 0.11688311688311688 
468.0 	 992 	 584 	 34.0 	 43.0 	 0.11688311688311688 
469.0 	 994 	 584 	 33.0 	 43.0 	 0.13157894736842105 
470.0 	 997 	 584 	 33.0 	 42.0 	 0.12 
471.0 	 999 	 584 	 33.0 	 43.0 	 0.13157894736842105 
472.0 	 1001 	 584 	 33.0 	 43.0 	 0.13157894736842105 
473.0 	 1003 	 584 	 33.0 	 43.0 	 0.13157894736842105 
474.0 	 1006 	 584 	 33.0 	 43.0 	 0.13157894736842105 
475.0 	 1008 	 584 	 33.0 	 42.0 	 0.12 
476.0 	 1010 	 584 	 34.0 	 43.0 	 0.11688311688311688 
477.0 	 1012 	 584 	 34.0 	 43.0 	 0.11688311688311688 
478.0 	 1015 	 584 	 34.0 	 42.0 	 0.10526315789473684 
479.0 	 1017 	 584 	 34.0 	 42.0 	 0.10526315789473684 
480.0 	 1019 	 584 	 34.0 	 43.0 	 0.11688311688311688 
481.0 	 1021 	 584 	 33.0 	 43.0 	 0.13157894736842105 
482.0 	 1023 	 584 	 33.0 	 43.0 	 0.13157894736842105 
483.0 	 1026 	 584 	 33.0 	 42.0 	 0.12 
484.0 	 1028 	 584 	 34.0 	 42.0 	 0.10526315789473684 
485.0 	 1030 	 584 	 34.0 	 43.0 	 0.11688311688311688 
486.0 	 1032 	 584 	 34.0 	 43.0 	 0.11688311688311688 
487.0 	 1035 	 584 	 34.0 	 43.0 	 0.11688311688311688 
488.0 	 1037 	 584 	 34.0 	 43.0 	 0.11688311688311688 
489.0 	 1039 	 584 	 34.0 	 42.0 	 0.10526315789473684 
490.0 	 1041 	 584 	 34.0 	 42.0 	 0.10526315789473684 
491.0 	 1044 	 584 	 34.0 	 43.0 	 0.11688311688311688 
492.0 	 1046 	 584 	 34.0 	 42.0 	 0.10526315789473684 
493.0 	 1048 	 584 	 34.0 	 42.0 	 0.10526315789473684 
494.0 	 1050 	 584 	 34.0 	 42.0 	 0.10526315789473684 
495.0 	 1052 	 584 	 34.0 	 43.0 	 0.11688311688311688 
496.0 	 1054 	 584 	 34.0 	 43.0 	 0.11688311688311688 
497.0 	 1057 	 584 	 34.0 	 42.0 	 0.10526315789473684 
498.0 	 1059 	 584 	 34.0 	 42.0 	 0.10526315789473684 
499.0 	 1061 	 584 	 34.0 	 43.0 	 0.11688311688311688 
500.0 	 1063 	 584 	 34.0 	 43.0 	 0.11688311688311688 
501.0 	 1065 	 584 	 34.0 	 43.0 	 0.11688311688311688 
502.0 	 1068 	 584 	 34.0 	 42.0 	 0.10526315789473684 
503.0 	 1070 	 584 	 34.0 	 42.0 	 0.10526315789473684 
504.0 	 1072 	 584 	 34.0 	 42.0 	 0.10526315789473684 
505.0 	 1074 	 584 	 34.0 	 42.0 	 0.10526315789473684 
506.0 	 1076 	 584 	 34.0 	 43.0 	 0.11688311688311688 
507.0 	 1079 	 584 	 34.0 	 42.0 	 0.10526315789473684 
508.0 	 1081 	 584 	 34.0 	 42.0 	 0.10526315789473684 
509.0 	 1083 	 584 	 34.0 	 43.0 	 0.11688311688311688 
510.0 	 1085 	 584 	 34.0 	 43.0 	 0.11688311688311688 
511.0 	 1087 	 584 	 34.0 	 43.0 	 0.11688311688311688 
512.0 	 1089 	 584 	 34.0 	 43.0 	 0.11688311688311688 
513.0 	 1092 	 584 	 34.0 	 42.0 	 0.10526315789473684 
514.0 	 1094 	 584 	 34.0 	 42.0 	 0.10526315789473684 
515.0 	 1096 	 584 	 34.0 	 43.0 	 0.11688311688311688 
516.0 	 1098 	 584 	 34.0 	 43.0 	 0.11688311688311688 
517.0 	 1100 	 584 	 34.0 	 43.0 	 0.11688311688311688 
518.0 	 1103 	 584 	 34.0 	 42.0 	 0.10526315789473684 
519.0 	 1105 	 584 	 34.0 	 43.0 	 0.11688311688311688 
520.0 	 1107 	 584 	 34.0 	 42.0 	 0.10526315789473684 
521.0 	 1109 	 584 	 34.0 	 42.0 	 0.10526315789473684 
522.0 	 1111 	 584 	 34.0 	 43.0 	 0.11688311688311688 
523.0 	 1113 	 584 	 34.0 	 43.0 	 0.11688311688311688 
524.0 	 1115 	 584 	 34.0 	 43.0 	 0.11688311688311688 
525.0 	 1117 	 584 	 34.0 	 43.0 	 0.11688311688311688 
526.0 	 1120 	 584 	 34.0 	 42.0 	 0.10526315789473684 
527.0 	 1122 	 584 	 34.0 	 43.0 	 0.11688311688311688 
528.0 	 1124 	 584 	 34.0 	 42.0 	 0.10526315789473684 
529.0 	 1126 	 584 	 34.0 	 42.0 	 0.10526315789473684 
530.0 	 1129 	 584 	 34.0 	 42.0 	 0.10526315789473684 
531.0 	 1131 	 584 	 34.0 	 42.0 	 0.10526315789473684 
532.0 	 1133 	 584 	 34.0 	 42.0 	 0.10526315789473684 
533.0 	 1135 	 584 	 34.0 	 43.0 	 0.11688311688311688 
534.0 	 1137 	 584 	 34.0 	 43.0 	 0.11688311688311688 
535.0 	 1139 	 584 	 34.0 	 43.0 	 0.11688311688311688 
536.0 	 1141 	 584 	 34.0 	 43.0 	 0.11688311688311688 
537.0 	 1144 	 584 	 34.0 	 43.0 	 0.11688311688311688 
538.0 	 1146 	 584 	 34.0 	 43.0 	 0.11688311688311688 
539.0 	 1148 	 584 	 34.0 	 43.0 	 0.11688311688311688 
540.0 	 1150 	 584 	 34.0 	 42.0 	 0.10526315789473684 
541.0 	 1153 	 584 	 34.0 	 42.0 	 0.10526315789473684 
542.0 	 1155 	 584 	 34.0 	 43.0 	 0.11688311688311688 
543.0 	 1157 	 584 	 34.0 	 43.0 	 0.11688311688311688 
544.0 	 1159 	 584 	 34.0 	 43.0 	 0.11688311688311688 
545.0 	 1161 	 584 	 34.0 	 43.0 	 0.11688311688311688 
546.0 	 1164 	 584 	 34.0 	 42.0 	 0.10526315789473684 
547.0 	 1166 	 584 	 34.0 	 42.0 	 0.10526315789473684 
548.0 	 1168 	 584 	 34.0 	 43.0 	 0.11688311688311688 
549.0 	 1170 	 584 	 34.0 	 43.0 	 0.11688311688311688 
550.0 	 1172 	 584 	 34.0 	 43.0 	 0.11688311688311688 
551.0 	 1174 	 584 	 34.0 	 43.0 	 0.11688311688311688 
552.0 	 1177 	 584 	 42.0 	 35.0 	 0.09090909090909091 
553.0 	 1179 	 584 	 34.0 	 42.0 	 0.10526315789473684 
554.0 	 1181 	 584 	 35.0 	 42.0 	 0.09090909090909091 
555.0 	 1183 	 584 	 35.0 	 43.0 	 0.10256410256410256 
556.0 	 1185 	 584 	 35.0 	 42.0 	 0.09090909090909091 
557.0 	 1187 	 584 	 34.0 	 42.0 	 0.10526315789473684 
558.0 	 1190 	 584 	 34.0 	 42.0 	 0.10526315789473684 
559.0 	 1192 	 584 	 34.0 	 42.0 	 0.10526315789473684 
560.0 	 1194 	 584 	 34.0 	 43.0 	 0.11688311688311688 
561.0 	 1196 	 584 	 34.0 	 43.0 	 0.11688311688311688 
562.0 	 1198 	 584 	 34.0 	 43.0 	 0.11688311688311688 
563.0 	 1200 	 584 	 34.0 	 43.0 	 0.11688311688311688 
564.0 	 1203 	 584 	 34.0 	 43.0 	 0.11688311688311688 
565.0 	 1205 	 584 	 34.0 	 42.0 	 0.10526315789473684 
566.0 	 1207 	 584 	 34.0 	 43.0 	 0.11688311688311688 
567.0 	 1210 	 584 	 34.0 	 42.0 	 0.10526315789473684 
568.0 	 1212 	 584 	 34.0 	 42.0 	 0.10526315789473684 
569.0 	 1214 	 584 	 34.0 	 42.0 	 0.10526315789473684 
570.0 	 1216 	 584 	 34.0 	 42.0 	 0.10526315789473684 
571.0 	 1218 	 584 	 34.0 	 42.0 	 0.10526315789473684 
572.0 	 1220 	 584 	 34.0 	 42.0 	 0.10526315789473684 
573.0 	 1222 	 584 	 34.0 	 42.0 	 0.10526315789473684 
574.0 	 1224 	 584 	 34.0 	 42.0 	 0.10526315789473684 
575.0 	 1226 	 584 	 34.0 	 42.0 	 0.10526315789473684 
576.0 	 1228 	 584 	 34.0 	 42.0 	 0.10526315789473684 
577.0 	 1230 	 584 	 34.0 	 41.0 	 0.09333333333333334 
578.0 	 1233 	 584 	 34.0 	 42.0 	 0.10526315789473684 
579.0 	 1235 	 583 	 34.0 	 42.0 	 0.10526315789473684 
580.0 	 1237 	 584 	 34.0 	 42.0 	 0.10526315789473684 
581.0 	 1239 	 584 	 34.0 	 41.0 	 0.09333333333333334 
582.0 	 1241 	 584 	 34.0 	 42.0 	 0.10526315789473684 
583.0 	 1243 	 584 	 34.0 	 41.0 	 0.09333333333333334 
584.0 	 1246 	 583 	 34.0 	 41.0 	 0.09333333333333334 
585.0 	 1248 	 583 	 34.0 	 42.0 	 0.10526315789473684 
586.0 	 1250 	 584 	 34.0 	 42.0 	 0.10526315789473684 
587.0 	 1252 	 583 	 35.0 	 41.0 	 0.07894736842105263 
588.0 	 1255 	 583 	 34.0 	 42.0 	 0.10526315789473684 
589.0 	 1257 	 583 	 42.0 	 35.0 	 0.09090909090909091 
590.0 	 1259 	 584 	 35.0 	 42.0 	 0.09090909090909091 
591.0 	 1261 	 583 	 42.0 	 35.0 	 0.09090909090909091 
592.0 	 1263 	 583 	 34.0 	 42.0 	 0.10526315789473684 
593.0 	 1265 	 583 	 34.0 	 42.0 	 0.10526315789473684 
594.0 	 1267 	 584 	 35.0 	 42.0 	 0.09090909090909091 
595.0 	 1269 	 584 	 35.0 	 42.0 	 0.09090909090909091 
596.0 	 1271 	 583 	 34.0 	 41.0 	 0.09333333333333334 
597.0 	 1273 	 583 	 34.0 	 41.0 	 0.09333333333333334 
598.0 	 1276 	 583 	 34.0 	 42.0 	 0.10526315789473684 
599.0 	 1278 	 583 	 34.0 	 42.0 	 0.10526315789473684 
600.0 	 1280 	 583 	 34.0 	 42.0 	 0.10526315789473684 
601.0 	 1282 	 583 	 35.0 	 41.0 	 0.07894736842105263 
602.0 	 1284 	 583 	 35.0 	 42.0 	 0.09090909090909091 
603.0 	 1286 	 583 	 35.0 	 42.0 	 0.09090909090909091 
604.0 	 1288 	 584 	 35.0 	 42.0 	 0.09090909090909091 
605.0 	 1290 	 584 	 35.0 	 42.0 	 0.09090909090909091 
606.0 	 1292 	 584 	 35.0 	 42.0 	 0.09090909090909091 
607.0 	 1295 	 584 	 35.0 	 42.0 	 0.09090909090909091 
608.0 	 1297 	 584 	 35.0 	 41.0 	 0.07894736842105263 
609.0 	 1299 	 584 	 35.0 	 41.0 	 0.07894736842105263 
610.0 	 1301 	 583 	 35.0 	 42.0 	 0.09090909090909091 
611.0 	 1303 	 583 	 35.0 	 42.0 	 0.09090909090909091 
612.0 	 1305 	 583 	 35.0 	 42.0 	 0.09090909090909091 
613.0 	 1307 	 583 	 35.0 	 42.0 	 0.09090909090909091 
614.0 	 1310 	 584 	 35.0 	 42.0 	 0.09090909090909091 
615.0 	 1312 	 584 	 35.0 	 42.0 	 0.09090909090909091 
616.0 	 1314 	 583 	 35.0 	 41.0 	 0.07894736842105263 
617.0 	 1316 	 584 	 35.0 	 42.0 	 0.09090909090909091 
618.0 	 1318 	 584 	 35.0 	 42.0 	 0.09090909090909091 
619.0 	 1320 	 584 	 35.0 	 42.0 	 0.09090909090909091 
620.0 	 1323 	 584 	 35.0 	 42.0 	 0.09090909090909091 
621.0 	 1325 	 583 	 35.0 	 42.0 	 0.09090909090909091 
622.0 	 1327 	 583 	 35.0 	 42.0 	 0.09090909090909091 
623.0 	 1329 	 583 	 35.0 	 42.0 	 0.09090909090909091 
624.0 	 1331 	 583 	 35.0 	 42.0 	 0.09090909090909091 
625.0 	 1333 	 583 	 34.0 	 43.0 	 0.11688311688311688 
626.0 	 1335 	 583 	 34.0 	 43.0 	 0.11688311688311688 
627.0 	 1337 	 583 	 34.0 	 43.0 	 0.11688311688311688 
628.0 	 1340 	 583 	 34.0 	 42.0 	 0.10526315789473684 
629.0 	 1342 	 583 	 34.0 	 42.0 	 0.10526315789473684 
630.0 	 1344 	 583 	 34.0 	 42.0 	 0.10526315789473684 
631.0 	 1346 	 583 	 42.0 	 35.0 	 0.09090909090909091 
632.0 	 1348 	 583 	 42.0 	 35.0 	 0.09090909090909091 
633.0 	 1350 	 584 	 34.0 	 43.0 	 0.11688311688311688 
634.0 	 1352 	 584 	 34.0 	 43.0 	 0.11688311688311688 
635.0 	 1354 	 583 	 34.0 	 43.0 	 0.11688311688311688 
636.0 	 1357 	 583 	 34.0 	 42.0 	 0.10526315789473684 
637.0 	 1359 	 583 	 33.0 	 42.0 	 0.12 
638.0 	 1361 	 584 	 34.0 	 43.0 	 0.11688311688311688 
639.0 	 1363 	 584 	 34.0 	 43.0 	 0.11688311688311688 
640.0 	 1365 	 584 	 42.851470947265625 	 34.962154388427734 	 0.10138734090338078 
641.0 	 1367 	 584 	 42.823402404785156 	 34.94679641723633 	 0.10128051756141944 
642.0 	 1369 	 584 	 34.0 	 43.0 	 0.11688311688311688 
643.0 	 1372 	 583 	 34.0 	 42.0 	 0.10526315789473684 
644.0 	 1374 	 583 	 34.0 	 43.0 	 0.11688311688311688 
645.0 	 1376 	 583 	 34.0 	 42.0 	 0.10526315789473684 
646.0 	 1378 	 583 	 34.0 	 42.0 	 0.10526315789473684 
647.0 	 1380 	 583 	 34.0 	 42.0 	 0.10526315789473684 
648.0 	 1382 	 583 	 42.0 	 34.0 	 0.10526315789473684 
649.0 	 1384 	 583 	 34.74351501464844 	 41.722896575927734 	 0.09127382096401979 
650.0 	 1386 	 583 	 34.0 	 42.0 	 0.10526315789473684 
651.0 	 1388 	 583 	 34.0 	 42.0 	 0.10526315789473684 
652.0 	 1390 	 583 	 34.0 	 43.0 	 0.11688311688311688 
653.0 	 1393 	 583 	 34.0 	 42.0 	 0.10526315789473684 
654.0 	 1395 	 583 	 34.0 	 42.0 	 0.10526315789473684 
655.0 	 1397 	 583 	 34.0 	 42.0 	 0.10526315789473684 
656.0 	 1399 	 583 	 34.0 	 42.0 	 0.10526315789473684 
657.0 	 1401 	 583 	 34.0 	 42.0 	 0.10526315789473684 
658.0 	 1403 	 583 	 34.0 	 42.0 	 0.10526315789473684 
659.0 	 1405 	 583 	 34.0 	 41.0 	 0.09333333333333334 
660.0 	 1408 	 583 	 34.0 	 42.0 	 0.10526315789473684 
661.0 	 1410 	 583 	 34.0 	 42.0 	 0.10526315789473684 
662.0 	 1412 	 583 	 35.0 	 42.0 	 0.09090909090909091 
663.0 	 1414 	 583 	 35.0 	 42.0 	 0.09090909090909091 
664.0 	 1416 	 583 	 34.0 	 42.0 	 0.10526315789473684 
665.0 	 1419 	 583 	 34.0 	 42.0 	 0.10526315789473684 
666.0 	 1421 	 583 	 34.0 	 42.0 	 0.10526315789473684 
667.0 	 1423 	 583 	 34.0 	 42.0 	 0.10526315789473684 
668.0 	 1425 	 583 	 34.0 	 42.0 	 0.10526315789473684 
669.0 	 1427 	 583 	 34.0 	 42.0 	 0.10526315789473684 
670.0 	 1429 	 583 	 34.0 	 42.0 	 0.10526315789473684 
671.0 	 1431 	 583 	 34.0 	 41.0 	 0.09333333333333334 
672.0 	 1434 	 583 	 34.0 	 41.0 	 0.09333333333333334 
673.0 	 1436 	 583 	 34.0 	 42.0 	 0.10526315789473684 
674.0 	 1438 	 583 	 34.0 	 42.0 	 0.10526315789473684 
675.0 	 1440 	 583 	 34.0 	 42.0 	 0.10526315789473684 
676.0 	 1442 	 583 	 34.0 	 41.0 	 0.09333333333333334 
677.0 	 1444 	 583 	 34.0 	 41.0 	 0.09333333333333334 
678.0 	 1446 	 583 	 34.0 	 42.0 	 0.10526315789473684 
679.0 	 1449 	 583 	 34.0 	 42.0 	 0.10526315789473684 
680.0 	 1451 	 583 	 34.0 	 42.0 	 0.10526315789473684 
681.0 	 1453 	 583 	 34.0 	 42.0 	 0.10526315789473684 
682.0 	 1455 	 583 	 34.0 	 42.0 	 0.10526315789473684 
683.0 	 1457 	 583 	 34.0 	 42.0 	 0.10526315789473684 
684.0 	 1459 	 583 	 34.0 	 41.0 	 0.09333333333333334 
685.0 	 1461 	 583 	 35.0 	 41.0 	 0.07894736842105263 
686.0 	 1464 	 583 	 35.0 	 42.0 	 0.09090909090909091 
687.0 	 1466 	 583 	 34.0 	 42.0 	 0.10526315789473684 
688.0 	 1468 	 583 	 35.0 	 42.0 	 0.09090909090909091 
689.0 	 1471 	 583 	 35.0 	 42.0 	 0.09090909090909091 
690.0 	 1473 	 583 	 35.0 	 41.0 	 0.07894736842105263 
691.0 	 1475 	 583 	 35.0 	 41.0 	 0.07894736842105263 
692.0 	 1477 	 583 	 35.0 	 42.0 	 0.09090909090909091 
693.0 	 1479 	 583 	 35.0 	 42.0 	 0.09090909090909091 
694.0 	 1481 	 583 	 35.0 	 42.0 	 0.09090909090909091 
695.0 	 1483 	 583 	 36.0 	 41.0 	 0.06493506493506493 
696.0 	 1486 	 583 	 35.0 	 42.0 	 0.09090909090909091 
697.0 	 1488 	 583 	 36.0 	 42.0 	 0.07692307692307693 
698.0 	 1490 	 583 	 36.0 	 42.0 	 0.07692307692307693 
699.0 	 1492 	 583 	 36.0 	 43.0 	 0.08860759493670886 
700.0 	 1494 	 583 	 36.0 	 42.0 	 0.07692307692307693 
701.0 	 1496 	 583 	 36.0 	 42.0 	 0.07692307692307693 
702.0 	 1498 	 583 	 36.0 	 42.0 	 0.07692307692307693 
703.0 	 1500 	 583 	 36.0 	 42.0 	 0.07692307692307693 
704.0 	 1502 	 583 	 36.0 	 42.0 	 0.07692307692307693 
705.0 	 1505 	 583 	 36.0 	 42.0 	 0.07692307692307693 
706.0 	 1507 	 583 	 36.0 	 42.0 	 0.07692307692307693 
707.0 	 1509 	 583 	 36.0 	 42.0 	 0.07692307692307693 
708.0 	 1511 	 583 	 36.0 	 42.0 	 0.07692307692307693 
709.0 	 1513 	 583 	 35.0 	 42.0 	 0.09090909090909091 
710.0 	 1515 	 583 	 35.0 	 42.0 	 0.09090909090909091 
711.0 	 1518 	 583 	 35.0 	 42.0 	 0.09090909090909091 
712.0 	 1520 	 583 	 35.0 	 42.0 	 0.09090909090909091 
713.0 	 1522 	 583 	 36.0 	 42.0 	 0.07692307692307693 
714.0 	 1525 	 583 	 36.0 	 41.0 	 0.06493506493506493 
715.0 	 1527 	 583 	 36.0 	 41.0 	 0.06493506493506493 
716.0 	 1529 	 583 	 36.0 	 41.0 	 0.06493506493506493 
717.0 	 1531 	 583 	 36.0 	 40.0 	 0.05263157894736842 
718.0 	 1534 	 583 	 36.0 	 41.0 	 0.06493506493506493 
719.0 	 1536 	 583 	 36.0 	 41.0 	 0.06493506493506493 
720.0 	 1538 	 583 	 36.0 	 41.0 	 0.06493506493506493 
721.0 	 1540 	 583 	 35.0 	 41.0 	 0.07894736842105263 
722.0 	 1542 	 583 	 35.0 	 40.0 	 0.06666666666666667 
723.0 	 1544 	 583 	 35.0 	 41.0 	 0.07894736842105263 
724.0 	 1547 	 583 	 35.0 	 41.0 	 0.07894736842105263 
725.0 	 1549 	 583 	 35.0 	 41.0 	 0.07894736842105263 
726.0 	 1551 	 583 	 35.0 	 41.0 	 0.07894736842105263 
727.0 	 1554 	 583 	 35.0 	 42.0 	 0.09090909090909091 
728.0 	 1556 	 583 	 35.0 	 41.0 	 0.07894736842105263 
729.0 	 1558 	 583 	 35.0 	 41.0 	 0.07894736842105263 
730.0 	 1560 	 583 	 35.0 	 41.0 	 0.07894736842105263 
731.0 	 1562 	 583 	 35.0 	 41.0 	 0.07894736842105263 
732.0 	 1565 	 583 	 35.0 	 41.0 	 0.07894736842105263 
733.0 	 1567 	 583 	 35.0 	 41.0 	 0.07894736842105263 
734.0 	 1569 	 583 	 34.0 	 41.0 	 0.09333333333333334 
735.0 	 1572 	 583 	 34.0 	 40.0 	 0.08108108108108109 
736.0 	 1574 	 583 	 34.0 	 41.0 	 0.09333333333333334 
737.0 	 1576 	 583 	 34.0 	 41.0 	 0.09333333333333334 
738.0 	 1578 	 583 	 34.0 	 41.0 	 0.09333333333333334 
739.0 	 1580 	 583 	 34.0 	 41.0 	 0.09333333333333334 
740.0 	 1582 	 583 	 34.0 	 42.0 	 0.10526315789473684 
741.0 	 1585 	 583 	 35.0 	 41.0 	 0.07894736842105263 
742.0 	 1587 	 583 	 35.0 	 40.0 	 0.06666666666666667 
743.0 	 1590 	 583 	 34.0 	 40.0 	 0.08108108108108109 
744.0 	 1592 	 583 	 34.0 	 41.0 	 0.09333333333333334 
745.0 	 1594 	 583 	 34.0 	 41.0 	 0.09333333333333334 
746.0 	 1596 	 583 	 34.0 	 41.0 	 0.09333333333333334 
747.0 	 1599 	 583 	 33.0 	 42.0 	 0.12 
748.0 	 1601 	 583 	 34.0 	 41.0 	 0.09333333333333334 
749.0 	 1603 	 583 	 33.0 	 41.0 	 0.10810810810810811 
750.0 	 1605 	 583 	 34.0 	 41.0 	 0.09333333333333334 
751.0 	 1607 	 583 	 34.0 	 41.0 	 0.09333333333333334 
752.0 	 1609 	 583 	 34.0 	 41.0 	 0.09333333333333334 
753.0 	 1612 	 583 	 33.0 	 42.0 	 0.12 
754.0 	 1614 	 583 	 33.0 	 41.0 	 0.10810810810810811 
755.0 	 1616 	 583 	 33.0 	 41.0 	 0.10810810810810811 
756.0 	 1619 	 582 	 33.0 	 42.0 	 0.12 
757.0 	 1621 	 583 	 34.0 	 41.0 	 0.09333333333333334 
758.0 	 1623 	 583 	 34.0 	 41.0 	 0.09333333333333334 
759.0 	 1625 	 582 	 34.0 	 41.0 	 0.09333333333333334 
760.0 	 1627 	 583 	 34.0 	 41.0 	 0.09333333333333334 
761.0 	 1630 	 583 	 34.0 	 40.0 	 0.08108108108108109 
762.0 	 1632 	 583 	 34.0 	 41.0 	 0.09333333333333334 
763.0 	 1634 	 583 	 34.0 	 41.0 	 0.09333333333333334 
764.0 	 1636 	 583 	 34.0 	 41.0 	 0.09333333333333334 
765.0 	 1639 	 583 	 33.0 	 41.0 	 0.10810810810810811 
766.0 	 1641 	 583 	 33.0 	 41.0 	 0.10810810810810811 
767.0 	 1643 	 583 	 33.0 	 41.0 	 0.10810810810810811 
768.0 	 1645 	 583 	 33.0 	 41.0 	 0.10810810810810811 
769.0 	 1647 	 583 	 33.0 	 40.0 	 0.0958904109589041 
770.0 	 1650 	 582 	 33.0 	 40.0 	 0.0958904109589041 
771.0 	 1652 	 583 	 33.0 	 41.0 	 0.10810810810810811 
772.0 	 1654 	 583 	 33.0 	 41.0 	 0.10810810810810811 
773.0 	 1656 	 582 	 34.0 	 40.0 	 0.08108108108108109 
774.0 	 1659 	 582 	 34.0 	 40.0 	 0.08108108108108109 
775.0 	 1661 	 582 	 34.0 	 40.0 	 0.08108108108108109 
776.0 	 1663 	 582 	 34.0 	 40.0 	 0.08108108108108109 
777.0 	 1665 	 582 	 40.82455825805664 	 34.05609130859375 	 0.0903900672421165 
778.0 	 1667 	 582 	 33.0 	 41.0 	 0.10810810810810811 
779.0 	 1670 	 582 	 33.0 	 40.0 	 0.0958904109589041 
780.0 	 1672 	 582 	 33.0 	 41.0 	 0.10810810810810811 
781.0 	 1674 	 582 	 33.0 	 40.0 	 0.0958904109589041 
782.0 	 1676 	 582 	 33.0 	 40.0 	 0.0958904109589041 
783.0 	 1678 	 582 	 33.0 	 39.0 	 0.08333333333333333 
784.0 	 1680 	 582 	 33.0 	 39.0 	 0.08333333333333333 
785.0 	 1683 	 582 	 34.0 	 39.0 	 0.0684931506849315 
786.0 	 1685 	 582 	 33.0 	 39.0 	 0.08333333333333333 
787.0 	 1687 	 582 	 33.0 	 40.0 	 0.0958904109589041 
788.0 	 1690 	 582 	 33.0 	 40.0 	 0.0958904109589041 
789.0 	 1692 	 582 	 33.0 	 40.0 	 0.0958904109589041 
790.0 	 1694 	 582 	 33.0 	 40.0 	 0.0958904109589041 
791.0 	 1696 	 582 	 33.0 	 40.0 	 0.0958904109589041 
792.0 	 1698 	 582 	 33.0 	 40.0 	 0.0958904109589041 
793.0 	 1700 	 582 	 40.0 	 34.0 	 0.08108108108108109 
794.0 	 1703 	 582 	 33.0 	 41.0 	 0.10810810810810811 
795.0 	 1705 	 582 	 33.0 	 40.0 	 0.0958904109589041 
796.0 	 1707 	 582 	 33.0 	 41.0 	 0.10810810810810811 
797.0 	 1709 	 582 	 33.0 	 41.0 	 0.10810810810810811 
798.0 	 1711 	 582 	 33.0 	 41.0 	 0.10810810810810811 
799.0 	 1714 	 582 	 33.0 	 40.0 	 0.0958904109589041 
800.0 	 1716 	 582 	 33.0 	 40.0 	 0.0958904109589041 
801.0 	 1718 	 582 	 33.0 	 41.0 	 0.10810810810810811 
802.0 	 1720 	 582 	 33.0 	 40.0 	 0.0958904109589041 
803.0 	 1722 	 582 	 33.0 	 41.0 	 0.10810810810810811 
804.0 	 1724 	 582 	 33.0 	 41.0 	 0.10810810810810811 
805.0 	 1726 	 582 	 33.0 	 40.0 	 0.0958904109589041 
806.0 	 1728 	 582 	 33.0 	 40.0 	 0.0958904109589041 
807.0 	 1730 	 582 	 40.0 	 34.0 	 0.08108108108108109 
808.0 	 1732 	 582 	 40.0 	 34.0 	 0.08108108108108109 
809.0 	 1735 	 582 	 33.0 	 40.0 	 0.0958904109589041 
810.0 	 1737 	 582 	 33.0 	 40.0 	 0.0958904109589041 
811.0 	 1739 	 582 	 33.0 	 40.0 	 0.0958904109589041 
812.0 	 1741 	 582 	 33.0 	 40.0 	 0.0958904109589041 
813.0 	 1743 	 582 	 33.0 	 40.0 	 0.0958904109589041 
814.0 	 1745 	 582 	 34.0 	 40.0 	 0.08108108108108109 
815.0 	 1748 	 582 	 34.0 	 40.0 	 0.08108108108108109 
816.0 	 1750 	 582 	 34.0 	 40.0 	 0.08108108108108109 
817.0 	 1752 	 582 	 34.0 	 40.0 	 0.08108108108108109 
818.0 	 1754 	 582 	 33.0 	 41.0 	 0.10810810810810811 
819.0 	 1756 	 582 	 33.0 	 41.0 	 0.10810810810810811 
820.0 	 1758 	 581 	 33.0 	 41.0 	 0.10810810810810811 
821.0 	 1760 	 581 	 33.0 	 40.0 	 0.0958904109589041 
822.0 	 1763 	 582 	 34.0 	 40.0 	 0.08108108108108109 
823.0 	 1764 	 581 	 34.0 	 40.0 	 0.08108108108108109 
824.0 	 1766 	 582 	 34.0 	 40.0 	 0.08108108108108109 
825.0 	 1768 	 582 	 34.0 	 40.0 	 0.08108108108108109 
826.0 	 1770 	 582 	 34.0 	 40.0 	 0.08108108108108109 
827.0 	 1773 	 582 	 33.0 	 41.0 	 0.10810810810810811 
828.0 	 1775 	 582 	 33.0 	 40.0 	 0.0958904109589041 
829.0 	 1777 	 582 	 33.0 	 39.0 	 0.08333333333333333 
830.0 	 1779 	 582 	 33.0 	 40.0 	 0.0958904109589041 
831.0 	 1781 	 582 	 33.0 	 40.0 	 0.0958904109589041 
832.0 	 1783 	 582 	 33.0 	 39.0 	 0.08333333333333333 
833.0 	 1785 	 582 	 33.0 	 40.0 	 0.0958904109589041 
834.0 	 1787 	 582 	 33.0 	 40.0 	 0.0958904109589041 
835.0 	 1790 	 582 	 33.0 	 40.0 	 0.0958904109589041 
836.0 	 1792 	 582 	 33.0 	 40.0 	 0.0958904109589041 
837.0 	 1794 	 582 	 33.0 	 40.0 	 0.0958904109589041 
838.0 	 1796 	 582 	 33.0 	 40.0 	 0.0958904109589041 
839.0 	 1798 	 582 	 33.0 	 41.0 	 0.10810810810810811 
840.0 	 1800 	 582 	 33.0 	 40.0 	 0.0958904109589041 
841.0 	 1802 	 582 	 32.0 	 40.0 	 0.1111111111111111 
842.0 	 1804 	 582 	 32.0 	 40.0 	 0.1111111111111111 
843.0 	 1807 	 582 	 32.0 	 40.0 	 0.1111111111111111 
844.0 	 1809 	 582 	 32.0 	 40.0 	 0.1111111111111111 
845.0 	 1811 	 582 	 32.0 	 39.0 	 0.09859154929577464 
846.0 	 1813 	 582 	 32.0 	 40.0 	 0.1111111111111111 
847.0 	 1815 	 582 	 32.0 	 40.0 	 0.1111111111111111 
848.0 	 1817 	 582 	 32.0 	 41.0 	 0.1232876712328767 
849.0 	 1819 	 581 	 32.0 	 41.0 	 0.1232876712328767 
850.0 	 1821 	 582 	 33.0 	 41.0 	 0.10810810810810811 
851.0 	 1823 	 581 	 33.0 	 40.0 	 0.0958904109589041 
852.0 	 1825 	 581 	 33.0 	 40.0 	 0.0958904109589041 
853.0 	 1827 	 582 	 33.0 	 41.0 	 0.10810810810810811 
854.0 	 1829 	 582 	 34.0 	 40.0 	 0.08108108108108109 
855.0 	 1831 	 582 	 33.0 	 41.0 	 0.10810810810810811 
856.0 	 1833 	 582 	 33.0 	 41.0 	 0.10810810810810811 
857.0 	 1835 	 582 	 33.0 	 41.0 	 0.10810810810810811 
858.0 	 1837 	 582 	 33.0 	 41.0 	 0.10810810810810811 
859.0 	 1839 	 582 	 33.0 	 40.0 	 0.0958904109589041 
860.0 	 1842 	 581 	 33.0 	 40.0 	 0.0958904109589041 
861.0 	 1844 	 581 	 33.0 	 40.0 	 0.0958904109589041 
862.0 	 1846 	 581 	 33.0 	 41.0 	 0.10810810810810811 
863.0 	 1848 	 581 	 33.0 	 41.0 	 0.10810810810810811 
864.0 	 1850 	 581 	 33.0 	 41.0 	 0.10810810810810811 
865.0 	 1852 	 581 	 34.0 	 40.0 	 0.08108108108108109 
866.0 	 1854 	 581 	 34.0 	 40.0 	 0.08108108108108109 
867.0 	 1856 	 581 	 34.0 	 40.0 	 0.08108108108108109 
868.0 	 1858 	 581 	 34.0 	 40.0 	 0.08108108108108109 
869.0 	 1861 	 581 	 34.0 	 41.0 	 0.09333333333333334 
870.0 	 1863 	 581 	 34.0 	 41.0 	 0.09333333333333334 
871.0 	 1865 	 581 	 34.0 	 41.0 	 0.09333333333333334 
872.0 	 1867 	 581 	 34.0 	 41.0 	 0.09333333333333334 
873.0 	 1869 	 581 	 34.0 	 41.0 	 0.09333333333333334 
874.0 	 1871 	 581 	 34.0 	 41.0 	 0.09333333333333334 
875.0 	 1873 	 581 	 34.0 	 41.0 	 0.09333333333333334 
876.0 	 1875 	 581 	 34.0 	 41.0 	 0.09333333333333334 
877.0 	 1877 	 581 	 34.0 	 41.0 	 0.09333333333333334 
878.0 	 1879 	 581 	 34.0 	 40.0 	 0.08108108108108109 
879.0 	 1881 	 581 	 34.0 	 41.0 	 0.09333333333333334 
880.0 	 1883 	 581 	 33.0 	 41.0 	 0.10810810810810811 
881.0 	 1885 	 581 	 33.0 	 41.0 	 0.10810810810810811 
882.0 	 1887 	 581 	 33.0 	 41.0 	 0.10810810810810811 
883.0 	 1889 	 581 	 33.0 	 41.0 	 0.10810810810810811 
884.0 	 1891 	 581 	 33.0 	 41.0 	 0.10810810810810811 
885.0 	 1893 	 581 	 33.0 	 41.0 	 0.10810810810810811 
886.0 	 1895 	 581 	 33.0 	 42.0 	 0.12 
887.0 	 1897 	 581 	 33.0 	 41.0 	 0.10810810810810811 
888.0 	 1899 	 581 	 33.0 	 39.0 	 0.08333333333333333 
889.0 	 1901 	 581 	 32.0 	 36.0 	 0.058823529411764705 
890.0 	 1902 	 581 	 32.0 	 34.0 	 0.030303030303030304 
891.0 	 1903 	 581 	 32.0 	 32.0 	 0.0 
892.0 	 1905 	 581 	 33.0 	 30.0 	 0.047619047619047616 
893.0 	 1906 	 581 	 33.0 	 28.0 	 0.08196721311475409 
894.0 	 1907 	 581 	 32.0 	 26.0 	 0.10344827586206896 
895.0 	 1908 	 581 	 32.0 	 24.0 	 0.14285714285714285 
896.0 	 1909 	 581 	 32.0 	 22.0 	 0.18518518518518517 
897.0 	 1910 	 581 	 32.0 	 20.0 	 0.23076923076923078 
898.0 	 1911 	 581 	 32.0 	 18.0 	 0.28 
