frame 	 x 	 y 	 width 	 height 	 deformation 
1.0 	 62 	 571 	 46.0 	 53.0 	 0.0707070707070707 
2.0 	 62 	 571 	 48.0 	 54.0 	 0.058823529411764705 
3.0 	 62 	 571 	 54.0 	 48.0 	 0.058823529411764705 
4.0 	 62 	 571 	 46.0 	 52.0 	 0.061224489795918366 
5.0 	 62 	 571 	 48.0 	 54.0 	 0.058823529411764705 
6.0 	 61 	 571 	 48.31879425048828 	 53.380767822265625 	 0.049773799105999154 
7.0 	 62 	 571 	 47.0 	 53.0 	 0.06 
8.0 	 62 	 571 	 48.2342529296875 	 54.50399398803711 	 0.06102635821078957 
9.0 	 62 	 571 	 53.0 	 48.0 	 0.04950495049504951 
10.0 	 62 	 571 	 47.0 	 53.0 	 0.06 
11.0 	 62 	 571 	 48.0 	 54.0 	 0.058823529411764705 
12.0 	 62 	 571 	 48.0 	 53.0 	 0.04950495049504951 
13.0 	 63 	 571 	 47.0 	 54.0 	 0.06930693069306931 
14.0 	 63 	 571 	 48.0 	 54.0 	 0.058823529411764705 
15.0 	 62 	 571 	 48.0 	 54.0 	 0.058823529411764705 
16.0 	 63 	 571 	 47.0 	 52.0 	 0.050505050505050504 
17.0 	 63 	 571 	 48.0 	 53.0 	 0.04950495049504951 
18.0 	 63 	 571 	 48.0 	 53.0 	 0.04950495049504951 
19.0 	 63 	 571 	 48.0 	 52.0 	 0.04 
20.0 	 63 	 571 	 48.0 	 53.0 	 0.04950495049504951 
21.0 	 63 	 571 	 48.0 	 54.0 	 0.058823529411764705 
22.0 	 63 	 571 	 48.0 	 52.0 	 0.04 
23.0 	 63 	 571 	 48.0 	 53.0 	 0.04950495049504951 
24.0 	 63 	 571 	 49.0 	 53.0 	 0.0392156862745098 
25.0 	 63 	 571 	 48.0 	 52.0 	 0.04 
26.0 	 63 	 571 	 48.0 	 52.0 	 0.04 
27.0 	 63 	 571 	 49.0 	 54.0 	 0.04854368932038835 
28.0 	 63 	 571 	 48.0 	 52.0 	 0.04 
29.0 	 64 	 571 	 48.0 	 52.0 	 0.04 
30.0 	 63 	 571 	 54.0 	 49.0 	 0.04854368932038835 
31.0 	 64 	 571 	 48.0 	 52.0 	 0.04 
32.0 	 64 	 571 	 48.0 	 52.0 	 0.04 
33.0 	 64 	 571 	 49.0 	 53.0 	 0.0392156862745098 
34.0 	 64 	 571 	 48.0 	 52.0 	 0.04 
35.0 	 64 	 571 	 48.0 	 51.0 	 0.030303030303030304 
36.0 	 64 	 571 	 49.0 	 53.0 	 0.0392156862745098 
37.0 	 64 	 571 	 52.0 	 48.0 	 0.04 
38.0 	 64 	 571 	 51.0 	 48.0 	 0.030303030303030304 
39.0 	 64 	 571 	 48.0 	 53.0 	 0.04950495049504951 
40.0 	 64 	 571 	 48.0 	 53.0 	 0.04950495049504951 
41.0 	 64 	 571 	 48.0 	 51.0 	 0.030303030303030304 
42.0 	 64 	 571 	 48.0 	 53.0 	 0.04950495049504951 
43.0 	 64 	 571 	 48.0 	 53.0 	 0.04950495049504951 
44.0 	 64 	 571 	 48.0 	 51.0 	 0.030303030303030304 
45.0 	 64 	 571 	 48.0 	 53.0 	 0.04950495049504951 
46.0 	 64 	 571 	 49.0 	 53.0 	 0.0392156862745098 
47.0 	 65 	 571 	 48.0 	 52.0 	 0.04 
48.0 	 65 	 571 	 48.0 	 52.0 	 0.04 
49.0 	 65 	 571 	 48.0 	 52.0 	 0.04 
50.0 	 65 	 571 	 47.0 	 51.0 	 0.04081632653061224 
51.0 	 65 	 571 	 48.0 	 52.0 	 0.04 
52.0 	 65 	 571 	 49.0 	 54.0 	 0.04854368932038835 
53.0 	 65 	 571 	 49.0 	 52.0 	 0.0297029702970297 
54.0 	 65 	 571 	 49.0 	 52.0 	 0.0297029702970297 
55.0 	 65 	 571 	 49.0 	 53.0 	 0.0392156862745098 
56.0 	 65 	 571 	 48.0 	 53.0 	 0.04950495049504951 
57.0 	 65 	 571 	 48.0 	 52.0 	 0.04 
58.0 	 65 	 571 	 49.0 	 53.0 	 0.0392156862745098 
59.0 	 65 	 571 	 49.0 	 53.0 	 0.0392156862745098 
60.0 	 65 	 571 	 48.70823287963867 	 53.05393981933594 	 0.04270454162326523 
61.0 	 65 	 571 	 48.0 	 53.0 	 0.04950495049504951 
62.0 	 65 	 571 	 48.0 	 53.0 	 0.04950495049504951 
63.0 	 65 	 571 	 49.0 	 52.0 	 0.0297029702970297 
64.0 	 65 	 571 	 48.0 	 54.0 	 0.058823529411764705 
65.0 	 65 	 571 	 48.0 	 54.0 	 0.058823529411764705 
66.0 	 65 	 571 	 48.0 	 52.0 	 0.04 
67.0 	 65 	 571 	 54.0 	 49.0 	 0.04854368932038835 
68.0 	 65 	 571 	 48.0 	 53.0 	 0.04950495049504951 
69.0 	 65 	 571 	 49.0 	 52.0 	 0.0297029702970297 
70.0 	 65 	 571 	 49.0 	 53.0 	 0.0392156862745098 
71.0 	 65 	 571 	 48.0 	 53.0 	 0.04950495049504951 
72.0 	 65 	 571 	 48.0 	 52.0 	 0.04 
73.0 	 65 	 571 	 48.0 	 53.0 	 0.04950495049504951 
74.0 	 65 	 571 	 48.0 	 54.0 	 0.058823529411764705 
75.0 	 66 	 571 	 48.0 	 52.0 	 0.04 
76.0 	 66 	 571 	 48.0 	 53.0 	 0.04950495049504951 
77.0 	 65 	 571 	 49.0 	 54.0 	 0.04854368932038835 
78.0 	 66 	 571 	 49.0 	 53.0 	 0.0392156862745098 
79.0 	 66 	 571 	 49.0 	 53.0 	 0.0392156862745098 
80.0 	 65 	 571 	 49.0 	 53.0 	 0.0392156862745098 
81.0 	 66 	 571 	 49.0 	 53.0 	 0.0392156862745098 
82.0 	 66 	 571 	 48.0 	 51.0 	 0.030303030303030304 
83.0 	 66 	 571 	 49.0 	 53.0 	 0.0392156862745098 
84.0 	 66 	 571 	 49.0 	 53.0 	 0.0392156862745098 
85.0 	 66 	 571 	 48.0 	 52.0 	 0.04 
86.0 	 66 	 571 	 49.0 	 53.0 	 0.0392156862745098 
87.0 	 66 	 571 	 49.0 	 53.0 	 0.0392156862745098 
88.0 	 66 	 571 	 52.0 	 48.0 	 0.04 
89.0 	 66 	 571 	 48.0 	 53.0 	 0.04950495049504951 
90.0 	 66 	 571 	 49.0 	 53.0 	 0.0392156862745098 
91.0 	 66 	 571 	 48.0 	 52.0 	 0.04 
92.0 	 66 	 571 	 48.0 	 53.0 	 0.04950495049504951 
93.0 	 66 	 571 	 49.0 	 53.0 	 0.0392156862745098 
94.0 	 66 	 571 	 49.0 	 51.0 	 0.02 
95.0 	 66 	 571 	 49.0 	 53.0 	 0.0392156862745098 
96.0 	 66 	 571 	 49.0 	 53.0 	 0.0392156862745098 
97.0 	 66 	 571 	 48.0 	 53.0 	 0.04950495049504951 
98.0 	 66 	 571 	 48.0 	 53.0 	 0.04950495049504951 
99.0 	 66 	 571 	 48.0 	 54.0 	 0.058823529411764705 
100.0 	 66 	 571 	 48.0 	 52.0 	 0.04 
101.0 	 66 	 571 	 48.0 	 53.0 	 0.04950495049504951 
102.0 	 66 	 571 	 53.0 	 50.0 	 0.02912621359223301 
103.0 	 67 	 571 	 49.0 	 52.0 	 0.0297029702970297 
104.0 	 66 	 571 	 48.0 	 52.0 	 0.04 
105.0 	 67 	 571 	 48.0 	 52.0 	 0.04 
106.0 	 67 	 571 	 48.0 	 52.0 	 0.04 
107.0 	 67 	 571 	 48.0 	 51.0 	 0.030303030303030304 
108.0 	 67 	 571 	 49.0 	 53.0 	 0.0392156862745098 
109.0 	 68 	 571 	 49.0 	 52.0 	 0.0297029702970297 
110.0 	 68 	 571 	 49.0 	 51.0 	 0.02 
111.0 	 68 	 571 	 48.0 	 51.0 	 0.030303030303030304 
112.0 	 69 	 571 	 48.0 	 52.0 	 0.04 
113.0 	 70 	 571 	 47.0 	 52.0 	 0.050505050505050504 
114.0 	 70 	 571 	 48.0 	 53.0 	 0.04950495049504951 
115.0 	 71 	 571 	 48.0 	 53.0 	 0.04950495049504951 
116.0 	 72 	 571 	 47.0 	 51.0 	 0.04081632653061224 
117.0 	 73 	 571 	 48.0 	 52.0 	 0.04 
118.0 	 75 	 571 	 49.0 	 52.0 	 0.0297029702970297 
119.0 	 76 	 571 	 48.0 	 51.0 	 0.030303030303030304 
120.0 	 78 	 571 	 48.0 	 53.0 	 0.04950495049504951 
121.0 	 80 	 571 	 47.0 	 52.0 	 0.050505050505050504 
122.0 	 81 	 571 	 48.0 	 50.0 	 0.02040816326530612 
123.0 	 83 	 571 	 46.0 	 52.0 	 0.061224489795918366 
124.0 	 84 	 571 	 47.0 	 53.0 	 0.06 
125.0 	 86 	 571 	 46.0 	 50.0 	 0.041666666666666664 
126.0 	 88 	 571 	 47.0 	 52.0 	 0.050505050505050504 
127.0 	 90 	 571 	 47.0 	 53.0 	 0.06 
128.0 	 92 	 571 	 46.0 	 52.0 	 0.061224489795918366 
129.0 	 93 	 571 	 46.0 	 53.0 	 0.0707070707070707 
130.0 	 95 	 571 	 46.0 	 54.0 	 0.08 
131.0 	 97 	 571 	 46.0 	 53.0 	 0.0707070707070707 
132.0 	 99 	 571 	 46.0 	 53.0 	 0.0707070707070707 
133.0 	 101 	 571 	 45.0 	 55.0 	 0.1 
134.0 	 103 	 571 	 44.0 	 54.0 	 0.10204081632653061 
135.0 	 105 	 571 	 44.0 	 54.0 	 0.10204081632653061 
136.0 	 106 	 571 	 45.0 	 55.0 	 0.1 
137.0 	 108 	 571 	 45.0 	 56.0 	 0.10891089108910891 
138.0 	 111 	 571 	 44.0 	 55.0 	 0.1111111111111111 
139.0 	 112 	 571 	 45.0 	 56.0 	 0.10891089108910891 
140.0 	 114 	 571 	 45.0 	 57.0 	 0.11764705882352941 
141.0 	 116 	 571 	 44.0 	 56.0 	 0.12 
142.0 	 118 	 571 	 44.0 	 57.0 	 0.12871287128712872 
143.0 	 120 	 571 	 44.0 	 58.0 	 0.13725490196078433 
144.0 	 122 	 571 	 44.0 	 56.0 	 0.12 
145.0 	 124 	 571 	 44.0 	 57.0 	 0.12871287128712872 
146.0 	 126 	 571 	 44.0 	 57.0 	 0.12871287128712872 
147.0 	 128 	 571 	 43.0 	 57.0 	 0.14 
148.0 	 130 	 571 	 44.0 	 58.0 	 0.13725490196078433 
149.0 	 132 	 571 	 43.0 	 58.0 	 0.1485148514851485 
150.0 	 134 	 571 	 42.0 	 56.0 	 0.14285714285714285 
151.0 	 136 	 571 	 42.0 	 58.0 	 0.16 
152.0 	 138 	 571 	 42.0 	 58.0 	 0.16 
153.0 	 141 	 571 	 42.0 	 57.0 	 0.15151515151515152 
154.0 	 142 	 571 	 42.0 	 59.0 	 0.16831683168316833 
155.0 	 145 	 571 	 42.0 	 59.0 	 0.16831683168316833 
156.0 	 147 	 572 	 42.0 	 59.0 	 0.16831683168316833 
157.0 	 149 	 572 	 41.0 	 60.0 	 0.18811881188118812 
158.0 	 151 	 572 	 41.0 	 61.0 	 0.19607843137254902 
159.0 	 154 	 572 	 41.0 	 60.0 	 0.18811881188118812 
160.0 	 156 	 572 	 41.0 	 60.0 	 0.18811881188118812 
161.0 	 158 	 571 	 42.0 	 61.0 	 0.18446601941747573 
162.0 	 160 	 572 	 42.0 	 61.0 	 0.18446601941747573 
163.0 	 163 	 572 	 42.0 	 61.0 	 0.18446601941747573 
164.0 	 165 	 572 	 42.0 	 62.0 	 0.19230769230769232 
165.0 	 167 	 572 	 41.0 	 61.0 	 0.19607843137254902 
166.0 	 169 	 571 	 41.0 	 62.0 	 0.20388349514563106 
167.0 	 171 	 572 	 41.0 	 63.0 	 0.21153846153846154 
168.0 	 173 	 572 	 41.0 	 62.0 	 0.20388349514563106 
169.0 	 176 	 571 	 41.0 	 61.0 	 0.19607843137254902 
170.0 	 178 	 571 	 41.0 	 62.0 	 0.20388349514563106 
171.0 	 180 	 571 	 62.0 	 42.0 	 0.19230769230769232 
172.0 	 182 	 571 	 42.0 	 62.0 	 0.19230769230769232 
173.0 	 184 	 571 	 42.0 	 63.0 	 0.2 
174.0 	 187 	 571 	 42.0 	 62.0 	 0.19230769230769232 
175.0 	 189 	 571 	 42.0 	 61.0 	 0.18446601941747573 
176.0 	 191 	 571 	 41.0 	 62.0 	 0.20388349514563106 
177.0 	 193 	 571 	 41.0 	 62.0 	 0.20388349514563106 
178.0 	 196 	 571 	 41.0 	 62.0 	 0.20388349514563106 
179.0 	 198 	 571 	 41.0 	 64.0 	 0.21904761904761905 
180.0 	 200 	 571 	 41.0 	 63.0 	 0.21153846153846154 
181.0 	 202 	 571 	 41.0 	 63.0 	 0.21153846153846154 
182.0 	 204 	 571 	 41.0 	 64.0 	 0.21904761904761905 
183.0 	 207 	 572 	 42.0 	 64.0 	 0.20754716981132076 
184.0 	 209 	 571 	 42.0 	 63.0 	 0.2 
185.0 	 211 	 571 	 42.0 	 64.0 	 0.20754716981132076 
186.0 	 214 	 571 	 41.0 	 65.0 	 0.22641509433962265 
187.0 	 216 	 572 	 42.0 	 64.0 	 0.20754716981132076 
188.0 	 218 	 571 	 42.0 	 65.0 	 0.21495327102803738 
189.0 	 220 	 571 	 41.0 	 65.0 	 0.22641509433962265 
190.0 	 222 	 571 	 41.0 	 64.0 	 0.21904761904761905 
191.0 	 225 	 571 	 41.0 	 65.0 	 0.22641509433962265 
192.0 	 227 	 571 	 41.0 	 65.0 	 0.22641509433962265 
193.0 	 229 	 571 	 40.0 	 65.0 	 0.23809523809523808 
194.0 	 231 	 571 	 41.0 	 64.0 	 0.21904761904761905 
195.0 	 233 	 571 	 41.0 	 65.0 	 0.22641509433962265 
196.0 	 235 	 571 	 41.0 	 64.0 	 0.21904761904761905 
197.0 	 238 	 571 	 40.0 	 64.0 	 0.23076923076923078 
198.0 	 240 	 571 	 41.0 	 65.0 	 0.22641509433962265 
199.0 	 242 	 571 	 41.0 	 66.0 	 0.2336448598130841 
200.0 	 245 	 571 	 41.0 	 64.0 	 0.21904761904761905 
201.0 	 247 	 571 	 41.0 	 65.0 	 0.22641509433962265 
202.0 	 249 	 571 	 41.0 	 66.0 	 0.2336448598130841 
203.0 	 252 	 571 	 41.0 	 65.0 	 0.22641509433962265 
204.0 	 254 	 571 	 41.0 	 66.0 	 0.2336448598130841 
205.0 	 256 	 571 	 41.0 	 66.0 	 0.2336448598130841 
206.0 	 258 	 571 	 41.0 	 65.0 	 0.22641509433962265 
207.0 	 260 	 571 	 41.0 	 66.0 	 0.2336448598130841 
208.0 	 263 	 571 	 41.0 	 67.0 	 0.24074074074074073 
209.0 	 265 	 572 	 41.0 	 65.0 	 0.22641509433962265 
210.0 	 267 	 572 	 41.0 	 66.0 	 0.2336448598130841 
211.0 	 269 	 572 	 41.0 	 67.0 	 0.24074074074074073 
212.0 	 271 	 572 	 41.0 	 65.0 	 0.22641509433962265 
213.0 	 274 	 572 	 41.0 	 64.0 	 0.21904761904761905 
214.0 	 276 	 571 	 41.0 	 66.0 	 0.2336448598130841 
215.0 	 278 	 572 	 41.0 	 66.0 	 0.2336448598130841 
216.0 	 281 	 572 	 41.0 	 65.0 	 0.22641509433962265 
217.0 	 283 	 572 	 39.0 	 67.0 	 0.2641509433962264 
218.0 	 285 	 572 	 39.0 	 66.0 	 0.2571428571428571 
219.0 	 287 	 572 	 40.0 	 66.0 	 0.24528301886792453 
220.0 	 290 	 572 	 40.0 	 67.0 	 0.2523364485981308 
221.0 	 292 	 572 	 40.0 	 67.0 	 0.2523364485981308 
222.0 	 294 	 572 	 40.0 	 67.0 	 0.2523364485981308 
223.0 	 296 	 572 	 41.0 	 68.0 	 0.24770642201834864 
224.0 	 298 	 572 	 67.0 	 41.0 	 0.24074074074074073 
225.0 	 301 	 572 	 40.0 	 66.0 	 0.24528301886792453 
226.0 	 303 	 572 	 40.0 	 68.0 	 0.25925925925925924 
227.0 	 305 	 572 	 40.0 	 68.0 	 0.25925925925925924 
228.0 	 308 	 572 	 39.0 	 67.0 	 0.2641509433962264 
229.0 	 310 	 572 	 39.0 	 67.0 	 0.2641509433962264 
230.0 	 312 	 572 	 39.0 	 67.0 	 0.2641509433962264 
231.0 	 315 	 572 	 39.0 	 66.0 	 0.2571428571428571 
232.0 	 317 	 572 	 39.0 	 67.0 	 0.2641509433962264 
233.0 	 319 	 572 	 39.0 	 68.0 	 0.27102803738317754 
234.0 	 322 	 571 	 39.0 	 67.0 	 0.2641509433962264 
235.0 	 324 	 572 	 39.0 	 67.0 	 0.2641509433962264 
236.0 	 326 	 572 	 39.0 	 68.0 	 0.27102803738317754 
237.0 	 329 	 572 	 39.0 	 67.0 	 0.2641509433962264 
238.0 	 331 	 572 	 39.0 	 66.0 	 0.2571428571428571 
239.0 	 333 	 572 	 39.0 	 67.0 	 0.2641509433962264 
240.0 	 336 	 572 	 39.0 	 67.0 	 0.2641509433962264 
241.0 	 338 	 571 	 67.0 	 40.0 	 0.2523364485981308 
242.0 	 340 	 572 	 39.0 	 68.0 	 0.27102803738317754 
243.0 	 342 	 572 	 39.0 	 68.0 	 0.27102803738317754 
244.0 	 344 	 571 	 39.0 	 67.0 	 0.2641509433962264 
245.0 	 347 	 571 	 39.0 	 68.0 	 0.27102803738317754 
246.0 	 349 	 571 	 39.0 	 67.0 	 0.2641509433962264 
247.0 	 351 	 571 	 39.0 	 68.0 	 0.27102803738317754 
248.0 	 353 	 571 	 39.0 	 68.0 	 0.27102803738317754 
249.0 	 356 	 571 	 39.0 	 69.0 	 0.2777777777777778 
250.0 	 358 	 572 	 39.0 	 68.0 	 0.27102803738317754 
251.0 	 361 	 572 	 39.0 	 68.0 	 0.27102803738317754 
252.0 	 363 	 572 	 39.0 	 68.0 	 0.27102803738317754 
253.0 	 365 	 572 	 39.0 	 67.0 	 0.2641509433962264 
254.0 	 367 	 572 	 39.0 	 68.0 	 0.27102803738317754 
255.0 	 369 	 572 	 39.0 	 69.0 	 0.2777777777777778 
256.0 	 372 	 572 	 39.0 	 68.0 	 0.27102803738317754 
257.0 	 374 	 572 	 39.0 	 69.0 	 0.2777777777777778 
258.0 	 377 	 572 	 39.0 	 68.0 	 0.27102803738317754 
259.0 	 379 	 572 	 39.0 	 68.0 	 0.27102803738317754 
260.0 	 381 	 572 	 39.0 	 68.0 	 0.27102803738317754 
261.0 	 383 	 572 	 39.0 	 69.0 	 0.2777777777777778 
262.0 	 385 	 572 	 39.0 	 68.0 	 0.27102803738317754 
263.0 	 388 	 572 	 39.0 	 68.0 	 0.27102803738317754 
264.0 	 390 	 572 	 39.0 	 69.0 	 0.2777777777777778 
265.0 	 392 	 572 	 38.0 	 67.0 	 0.2761904761904762 
266.0 	 394 	 572 	 38.0 	 68.0 	 0.2830188679245283 
267.0 	 396 	 572 	 39.0 	 68.0 	 0.27102803738317754 
268.0 	 399 	 572 	 39.0 	 68.0 	 0.27102803738317754 
269.0 	 401 	 572 	 39.0 	 68.0 	 0.27102803738317754 
270.0 	 403 	 572 	 39.0 	 69.0 	 0.2777777777777778 
271.0 	 406 	 572 	 39.0 	 69.0 	 0.2777777777777778 
272.0 	 408 	 572 	 39.0 	 68.0 	 0.27102803738317754 
273.0 	 410 	 572 	 39.0 	 68.0 	 0.27102803738317754 
274.0 	 411 	 572 	 39.0 	 67.0 	 0.2641509433962264 
275.0 	 413 	 572 	 39.0 	 65.0 	 0.25 
276.0 	 415 	 572 	 39.0 	 67.0 	 0.2641509433962264 
277.0 	 418 	 572 	 38.0 	 67.0 	 0.2761904761904762 
278.0 	 420 	 572 	 38.0 	 66.0 	 0.2692307692307692 
279.0 	 422 	 572 	 39.0 	 67.0 	 0.2641509433962264 
280.0 	 424 	 572 	 39.0 	 67.0 	 0.2641509433962264 
281.0 	 427 	 572 	 38.0 	 65.0 	 0.2621359223300971 
282.0 	 429 	 572 	 38.0 	 66.0 	 0.2692307692307692 
283.0 	 431 	 572 	 38.0 	 66.0 	 0.2692307692307692 
284.0 	 434 	 572 	 37.0 	 66.0 	 0.2815533980582524 
285.0 	 436 	 572 	 37.0 	 67.0 	 0.28846153846153844 
286.0 	 438 	 572 	 37.0 	 67.0 	 0.28846153846153844 
287.0 	 440 	 572 	 37.0 	 67.0 	 0.28846153846153844 
288.0 	 443 	 572 	 37.0 	 68.0 	 0.29523809523809524 
289.0 	 445 	 572 	 36.0 	 68.0 	 0.3076923076923077 
290.0 	 447 	 572 	 36.0 	 68.0 	 0.3076923076923077 
291.0 	 449 	 572 	 36.0 	 68.0 	 0.3076923076923077 
292.0 	 452 	 572 	 35.0 	 68.0 	 0.32038834951456313 
293.0 	 454 	 572 	 34.0 	 67.0 	 0.32673267326732675 
294.0 	 456 	 572 	 35.72721862792969 	 68.1351318359375 	 0.3120275351296064 
295.0 	 459 	 572 	 36.0 	 68.0 	 0.3076923076923077 
296.0 	 461 	 572 	 36.0 	 68.0 	 0.3076923076923077 
297.0 	 464 	 572 	 36.0 	 68.0 	 0.3076923076923077 
298.0 	 465 	 572 	 36.0 	 68.0 	 0.3076923076923077 
299.0 	 468 	 572 	 36.0 	 68.0 	 0.3076923076923077 
300.0 	 471 	 572 	 36.0 	 67.0 	 0.30097087378640774 
301.0 	 472 	 572 	 35.0 	 68.0 	 0.32038834951456313 
302.0 	 475 	 572 	 35.0 	 67.0 	 0.3137254901960784 
303.0 	 477 	 571 	 35.0 	 66.0 	 0.3069306930693069 
304.0 	 479 	 572 	 35.0 	 67.0 	 0.3137254901960784 
305.0 	 482 	 572 	 35.0 	 66.0 	 0.3069306930693069 
306.0 	 485 	 572 	 35.0 	 65.0 	 0.3 
307.0 	 487 	 572 	 36.0 	 65.0 	 0.2871287128712871 
308.0 	 489 	 571 	 36.0 	 65.0 	 0.2871287128712871 
309.0 	 491 	 572 	 36.0 	 66.0 	 0.29411764705882354 
310.0 	 493 	 571 	 36.0 	 67.0 	 0.30097087378640774 
311.0 	 496 	 571 	 36.0 	 66.0 	 0.29411764705882354 
312.0 	 497 	 571 	 36.0 	 66.0 	 0.29411764705882354 
313.0 	 500 	 571 	 35.0 	 67.0 	 0.3137254901960784 
314.0 	 502 	 571 	 36.0 	 68.0 	 0.3076923076923077 
315.0 	 504 	 571 	 36.0 	 67.0 	 0.30097087378640774 
316.0 	 507 	 571 	 36.0 	 68.0 	 0.3076923076923077 
317.0 	 509 	 571 	 37.0 	 68.0 	 0.29523809523809524 
318.0 	 511 	 571 	 68.0 	 37.0 	 0.29523809523809524 
319.0 	 513 	 571 	 37.0 	 69.0 	 0.3018867924528302 
320.0 	 515 	 571 	 37.0 	 69.0 	 0.3018867924528302 
321.0 	 517 	 571 	 36.665679931640625 	 67.11872100830078 	 0.2934259946664134 
322.0 	 519 	 571 	 36.665679931640625 	 67.0632553100586 	 0.29304817703554414 
323.0 	 522 	 572 	 37.0 	 68.0 	 0.29523809523809524 
324.0 	 524 	 571 	 37.0 	 66.0 	 0.2815533980582524 
325.0 	 526 	 571 	 36.0 	 65.0 	 0.2871287128712871 
326.0 	 528 	 571 	 36.0 	 66.0 	 0.29411764705882354 
327.0 	 530 	 571 	 36.0 	 65.0 	 0.2871287128712871 
328.0 	 533 	 571 	 36.0 	 64.0 	 0.28 
329.0 	 535 	 571 	 37.0 	 66.0 	 0.2815533980582524 
330.0 	 536 	 571 	 37.0 	 66.0 	 0.2815533980582524 
331.0 	 539 	 571 	 37.0 	 66.0 	 0.2815533980582524 
332.0 	 541 	 571 	 37.0 	 67.0 	 0.28846153846153844 
333.0 	 544 	 571 	 37.0 	 67.0 	 0.28846153846153844 
334.0 	 546 	 571 	 37.0 	 67.0 	 0.28846153846153844 
335.0 	 548 	 571 	 37.0 	 69.0 	 0.3018867924528302 
336.0 	 551 	 571 	 37.0 	 69.0 	 0.3018867924528302 
337.0 	 553 	 571 	 36.0 	 69.0 	 0.3142857142857143 
338.0 	 555 	 571 	 37.0 	 69.0 	 0.3018867924528302 
339.0 	 557 	 571 	 37.0 	 70.0 	 0.308411214953271 
340.0 	 560 	 571 	 37.0 	 71.0 	 0.3148148148148148 
341.0 	 562 	 571 	 37.0 	 71.0 	 0.3148148148148148 
342.0 	 564 	 571 	 37.0 	 71.0 	 0.3148148148148148 
343.0 	 566 	 571 	 37.0 	 70.0 	 0.308411214953271 
344.0 	 568 	 571 	 37.0 	 71.0 	 0.3148148148148148 
345.0 	 570 	 572 	 37.0 	 72.0 	 0.3211009174311927 
346.0 	 573 	 571 	 37.0 	 71.0 	 0.3148148148148148 
347.0 	 575 	 571 	 37.0 	 71.0 	 0.3148148148148148 
348.0 	 577 	 572 	 37.0 	 71.0 	 0.3148148148148148 
349.0 	 579 	 571 	 37.0 	 70.0 	 0.308411214953271 
350.0 	 581 	 572 	 37.0 	 70.0 	 0.308411214953271 
351.0 	 584 	 572 	 38.0 	 70.0 	 0.2962962962962963 
352.0 	 586 	 572 	 38.0 	 70.0 	 0.2962962962962963 
353.0 	 588 	 571 	 37.0 	 69.0 	 0.3018867924528302 
354.0 	 590 	 571 	 37.0 	 71.0 	 0.3148148148148148 
355.0 	 592 	 572 	 38.0 	 70.0 	 0.2962962962962963 
356.0 	 595 	 571 	 38.0 	 69.0 	 0.2897196261682243 
357.0 	 597 	 571 	 37.0 	 69.0 	 0.3018867924528302 
358.0 	 599 	 571 	 37.0 	 69.0 	 0.3018867924528302 
359.0 	 601 	 571 	 37.0 	 68.0 	 0.29523809523809524 
360.0 	 603 	 571 	 37.0 	 69.0 	 0.3018867924528302 
361.0 	 606 	 571 	 37.0 	 69.0 	 0.3018867924528302 
362.0 	 608 	 571 	 37.0 	 69.0 	 0.3018867924528302 
363.0 	 610 	 572 	 37.0 	 71.0 	 0.3148148148148148 
364.0 	 612 	 571 	 37.0 	 71.0 	 0.3148148148148148 
365.0 	 614 	 571 	 37.0 	 70.0 	 0.308411214953271 
366.0 	 616 	 571 	 37.0 	 71.0 	 0.3148148148148148 
367.0 	 619 	 571 	 37.0 	 71.0 	 0.3148148148148148 
368.0 	 621 	 571 	 37.0 	 71.0 	 0.3148148148148148 
369.0 	 624 	 571 	 37.0 	 70.0 	 0.308411214953271 
370.0 	 626 	 571 	 37.0 	 71.0 	 0.3148148148148148 
371.0 	 628 	 571 	 37.0 	 71.0 	 0.3148148148148148 
372.0 	 631 	 571 	 37.0 	 72.0 	 0.3211009174311927 
373.0 	 632 	 571 	 37.0 	 72.0 	 0.3211009174311927 
374.0 	 635 	 571 	 37.0 	 72.0 	 0.3211009174311927 
375.0 	 637 	 571 	 38.0 	 71.0 	 0.30275229357798167 
376.0 	 639 	 571 	 39.0 	 73.0 	 0.30357142857142855 
377.0 	 641 	 571 	 39.0 	 73.0 	 0.30357142857142855 
378.0 	 644 	 571 	 39.0 	 71.0 	 0.2909090909090909 
379.0 	 647 	 571 	 39.0 	 72.0 	 0.2972972972972973 
380.0 	 649 	 571 	 39.0 	 71.0 	 0.2909090909090909 
381.0 	 651 	 571 	 39.0 	 71.0 	 0.2909090909090909 
382.0 	 653 	 571 	 39.0 	 72.0 	 0.2972972972972973 
383.0 	 656 	 571 	 39.0 	 72.0 	 0.2972972972972973 
384.0 	 658 	 571 	 39.0 	 71.0 	 0.2909090909090909 
385.0 	 660 	 571 	 39.0 	 72.0 	 0.2972972972972973 
386.0 	 662 	 571 	 39.0 	 73.0 	 0.30357142857142855 
387.0 	 665 	 571 	 39.0 	 71.0 	 0.2909090909090909 
388.0 	 667 	 571 	 39.0 	 71.0 	 0.2909090909090909 
389.0 	 669 	 571 	 39.0 	 73.0 	 0.30357142857142855 
390.0 	 671 	 571 	 39.0 	 72.0 	 0.2972972972972973 
391.0 	 673 	 571 	 39.0 	 73.0 	 0.30357142857142855 
392.0 	 676 	 571 	 39.0 	 72.0 	 0.2972972972972973 
393.0 	 678 	 571 	 39.0 	 71.0 	 0.2909090909090909 
394.0 	 680 	 571 	 39.0 	 72.0 	 0.2972972972972973 
395.0 	 683 	 571 	 39.0 	 73.0 	 0.30357142857142855 
396.0 	 685 	 571 	 39.0 	 72.0 	 0.2972972972972973 
397.0 	 687 	 571 	 38.0 	 73.0 	 0.3153153153153153 
398.0 	 689 	 571 	 73.46125793457031 	 39.2850341796875 	 0.3031250351031359 
399.0 	 692 	 571 	 37.0 	 73.0 	 0.32727272727272727 
400.0 	 694 	 571 	 37.0 	 73.0 	 0.32727272727272727 
401.0 	 697 	 571 	 37.0 	 73.0 	 0.32727272727272727 
402.0 	 699 	 571 	 37.0 	 73.0 	 0.32727272727272727 
403.0 	 702 	 571 	 37.0 	 72.0 	 0.3211009174311927 
404.0 	 704 	 571 	 38.0 	 72.0 	 0.3090909090909091 
405.0 	 706 	 571 	 37.0 	 73.0 	 0.32727272727272727 
406.0 	 709 	 571 	 37.0 	 72.0 	 0.3211009174311927 
407.0 	 711 	 571 	 37.0 	 73.0 	 0.32727272727272727 
408.0 	 713 	 571 	 37.0 	 73.0 	 0.32727272727272727 
409.0 	 715 	 571 	 37.0 	 72.0 	 0.3211009174311927 
410.0 	 718 	 571 	 37.0 	 73.0 	 0.32727272727272727 
411.0 	 720 	 571 	 38.0 	 72.0 	 0.3090909090909091 
412.0 	 723 	 572 	 38.0 	 72.0 	 0.3090909090909091 
413.0 	 725 	 572 	 38.0 	 73.0 	 0.3153153153153153 
414.0 	 727 	 571 	 38.0 	 73.0 	 0.3153153153153153 
415.0 	 730 	 572 	 37.0 	 72.0 	 0.3211009174311927 
416.0 	 732 	 572 	 38.0 	 73.0 	 0.3153153153153153 
417.0 	 735 	 572 	 37.0 	 74.0 	 0.3333333333333333 
418.0 	 737 	 571 	 37.0 	 73.0 	 0.32727272727272727 
419.0 	 740 	 571 	 37.0 	 74.0 	 0.3333333333333333 
420.0 	 742 	 571 	 37.0 	 73.0 	 0.32727272727272727 
421.0 	 744 	 571 	 37.0 	 73.0 	 0.32727272727272727 
422.0 	 747 	 571 	 37.0 	 72.0 	 0.3211009174311927 
423.0 	 750 	 571 	 37.0 	 73.0 	 0.32727272727272727 
424.0 	 752 	 571 	 37.0 	 72.0 	 0.3211009174311927 
425.0 	 755 	 571 	 37.0 	 73.0 	 0.32727272727272727 
426.0 	 757 	 571 	 37.0 	 72.0 	 0.3211009174311927 
427.0 	 760 	 571 	 37.0 	 73.0 	 0.32727272727272727 
428.0 	 762 	 571 	 37.0 	 74.0 	 0.3333333333333333 
429.0 	 765 	 571 	 37.0 	 73.0 	 0.32727272727272727 
430.0 	 767 	 571 	 37.0 	 73.0 	 0.32727272727272727 
431.0 	 769 	 571 	 37.0 	 73.0 	 0.32727272727272727 
432.0 	 772 	 571 	 37.0 	 74.0 	 0.3333333333333333 
433.0 	 774 	 571 	 37.0 	 73.0 	 0.32727272727272727 
434.0 	 777 	 571 	 37.0 	 73.0 	 0.32727272727272727 
435.0 	 779 	 571 	 37.0 	 73.0 	 0.32727272727272727 
436.0 	 782 	 571 	 37.0 	 73.0 	 0.32727272727272727 
437.0 	 785 	 571 	 37.0 	 72.0 	 0.3211009174311927 
438.0 	 787 	 571 	 37.0 	 72.0 	 0.3211009174311927 
439.0 	 789 	 571 	 37.0 	 73.0 	 0.32727272727272727 
440.0 	 792 	 571 	 37.0 	 72.0 	 0.3211009174311927 
441.0 	 794 	 571 	 37.0 	 73.0 	 0.32727272727272727 
442.0 	 797 	 571 	 37.0 	 74.0 	 0.3333333333333333 
443.0 	 799 	 571 	 37.0 	 74.0 	 0.3333333333333333 
444.0 	 802 	 571 	 38.0 	 73.0 	 0.3153153153153153 
445.0 	 804 	 571 	 36.0 	 74.0 	 0.34545454545454546 
446.0 	 806 	 571 	 36.0 	 73.0 	 0.3394495412844037 
447.0 	 809 	 571 	 36.0 	 73.0 	 0.3394495412844037 
448.0 	 812 	 571 	 35.0 	 74.0 	 0.3577981651376147 
449.0 	 815 	 571 	 35.0 	 73.0 	 0.35185185185185186 
450.0 	 817 	 571 	 35.0 	 73.0 	 0.35185185185185186 
451.0 	 819 	 571 	 35.0 	 73.0 	 0.35185185185185186 
452.0 	 822 	 571 	 36.0 	 73.0 	 0.3394495412844037 
453.0 	 824 	 571 	 36.0 	 73.0 	 0.3394495412844037 
454.0 	 827 	 571 	 74.0 	 37.0 	 0.3333333333333333 
455.0 	 830 	 571 	 36.0 	 74.0 	 0.34545454545454546 
456.0 	 833 	 571 	 73.0 	 37.0 	 0.32727272727272727 
457.0 	 834 	 571 	 36.0 	 74.0 	 0.34545454545454546 
458.0 	 837 	 571 	 36.0 	 74.0 	 0.34545454545454546 
459.0 	 840 	 571 	 36.0 	 74.0 	 0.34545454545454546 
460.0 	 842 	 571 	 37.0 	 74.0 	 0.3333333333333333 
461.0 	 845 	 571 	 37.0 	 75.0 	 0.3392857142857143 
462.0 	 847 	 571 	 37.0 	 74.0 	 0.3333333333333333 
463.0 	 850 	 571 	 37.0 	 75.0 	 0.3392857142857143 
464.0 	 852 	 571 	 37.0 	 74.0 	 0.3333333333333333 
465.0 	 855 	 571 	 37.0 	 73.0 	 0.32727272727272727 
466.0 	 857 	 571 	 37.0 	 74.0 	 0.3333333333333333 
467.0 	 860 	 571 	 37.0 	 74.0 	 0.3333333333333333 
468.0 	 862 	 571 	 37.0 	 74.0 	 0.3333333333333333 
469.0 	 864 	 571 	 37.0 	 75.0 	 0.3392857142857143 
470.0 	 867 	 571 	 37.0 	 74.0 	 0.3333333333333333 
471.0 	 869 	 571 	 37.0 	 74.0 	 0.3333333333333333 
472.0 	 871 	 571 	 37.0 	 75.0 	 0.3392857142857143 
473.0 	 874 	 571 	 37.0 	 75.0 	 0.3392857142857143 
474.0 	 876 	 571 	 37.0 	 74.0 	 0.3333333333333333 
475.0 	 878 	 571 	 37.0 	 74.0 	 0.3333333333333333 
476.0 	 881 	 571 	 37.0 	 75.0 	 0.3392857142857143 
477.0 	 883 	 571 	 37.0 	 74.0 	 0.3333333333333333 
478.0 	 885 	 571 	 37.0 	 75.0 	 0.3392857142857143 
479.0 	 887 	 571 	 37.0 	 75.0 	 0.3392857142857143 
480.0 	 890 	 571 	 37.0 	 75.0 	 0.3392857142857143 
481.0 	 892 	 571 	 37.0 	 75.0 	 0.3392857142857143 
482.0 	 895 	 571 	 37.0 	 75.0 	 0.3392857142857143 
483.0 	 897 	 571 	 37.0 	 75.0 	 0.3392857142857143 
484.0 	 900 	 571 	 37.0 	 75.0 	 0.3392857142857143 
485.0 	 902 	 571 	 37.0 	 75.0 	 0.3392857142857143 
486.0 	 904 	 571 	 37.0 	 75.0 	 0.3392857142857143 
487.0 	 907 	 571 	 37.0 	 75.0 	 0.3392857142857143 
488.0 	 909 	 571 	 37.0 	 76.0 	 0.34513274336283184 
489.0 	 911 	 571 	 37.0 	 75.0 	 0.3392857142857143 
490.0 	 913 	 571 	 37.0 	 75.0 	 0.3392857142857143 
491.0 	 916 	 571 	 37.0 	 76.0 	 0.34513274336283184 
492.0 	 918 	 571 	 37.0 	 75.0 	 0.3392857142857143 
493.0 	 920 	 571 	 36.0 	 74.0 	 0.34545454545454546 
494.0 	 923 	 571 	 36.0 	 75.0 	 0.35135135135135137 
495.0 	 925 	 571 	 36.0 	 76.0 	 0.35714285714285715 
496.0 	 928 	 571 	 36.0 	 75.0 	 0.35135135135135137 
497.0 	 930 	 571 	 36.0 	 76.0 	 0.35714285714285715 
498.0 	 932 	 571 	 36.0 	 76.0 	 0.35714285714285715 
499.0 	 934 	 571 	 36.0 	 74.0 	 0.34545454545454546 
500.0 	 937 	 571 	 36.0 	 75.0 	 0.35135135135135137 
501.0 	 939 	 571 	 36.0 	 75.0 	 0.35135135135135137 
502.0 	 941 	 571 	 74.0 	 37.0 	 0.3333333333333333 
503.0 	 944 	 571 	 36.0 	 75.0 	 0.35135135135135137 
504.0 	 946 	 571 	 36.0 	 75.0 	 0.35135135135135137 
505.0 	 948 	 571 	 36.0 	 75.0 	 0.35135135135135137 
506.0 	 950 	 571 	 36.0 	 76.0 	 0.35714285714285715 
507.0 	 953 	 571 	 36.0 	 76.0 	 0.35714285714285715 
508.0 	 955 	 571 	 36.0 	 75.0 	 0.35135135135135137 
509.0 	 957 	 571 	 36.0 	 75.0 	 0.35135135135135137 
510.0 	 960 	 571 	 36.0 	 76.0 	 0.35714285714285715 
511.0 	 962 	 571 	 36.0 	 75.0 	 0.35135135135135137 
512.0 	 965 	 571 	 36.0 	 75.0 	 0.35135135135135137 
513.0 	 967 	 571 	 36.0 	 75.0 	 0.35135135135135137 
514.0 	 969 	 571 	 36.0 	 76.0 	 0.35714285714285715 
515.0 	 971 	 571 	 36.0 	 75.0 	 0.35135135135135137 
516.0 	 973 	 571 	 36.0 	 75.0 	 0.35135135135135137 
517.0 	 975 	 571 	 36.0 	 75.0 	 0.35135135135135137 
518.0 	 978 	 571 	 36.0 	 74.0 	 0.34545454545454546 
519.0 	 980 	 571 	 36.0 	 75.0 	 0.35135135135135137 
520.0 	 982 	 571 	 36.0 	 75.0 	 0.35135135135135137 
521.0 	 985 	 571 	 36.0 	 74.0 	 0.34545454545454546 
522.0 	 987 	 571 	 36.0 	 75.0 	 0.35135135135135137 
523.0 	 989 	 571 	 36.0 	 75.0 	 0.35135135135135137 
524.0 	 991 	 571 	 36.0 	 75.0 	 0.35135135135135137 
525.0 	 993 	 571 	 36.0 	 75.0 	 0.35135135135135137 
526.0 	 996 	 571 	 36.0 	 76.0 	 0.35714285714285715 
527.0 	 998 	 571 	 36.0 	 74.0 	 0.34545454545454546 
528.0 	 1001 	 571 	 36.0 	 75.0 	 0.35135135135135137 
529.0 	 1003 	 571 	 36.0 	 75.0 	 0.35135135135135137 
530.0 	 1005 	 571 	 36.0 	 74.0 	 0.34545454545454546 
531.0 	 1007 	 571 	 36.0 	 76.0 	 0.35714285714285715 
532.0 	 1009 	 571 	 36.0 	 75.0 	 0.35135135135135137 
533.0 	 1012 	 571 	 36.0 	 75.0 	 0.35135135135135137 
534.0 	 1014 	 571 	 37.0 	 74.0 	 0.3333333333333333 
535.0 	 1017 	 571 	 37.0 	 75.0 	 0.3392857142857143 
536.0 	 1019 	 571 	 36.0 	 76.0 	 0.35714285714285715 
537.0 	 1021 	 571 	 36.0 	 76.0 	 0.35714285714285715 
538.0 	 1024 	 571 	 37.0 	 76.0 	 0.34513274336283184 
539.0 	 1026 	 571 	 37.0 	 77.0 	 0.3508771929824561 
540.0 	 1028 	 571 	 37.0 	 75.0 	 0.3392857142857143 
541.0 	 1030 	 571 	 36.0 	 75.0 	 0.35135135135135137 
542.0 	 1032 	 571 	 36.0 	 75.0 	 0.35135135135135137 
543.0 	 1034 	 571 	 36.0 	 74.0 	 0.34545454545454546 
544.0 	 1037 	 571 	 36.0 	 75.0 	 0.35135135135135137 
545.0 	 1039 	 571 	 36.0 	 76.0 	 0.35714285714285715 
546.0 	 1042 	 571 	 36.0 	 75.0 	 0.35135135135135137 
547.0 	 1044 	 571 	 36.0 	 75.0 	 0.35135135135135137 
548.0 	 1046 	 571 	 36.0 	 76.0 	 0.35714285714285715 
549.0 	 1048 	 571 	 36.0 	 74.0 	 0.34545454545454546 
550.0 	 1050 	 571 	 36.0 	 75.0 	 0.35135135135135137 
551.0 	 1053 	 571 	 36.0 	 76.0 	 0.35714285714285715 
552.0 	 1055 	 571 	 36.0 	 75.0 	 0.35135135135135137 
553.0 	 1057 	 571 	 36.0 	 76.0 	 0.35714285714285715 
554.0 	 1059 	 571 	 36.0 	 76.0 	 0.35714285714285715 
555.0 	 1062 	 571 	 36.0 	 75.0 	 0.35135135135135137 
556.0 	 1064 	 571 	 36.0 	 75.0 	 0.35135135135135137 
557.0 	 1066 	 571 	 36.0 	 76.0 	 0.35714285714285715 
558.0 	 1069 	 571 	 36.0 	 75.0 	 0.35135135135135137 
559.0 	 1071 	 571 	 36.0 	 76.0 	 0.35714285714285715 
560.0 	 1073 	 571 	 36.0 	 75.0 	 0.35135135135135137 
561.0 	 1076 	 571 	 36.0 	 75.0 	 0.35135135135135137 
562.0 	 1078 	 571 	 36.0 	 75.0 	 0.35135135135135137 
563.0 	 1080 	 571 	 36.0 	 76.0 	 0.35714285714285715 
564.0 	 1083 	 571 	 36.0 	 76.0 	 0.35714285714285715 
565.0 	 1084 	 571 	 36.0 	 76.0 	 0.35714285714285715 
566.0 	 1086 	 571 	 36.0 	 76.0 	 0.35714285714285715 
567.0 	 1089 	 571 	 36.0 	 77.0 	 0.36283185840707965 
568.0 	 1092 	 571 	 36.0 	 77.0 	 0.36283185840707965 
569.0 	 1094 	 571 	 36.0 	 77.0 	 0.36283185840707965 
570.0 	 1096 	 571 	 36.0 	 77.0 	 0.36283185840707965 
571.0 	 1098 	 571 	 36.0 	 76.0 	 0.35714285714285715 
572.0 	 1100 	 571 	 36.0 	 77.0 	 0.36283185840707965 
573.0 	 1102 	 571 	 36.0 	 77.0 	 0.36283185840707965 
574.0 	 1105 	 571 	 36.0 	 76.0 	 0.35714285714285715 
575.0 	 1107 	 571 	 36.0 	 77.0 	 0.36283185840707965 
576.0 	 1109 	 571 	 36.0 	 76.0 	 0.35714285714285715 
577.0 	 1112 	 571 	 76.0 	 36.0 	 0.35714285714285715 
578.0 	 1114 	 571 	 37.0 	 76.0 	 0.34513274336283184 
579.0 	 1116 	 571 	 36.0 	 76.0 	 0.35714285714285715 
580.0 	 1119 	 571 	 36.0 	 76.0 	 0.35714285714285715 
581.0 	 1121 	 571 	 76.40455627441406 	 36.80402374267578 	 0.3498015126217485 
582.0 	 1123 	 571 	 37.0 	 76.0 	 0.34513274336283184 
583.0 	 1125 	 571 	 36.0 	 77.0 	 0.36283185840707965 
584.0 	 1127 	 571 	 36.0 	 76.0 	 0.35714285714285715 
585.0 	 1129 	 571 	 36.0 	 77.0 	 0.36283185840707965 
586.0 	 1132 	 572 	 36.0 	 76.0 	 0.35714285714285715 
587.0 	 1134 	 572 	 36.0 	 77.0 	 0.36283185840707965 
588.0 	 1136 	 572 	 37.0 	 78.0 	 0.3565217391304348 
589.0 	 1138 	 571 	 36.0 	 77.0 	 0.36283185840707965 
590.0 	 1140 	 572 	 37.0 	 78.0 	 0.3565217391304348 
591.0 	 1142 	 572 	 37.0 	 78.0 	 0.3565217391304348 
592.0 	 1144 	 572 	 37.0 	 78.0 	 0.3565217391304348 
593.0 	 1147 	 572 	 37.0 	 78.0 	 0.3565217391304348 
594.0 	 1149 	 572 	 37.0 	 78.0 	 0.3565217391304348 
595.0 	 1151 	 572 	 37.0 	 78.0 	 0.3565217391304348 
596.0 	 1154 	 572 	 36.0 	 78.0 	 0.3684210526315789 
597.0 	 1156 	 572 	 36.676509857177734 	 79.13966369628906 	 0.366642693643372 
598.0 	 1158 	 572 	 36.40724182128906 	 78.94173431396484 	 0.36874616418615996 
599.0 	 1160 	 572 	 36.536468505859375 	 79.08126068115234 	 0.36797809881282784 
600.0 	 1162 	 572 	 37.0 	 80.0 	 0.36752136752136755 
601.0 	 1164 	 572 	 79.0 	 36.0 	 0.3739130434782609 
602.0 	 1167 	 571 	 36.0 	 79.0 	 0.3739130434782609 
603.0 	 1169 	 572 	 37.0 	 80.0 	 0.36752136752136755 
604.0 	 1171 	 572 	 37.0 	 79.0 	 0.3620689655172414 
605.0 	 1174 	 571 	 37.0 	 78.0 	 0.3565217391304348 
606.0 	 1175 	 572 	 37.0 	 80.0 	 0.36752136752136755 
607.0 	 1178 	 571 	 37.0 	 80.0 	 0.36752136752136755 
608.0 	 1180 	 571 	 37.0 	 79.0 	 0.3620689655172414 
609.0 	 1182 	 571 	 37.0 	 80.0 	 0.36752136752136755 
610.0 	 1184 	 571 	 37.0 	 81.0 	 0.3728813559322034 
611.0 	 1187 	 571 	 37.0 	 80.0 	 0.36752136752136755 
612.0 	 1189 	 571 	 37.0 	 81.0 	 0.3728813559322034 
613.0 	 1191 	 571 	 36.0 	 79.0 	 0.3739130434782609 
614.0 	 1193 	 571 	 37.0 	 81.0 	 0.3728813559322034 
615.0 	 1195 	 571 	 36.0 	 82.0 	 0.3898305084745763 
616.0 	 1197 	 571 	 36.0 	 82.0 	 0.3898305084745763 
617.0 	 1200 	 571 	 36.0 	 81.0 	 0.38461538461538464 
618.0 	 1202 	 571 	 37.0 	 80.0 	 0.36752136752136755 
619.0 	 1204 	 571 	 37.0 	 82.0 	 0.37815126050420167 
620.0 	 1206 	 571 	 36.0 	 80.0 	 0.3793103448275862 
621.0 	 1209 	 571 	 36.0 	 80.0 	 0.3793103448275862 
622.0 	 1211 	 571 	 36.0 	 81.0 	 0.38461538461538464 
623.0 	 1213 	 571 	 36.0 	 81.0 	 0.38461538461538464 
624.0 	 1215 	 571 	 36.0 	 79.0 	 0.3739130434782609 
625.0 	 1216 	 571 	 36.0 	 83.0 	 0.3949579831932773 
626.0 	 1219 	 571 	 36.0 	 83.0 	 0.3949579831932773 
627.0 	 1221 	 571 	 36.0 	 82.0 	 0.3898305084745763 
628.0 	 1223 	 571 	 37.0 	 83.0 	 0.38333333333333336 
629.0 	 1226 	 571 	 37.0 	 83.0 	 0.38333333333333336 
630.0 	 1228 	 571 	 37.0 	 82.0 	 0.37815126050420167 
631.0 	 1230 	 571 	 37.0 	 83.0 	 0.38333333333333336 
632.0 	 1232 	 571 	 37.0 	 83.0 	 0.38333333333333336 
633.0 	 1234 	 571 	 36.701263427734375 	 80.9189453125 	 0.37593609430179553 
634.0 	 1237 	 571 	 36.994876861572266 	 82.9742202758789 	 0.38325989368434704 
635.0 	 1239 	 571 	 36.8875617980957 	 82.2065658569336 	 0.38053097118365004 
636.0 	 1242 	 571 	 36.0 	 82.0 	 0.3898305084745763 
637.0 	 1243 	 571 	 37.0 	 83.0 	 0.38333333333333336 
638.0 	 1245 	 571 	 37.0 	 83.0 	 0.38333333333333336 
639.0 	 1247 	 571 	 37.0 	 82.0 	 0.37815126050420167 
640.0 	 1249 	 571 	 36.0 	 82.0 	 0.3898305084745763 
641.0 	 1252 	 571 	 37.0 	 84.0 	 0.3884297520661157 
642.0 	 1254 	 571 	 37.0 	 83.0 	 0.38333333333333336 
643.0 	 1256 	 571 	 36.0 	 82.0 	 0.3898305084745763 
644.0 	 1259 	 571 	 37.0 	 83.0 	 0.38333333333333336 
645.0 	 1261 	 571 	 37.0 	 83.0 	 0.38333333333333336 
646.0 	 1263 	 571 	 36.0 	 82.0 	 0.3898305084745763 
647.0 	 1265 	 571 	 37.0 	 84.0 	 0.3884297520661157 
648.0 	 1267 	 571 	 37.0 	 84.0 	 0.3884297520661157 
649.0 	 1270 	 571 	 36.0 	 81.0 	 0.38461538461538464 
650.0 	 1272 	 571 	 37.0 	 84.0 	 0.3884297520661157 
651.0 	 1274 	 571 	 37.0 	 83.0 	 0.38333333333333336 
652.0 	 1277 	 571 	 37.0 	 82.0 	 0.37815126050420167 
653.0 	 1279 	 571 	 37.0 	 83.0 	 0.38333333333333336 
654.0 	 1281 	 571 	 37.0 	 83.0 	 0.38333333333333336 
655.0 	 1284 	 571 	 37.0 	 81.0 	 0.3728813559322034 
656.0 	 1286 	 571 	 37.0 	 82.0 	 0.37815126050420167 
657.0 	 1288 	 571 	 37.0 	 84.0 	 0.3884297520661157 
658.0 	 1290 	 571 	 37.0 	 82.0 	 0.37815126050420167 
659.0 	 1293 	 571 	 37.0 	 82.0 	 0.37815126050420167 
660.0 	 1295 	 571 	 37.0 	 83.0 	 0.38333333333333336 
661.0 	 1297 	 571 	 37.0 	 82.0 	 0.37815126050420167 
662.0 	 1300 	 571 	 37.0 	 82.0 	 0.37815126050420167 
663.0 	 1302 	 571 	 37.0 	 83.0 	 0.38333333333333336 
664.0 	 1304 	 571 	 37.0 	 82.0 	 0.37815126050420167 
665.0 	 1306 	 571 	 37.0 	 82.0 	 0.37815126050420167 
666.0 	 1308 	 571 	 37.0 	 83.0 	 0.38333333333333336 
667.0 	 1310 	 571 	 36.0 	 83.0 	 0.3949579831932773 
668.0 	 1313 	 571 	 37.0 	 82.0 	 0.37815126050420167 
669.0 	 1315 	 571 	 37.0 	 84.0 	 0.3884297520661157 
670.0 	 1317 	 571 	 37.0 	 84.0 	 0.3884297520661157 
671.0 	 1320 	 571 	 37.0 	 82.0 	 0.37815126050420167 
672.0 	 1322 	 571 	 37.0 	 84.0 	 0.3884297520661157 
673.0 	 1323 	 571 	 36.0 	 84.0 	 0.4 
674.0 	 1326 	 571 	 36.0 	 83.0 	 0.3949579831932773 
675.0 	 1328 	 571 	 36.0 	 83.0 	 0.3949579831932773 
676.0 	 1331 	 571 	 36.0 	 85.0 	 0.4049586776859504 
677.0 	 1333 	 571 	 36.0 	 84.0 	 0.4 
678.0 	 1335 	 571 	 36.0 	 84.0 	 0.4 
679.0 	 1337 	 571 	 36.0 	 84.0 	 0.4 
680.0 	 1340 	 571 	 36.0 	 83.0 	 0.3949579831932773 
681.0 	 1342 	 571 	 36.0 	 83.0 	 0.3949579831932773 
682.0 	 1344 	 571 	 85.06110382080078 	 36.821590423583984 	 0.3957864050862925 
683.0 	 1346 	 571 	 36.0 	 84.0 	 0.4 
684.0 	 1349 	 571 	 83.0 	 36.0 	 0.3949579831932773 
685.0 	 1350 	 571 	 35.0 	 85.0 	 0.4166666666666667 
686.0 	 1353 	 571 	 35.0 	 83.0 	 0.4067796610169492 
687.0 	 1355 	 571 	 35.0 	 83.0 	 0.4067796610169492 
688.0 	 1358 	 572 	 36.0 	 83.0 	 0.3949579831932773 
689.0 	 1360 	 572 	 36.0 	 84.0 	 0.4 
690.0 	 1362 	 571 	 36.0 	 85.0 	 0.4049586776859504 
691.0 	 1364 	 571 	 36.0 	 85.0 	 0.4049586776859504 
692.0 	 1366 	 571 	 36.0 	 85.0 	 0.4049586776859504 
693.0 	 1369 	 572 	 36.0 	 84.0 	 0.4 
694.0 	 1371 	 571 	 36.0 	 85.0 	 0.4049586776859504 
695.0 	 1373 	 571 	 36.0 	 85.0 	 0.4049586776859504 
696.0 	 1375 	 571 	 36.0 	 85.0 	 0.4049586776859504 
697.0 	 1377 	 571 	 35.0 	 85.0 	 0.4166666666666667 
698.0 	 1379 	 571 	 36.0 	 85.0 	 0.4049586776859504 
699.0 	 1381 	 571 	 36.0 	 86.0 	 0.4098360655737705 
700.0 	 1384 	 571 	 36.0 	 85.0 	 0.4049586776859504 
701.0 	 1386 	 571 	 37.0 	 87.0 	 0.4032258064516129 
702.0 	 1389 	 571 	 37.0 	 86.0 	 0.3983739837398374 
703.0 	 1391 	 571 	 37.0 	 86.0 	 0.3983739837398374 
704.0 	 1394 	 571 	 37.0 	 87.0 	 0.4032258064516129 
705.0 	 1396 	 571 	 37.0 	 87.0 	 0.4032258064516129 
706.0 	 1398 	 571 	 37.0 	 86.0 	 0.3983739837398374 
707.0 	 1400 	 571 	 36.0 	 86.0 	 0.4098360655737705 
708.0 	 1403 	 572 	 36.0 	 86.0 	 0.4098360655737705 
709.0 	 1405 	 571 	 35.0 	 86.0 	 0.4214876033057851 
710.0 	 1407 	 571 	 36.0 	 87.0 	 0.4146341463414634 
711.0 	 1410 	 571 	 36.0 	 90.0 	 0.42857142857142855 
712.0 	 1412 	 572 	 37.0 	 92.0 	 0.4263565891472868 
713.0 	 1415 	 571 	 36.0 	 90.0 	 0.42857142857142855 
714.0 	 1416 	 571 	 37.0 	 89.0 	 0.4126984126984127 
715.0 	 1419 	 572 	 89.14002990722656 	 36.8774299621582 	 0.4147250706309885 
716.0 	 1421 	 571 	 35.0 	 88.0 	 0.43089430894308944 
717.0 	 1424 	 571 	 36.0 	 89.0 	 0.424 
718.0 	 1426 	 571 	 37.0 	 89.0 	 0.4126984126984127 
719.0 	 1428 	 571 	 37.0 	 86.0 	 0.3983739837398374 
720.0 	 1430 	 571 	 37.0 	 87.0 	 0.4032258064516129 
721.0 	 1432 	 571 	 37.0 	 89.0 	 0.4126984126984127 
722.0 	 1435 	 571 	 36.0 	 88.0 	 0.41935483870967744 
723.0 	 1438 	 571 	 36.0 	 87.0 	 0.4146341463414634 
724.0 	 1440 	 571 	 37.0 	 89.0 	 0.4126984126984127 
725.0 	 1443 	 571 	 37.0 	 88.0 	 0.408 
726.0 	 1445 	 571 	 88.0830307006836 	 36.8774299621582 	 0.40977442358094535 
727.0 	 1447 	 572 	 37.0 	 89.0 	 0.4126984126984127 
728.0 	 1449 	 572 	 37.0 	 89.0 	 0.4126984126984127 
729.0 	 1452 	 572 	 37.0 	 86.0 	 0.3983739837398374 
730.0 	 1454 	 572 	 38.0 	 87.0 	 0.392 
731.0 	 1456 	 572 	 38.0 	 87.0 	 0.392 
732.0 	 1459 	 572 	 37.0 	 88.0 	 0.408 
733.0 	 1462 	 572 	 37.0 	 86.0 	 0.3983739837398374 
734.0 	 1464 	 572 	 38.0 	 88.0 	 0.3968253968253968 
735.0 	 1466 	 572 	 38.0 	 87.0 	 0.392 
736.0 	 1468 	 572 	 38.0 	 88.0 	 0.3968253968253968 
737.0 	 1470 	 572 	 38.0 	 88.0 	 0.3968253968253968 
738.0 	 1473 	 571 	 37.0 	 87.0 	 0.4032258064516129 
739.0 	 1476 	 571 	 38.0 	 87.0 	 0.392 
740.0 	 1478 	 572 	 38.0 	 89.0 	 0.4015748031496063 
741.0 	 1480 	 572 	 38.0 	 88.0 	 0.3968253968253968 
742.0 	 1483 	 572 	 38.0 	 88.0 	 0.3968253968253968 
743.0 	 1485 	 572 	 38.0 	 90.0 	 0.40625 
744.0 	 1487 	 572 	 38.0 	 90.0 	 0.40625 
745.0 	 1490 	 572 	 38.0 	 90.0 	 0.40625 
746.0 	 1492 	 572 	 38.0 	 92.0 	 0.4153846153846154 
747.0 	 1495 	 572 	 37.0 	 93.0 	 0.4307692307692308 
748.0 	 1498 	 572 	 38.0 	 86.0 	 0.3870967741935484 
749.0 	 1500 	 572 	 37.0 	 87.0 	 0.4032258064516129 
750.0 	 1503 	 571 	 37.0 	 89.0 	 0.4126984126984127 
751.0 	 1506 	 571 	 37.0 	 87.0 	 0.4032258064516129 
752.0 	 1508 	 572 	 37.0 	 89.0 	 0.4126984126984127 
753.0 	 1510 	 572 	 37.0 	 88.0 	 0.408 
754.0 	 1513 	 572 	 37.0 	 86.0 	 0.3983739837398374 
755.0 	 1516 	 572 	 37.0 	 88.0 	 0.408 
756.0 	 1518 	 572 	 89.0588150024414 	 38.75839614868164 	 0.39353400376016423 
757.0 	 1521 	 572 	 37.0 	 85.0 	 0.39344262295081966 
758.0 	 1524 	 572 	 37.0 	 86.0 	 0.3983739837398374 
759.0 	 1526 	 572 	 37.0 	 87.0 	 0.4032258064516129 
760.0 	 1529 	 572 	 37.0 	 88.0 	 0.408 
761.0 	 1532 	 572 	 37.0 	 86.0 	 0.3983739837398374 
762.0 	 1534 	 572 	 37.0 	 88.0 	 0.408 
763.0 	 1537 	 572 	 37.0 	 87.0 	 0.4032258064516129 
764.0 	 1539 	 572 	 38.0 	 85.0 	 0.3821138211382114 
765.0 	 1542 	 572 	 38.0 	 88.0 	 0.3968253968253968 
766.0 	 1544 	 572 	 38.0 	 88.0 	 0.3968253968253968 
767.0 	 1547 	 572 	 37.0 	 86.0 	 0.3983739837398374 
768.0 	 1550 	 572 	 37.9034309387207 	 87.91886138916016 	 0.39750849809749156 
769.0 	 1552 	 572 	 37.0 	 87.0 	 0.4032258064516129 
770.0 	 1555 	 572 	 36.0 	 84.0 	 0.4 
771.0 	 1558 	 572 	 38.0 	 85.0 	 0.3821138211382114 
772.0 	 1561 	 572 	 37.0 	 86.0 	 0.3983739837398374 
773.0 	 1563 	 572 	 36.0 	 84.0 	 0.4 
774.0 	 1566 	 572 	 36.0 	 86.0 	 0.4098360655737705 
775.0 	 1568 	 572 	 36.0 	 87.0 	 0.4146341463414634 
776.0 	 1571 	 572 	 36.0 	 85.0 	 0.4049586776859504 
777.0 	 1573 	 572 	 36.0 	 86.0 	 0.4098360655737705 
778.0 	 1576 	 572 	 37.0 	 88.0 	 0.408 
779.0 	 1579 	 572 	 36.0 	 87.0 	 0.4146341463414634 
780.0 	 1582 	 572 	 36.0 	 86.0 	 0.4098360655737705 
781.0 	 1584 	 572 	 37.0 	 86.0 	 0.3983739837398374 
782.0 	 1586 	 572 	 36.0 	 85.0 	 0.4049586776859504 
783.0 	 1589 	 572 	 35.0 	 83.0 	 0.4067796610169492 
784.0 	 1591 	 572 	 36.73762512207031 	 85.97677612304688 	 0.4012499796386839 
785.0 	 1593 	 572 	 37.0 	 85.0 	 0.39344262295081966 
786.0 	 1596 	 572 	 35.0 	 85.0 	 0.4166666666666667 
787.0 	 1598 	 572 	 36.0 	 86.0 	 0.4098360655737705 
788.0 	 1601 	 572 	 35.0 	 87.0 	 0.4262295081967213 
789.0 	 1604 	 572 	 35.0 	 84.0 	 0.4117647058823529 
790.0 	 1606 	 572 	 36.0 	 85.0 	 0.4049586776859504 
791.0 	 1608 	 572 	 36.0 	 86.0 	 0.4098360655737705 
792.0 	 1611 	 572 	 36.0 	 84.0 	 0.4 
793.0 	 1613 	 572 	 35.0 	 86.0 	 0.4214876033057851 
794.0 	 1615 	 572 	 35.0 	 87.0 	 0.4262295081967213 
795.0 	 1617 	 572 	 35.0 	 85.0 	 0.4166666666666667 
796.0 	 1620 	 572 	 35.0 	 85.0 	 0.4166666666666667 
797.0 	 1622 	 572 	 35.0 	 86.0 	 0.4214876033057851 
798.0 	 1625 	 572 	 35.0 	 85.0 	 0.4166666666666667 
799.0 	 1627 	 572 	 35.0 	 84.0 	 0.4117647058823529 
800.0 	 1629 	 572 	 36.0 	 86.0 	 0.4098360655737705 
801.0 	 1632 	 572 	 35.0 	 84.0 	 0.4117647058823529 
802.0 	 1634 	 572 	 35.0 	 83.0 	 0.4067796610169492 
803.0 	 1636 	 572 	 35.0 	 85.0 	 0.4166666666666667 
804.0 	 1639 	 571 	 35.0 	 85.0 	 0.4166666666666667 
805.0 	 1641 	 572 	 34.0 	 85.0 	 0.42857142857142855 
806.0 	 1643 	 572 	 34.656707763671875 	 86.09245300292969 	 0.42597186525112984 
807.0 	 1645 	 572 	 34.5325927734375 	 86.96131896972656 	 0.43153377353691963 
808.0 	 1648 	 572 	 34.0 	 84.0 	 0.423728813559322 
809.0 	 1650 	 572 	 34.0 	 85.0 	 0.42857142857142855 
810.0 	 1652 	 572 	 34.0 	 86.0 	 0.43333333333333335 
811.0 	 1655 	 572 	 34.0 	 85.0 	 0.42857142857142855 
812.0 	 1657 	 572 	 34.0 	 84.0 	 0.423728813559322 
813.0 	 1659 	 572 	 35.0 	 86.0 	 0.4214876033057851 
814.0 	 1662 	 572 	 34.0 	 85.0 	 0.42857142857142855 
815.0 	 1664 	 572 	 34.0 	 84.0 	 0.423728813559322 
816.0 	 1666 	 572 	 35.0 	 86.0 	 0.4214876033057851 
817.0 	 1669 	 572 	 34.0 	 85.0 	 0.42857142857142855 
818.0 	 1671 	 572 	 84.01349639892578 	 34.855960845947266 	 0.4135421889889947 
819.0 	 1673 	 572 	 34.0 	 85.0 	 0.42857142857142855 
820.0 	 1676 	 572 	 34.0 	 84.0 	 0.423728813559322 
821.0 	 1678 	 571 	 33.0 	 83.0 	 0.43103448275862066 
822.0 	 1680 	 571 	 34.0 	 85.0 	 0.42857142857142855 
823.0 	 1683 	 571 	 34.0 	 83.0 	 0.4188034188034188 
824.0 	 1685 	 571 	 34.0 	 83.0 	 0.4188034188034188 
825.0 	 1687 	 571 	 34.0 	 84.0 	 0.423728813559322 
826.0 	 1690 	 571 	 34.0 	 86.0 	 0.43333333333333335 
827.0 	 1692 	 571 	 34.0 	 84.0 	 0.423728813559322 
828.0 	 1695 	 571 	 34.0 	 83.0 	 0.4188034188034188 
829.0 	 1697 	 571 	 33.0 	 84.0 	 0.4358974358974359 
830.0 	 1699 	 571 	 33.0 	 84.0 	 0.4358974358974359 
831.0 	 1701 	 571 	 33.0 	 83.0 	 0.43103448275862066 
832.0 	 1704 	 571 	 35.0 	 85.0 	 0.4166666666666667 
833.0 	 1706 	 571 	 34.0 	 86.0 	 0.43333333333333335 
834.0 	 1709 	 571 	 34.0 	 83.0 	 0.4188034188034188 
835.0 	 1710 	 571 	 34.0 	 85.0 	 0.42857142857142855 
836.0 	 1713 	 571 	 34.0 	 84.0 	 0.423728813559322 
837.0 	 1715 	 571 	 33.0 	 82.0 	 0.4260869565217391 
838.0 	 1717 	 571 	 34.0 	 84.0 	 0.423728813559322 
839.0 	 1719 	 571 	 34.0 	 84.0 	 0.423728813559322 
840.0 	 1722 	 572 	 34.0 	 81.0 	 0.40869565217391307 
841.0 	 1724 	 571 	 34.0 	 83.0 	 0.4188034188034188 
842.0 	 1726 	 571 	 34.0 	 83.0 	 0.4188034188034188 
843.0 	 1729 	 571 	 81.99178314208984 	 33.63765335083008 	 0.4181818337774268 
844.0 	 1731 	 571 	 82.9463882446289 	 33.90764236450195 	 0.4196581463600376 
845.0 	 1733 	 571 	 34.0 	 83.0 	 0.4188034188034188 
846.0 	 1736 	 571 	 34.0 	 83.0 	 0.4188034188034188 
847.0 	 1738 	 571 	 34.0 	 82.0 	 0.41379310344827586 
848.0 	 1740 	 571 	 34.0 	 83.0 	 0.4188034188034188 
849.0 	 1742 	 571 	 34.0 	 83.0 	 0.4188034188034188 
850.0 	 1745 	 571 	 34.0 	 81.0 	 0.40869565217391307 
851.0 	 1747 	 571 	 34.0 	 83.0 	 0.4188034188034188 
852.0 	 1749 	 571 	 34.0 	 83.0 	 0.4188034188034188 
853.0 	 1751 	 572 	 32.0 	 80.0 	 0.42857142857142855 
854.0 	 1754 	 572 	 32.0 	 83.0 	 0.4434782608695652 
855.0 	 1756 	 572 	 32.0 	 84.0 	 0.4482758620689655 
856.0 	 1759 	 572 	 32.0 	 82.0 	 0.43859649122807015 
857.0 	 1760 	 571 	 32.0 	 83.0 	 0.4434782608695652 
858.0 	 1763 	 572 	 33.0 	 84.0 	 0.4358974358974359 
859.0 	 1765 	 572 	 33.0 	 82.0 	 0.4260869565217391 
860.0 	 1767 	 572 	 33.0 	 83.0 	 0.43103448275862066 
861.0 	 1769 	 572 	 33.0 	 83.0 	 0.43103448275862066 
862.0 	 1772 	 572 	 33.0 	 82.0 	 0.4260869565217391 
863.0 	 1774 	 572 	 33.0 	 82.0 	 0.4260869565217391 
864.0 	 1776 	 572 	 32.0 	 84.0 	 0.4482758620689655 
865.0 	 1778 	 571 	 31.0 	 83.0 	 0.45614035087719296 
866.0 	 1780 	 571 	 31.0 	 81.0 	 0.44642857142857145 
867.0 	 1782 	 571 	 31.0 	 83.0 	 0.45614035087719296 
868.0 	 1785 	 571 	 31.0 	 83.0 	 0.45614035087719296 
869.0 	 1787 	 571 	 31.0 	 82.0 	 0.45132743362831856 
870.0 	 1789 	 572 	 32.0 	 83.0 	 0.4434782608695652 
871.0 	 1791 	 571 	 32.0 	 84.0 	 0.4482758620689655 
872.0 	 1793 	 571 	 82.0 	 32.0 	 0.43859649122807015 
873.0 	 1795 	 571 	 32.0 	 84.0 	 0.4482758620689655 
874.0 	 1797 	 571 	 32.0 	 84.0 	 0.4482758620689655 
875.0 	 1800 	 571 	 32.0 	 82.0 	 0.43859649122807015 
876.0 	 1803 	 571 	 32.0 	 83.0 	 0.4434782608695652 
877.0 	 1805 	 572 	 31.0 	 83.0 	 0.45614035087719296 
878.0 	 1807 	 572 	 31.0 	 81.0 	 0.44642857142857145 
879.0 	 1809 	 572 	 31.0 	 81.0 	 0.44642857142857145 
880.0 	 1811 	 572 	 32.0 	 83.0 	 0.4434782608695652 
881.0 	 1814 	 572 	 81.0 	 31.0 	 0.44642857142857145 
882.0 	 1816 	 572 	 80.05585479736328 	 30.809873580932617 	 0.4441948105765705 
883.0 	 1818 	 572 	 31.0 	 82.0 	 0.45132743362831856 
884.0 	 1820 	 572 	 31.0 	 82.0 	 0.45132743362831856 
885.0 	 1823 	 572 	 31.0 	 80.0 	 0.44144144144144143 
886.0 	 1825 	 572 	 31.0 	 82.0 	 0.45132743362831856 
887.0 	 1828 	 572 	 32.0 	 82.0 	 0.43859649122807015 
888.0 	 1831 	 572 	 31.706438064575195 	 81.12863159179688 	 0.4380038376165498 
889.0 	 1833 	 572 	 32.0 	 80.0 	 0.42857142857142855 
890.0 	 1835 	 572 	 32.0 	 82.0 	 0.43859649122807015 
891.0 	 1837 	 572 	 32.06243896484375 	 79.84420776367188 	 0.42697882740375737 
892.0 	 1839 	 572 	 32.66082763671875 	 81.8848876953125 	 0.4297328792780158 
893.0 	 1841 	 572 	 32.527793884277344 	 83.81394958496094 	 0.44082333796419404 
894.0 	 1844 	 572 	 32.553829193115234 	 80.88630676269531 	 0.4260615271865286 
895.0 	 1846 	 572 	 33.0 	 82.0 	 0.4260869565217391 
896.0 	 1848 	 572 	 33.0 	 83.0 	 0.43103448275862066 
897.0 	 1851 	 572 	 32.969058990478516 	 82.04893493652344 	 0.4267147623631331 
898.0 	 1853 	 572 	 33.0 	 81.0 	 0.42105263157894735 
899.0 	 1854 	 572 	 33.0 	 84.0 	 0.4358974358974359 
900.0 	 1856 	 572 	 33.0 	 83.0 	 0.43103448275862066 
901.0 	 1859 	 572 	 33.0 	 81.0 	 0.42105263157894735 
902.0 	 1860 	 572 	 34.0 	 83.0 	 0.4188034188034188 
903.0 	 1862 	 572 	 33.0 	 84.0 	 0.4358974358974359 
904.0 	 1865 	 571 	 33.0 	 81.0 	 0.42105263157894735 
905.0 	 1867 	 571 	 34.0 	 83.0 	 0.4188034188034188 
906.0 	 1869 	 571 	 34.0 	 83.0 	 0.4188034188034188 
907.0 	 1871 	 571 	 34.0 	 79.0 	 0.39823008849557523 
908.0 	 1872 	 571 	 33.0 	 82.0 	 0.4260869565217391 
909.0 	 1875 	 571 	 33.0 	 83.0 	 0.43103448275862066 
910.0 	 1877 	 571 	 32.93572998046875 	 80.10049438476562 	 0.41725353681224825 
911.0 	 1879 	 571 	 33.0 	 82.0 	 0.4260869565217391 
912.0 	 1881 	 571 	 34.0 	 81.0 	 0.40869565217391307 
913.0 	 1882 	 571 	 32.0 	 78.0 	 0.41818181818181815 
914.0 	 1884 	 571 	 32.0 	 75.0 	 0.40186915887850466 
915.0 	 1885 	 571 	 33.0 	 74.0 	 0.38317757009345793 
916.0 	 1887 	 571 	 32.0 	 71.0 	 0.3786407766990291 
917.0 	 1888 	 571 	 32.0 	 69.0 	 0.36633663366336633 
918.0 	 1889 	 571 	 33.0 	 69.0 	 0.35294117647058826 
919.0 	 1890 	 571 	 33.0 	 66.0 	 0.3333333333333333 
920.0 	 1892 	 572 	 33.0 	 61.0 	 0.2978723404255319 
921.0 	 1892 	 571 	 32.0 	 61.0 	 0.3118279569892473 
922.0 	 1893 	 571 	 32.0 	 58.0 	 0.28888888888888886 
923.0 	 1895 	 572 	 33.0 	 56.0 	 0.25842696629213485 
924.0 	 1895 	 571 	 32.0 	 54.0 	 0.2558139534883721 
925.0 	 1896 	 572 	 52.0 	 32.0 	 0.23809523809523808 
926.0 	 1897 	 571 	 30.0 	 49.0 	 0.24050632911392406 
927.0 	 1897 	 571 	 31.0 	 48.0 	 0.21518987341772153 
928.0 	 1899 	 572 	 46.0 	 32.0 	 0.1794871794871795 
929.0 	 1900 	 571 	 29.0 	 42.0 	 0.18309859154929578 
930.0 	 1901 	 572 	 29.0 	 42.0 	 0.18309859154929578 
931.0 	 1901 	 572 	 31.0 	 40.0 	 0.1267605633802817 
932.0 	 1903 	 572 	 28.0 	 37.0 	 0.13846153846153847 
933.0 	 1904 	 572 	 35.0 	 27.0 	 0.12903225806451613 
934.0 	 1904 	 571 	 28.0 	 34.0 	 0.0967741935483871 
935.0 	 1905 	 572 	 26.0 	 31.0 	 0.08771929824561403 
936.0 	 1907 	 572 	 25.0 	 27.0 	 0.038461538461538464 
937.0 	 1908 	 572 	 26.0 	 26.0 	 0.0 
