frame 	 x 	 y 	 width 	 height 	 deformation 
1.0 	 96 	 600 	 38.0 	 43.0 	 0.06172839506172839 
2.0 	 97 	 600 	 38.0 	 43.0 	 0.06172839506172839 
3.0 	 97 	 600 	 38.0 	 43.0 	 0.06172839506172839 
4.0 	 97 	 600 	 38.0 	 43.0 	 0.06172839506172839 
5.0 	 98 	 600 	 38.0 	 43.0 	 0.06172839506172839 
6.0 	 98 	 600 	 38.0 	 44.0 	 0.07317073170731707 
7.0 	 98 	 600 	 38.0 	 43.0 	 0.06172839506172839 
8.0 	 99 	 600 	 38.0 	 42.0 	 0.05 
9.0 	 99 	 600 	 38.0 	 42.0 	 0.05 
10.0 	 99 	 600 	 38.0 	 43.0 	 0.06172839506172839 
11.0 	 100 	 600 	 38.0 	 42.0 	 0.05 
12.0 	 100 	 600 	 38.0 	 42.0 	 0.05 
13.0 	 100 	 600 	 38.0 	 42.0 	 0.05 
14.0 	 100 	 600 	 38.0 	 43.0 	 0.06172839506172839 
15.0 	 101 	 600 	 38.0 	 43.0 	 0.06172839506172839 
16.0 	 101 	 600 	 38.0 	 42.0 	 0.05 
17.0 	 101 	 600 	 38.0 	 42.0 	 0.05 
18.0 	 101 	 600 	 38.0 	 42.0 	 0.05 
19.0 	 101 	 600 	 38.0 	 43.0 	 0.06172839506172839 
20.0 	 102 	 600 	 38.0 	 43.0 	 0.06172839506172839 
21.0 	 102 	 600 	 38.0 	 42.0 	 0.05 
22.0 	 102 	 600 	 38.0 	 42.0 	 0.05 
23.0 	 102 	 600 	 38.0 	 43.0 	 0.06172839506172839 
24.0 	 103 	 600 	 38.0 	 43.0 	 0.06172839506172839 
25.0 	 103 	 600 	 38.0 	 43.0 	 0.06172839506172839 
26.0 	 103 	 600 	 38.0 	 43.0 	 0.06172839506172839 
27.0 	 103 	 600 	 38.0 	 42.0 	 0.05 
28.0 	 103 	 600 	 38.0 	 43.0 	 0.06172839506172839 
29.0 	 104 	 600 	 38.0 	 43.0 	 0.06172839506172839 
30.0 	 104 	 600 	 38.0 	 43.0 	 0.06172839506172839 
31.0 	 104 	 600 	 38.0 	 42.0 	 0.05 
32.0 	 104 	 600 	 38.0 	 42.0 	 0.05 
33.0 	 104 	 600 	 38.0 	 43.0 	 0.06172839506172839 
34.0 	 105 	 600 	 38.0 	 43.0 	 0.06172839506172839 
35.0 	 105 	 600 	 38.0 	 43.0 	 0.06172839506172839 
36.0 	 105 	 600 	 38.0 	 43.0 	 0.06172839506172839 
37.0 	 105 	 600 	 38.0 	 43.0 	 0.06172839506172839 
38.0 	 106 	 600 	 38.0 	 43.0 	 0.06172839506172839 
39.0 	 107 	 600 	 38.0 	 43.0 	 0.06172839506172839 
40.0 	 107 	 600 	 38.0 	 42.0 	 0.05 
41.0 	 107 	 600 	 38.0 	 42.0 	 0.05 
42.0 	 108 	 600 	 38.0 	 43.0 	 0.06172839506172839 
43.0 	 108 	 600 	 38.0 	 43.0 	 0.06172839506172839 
44.0 	 109 	 600 	 42.0 	 39.0 	 0.037037037037037035 
45.0 	 109 	 600 	 38.0 	 43.0 	 0.06172839506172839 
46.0 	 110 	 600 	 38.0 	 43.0 	 0.06172839506172839 
47.0 	 111 	 600 	 38.0 	 43.0 	 0.06172839506172839 
48.0 	 111 	 600 	 38.0 	 43.0 	 0.06172839506172839 
49.0 	 112 	 600 	 43.0 	 39.0 	 0.04878048780487805 
50.0 	 113 	 600 	 38.0 	 43.0 	 0.06172839506172839 
51.0 	 114 	 600 	 38.0 	 43.0 	 0.06172839506172839 
52.0 	 115 	 600 	 38.0 	 43.0 	 0.06172839506172839 
53.0 	 116 	 600 	 38.0 	 42.0 	 0.05 
54.0 	 118 	 600 	 38.0 	 43.0 	 0.06172839506172839 
55.0 	 119 	 600 	 38.0 	 43.0 	 0.06172839506172839 
56.0 	 121 	 600 	 38.0 	 43.0 	 0.06172839506172839 
57.0 	 122 	 600 	 38.0 	 43.0 	 0.06172839506172839 
58.0 	 123 	 600 	 38.0 	 42.0 	 0.05 
59.0 	 124 	 600 	 38.0 	 43.0 	 0.06172839506172839 
60.0 	 126 	 600 	 38.0 	 43.0 	 0.06172839506172839 
61.0 	 127 	 600 	 38.0 	 42.0 	 0.05 
62.0 	 129 	 600 	 38.0 	 43.0 	 0.06172839506172839 
63.0 	 130 	 600 	 39.0 	 42.0 	 0.037037037037037035 
64.0 	 132 	 599 	 38.0 	 43.0 	 0.06172839506172839 
65.0 	 133 	 600 	 38.962562561035156 	 43.89453125 	 0.05952379527349521 
66.0 	 135 	 599 	 38.0 	 43.0 	 0.06172839506172839 
67.0 	 136 	 600 	 38.0 	 42.0 	 0.05 
68.0 	 138 	 599 	 37.0 	 42.0 	 0.06329113924050633 
69.0 	 139 	 600 	 37.0 	 42.0 	 0.06329113924050633 
70.0 	 141 	 600 	 37.0 	 42.0 	 0.06329113924050633 
71.0 	 142 	 599 	 37.0 	 42.0 	 0.06329113924050633 
72.0 	 144 	 599 	 38.0 	 42.0 	 0.05 
73.0 	 146 	 600 	 37.0 	 43.0 	 0.075 
74.0 	 147 	 600 	 37.0 	 43.0 	 0.075 
75.0 	 149 	 600 	 37.0 	 43.0 	 0.075 
76.0 	 150 	 600 	 38.0 	 43.0 	 0.06172839506172839 
77.0 	 152 	 600 	 37.0 	 43.0 	 0.075 
78.0 	 154 	 600 	 37.0 	 43.0 	 0.075 
79.0 	 156 	 600 	 37.0 	 42.0 	 0.06329113924050633 
80.0 	 157 	 600 	 37.0 	 43.0 	 0.075 
81.0 	 159 	 599 	 37.0 	 44.0 	 0.08641975308641975 
82.0 	 161 	 599 	 37.0 	 44.0 	 0.08641975308641975 
83.0 	 163 	 599 	 37.0 	 43.0 	 0.075 
84.0 	 165 	 599 	 37.0 	 43.0 	 0.075 
85.0 	 167 	 599 	 37.0 	 43.0 	 0.075 
86.0 	 169 	 599 	 37.0 	 43.0 	 0.075 
87.0 	 171 	 599 	 37.0 	 44.0 	 0.08641975308641975 
88.0 	 172 	 599 	 37.0 	 44.0 	 0.08641975308641975 
89.0 	 174 	 599 	 37.0 	 42.0 	 0.06329113924050633 
90.0 	 176 	 599 	 37.0 	 42.0 	 0.06329113924050633 
91.0 	 178 	 599 	 37.0 	 42.0 	 0.06329113924050633 
92.0 	 180 	 599 	 37.0 	 43.0 	 0.075 
93.0 	 182 	 599 	 38.0 	 43.0 	 0.06172839506172839 
94.0 	 184 	 599 	 38.0 	 43.0 	 0.06172839506172839 
95.0 	 185 	 599 	 38.0 	 44.0 	 0.07317073170731707 
96.0 	 187 	 599 	 38.0 	 44.0 	 0.07317073170731707 
97.0 	 189 	 599 	 38.0 	 44.0 	 0.07317073170731707 
98.0 	 191 	 599 	 38.0 	 44.0 	 0.07317073170731707 
99.0 	 193 	 599 	 37.0 	 44.0 	 0.08641975308641975 
100.0 	 195 	 599 	 38.0 	 44.0 	 0.07317073170731707 
101.0 	 197 	 599 	 37.0 	 44.0 	 0.08641975308641975 
102.0 	 199 	 599 	 37.0 	 44.0 	 0.08641975308641975 
103.0 	 201 	 599 	 37.0 	 44.0 	 0.08641975308641975 
104.0 	 203 	 599 	 37.0 	 44.0 	 0.08641975308641975 
105.0 	 205 	 599 	 37.0 	 44.0 	 0.08641975308641975 
106.0 	 207 	 599 	 37.0 	 44.0 	 0.08641975308641975 
107.0 	 209 	 598 	 37.0 	 45.0 	 0.0975609756097561 
108.0 	 211 	 598 	 37.0 	 45.0 	 0.0975609756097561 
109.0 	 213 	 598 	 37.0 	 44.0 	 0.08641975308641975 
110.0 	 215 	 598 	 37.0 	 45.0 	 0.0975609756097561 
111.0 	 217 	 598 	 37.0 	 45.0 	 0.0975609756097561 
112.0 	 219 	 598 	 37.0 	 45.0 	 0.0975609756097561 
113.0 	 221 	 598 	 37.0 	 44.0 	 0.08641975308641975 
114.0 	 223 	 598 	 37.0 	 44.0 	 0.08641975308641975 
115.0 	 225 	 598 	 37.0 	 44.0 	 0.08641975308641975 
116.0 	 227 	 598 	 37.0 	 44.0 	 0.08641975308641975 
117.0 	 230 	 598 	 37.0 	 45.0 	 0.0975609756097561 
118.0 	 231 	 598 	 37.0 	 44.0 	 0.08641975308641975 
119.0 	 234 	 598 	 37.0 	 45.0 	 0.0975609756097561 
120.0 	 236 	 598 	 37.0 	 45.0 	 0.0975609756097561 
121.0 	 238 	 598 	 37.0 	 45.0 	 0.0975609756097561 
122.0 	 240 	 598 	 37.0 	 45.0 	 0.0975609756097561 
123.0 	 242 	 598 	 37.0 	 45.0 	 0.0975609756097561 
124.0 	 244 	 598 	 37.0 	 45.0 	 0.0975609756097561 
125.0 	 246 	 598 	 37.0 	 45.0 	 0.0975609756097561 
126.0 	 248 	 598 	 37.0 	 45.0 	 0.0975609756097561 
127.0 	 250 	 598 	 37.0 	 45.0 	 0.0975609756097561 
128.0 	 252 	 598 	 37.0 	 45.0 	 0.0975609756097561 
129.0 	 255 	 598 	 36.0 	 46.0 	 0.12195121951219512 
130.0 	 257 	 598 	 36.0 	 46.0 	 0.12195121951219512 
131.0 	 259 	 598 	 36.0 	 46.0 	 0.12195121951219512 
132.0 	 261 	 598 	 36.0 	 46.0 	 0.12195121951219512 
133.0 	 263 	 598 	 36.0 	 46.0 	 0.12195121951219512 
134.0 	 265 	 598 	 36.0 	 47.0 	 0.13253012048192772 
135.0 	 268 	 598 	 36.0 	 46.0 	 0.12195121951219512 
136.0 	 270 	 598 	 36.0 	 46.0 	 0.12195121951219512 
137.0 	 272 	 598 	 36.0 	 46.0 	 0.12195121951219512 
138.0 	 274 	 598 	 37.0 	 46.0 	 0.10843373493975904 
139.0 	 276 	 598 	 36.0 	 45.0 	 0.1111111111111111 
140.0 	 278 	 598 	 36.0 	 45.0 	 0.1111111111111111 
141.0 	 280 	 598 	 36.0 	 45.0 	 0.1111111111111111 
142.0 	 283 	 598 	 36.0 	 45.0 	 0.1111111111111111 
143.0 	 285 	 598 	 36.0 	 46.0 	 0.12195121951219512 
144.0 	 287 	 597 	 37.0 	 46.0 	 0.10843373493975904 
145.0 	 289 	 597 	 37.0 	 47.0 	 0.11904761904761904 
146.0 	 291 	 597 	 37.0 	 47.0 	 0.11904761904761904 
147.0 	 294 	 597 	 37.193817138671875 	 46.527626037597656 	 0.11148647878983776 
148.0 	 296 	 597 	 37.0 	 46.0 	 0.10843373493975904 
149.0 	 298 	 597 	 37.0 	 47.0 	 0.11904761904761904 
150.0 	 301 	 597 	 37.0 	 47.0 	 0.11904761904761904 
151.0 	 303 	 597 	 37.0 	 46.0 	 0.10843373493975904 
152.0 	 305 	 597 	 37.0 	 46.0 	 0.10843373493975904 
153.0 	 307 	 597 	 37.0 	 45.0 	 0.0975609756097561 
154.0 	 310 	 597 	 37.0 	 46.0 	 0.10843373493975904 
155.0 	 312 	 597 	 37.0 	 46.0 	 0.10843373493975904 
156.0 	 314 	 597 	 37.0 	 46.0 	 0.10843373493975904 
157.0 	 316 	 597 	 36.0 	 46.0 	 0.12195121951219512 
158.0 	 319 	 597 	 36.0 	 46.0 	 0.12195121951219512 
159.0 	 321 	 597 	 36.0 	 46.0 	 0.12195121951219512 
160.0 	 323 	 597 	 36.0 	 46.0 	 0.12195121951219512 
161.0 	 325 	 597 	 36.0 	 47.0 	 0.13253012048192772 
162.0 	 328 	 597 	 36.0 	 47.0 	 0.13253012048192772 
163.0 	 330 	 597 	 36.0 	 46.0 	 0.12195121951219512 
164.0 	 332 	 597 	 37.0 	 47.0 	 0.11904761904761904 
165.0 	 335 	 596 	 37.0 	 46.0 	 0.10843373493975904 
166.0 	 337 	 596 	 37.0 	 46.0 	 0.10843373493975904 
167.0 	 339 	 596 	 37.0 	 47.0 	 0.11904761904761904 
168.0 	 341 	 596 	 37.0 	 47.0 	 0.11904761904761904 
169.0 	 344 	 596 	 37.0 	 46.0 	 0.10843373493975904 
170.0 	 346 	 596 	 37.0 	 47.0 	 0.11904761904761904 
171.0 	 349 	 596 	 37.0 	 46.0 	 0.10843373493975904 
172.0 	 351 	 596 	 37.0 	 46.0 	 0.10843373493975904 
173.0 	 353 	 596 	 36.0 	 46.0 	 0.12195121951219512 
174.0 	 356 	 596 	 36.0 	 47.0 	 0.13253012048192772 
175.0 	 358 	 596 	 36.0 	 46.0 	 0.12195121951219512 
176.0 	 360 	 596 	 36.0 	 46.0 	 0.12195121951219512 
177.0 	 363 	 596 	 36.0 	 47.0 	 0.13253012048192772 
178.0 	 365 	 596 	 36.0 	 47.0 	 0.13253012048192772 
179.0 	 368 	 596 	 36.0 	 47.0 	 0.13253012048192772 
180.0 	 370 	 596 	 36.0 	 47.0 	 0.13253012048192772 
181.0 	 372 	 596 	 36.0 	 46.0 	 0.12195121951219512 
182.0 	 375 	 596 	 36.0 	 47.0 	 0.13253012048192772 
183.0 	 377 	 596 	 36.0 	 47.0 	 0.13253012048192772 
184.0 	 379 	 596 	 36.0 	 47.0 	 0.13253012048192772 
185.0 	 382 	 596 	 36.0 	 47.0 	 0.13253012048192772 
186.0 	 384 	 596 	 36.0 	 48.0 	 0.14285714285714285 
187.0 	 386 	 596 	 36.0 	 47.0 	 0.13253012048192772 
188.0 	 389 	 596 	 36.0 	 46.0 	 0.12195121951219512 
189.0 	 391 	 596 	 36.0 	 46.0 	 0.12195121951219512 
190.0 	 394 	 596 	 37.0 	 46.0 	 0.10843373493975904 
191.0 	 396 	 596 	 37.0 	 46.0 	 0.10843373493975904 
192.0 	 398 	 595 	 37.0 	 47.0 	 0.11904761904761904 
193.0 	 400 	 595 	 37.0 	 47.0 	 0.11904761904761904 
194.0 	 402 	 595 	 37.0 	 47.0 	 0.11904761904761904 
195.0 	 405 	 595 	 37.0 	 47.0 	 0.11904761904761904 
196.0 	 407 	 595 	 37.0 	 47.0 	 0.11904761904761904 
197.0 	 410 	 595 	 36.0 	 47.0 	 0.13253012048192772 
198.0 	 412 	 595 	 36.0 	 47.0 	 0.13253012048192772 
199.0 	 415 	 595 	 36.0 	 46.0 	 0.12195121951219512 
200.0 	 417 	 595 	 36.0 	 46.0 	 0.12195121951219512 
201.0 	 419 	 595 	 36.0 	 45.0 	 0.1111111111111111 
202.0 	 421 	 595 	 36.0 	 45.0 	 0.1111111111111111 
203.0 	 424 	 595 	 36.0 	 45.0 	 0.1111111111111111 
204.0 	 426 	 595 	 36.0 	 46.0 	 0.12195121951219512 
205.0 	 429 	 595 	 35.0 	 46.0 	 0.13580246913580246 
206.0 	 431 	 595 	 35.0 	 45.0 	 0.125 
207.0 	 433 	 595 	 35.0 	 45.0 	 0.125 
208.0 	 436 	 595 	 35.0 	 46.0 	 0.13580246913580246 
209.0 	 438 	 595 	 34.0 	 46.0 	 0.15 
210.0 	 440 	 595 	 45.0 	 35.0 	 0.125 
211.0 	 443 	 595 	 34.0 	 46.0 	 0.15 
212.0 	 445 	 595 	 33.0 	 45.0 	 0.15384615384615385 
213.0 	 448 	 594 	 33.0 	 45.0 	 0.15384615384615385 
214.0 	 450 	 594 	 32.0 	 45.0 	 0.16883116883116883 
215.0 	 453 	 594 	 32.0 	 46.0 	 0.1794871794871795 
216.0 	 455 	 594 	 32.0 	 46.0 	 0.1794871794871795 
217.0 	 458 	 594 	 32.0 	 46.0 	 0.1794871794871795 
218.0 	 460 	 594 	 31.0 	 46.0 	 0.19480519480519481 
219.0 	 463 	 594 	 31.0 	 45.0 	 0.18421052631578946 
220.0 	 465 	 594 	 31.0 	 45.0 	 0.18421052631578946 
221.0 	 468 	 594 	 32.0 	 45.0 	 0.16883116883116883 
222.0 	 470 	 594 	 32.0 	 44.0 	 0.15789473684210525 
223.0 	 473 	 594 	 33.0 	 45.0 	 0.15384615384615385 
224.0 	 475 	 594 	 33.0 	 44.0 	 0.14285714285714285 
225.0 	 477 	 594 	 33.0 	 45.0 	 0.15384615384615385 
226.0 	 480 	 594 	 33.0 	 45.0 	 0.15384615384615385 
227.0 	 482 	 594 	 33.0 	 46.0 	 0.16455696202531644 
228.0 	 484 	 594 	 33.0 	 46.0 	 0.16455696202531644 
229.0 	 487 	 594 	 33.0 	 45.0 	 0.15384615384615385 
230.0 	 489 	 594 	 33.0 	 46.0 	 0.16455696202531644 
231.0 	 491 	 594 	 34.0 	 47.0 	 0.16049382716049382 
232.0 	 494 	 594 	 33.0 	 45.0 	 0.15384615384615385 
233.0 	 496 	 594 	 33.0 	 45.0 	 0.15384615384615385 
234.0 	 498 	 594 	 33.0 	 46.0 	 0.16455696202531644 
235.0 	 501 	 594 	 34.0 	 47.0 	 0.16049382716049382 
236.0 	 503 	 594 	 34.0 	 46.0 	 0.15 
237.0 	 506 	 594 	 34.0 	 46.0 	 0.15 
238.0 	 508 	 594 	 34.0 	 46.0 	 0.15 
239.0 	 511 	 593 	 34.0 	 45.0 	 0.13924050632911392 
240.0 	 513 	 593 	 34.0 	 45.0 	 0.13924050632911392 
241.0 	 516 	 594 	 34.0 	 45.0 	 0.13924050632911392 
242.0 	 518 	 593 	 34.0 	 45.0 	 0.13924050632911392 
243.0 	 520 	 593 	 34.0 	 46.0 	 0.15 
244.0 	 522 	 593 	 35.0 	 46.0 	 0.13580246913580246 
245.0 	 525 	 593 	 34.0 	 45.0 	 0.13924050632911392 
246.0 	 527 	 593 	 34.0 	 45.0 	 0.13924050632911392 
247.0 	 529 	 593 	 35.0 	 44.0 	 0.11392405063291139 
248.0 	 532 	 593 	 35.0 	 45.0 	 0.125 
249.0 	 534 	 593 	 35.0 	 45.0 	 0.125 
250.0 	 536 	 593 	 34.0 	 45.0 	 0.13924050632911392 
251.0 	 539 	 593 	 34.0 	 44.0 	 0.1282051282051282 
252.0 	 541 	 593 	 34.0 	 44.0 	 0.1282051282051282 
253.0 	 543 	 593 	 34.0 	 45.0 	 0.13924050632911392 
254.0 	 545 	 593 	 34.0 	 44.0 	 0.1282051282051282 
255.0 	 548 	 593 	 34.0 	 45.0 	 0.13924050632911392 
256.0 	 550 	 593 	 35.0 	 45.0 	 0.125 
257.0 	 553 	 593 	 35.0 	 45.0 	 0.125 
258.0 	 555 	 593 	 35.0 	 46.0 	 0.13580246913580246 
259.0 	 558 	 593 	 34.0 	 46.0 	 0.15 
260.0 	 560 	 593 	 35.0 	 46.0 	 0.13580246913580246 
261.0 	 562 	 593 	 35.0 	 47.0 	 0.14634146341463414 
262.0 	 564 	 593 	 35.0 	 47.0 	 0.14634146341463414 
263.0 	 567 	 593 	 35.0 	 47.0 	 0.14634146341463414 
264.0 	 569 	 593 	 35.0 	 47.0 	 0.14634146341463414 
265.0 	 571 	 593 	 34.0 	 47.0 	 0.16049382716049382 
266.0 	 574 	 593 	 34.0 	 46.0 	 0.15 
267.0 	 576 	 593 	 34.0 	 45.0 	 0.13924050632911392 
268.0 	 578 	 593 	 35.0 	 46.0 	 0.13580246913580246 
269.0 	 581 	 593 	 35.0 	 46.0 	 0.13580246913580246 
270.0 	 583 	 593 	 34.0 	 47.0 	 0.16049382716049382 
271.0 	 586 	 593 	 34.0 	 46.0 	 0.15 
272.0 	 588 	 593 	 35.0 	 46.0 	 0.13580246913580246 
273.0 	 590 	 593 	 35.0 	 47.0 	 0.14634146341463414 
274.0 	 592 	 592 	 35.0 	 47.0 	 0.14634146341463414 
275.0 	 594 	 592 	 35.0 	 47.0 	 0.14634146341463414 
276.0 	 597 	 592 	 35.0 	 47.0 	 0.14634146341463414 
277.0 	 599 	 592 	 35.0 	 46.0 	 0.13580246913580246 
278.0 	 601 	 592 	 35.0 	 47.0 	 0.14634146341463414 
279.0 	 604 	 592 	 35.0 	 47.0 	 0.14634146341463414 
280.0 	 606 	 592 	 35.0 	 47.0 	 0.14634146341463414 
281.0 	 608 	 592 	 35.0 	 47.0 	 0.14634146341463414 
282.0 	 611 	 592 	 35.0 	 47.0 	 0.14634146341463414 
283.0 	 613 	 592 	 35.0 	 47.0 	 0.14634146341463414 
284.0 	 615 	 592 	 35.0 	 47.0 	 0.14634146341463414 
285.0 	 617 	 592 	 35.0 	 48.0 	 0.1566265060240964 
286.0 	 620 	 592 	 35.0 	 48.0 	 0.1566265060240964 
287.0 	 622 	 592 	 36.0 	 47.0 	 0.13253012048192772 
288.0 	 624 	 592 	 36.0 	 48.0 	 0.14285714285714285 
289.0 	 627 	 592 	 35.0 	 48.0 	 0.1566265060240964 
290.0 	 629 	 592 	 35.0 	 47.0 	 0.14634146341463414 
291.0 	 632 	 592 	 35.0 	 47.0 	 0.14634146341463414 
292.0 	 634 	 592 	 35.0 	 47.0 	 0.14634146341463414 
293.0 	 636 	 592 	 35.0 	 47.0 	 0.14634146341463414 
294.0 	 639 	 592 	 36.0 	 47.0 	 0.13253012048192772 
295.0 	 641 	 592 	 36.0 	 47.0 	 0.13253012048192772 
296.0 	 643 	 592 	 36.0 	 47.0 	 0.13253012048192772 
297.0 	 645 	 592 	 36.0 	 47.0 	 0.13253012048192772 
298.0 	 648 	 592 	 36.0 	 48.0 	 0.14285714285714285 
299.0 	 650 	 592 	 36.0 	 48.0 	 0.14285714285714285 
300.0 	 653 	 592 	 36.0 	 47.0 	 0.13253012048192772 
301.0 	 654 	 591 	 35.0 	 47.0 	 0.14634146341463414 
302.0 	 657 	 591 	 35.0 	 47.0 	 0.14634146341463414 
303.0 	 659 	 591 	 36.0 	 47.0 	 0.13253012048192772 
304.0 	 661 	 591 	 36.0 	 47.0 	 0.13253012048192772 
305.0 	 664 	 591 	 36.0 	 48.0 	 0.14285714285714285 
306.0 	 666 	 591 	 36.0 	 48.0 	 0.14285714285714285 
307.0 	 668 	 591 	 36.0 	 48.0 	 0.14285714285714285 
308.0 	 670 	 591 	 36.0 	 47.0 	 0.13253012048192772 
309.0 	 673 	 591 	 36.0 	 47.0 	 0.13253012048192772 
310.0 	 675 	 591 	 36.0 	 48.0 	 0.14285714285714285 
311.0 	 677 	 591 	 36.0 	 47.0 	 0.13253012048192772 
312.0 	 679 	 591 	 36.0 	 47.0 	 0.13253012048192772 
313.0 	 682 	 591 	 36.0 	 48.0 	 0.14285714285714285 
314.0 	 684 	 591 	 36.0 	 48.0 	 0.14285714285714285 
315.0 	 686 	 591 	 36.0 	 47.0 	 0.13253012048192772 
316.0 	 689 	 591 	 36.0 	 48.0 	 0.14285714285714285 
317.0 	 691 	 591 	 36.0 	 47.0 	 0.13253012048192772 
318.0 	 693 	 591 	 36.0 	 47.0 	 0.13253012048192772 
319.0 	 695 	 591 	 36.0 	 47.0 	 0.13253012048192772 
320.0 	 697 	 591 	 36.0 	 47.0 	 0.13253012048192772 
321.0 	 700 	 591 	 36.0 	 47.0 	 0.13253012048192772 
322.0 	 702 	 591 	 36.0 	 47.0 	 0.13253012048192772 
323.0 	 704 	 591 	 47.0 	 37.0 	 0.11904761904761904 
324.0 	 706 	 591 	 37.0 	 47.0 	 0.11904761904761904 
325.0 	 709 	 591 	 37.0 	 48.0 	 0.12941176470588237 
326.0 	 711 	 591 	 36.88413619995117 	 48.14815139770508 	 0.13246750753139067 
327.0 	 713 	 590 	 36.0 	 47.0 	 0.13253012048192772 
328.0 	 715 	 590 	 35.0 	 47.0 	 0.14634146341463414 
329.0 	 717 	 590 	 35.0 	 47.0 	 0.14634146341463414 
330.0 	 720 	 590 	 35.0 	 47.0 	 0.14634146341463414 
331.0 	 722 	 590 	 35.0 	 47.0 	 0.14634146341463414 
332.0 	 724 	 590 	 35.0 	 47.0 	 0.14634146341463414 
333.0 	 726 	 590 	 35.0 	 47.0 	 0.14634146341463414 
334.0 	 729 	 590 	 36.0 	 46.0 	 0.12195121951219512 
335.0 	 731 	 590 	 36.0 	 47.0 	 0.13253012048192772 
336.0 	 733 	 590 	 36.0 	 47.0 	 0.13253012048192772 
337.0 	 735 	 590 	 36.0 	 47.0 	 0.13253012048192772 
338.0 	 737 	 590 	 36.0 	 47.0 	 0.13253012048192772 
339.0 	 739 	 590 	 36.0 	 47.0 	 0.13253012048192772 
340.0 	 741 	 590 	 35.0 	 47.0 	 0.14634146341463414 
341.0 	 744 	 590 	 35.0 	 47.0 	 0.14634146341463414 
342.0 	 746 	 590 	 36.0 	 46.0 	 0.12195121951219512 
343.0 	 748 	 590 	 36.0 	 46.0 	 0.12195121951219512 
344.0 	 750 	 589 	 37.0 	 47.0 	 0.11904761904761904 
345.0 	 753 	 589 	 36.200748443603516 	 47.321739196777344 	 0.13314965906016826 
346.0 	 755 	 589 	 36.0 	 46.0 	 0.12195121951219512 
347.0 	 757 	 589 	 36.0 	 46.0 	 0.12195121951219512 
348.0 	 759 	 589 	 36.0 	 46.0 	 0.12195121951219512 
349.0 	 761 	 589 	 36.0 	 46.0 	 0.12195121951219512 
350.0 	 763 	 589 	 36.0 	 46.0 	 0.12195121951219512 
351.0 	 765 	 589 	 36.0 	 46.0 	 0.12195121951219512 
352.0 	 767 	 589 	 36.0 	 46.0 	 0.12195121951219512 
353.0 	 769 	 589 	 36.0 	 46.0 	 0.12195121951219512 
354.0 	 771 	 589 	 36.0 	 46.0 	 0.12195121951219512 
355.0 	 773 	 589 	 36.0 	 46.0 	 0.12195121951219512 
356.0 	 776 	 589 	 36.0 	 46.0 	 0.12195121951219512 
357.0 	 778 	 589 	 36.0 	 46.0 	 0.12195121951219512 
358.0 	 780 	 589 	 36.0 	 46.0 	 0.12195121951219512 
359.0 	 782 	 589 	 36.0 	 46.0 	 0.12195121951219512 
360.0 	 784 	 589 	 36.0 	 46.0 	 0.12195121951219512 
361.0 	 786 	 589 	 36.0 	 46.0 	 0.12195121951219512 
362.0 	 788 	 589 	 35.0 	 46.0 	 0.13580246913580246 
363.0 	 790 	 589 	 35.0 	 46.0 	 0.13580246913580246 
364.0 	 792 	 589 	 35.0 	 46.0 	 0.13580246913580246 
365.0 	 794 	 589 	 35.0 	 46.0 	 0.13580246913580246 
366.0 	 796 	 589 	 35.0 	 45.0 	 0.125 
367.0 	 798 	 589 	 35.0 	 46.0 	 0.13580246913580246 
368.0 	 800 	 589 	 35.0 	 46.0 	 0.13580246913580246 
369.0 	 803 	 589 	 35.0 	 46.0 	 0.13580246913580246 
370.0 	 805 	 589 	 34.0 	 46.0 	 0.15 
371.0 	 807 	 589 	 35.0 	 45.0 	 0.125 
372.0 	 809 	 589 	 35.0 	 46.0 	 0.13580246913580246 
373.0 	 811 	 589 	 34.0 	 46.0 	 0.15 
374.0 	 813 	 589 	 34.0 	 47.0 	 0.16049382716049382 
375.0 	 815 	 589 	 34.0 	 47.0 	 0.16049382716049382 
376.0 	 817 	 589 	 34.0 	 47.0 	 0.16049382716049382 
377.0 	 820 	 589 	 34.0 	 46.0 	 0.15 
378.0 	 822 	 588 	 35.0 	 46.0 	 0.13580246913580246 
379.0 	 824 	 588 	 35.0 	 46.0 	 0.13580246913580246 
380.0 	 826 	 588 	 35.0 	 46.0 	 0.13580246913580246 
381.0 	 828 	 588 	 35.0 	 46.0 	 0.13580246913580246 
382.0 	 830 	 588 	 34.0 	 47.0 	 0.16049382716049382 
383.0 	 833 	 588 	 34.74351501464844 	 47.24504470825195 	 0.15247895237890963 
384.0 	 835 	 588 	 35.0 	 47.0 	 0.14634146341463414 
385.0 	 837 	 588 	 35.0 	 45.0 	 0.125 
386.0 	 839 	 588 	 35.0 	 45.0 	 0.125 
387.0 	 841 	 588 	 35.0 	 46.0 	 0.13580246913580246 
388.0 	 843 	 588 	 35.0 	 46.0 	 0.13580246913580246 
389.0 	 845 	 587 	 35.0 	 46.0 	 0.13580246913580246 
390.0 	 847 	 587 	 35.0 	 46.0 	 0.13580246913580246 
391.0 	 849 	 587 	 35.0 	 46.0 	 0.13580246913580246 
392.0 	 851 	 587 	 35.0 	 47.0 	 0.14634146341463414 
393.0 	 853 	 587 	 35.0 	 47.0 	 0.14634146341463414 
394.0 	 855 	 587 	 36.0 	 47.0 	 0.13253012048192772 
395.0 	 857 	 587 	 36.0 	 46.0 	 0.12195121951219512 
396.0 	 859 	 587 	 36.0 	 45.0 	 0.1111111111111111 
397.0 	 861 	 588 	 36.0 	 45.0 	 0.1111111111111111 
398.0 	 863 	 588 	 36.0 	 45.0 	 0.1111111111111111 
399.0 	 865 	 588 	 36.0 	 45.0 	 0.1111111111111111 
400.0 	 868 	 587 	 36.0 	 46.0 	 0.12195121951219512 
401.0 	 870 	 587 	 36.0 	 46.0 	 0.12195121951219512 
402.0 	 872 	 587 	 37.0 	 46.0 	 0.10843373493975904 
403.0 	 874 	 587 	 37.0 	 46.0 	 0.10843373493975904 
404.0 	 876 	 587 	 37.0 	 46.0 	 0.10843373493975904 
405.0 	 878 	 587 	 36.0 	 46.0 	 0.12195121951219512 
406.0 	 880 	 587 	 36.0 	 47.0 	 0.13253012048192772 
407.0 	 882 	 587 	 36.0 	 47.0 	 0.13253012048192772 
408.0 	 885 	 587 	 36.0 	 47.0 	 0.13253012048192772 
409.0 	 887 	 587 	 36.0 	 46.0 	 0.12195121951219512 
410.0 	 889 	 587 	 36.0 	 46.0 	 0.12195121951219512 
411.0 	 891 	 587 	 36.0 	 45.0 	 0.1111111111111111 
412.0 	 893 	 587 	 36.0 	 45.0 	 0.1111111111111111 
413.0 	 895 	 587 	 36.0 	 45.0 	 0.1111111111111111 
414.0 	 897 	 587 	 36.0 	 46.0 	 0.12195121951219512 
415.0 	 899 	 587 	 36.0 	 46.0 	 0.12195121951219512 
416.0 	 901 	 587 	 36.0 	 46.0 	 0.12195121951219512 
417.0 	 904 	 587 	 36.0 	 46.0 	 0.12195121951219512 
418.0 	 906 	 587 	 36.0 	 46.0 	 0.12195121951219512 
419.0 	 908 	 587 	 36.0 	 46.0 	 0.12195121951219512 
420.0 	 910 	 587 	 36.0 	 47.0 	 0.13253012048192772 
421.0 	 912 	 586 	 36.0 	 47.0 	 0.13253012048192772 
422.0 	 914 	 586 	 36.0 	 46.0 	 0.12195121951219512 
423.0 	 916 	 586 	 36.0 	 46.0 	 0.12195121951219512 
424.0 	 918 	 586 	 35.0 	 46.0 	 0.13580246913580246 
425.0 	 921 	 586 	 35.0 	 46.0 	 0.13580246913580246 
426.0 	 923 	 586 	 36.0 	 46.0 	 0.12195121951219512 
427.0 	 925 	 587 	 36.0 	 46.0 	 0.12195121951219512 
428.0 	 927 	 586 	 36.0 	 45.0 	 0.1111111111111111 
429.0 	 929 	 586 	 36.0 	 46.0 	 0.12195121951219512 
430.0 	 931 	 586 	 36.0 	 46.0 	 0.12195121951219512 
431.0 	 933 	 586 	 36.0 	 46.0 	 0.12195121951219512 
432.0 	 936 	 586 	 36.0 	 46.0 	 0.12195121951219512 
433.0 	 938 	 586 	 35.0 	 46.0 	 0.13580246913580246 
434.0 	 940 	 586 	 35.0 	 46.0 	 0.13580246913580246 
435.0 	 942 	 586 	 35.0 	 47.0 	 0.14634146341463414 
436.0 	 944 	 586 	 35.0 	 47.0 	 0.14634146341463414 
437.0 	 946 	 586 	 35.0 	 46.0 	 0.13580246913580246 
438.0 	 948 	 586 	 35.0 	 46.0 	 0.13580246913580246 
439.0 	 951 	 586 	 35.0 	 46.0 	 0.13580246913580246 
440.0 	 953 	 586 	 35.0 	 46.0 	 0.13580246913580246 
441.0 	 955 	 586 	 35.0 	 46.0 	 0.13580246913580246 
442.0 	 957 	 586 	 36.0 	 47.0 	 0.13253012048192772 
443.0 	 959 	 586 	 36.0 	 46.0 	 0.12195121951219512 
444.0 	 962 	 586 	 36.0 	 46.0 	 0.12195121951219512 
445.0 	 964 	 586 	 36.0 	 46.0 	 0.12195121951219512 
446.0 	 966 	 586 	 36.0 	 46.0 	 0.12195121951219512 
447.0 	 968 	 586 	 36.0 	 46.0 	 0.12195121951219512 
448.0 	 970 	 586 	 36.0 	 46.0 	 0.12195121951219512 
449.0 	 972 	 586 	 36.0 	 47.0 	 0.13253012048192772 
450.0 	 974 	 586 	 36.0 	 46.0 	 0.12195121951219512 
451.0 	 976 	 586 	 36.0 	 46.0 	 0.12195121951219512 
452.0 	 979 	 586 	 36.0 	 46.0 	 0.12195121951219512 
453.0 	 981 	 586 	 36.0 	 46.0 	 0.12195121951219512 
454.0 	 983 	 586 	 36.0 	 46.0 	 0.12195121951219512 
455.0 	 985 	 586 	 36.0 	 46.0 	 0.12195121951219512 
456.0 	 987 	 586 	 36.0 	 46.0 	 0.12195121951219512 
457.0 	 990 	 586 	 35.0 	 46.0 	 0.13580246913580246 
458.0 	 992 	 586 	 35.0 	 46.0 	 0.13580246913580246 
459.0 	 994 	 585 	 35.0 	 46.0 	 0.13580246913580246 
460.0 	 996 	 586 	 35.0 	 47.0 	 0.14634146341463414 
461.0 	 998 	 586 	 35.0 	 46.0 	 0.13580246913580246 
462.0 	 1001 	 586 	 35.0 	 46.0 	 0.13580246913580246 
463.0 	 1003 	 585 	 35.0 	 46.0 	 0.13580246913580246 
464.0 	 1005 	 585 	 35.0 	 46.0 	 0.13580246913580246 
465.0 	 1007 	 585 	 35.0 	 47.0 	 0.14634146341463414 
466.0 	 1009 	 585 	 35.0 	 46.0 	 0.13580246913580246 
467.0 	 1012 	 585 	 35.0 	 46.0 	 0.13580246913580246 
468.0 	 1014 	 585 	 35.0 	 46.0 	 0.13580246913580246 
469.0 	 1016 	 585 	 36.0 	 47.0 	 0.13253012048192772 
470.0 	 1018 	 585 	 36.0 	 47.0 	 0.13253012048192772 
471.0 	 1020 	 585 	 36.0 	 46.0 	 0.12195121951219512 
472.0 	 1023 	 585 	 36.0 	 46.0 	 0.12195121951219512 
473.0 	 1025 	 585 	 36.0 	 47.0 	 0.13253012048192772 
474.0 	 1027 	 585 	 36.0 	 47.0 	 0.13253012048192772 
475.0 	 1029 	 585 	 36.0 	 46.0 	 0.12195121951219512 
476.0 	 1032 	 585 	 36.0 	 46.0 	 0.12195121951219512 
477.0 	 1034 	 585 	 36.0 	 47.0 	 0.13253012048192772 
478.0 	 1036 	 585 	 36.0 	 46.0 	 0.12195121951219512 
479.0 	 1039 	 585 	 35.0 	 46.0 	 0.13580246913580246 
480.0 	 1041 	 585 	 35.0 	 46.0 	 0.13580246913580246 
481.0 	 1043 	 585 	 36.0 	 46.0 	 0.12195121951219512 
482.0 	 1045 	 585 	 35.0 	 46.0 	 0.13580246913580246 
483.0 	 1048 	 585 	 35.0 	 46.0 	 0.13580246913580246 
484.0 	 1050 	 585 	 35.0 	 46.0 	 0.13580246913580246 
485.0 	 1052 	 585 	 35.0 	 46.0 	 0.13580246913580246 
486.0 	 1054 	 584 	 35.0 	 46.0 	 0.13580246913580246 
487.0 	 1057 	 584 	 35.0 	 46.0 	 0.13580246913580246 
488.0 	 1059 	 584 	 35.0 	 46.0 	 0.13580246913580246 
489.0 	 1061 	 584 	 35.0 	 46.0 	 0.13580246913580246 
490.0 	 1063 	 584 	 35.0 	 46.0 	 0.13580246913580246 
491.0 	 1066 	 584 	 35.0 	 47.0 	 0.14634146341463414 
492.0 	 1068 	 584 	 35.0 	 46.0 	 0.13580246913580246 
493.0 	 1070 	 584 	 35.0 	 45.0 	 0.125 
494.0 	 1072 	 584 	 35.0 	 45.0 	 0.125 
495.0 	 1075 	 584 	 35.0 	 46.0 	 0.13580246913580246 
496.0 	 1077 	 584 	 35.0 	 46.0 	 0.13580246913580246 
497.0 	 1079 	 584 	 35.0 	 46.0 	 0.13580246913580246 
498.0 	 1082 	 584 	 35.0 	 46.0 	 0.13580246913580246 
499.0 	 1084 	 584 	 35.0 	 47.0 	 0.14634146341463414 
500.0 	 1086 	 584 	 35.0 	 46.0 	 0.13580246913580246 
501.0 	 1089 	 584 	 36.0 	 46.0 	 0.12195121951219512 
502.0 	 1091 	 584 	 35.0 	 46.0 	 0.13580246913580246 
503.0 	 1093 	 584 	 35.0 	 46.0 	 0.13580246913580246 
504.0 	 1096 	 584 	 35.0 	 46.0 	 0.13580246913580246 
505.0 	 1098 	 584 	 35.0 	 46.0 	 0.13580246913580246 
506.0 	 1100 	 584 	 35.0 	 46.0 	 0.13580246913580246 
507.0 	 1102 	 584 	 35.0 	 46.0 	 0.13580246913580246 
508.0 	 1105 	 584 	 35.0 	 46.0 	 0.13580246913580246 
509.0 	 1107 	 584 	 35.0 	 46.0 	 0.13580246913580246 
510.0 	 1109 	 584 	 35.0 	 46.0 	 0.13580246913580246 
511.0 	 1111 	 584 	 35.0 	 46.0 	 0.13580246913580246 
512.0 	 1114 	 584 	 36.0 	 46.0 	 0.12195121951219512 
513.0 	 1116 	 584 	 36.0 	 47.0 	 0.13253012048192772 
514.0 	 1118 	 584 	 47.0 	 36.0 	 0.13253012048192772 
515.0 	 1121 	 584 	 35.0 	 47.0 	 0.14634146341463414 
516.0 	 1123 	 584 	 36.0 	 46.0 	 0.12195121951219512 
517.0 	 1125 	 584 	 36.0 	 46.0 	 0.12195121951219512 
518.0 	 1128 	 584 	 36.0 	 46.0 	 0.12195121951219512 
519.0 	 1130 	 584 	 35.0 	 46.0 	 0.13580246913580246 
520.0 	 1132 	 584 	 35.0 	 47.0 	 0.14634146341463414 
521.0 	 1134 	 583 	 35.0 	 47.0 	 0.14634146341463414 
522.0 	 1137 	 583 	 35.0 	 46.0 	 0.13580246913580246 
523.0 	 1139 	 583 	 35.0 	 46.0 	 0.13580246913580246 
524.0 	 1141 	 583 	 35.0 	 47.0 	 0.14634146341463414 
525.0 	 1143 	 583 	 35.0 	 47.0 	 0.14634146341463414 
526.0 	 1146 	 583 	 35.0 	 46.0 	 0.13580246913580246 
527.0 	 1148 	 583 	 35.0 	 46.0 	 0.13580246913580246 
528.0 	 1150 	 583 	 35.0 	 46.0 	 0.13580246913580246 
529.0 	 1152 	 583 	 35.0 	 47.0 	 0.14634146341463414 
530.0 	 1155 	 583 	 35.0 	 47.0 	 0.14634146341463414 
531.0 	 1157 	 583 	 35.0 	 47.0 	 0.14634146341463414 
532.0 	 1159 	 583 	 35.0 	 47.0 	 0.14634146341463414 
533.0 	 1162 	 583 	 35.0 	 47.0 	 0.14634146341463414 
534.0 	 1164 	 583 	 35.0 	 47.0 	 0.14634146341463414 
535.0 	 1166 	 583 	 35.0 	 47.0 	 0.14634146341463414 
536.0 	 1168 	 583 	 35.0 	 47.0 	 0.14634146341463414 
537.0 	 1171 	 583 	 46.0 	 36.0 	 0.12195121951219512 
538.0 	 1173 	 583 	 35.0 	 46.0 	 0.13580246913580246 
539.0 	 1175 	 583 	 35.0 	 45.0 	 0.125 
540.0 	 1177 	 583 	 36.0 	 46.0 	 0.12195121951219512 
541.0 	 1179 	 583 	 36.0 	 46.0 	 0.12195121951219512 
542.0 	 1182 	 583 	 36.0 	 47.0 	 0.13253012048192772 
543.0 	 1184 	 583 	 36.0 	 47.0 	 0.13253012048192772 
544.0 	 1187 	 583 	 36.0 	 46.0 	 0.12195121951219512 
545.0 	 1189 	 583 	 36.0 	 46.0 	 0.12195121951219512 
546.0 	 1191 	 583 	 36.0 	 47.0 	 0.13253012048192772 
547.0 	 1193 	 583 	 36.0 	 47.0 	 0.13253012048192772 
548.0 	 1195 	 583 	 36.0 	 47.0 	 0.13253012048192772 
549.0 	 1198 	 583 	 36.0 	 46.0 	 0.12195121951219512 
550.0 	 1200 	 583 	 35.0 	 47.0 	 0.14634146341463414 
551.0 	 1202 	 583 	 34.0 	 46.0 	 0.15 
552.0 	 1205 	 583 	 35.0 	 46.0 	 0.13580246913580246 
553.0 	 1207 	 583 	 35.0 	 46.0 	 0.13580246913580246 
554.0 	 1209 	 583 	 35.0 	 47.0 	 0.14634146341463414 
555.0 	 1211 	 583 	 35.0 	 47.0 	 0.14634146341463414 
556.0 	 1213 	 583 	 35.0 	 47.0 	 0.14634146341463414 
557.0 	 1215 	 583 	 35.0 	 46.0 	 0.13580246913580246 
558.0 	 1217 	 583 	 35.0 	 46.0 	 0.13580246913580246 
559.0 	 1220 	 582 	 35.0 	 46.0 	 0.13580246913580246 
560.0 	 1222 	 582 	 35.0 	 46.0 	 0.13580246913580246 
561.0 	 1224 	 582 	 35.0 	 47.0 	 0.14634146341463414 
562.0 	 1226 	 582 	 35.0 	 46.0 	 0.13580246913580246 
563.0 	 1228 	 582 	 35.0 	 46.0 	 0.13580246913580246 
564.0 	 1231 	 582 	 35.0 	 46.0 	 0.13580246913580246 
565.0 	 1233 	 582 	 35.0 	 46.0 	 0.13580246913580246 
566.0 	 1235 	 582 	 35.0 	 46.0 	 0.13580246913580246 
567.0 	 1238 	 582 	 35.0 	 46.0 	 0.13580246913580246 
568.0 	 1240 	 582 	 35.0 	 46.0 	 0.13580246913580246 
569.0 	 1242 	 582 	 35.0 	 46.0 	 0.13580246913580246 
570.0 	 1244 	 582 	 35.0 	 45.0 	 0.125 
571.0 	 1246 	 582 	 35.0 	 46.0 	 0.13580246913580246 
572.0 	 1249 	 582 	 35.0 	 46.0 	 0.13580246913580246 
573.0 	 1251 	 582 	 35.0 	 46.0 	 0.13580246913580246 
574.0 	 1253 	 582 	 35.0 	 46.0 	 0.13580246913580246 
575.0 	 1256 	 582 	 35.0 	 46.0 	 0.13580246913580246 
576.0 	 1258 	 582 	 35.0 	 46.0 	 0.13580246913580246 
577.0 	 1260 	 582 	 34.0 	 46.0 	 0.15 
578.0 	 1262 	 582 	 46.0 	 35.0 	 0.13580246913580246 
579.0 	 1264 	 582 	 36.0 	 45.0 	 0.1111111111111111 
580.0 	 1266 	 582 	 35.0 	 45.0 	 0.125 
581.0 	 1268 	 582 	 35.0 	 46.0 	 0.13580246913580246 
582.0 	 1270 	 582 	 35.0 	 46.0 	 0.13580246913580246 
583.0 	 1273 	 581 	 35.0 	 46.0 	 0.13580246913580246 
584.0 	 1275 	 581 	 35.0 	 46.0 	 0.13580246913580246 
585.0 	 1277 	 581 	 35.0 	 46.0 	 0.13580246913580246 
586.0 	 1280 	 581 	 36.0 	 45.0 	 0.1111111111111111 
587.0 	 1282 	 581 	 36.0 	 45.0 	 0.1111111111111111 
588.0 	 1284 	 581 	 36.0 	 46.0 	 0.12195121951219512 
589.0 	 1286 	 582 	 36.0 	 45.0 	 0.1111111111111111 
590.0 	 1288 	 581 	 37.0 	 45.0 	 0.0975609756097561 
591.0 	 1290 	 581 	 36.0 	 46.0 	 0.12195121951219512 
592.0 	 1293 	 581 	 35.0 	 46.0 	 0.13580246913580246 
593.0 	 1295 	 581 	 36.0 	 46.0 	 0.12195121951219512 
594.0 	 1297 	 581 	 35.0 	 46.0 	 0.13580246913580246 
595.0 	 1299 	 581 	 36.0 	 46.0 	 0.12195121951219512 
596.0 	 1302 	 581 	 36.0 	 46.0 	 0.12195121951219512 
597.0 	 1304 	 581 	 36.0 	 46.0 	 0.12195121951219512 
598.0 	 1306 	 581 	 36.0 	 46.0 	 0.12195121951219512 
599.0 	 1308 	 581 	 36.0 	 46.0 	 0.12195121951219512 
600.0 	 1310 	 581 	 36.0 	 46.0 	 0.12195121951219512 
601.0 	 1312 	 581 	 36.0 	 46.0 	 0.12195121951219512 
602.0 	 1315 	 581 	 36.0 	 46.0 	 0.12195121951219512 
603.0 	 1317 	 581 	 36.0 	 45.0 	 0.1111111111111111 
604.0 	 1319 	 581 	 36.0 	 45.0 	 0.1111111111111111 
605.0 	 1322 	 581 	 36.0 	 46.0 	 0.12195121951219512 
606.0 	 1324 	 581 	 36.0 	 46.0 	 0.12195121951219512 
607.0 	 1326 	 581 	 36.0 	 46.0 	 0.12195121951219512 
608.0 	 1328 	 581 	 36.0 	 47.0 	 0.13253012048192772 
609.0 	 1330 	 581 	 36.0 	 46.0 	 0.12195121951219512 
610.0 	 1332 	 581 	 36.0 	 46.0 	 0.12195121951219512 
611.0 	 1334 	 581 	 36.0 	 46.0 	 0.12195121951219512 
612.0 	 1337 	 581 	 36.0 	 46.0 	 0.12195121951219512 
613.0 	 1339 	 581 	 35.0 	 46.0 	 0.13580246913580246 
614.0 	 1341 	 581 	 35.0 	 46.0 	 0.13580246913580246 
615.0 	 1343 	 581 	 35.0 	 46.0 	 0.13580246913580246 
616.0 	 1345 	 581 	 35.0 	 46.0 	 0.13580246913580246 
617.0 	 1347 	 580 	 35.0 	 46.0 	 0.13580246913580246 
618.0 	 1350 	 581 	 35.0 	 46.0 	 0.13580246913580246 
619.0 	 1352 	 581 	 35.0 	 46.0 	 0.13580246913580246 
620.0 	 1354 	 581 	 35.0 	 46.0 	 0.13580246913580246 
621.0 	 1356 	 580 	 35.0 	 46.0 	 0.13580246913580246 
622.0 	 1358 	 580 	 35.0 	 46.0 	 0.13580246913580246 
623.0 	 1361 	 580 	 35.0 	 46.0 	 0.13580246913580246 
624.0 	 1363 	 580 	 35.0 	 46.0 	 0.13580246913580246 
625.0 	 1365 	 581 	 35.0 	 47.0 	 0.14634146341463414 
626.0 	 1367 	 580 	 35.0 	 47.0 	 0.14634146341463414 
627.0 	 1369 	 580 	 35.0 	 46.0 	 0.13580246913580246 
628.0 	 1372 	 580 	 35.0 	 46.0 	 0.13580246913580246 
629.0 	 1374 	 580 	 35.0 	 46.0 	 0.13580246913580246 
630.0 	 1376 	 580 	 35.0 	 46.0 	 0.13580246913580246 
631.0 	 1378 	 580 	 35.0 	 46.0 	 0.13580246913580246 
632.0 	 1380 	 580 	 35.0 	 46.0 	 0.13580246913580246 
633.0 	 1382 	 580 	 35.0 	 45.0 	 0.125 
634.0 	 1384 	 580 	 35.0 	 45.0 	 0.125 
635.0 	 1387 	 580 	 36.0 	 46.0 	 0.12195121951219512 
636.0 	 1389 	 580 	 35.0 	 46.0 	 0.13580246913580246 
637.0 	 1391 	 580 	 35.0 	 46.0 	 0.13580246913580246 
638.0 	 1393 	 580 	 35.0 	 46.0 	 0.13580246913580246 
639.0 	 1395 	 580 	 35.0 	 46.0 	 0.13580246913580246 
640.0 	 1397 	 580 	 35.0 	 46.0 	 0.13580246913580246 
641.0 	 1399 	 580 	 35.0 	 46.0 	 0.13580246913580246 
642.0 	 1402 	 580 	 35.0 	 46.0 	 0.13580246913580246 
643.0 	 1404 	 579 	 35.0 	 46.0 	 0.13580246913580246 
644.0 	 1405 	 579 	 35.0 	 46.0 	 0.13580246913580246 
645.0 	 1408 	 579 	 35.0 	 46.0 	 0.13580246913580246 
646.0 	 1410 	 579 	 35.0 	 46.0 	 0.13580246913580246 
647.0 	 1412 	 579 	 35.0 	 47.0 	 0.14634146341463414 
648.0 	 1414 	 580 	 36.0 	 47.0 	 0.13253012048192772 
649.0 	 1416 	 579 	 35.0 	 45.0 	 0.125 
650.0 	 1418 	 579 	 35.0 	 45.0 	 0.125 
651.0 	 1420 	 579 	 35.0 	 46.0 	 0.13580246913580246 
652.0 	 1423 	 579 	 35.0 	 46.0 	 0.13580246913580246 
653.0 	 1425 	 579 	 35.0 	 45.0 	 0.125 
654.0 	 1427 	 579 	 35.0 	 45.0 	 0.125 
655.0 	 1429 	 579 	 36.0 	 45.0 	 0.1111111111111111 
656.0 	 1431 	 579 	 36.0 	 45.0 	 0.1111111111111111 
657.0 	 1433 	 579 	 36.0 	 45.0 	 0.1111111111111111 
658.0 	 1435 	 579 	 36.0 	 45.0 	 0.1111111111111111 
659.0 	 1437 	 579 	 36.0 	 45.0 	 0.1111111111111111 
660.0 	 1439 	 579 	 36.0 	 45.0 	 0.1111111111111111 
661.0 	 1441 	 579 	 36.0 	 45.0 	 0.1111111111111111 
662.0 	 1443 	 579 	 36.0 	 45.0 	 0.1111111111111111 
663.0 	 1445 	 579 	 36.0 	 45.0 	 0.1111111111111111 
664.0 	 1448 	 579 	 36.0 	 46.0 	 0.12195121951219512 
665.0 	 1450 	 579 	 36.0 	 46.0 	 0.12195121951219512 
666.0 	 1452 	 579 	 36.0 	 46.0 	 0.12195121951219512 
667.0 	 1454 	 579 	 36.0 	 46.0 	 0.12195121951219512 
668.0 	 1456 	 579 	 36.0 	 45.0 	 0.1111111111111111 
669.0 	 1458 	 579 	 36.0 	 45.0 	 0.1111111111111111 
670.0 	 1460 	 579 	 36.0 	 45.0 	 0.1111111111111111 
671.0 	 1462 	 579 	 36.0 	 45.0 	 0.1111111111111111 
672.0 	 1464 	 579 	 36.0 	 45.0 	 0.1111111111111111 
673.0 	 1466 	 579 	 36.0 	 45.0 	 0.1111111111111111 
674.0 	 1468 	 579 	 36.0 	 45.0 	 0.1111111111111111 
675.0 	 1470 	 579 	 36.0 	 45.0 	 0.1111111111111111 
676.0 	 1472 	 579 	 36.0 	 45.0 	 0.1111111111111111 
677.0 	 1474 	 579 	 36.0 	 45.0 	 0.1111111111111111 
678.0 	 1476 	 579 	 36.0 	 45.0 	 0.1111111111111111 
679.0 	 1478 	 579 	 36.0 	 45.0 	 0.1111111111111111 
680.0 	 1481 	 579 	 37.0 	 46.0 	 0.10843373493975904 
681.0 	 1483 	 578 	 37.0 	 46.0 	 0.10843373493975904 
682.0 	 1485 	 578 	 37.0 	 45.0 	 0.0975609756097561 
683.0 	 1487 	 578 	 37.0 	 45.0 	 0.0975609756097561 
684.0 	 1489 	 578 	 37.0 	 45.0 	 0.0975609756097561 
685.0 	 1491 	 578 	 38.0 	 45.0 	 0.08433734939759036 
686.0 	 1493 	 578 	 37.0 	 45.0 	 0.0975609756097561 
687.0 	 1495 	 578 	 37.0 	 45.0 	 0.0975609756097561 
688.0 	 1497 	 578 	 37.0 	 45.0 	 0.0975609756097561 
689.0 	 1499 	 578 	 37.0 	 45.0 	 0.0975609756097561 
690.0 	 1501 	 578 	 37.0 	 45.0 	 0.0975609756097561 
691.0 	 1503 	 578 	 37.0 	 45.0 	 0.0975609756097561 
692.0 	 1505 	 578 	 37.0 	 45.0 	 0.0975609756097561 
693.0 	 1507 	 578 	 37.0 	 45.0 	 0.0975609756097561 
694.0 	 1508 	 578 	 38.0 	 45.0 	 0.08433734939759036 
695.0 	 1511 	 578 	 38.0 	 45.0 	 0.08433734939759036 
696.0 	 1513 	 577 	 37.0 	 45.0 	 0.0975609756097561 
697.0 	 1515 	 578 	 36.0 	 45.0 	 0.1111111111111111 
698.0 	 1517 	 578 	 36.0 	 45.0 	 0.1111111111111111 
699.0 	 1519 	 578 	 36.0 	 46.0 	 0.12195121951219512 
700.0 	 1521 	 578 	 36.0 	 46.0 	 0.12195121951219512 
701.0 	 1523 	 578 	 36.0 	 45.0 	 0.1111111111111111 
702.0 	 1525 	 578 	 36.0 	 44.0 	 0.1 
703.0 	 1527 	 578 	 36.0 	 44.0 	 0.1 
704.0 	 1530 	 578 	 36.0 	 44.0 	 0.1 
705.0 	 1532 	 578 	 36.0 	 44.0 	 0.1 
706.0 	 1534 	 578 	 36.0 	 44.0 	 0.1 
707.0 	 1536 	 578 	 36.0 	 44.0 	 0.1 
708.0 	 1537 	 578 	 36.0 	 44.0 	 0.1 
709.0 	 1540 	 578 	 37.0 	 45.0 	 0.0975609756097561 
710.0 	 1542 	 578 	 37.0 	 44.0 	 0.08641975308641975 
711.0 	 1544 	 578 	 37.0 	 45.0 	 0.0975609756097561 
712.0 	 1546 	 578 	 36.0 	 45.0 	 0.1111111111111111 
713.0 	 1548 	 578 	 36.0 	 45.0 	 0.1111111111111111 
714.0 	 1550 	 578 	 36.0 	 45.0 	 0.1111111111111111 
715.0 	 1552 	 577 	 38.0 	 45.0 	 0.08433734939759036 
716.0 	 1554 	 577 	 37.0 	 45.0 	 0.0975609756097561 
717.0 	 1556 	 577 	 37.0 	 45.0 	 0.0975609756097561 
718.0 	 1559 	 578 	 37.0 	 45.0 	 0.0975609756097561 
719.0 	 1561 	 577 	 37.0 	 45.0 	 0.0975609756097561 
720.0 	 1563 	 577 	 37.0 	 46.0 	 0.10843373493975904 
721.0 	 1565 	 577 	 36.0 	 44.0 	 0.1 
722.0 	 1567 	 577 	 36.0 	 44.0 	 0.1 
723.0 	 1569 	 577 	 36.0 	 44.0 	 0.1 
724.0 	 1571 	 577 	 36.0 	 44.0 	 0.1 
725.0 	 1573 	 577 	 36.0 	 44.0 	 0.1 
726.0 	 1575 	 577 	 36.0 	 44.0 	 0.1 
727.0 	 1577 	 577 	 37.0 	 44.0 	 0.08641975308641975 
728.0 	 1579 	 577 	 37.0 	 44.0 	 0.08641975308641975 
729.0 	 1581 	 577 	 36.0 	 45.0 	 0.1111111111111111 
730.0 	 1583 	 577 	 37.0 	 44.0 	 0.08641975308641975 
731.0 	 1585 	 577 	 37.0 	 44.0 	 0.08641975308641975 
732.0 	 1588 	 577 	 37.0 	 44.0 	 0.08641975308641975 
733.0 	 1590 	 577 	 36.0 	 44.0 	 0.1 
734.0 	 1592 	 577 	 36.0 	 44.0 	 0.1 
735.0 	 1594 	 577 	 36.0 	 45.0 	 0.1111111111111111 
736.0 	 1596 	 577 	 36.0 	 44.0 	 0.1 
737.0 	 1598 	 577 	 36.0 	 45.0 	 0.1111111111111111 
738.0 	 1600 	 577 	 36.0 	 44.0 	 0.1 
739.0 	 1603 	 577 	 35.0 	 44.0 	 0.11392405063291139 
740.0 	 1604 	 577 	 36.0 	 44.0 	 0.1 
741.0 	 1606 	 577 	 36.0 	 44.0 	 0.1 
742.0 	 1608 	 577 	 36.0 	 44.0 	 0.1 
743.0 	 1611 	 577 	 36.0 	 44.0 	 0.1 
744.0 	 1613 	 577 	 36.0 	 44.0 	 0.1 
745.0 	 1615 	 577 	 35.0 	 44.0 	 0.11392405063291139 
746.0 	 1617 	 577 	 35.0 	 45.0 	 0.125 
747.0 	 1619 	 576 	 35.0 	 44.0 	 0.11392405063291139 
748.0 	 1621 	 576 	 35.0 	 45.0 	 0.125 
749.0 	 1623 	 577 	 35.0 	 44.0 	 0.11392405063291139 
750.0 	 1625 	 576 	 35.0 	 44.0 	 0.11392405063291139 
751.0 	 1627 	 576 	 35.0 	 44.0 	 0.11392405063291139 
752.0 	 1629 	 576 	 35.0 	 44.0 	 0.11392405063291139 
753.0 	 1631 	 576 	 35.0 	 44.0 	 0.11392405063291139 
754.0 	 1634 	 576 	 35.0 	 44.0 	 0.11392405063291139 
755.0 	 1636 	 576 	 35.0 	 45.0 	 0.125 
756.0 	 1638 	 576 	 35.0 	 45.0 	 0.125 
757.0 	 1640 	 576 	 43.0 	 36.0 	 0.08860759493670886 
758.0 	 1642 	 576 	 35.0 	 44.0 	 0.11392405063291139 
759.0 	 1644 	 576 	 34.0 	 43.0 	 0.11688311688311688 
760.0 	 1646 	 576 	 34.0 	 43.0 	 0.11688311688311688 
761.0 	 1648 	 576 	 34.0 	 44.0 	 0.1282051282051282 
762.0 	 1650 	 576 	 34.0 	 43.0 	 0.11688311688311688 
763.0 	 1652 	 576 	 34.0 	 43.0 	 0.11688311688311688 
764.0 	 1654 	 576 	 34.0 	 43.0 	 0.11688311688311688 
765.0 	 1657 	 576 	 34.0 	 44.0 	 0.1282051282051282 
766.0 	 1659 	 576 	 34.0 	 44.0 	 0.1282051282051282 
767.0 	 1661 	 576 	 34.0 	 44.0 	 0.1282051282051282 
768.0 	 1663 	 576 	 35.0 	 44.0 	 0.11392405063291139 
769.0 	 1665 	 576 	 35.0 	 44.0 	 0.11392405063291139 
770.0 	 1668 	 576 	 35.0 	 44.0 	 0.11392405063291139 
771.0 	 1669 	 575 	 35.0 	 44.0 	 0.11392405063291139 
772.0 	 1671 	 575 	 35.0 	 45.0 	 0.125 
773.0 	 1673 	 575 	 35.0 	 44.0 	 0.11392405063291139 
774.0 	 1676 	 575 	 36.0 	 44.0 	 0.1 
775.0 	 1678 	 575 	 36.0 	 44.0 	 0.1 
776.0 	 1680 	 575 	 36.0 	 43.0 	 0.08860759493670886 
777.0 	 1682 	 575 	 44.03232955932617 	 35.72200393676758 	 0.10419904797982697 
778.0 	 1684 	 575 	 35.0 	 43.0 	 0.10256410256410256 
779.0 	 1687 	 575 	 35.0 	 42.0 	 0.09090909090909091 
780.0 	 1689 	 575 	 34.0 	 43.0 	 0.11688311688311688 
781.0 	 1691 	 575 	 34.0 	 44.0 	 0.1282051282051282 
782.0 	 1693 	 575 	 34.0 	 44.0 	 0.1282051282051282 
783.0 	 1695 	 575 	 34.0 	 44.0 	 0.1282051282051282 
784.0 	 1697 	 575 	 34.0 	 45.0 	 0.13924050632911392 
785.0 	 1700 	 575 	 35.0 	 44.0 	 0.11392405063291139 
786.0 	 1702 	 575 	 35.0 	 44.0 	 0.11392405063291139 
787.0 	 1704 	 575 	 35.0 	 44.0 	 0.11392405063291139 
788.0 	 1706 	 575 	 35.0 	 44.0 	 0.11392405063291139 
789.0 	 1708 	 575 	 35.0 	 45.0 	 0.125 
790.0 	 1710 	 575 	 35.0 	 45.0 	 0.125 
791.0 	 1713 	 575 	 34.0 	 45.0 	 0.13924050632911392 
792.0 	 1715 	 575 	 34.0 	 45.0 	 0.13924050632911392 
793.0 	 1717 	 575 	 35.0 	 44.0 	 0.11392405063291139 
794.0 	 1719 	 575 	 35.0 	 44.0 	 0.11392405063291139 
795.0 	 1722 	 575 	 35.0 	 44.0 	 0.11392405063291139 
796.0 	 1724 	 575 	 35.0 	 45.0 	 0.125 
797.0 	 1726 	 575 	 35.0 	 44.0 	 0.11392405063291139 
798.0 	 1728 	 575 	 35.0 	 45.0 	 0.125 
799.0 	 1731 	 575 	 35.0 	 45.0 	 0.125 
800.0 	 1732 	 575 	 35.0 	 44.0 	 0.11392405063291139 
801.0 	 1735 	 575 	 35.0 	 45.0 	 0.125 
802.0 	 1737 	 574 	 45.0 	 36.0 	 0.1111111111111111 
803.0 	 1739 	 574 	 35.0 	 45.0 	 0.125 
804.0 	 1741 	 574 	 35.0 	 44.0 	 0.11392405063291139 
805.0 	 1744 	 574 	 34.0 	 44.0 	 0.1282051282051282 
806.0 	 1746 	 574 	 34.0 	 45.0 	 0.13924050632911392 
807.0 	 1748 	 574 	 34.0 	 44.0 	 0.1282051282051282 
808.0 	 1751 	 574 	 34.0 	 45.0 	 0.13924050632911392 
809.0 	 1753 	 574 	 34.0 	 45.0 	 0.13924050632911392 
810.0 	 1755 	 574 	 34.0 	 45.0 	 0.13924050632911392 
811.0 	 1757 	 574 	 34.0 	 45.0 	 0.13924050632911392 
812.0 	 1759 	 574 	 34.0 	 45.0 	 0.13924050632911392 
813.0 	 1762 	 574 	 34.0 	 45.0 	 0.13924050632911392 
814.0 	 1764 	 574 	 34.0 	 45.0 	 0.13924050632911392 
815.0 	 1766 	 574 	 34.0 	 44.0 	 0.1282051282051282 
816.0 	 1768 	 574 	 35.0 	 44.0 	 0.11392405063291139 
817.0 	 1770 	 574 	 34.0 	 44.0 	 0.1282051282051282 
818.0 	 1773 	 574 	 35.0 	 44.0 	 0.11392405063291139 
819.0 	 1775 	 574 	 35.0 	 45.0 	 0.125 
820.0 	 1777 	 574 	 45.0 	 35.0 	 0.125 
821.0 	 1779 	 574 	 34.0 	 45.0 	 0.13924050632911392 
822.0 	 1781 	 573 	 34.0 	 45.0 	 0.13924050632911392 
823.0 	 1784 	 574 	 34.0 	 45.0 	 0.13924050632911392 
824.0 	 1786 	 574 	 34.0 	 45.0 	 0.13924050632911392 
825.0 	 1789 	 574 	 34.0 	 44.0 	 0.1282051282051282 
826.0 	 1791 	 573 	 33.0 	 45.0 	 0.15384615384615385 
827.0 	 1793 	 573 	 33.0 	 45.0 	 0.15384615384615385 
828.0 	 1796 	 573 	 34.0 	 45.0 	 0.13924050632911392 
829.0 	 1798 	 573 	 34.0 	 45.0 	 0.13924050632911392 
830.0 	 1800 	 573 	 34.0 	 46.0 	 0.15 
831.0 	 1802 	 573 	 34.0 	 45.0 	 0.13924050632911392 
832.0 	 1804 	 573 	 34.0 	 45.0 	 0.13924050632911392 
833.0 	 1806 	 573 	 34.0 	 45.0 	 0.13924050632911392 
834.0 	 1809 	 573 	 34.0 	 44.0 	 0.1282051282051282 
835.0 	 1811 	 573 	 34.0 	 44.0 	 0.1282051282051282 
836.0 	 1813 	 573 	 34.0 	 45.0 	 0.13924050632911392 
837.0 	 1815 	 573 	 35.0 	 45.0 	 0.125 
838.0 	 1817 	 573 	 34.0 	 45.0 	 0.13924050632911392 
839.0 	 1820 	 573 	 33.0 	 45.0 	 0.15384615384615385 
840.0 	 1822 	 573 	 34.0 	 45.0 	 0.13924050632911392 
841.0 	 1824 	 573 	 34.0 	 45.0 	 0.13924050632911392 
842.0 	 1827 	 573 	 34.0 	 46.0 	 0.15 
843.0 	 1829 	 573 	 35.0 	 46.0 	 0.13580246913580246 
844.0 	 1831 	 573 	 35.0 	 46.0 	 0.13580246913580246 
845.0 	 1833 	 573 	 35.0 	 46.0 	 0.13580246913580246 
846.0 	 1835 	 573 	 35.0 	 46.0 	 0.13580246913580246 
847.0 	 1837 	 573 	 35.0 	 46.0 	 0.13580246913580246 
848.0 	 1839 	 573 	 36.0 	 45.0 	 0.1111111111111111 
849.0 	 1842 	 573 	 36.0 	 46.0 	 0.12195121951219512 
850.0 	 1844 	 573 	 36.0 	 46.0 	 0.12195121951219512 
851.0 	 1846 	 573 	 36.0 	 45.0 	 0.1111111111111111 
852.0 	 1849 	 573 	 36.0 	 45.0 	 0.1111111111111111 
853.0 	 1851 	 573 	 36.0 	 46.0 	 0.12195121951219512 
854.0 	 1853 	 573 	 36.0 	 46.0 	 0.12195121951219512 
855.0 	 1855 	 572 	 36.0 	 46.0 	 0.12195121951219512 
856.0 	 1857 	 572 	 37.0 	 45.0 	 0.0975609756097561 
857.0 	 1859 	 572 	 37.0 	 46.0 	 0.10843373493975904 
858.0 	 1862 	 572 	 36.0 	 45.0 	 0.1111111111111111 
859.0 	 1864 	 572 	 36.0 	 46.0 	 0.12195121951219512 
860.0 	 1866 	 572 	 36.0 	 46.0 	 0.12195121951219512 
861.0 	 1868 	 572 	 36.0 	 46.0 	 0.12195121951219512 
862.0 	 1871 	 572 	 36.0 	 45.0 	 0.1111111111111111 
863.0 	 1873 	 572 	 36.0 	 45.0 	 0.1111111111111111 
864.0 	 1875 	 572 	 36.0 	 45.0 	 0.1111111111111111 
865.0 	 1877 	 572 	 36.0 	 45.0 	 0.1111111111111111 
866.0 	 1879 	 572 	 36.0 	 45.0 	 0.1111111111111111 
867.0 	 1881 	 572 	 36.0 	 46.0 	 0.12195121951219512 
868.0 	 1883 	 572 	 36.0 	 46.0 	 0.12195121951219512 
869.0 	 1885 	 572 	 36.0 	 46.0 	 0.12195121951219512 
870.0 	 1887 	 572 	 36.0 	 46.0 	 0.12195121951219512 
871.0 	 1890 	 572 	 36.0 	 46.0 	 0.12195121951219512 
872.0 	 1892 	 572 	 36.0 	 45.0 	 0.1111111111111111 
873.0 	 1894 	 572 	 36.0 	 46.0 	 0.12195121951219512 
874.0 	 1896 	 571 	 36.0 	 44.0 	 0.1 
875.0 	 1897 	 571 	 36.0 	 42.0 	 0.07692307692307693 
876.0 	 1899 	 571 	 35.0 	 40.0 	 0.06666666666666667 
877.0 	 1900 	 571 	 35.0 	 38.0 	 0.0410958904109589 
878.0 	 1901 	 571 	 35.0 	 36.0 	 0.014084507042253521 
879.0 	 1903 	 571 	 35.0 	 34.0 	 0.014492753623188406 
880.0 	 1904 	 571 	 35.0 	 32.0 	 0.04477611940298507 
881.0 	 1905 	 571 	 35.0 	 30.0 	 0.07692307692307693 
882.0 	 1906 	 571 	 35.0 	 28.0 	 0.1111111111111111 
883.0 	 1907 	 571 	 34.0 	 25.0 	 0.15254237288135594 
884.0 	 1908 	 571 	 34.0 	 23.0 	 0.19298245614035087 
885.0 	 1909 	 571 	 34.0 	 21.0 	 0.23636363636363636 
886.0 	 1910 	 571 	 34.0 	 19.0 	 0.2830188679245283 
