frame 	 x 	 y 	 width 	 height 	 deformation 
1.0 	 121 	 572 	 45.0 	 51.0 	 0.0625 
2.0 	 121 	 572 	 46.0 	 53.0 	 0.0707070707070707 
3.0 	 121 	 572 	 46.0 	 51.0 	 0.05154639175257732 
4.0 	 121 	 572 	 46.0 	 51.0 	 0.05154639175257732 
5.0 	 121 	 572 	 46.0 	 52.0 	 0.061224489795918366 
6.0 	 121 	 572 	 45.0 	 52.0 	 0.07216494845360824 
7.0 	 122 	 572 	 45.0 	 52.0 	 0.07216494845360824 
8.0 	 122 	 572 	 45.0 	 52.0 	 0.07216494845360824 
9.0 	 122 	 572 	 45.0 	 52.0 	 0.07216494845360824 
10.0 	 122 	 572 	 46.0 	 51.0 	 0.05154639175257732 
11.0 	 122 	 572 	 46.0 	 51.0 	 0.05154639175257732 
12.0 	 122 	 572 	 46.0 	 52.0 	 0.061224489795918366 
13.0 	 122 	 572 	 45.0 	 52.0 	 0.07216494845360824 
14.0 	 122 	 572 	 45.0 	 53.0 	 0.08163265306122448 
15.0 	 122 	 572 	 46.0 	 53.0 	 0.0707070707070707 
16.0 	 122 	 572 	 46.0 	 51.0 	 0.05154639175257732 
17.0 	 122 	 572 	 46.0 	 52.0 	 0.061224489795918366 
18.0 	 122 	 572 	 46.0 	 53.0 	 0.0707070707070707 
19.0 	 123 	 572 	 46.0 	 52.0 	 0.061224489795918366 
20.0 	 123 	 572 	 46.0 	 52.0 	 0.061224489795918366 
21.0 	 123 	 572 	 46.0 	 53.0 	 0.0707070707070707 
22.0 	 123 	 572 	 46.0 	 52.0 	 0.061224489795918366 
23.0 	 123 	 572 	 45.0 	 52.0 	 0.07216494845360824 
24.0 	 123 	 572 	 46.0 	 53.0 	 0.0707070707070707 
25.0 	 123 	 572 	 46.0 	 52.0 	 0.061224489795918366 
26.0 	 123 	 572 	 46.0 	 52.0 	 0.061224489795918366 
27.0 	 123 	 572 	 45.0 	 53.0 	 0.08163265306122448 
28.0 	 123 	 572 	 45.0 	 52.0 	 0.07216494845360824 
29.0 	 123 	 572 	 45.0 	 51.0 	 0.0625 
30.0 	 123 	 572 	 46.0 	 52.0 	 0.061224489795918366 
31.0 	 122 	 573 	 46.0 	 52.0 	 0.061224489795918366 
32.0 	 122 	 573 	 46.0 	 51.0 	 0.05154639175257732 
33.0 	 123 	 573 	 46.0 	 52.0 	 0.061224489795918366 
34.0 	 123 	 572 	 47.0 	 52.0 	 0.050505050505050504 
35.0 	 123 	 572 	 45.0 	 50.0 	 0.05263157894736842 
36.0 	 123 	 573 	 46.0 	 51.0 	 0.05154639175257732 
37.0 	 123 	 572 	 46.0 	 52.0 	 0.061224489795918366 
38.0 	 123 	 572 	 46.0 	 50.0 	 0.041666666666666664 
39.0 	 123 	 572 	 46.0 	 51.0 	 0.05154639175257732 
40.0 	 123 	 572 	 46.0 	 53.0 	 0.0707070707070707 
41.0 	 123 	 572 	 46.0 	 51.0 	 0.05154639175257732 
42.0 	 123 	 572 	 46.0 	 51.0 	 0.05154639175257732 
43.0 	 123 	 572 	 46.0 	 53.0 	 0.0707070707070707 
44.0 	 124 	 572 	 46.0 	 52.0 	 0.061224489795918366 
45.0 	 124 	 572 	 46.0 	 51.0 	 0.05154639175257732 
46.0 	 124 	 572 	 47.0 	 52.0 	 0.050505050505050504 
47.0 	 124 	 572 	 46.0 	 52.0 	 0.061224489795918366 
48.0 	 124 	 572 	 46.0 	 51.0 	 0.05154639175257732 
49.0 	 124 	 572 	 46.0 	 52.0 	 0.061224489795918366 
50.0 	 124 	 572 	 46.0 	 52.0 	 0.061224489795918366 
51.0 	 124 	 572 	 46.0 	 51.0 	 0.05154639175257732 
52.0 	 124 	 572 	 46.0 	 52.0 	 0.061224489795918366 
53.0 	 124 	 572 	 46.0 	 52.0 	 0.061224489795918366 
54.0 	 124 	 572 	 46.0 	 51.0 	 0.05154639175257732 
55.0 	 124 	 572 	 46.0 	 52.0 	 0.061224489795918366 
56.0 	 124 	 572 	 46.0 	 52.0 	 0.061224489795918366 
57.0 	 124 	 572 	 46.0 	 51.0 	 0.05154639175257732 
58.0 	 124 	 572 	 46.0 	 52.0 	 0.061224489795918366 
59.0 	 124 	 572 	 46.0 	 52.0 	 0.061224489795918366 
60.0 	 124 	 572 	 46.0 	 51.0 	 0.05154639175257732 
61.0 	 124 	 572 	 46.0 	 51.0 	 0.05154639175257732 
62.0 	 125 	 572 	 46.0 	 52.0 	 0.061224489795918366 
63.0 	 124 	 572 	 46.0 	 51.0 	 0.05154639175257732 
64.0 	 124 	 572 	 46.0 	 51.0 	 0.05154639175257732 
65.0 	 125 	 572 	 46.0 	 52.0 	 0.061224489795918366 
66.0 	 125 	 572 	 46.0 	 51.0 	 0.05154639175257732 
67.0 	 125 	 572 	 46.0 	 51.0 	 0.05154639175257732 
68.0 	 125 	 572 	 47.0 	 52.0 	 0.050505050505050504 
69.0 	 125 	 572 	 47.0 	 52.0 	 0.050505050505050504 
70.0 	 125 	 572 	 47.0 	 51.0 	 0.04081632653061224 
71.0 	 125 	 572 	 47.0 	 52.0 	 0.050505050505050504 
72.0 	 125 	 572 	 47.0 	 52.0 	 0.050505050505050504 
73.0 	 125 	 572 	 46.0 	 50.0 	 0.041666666666666664 
74.0 	 125 	 572 	 46.0 	 51.0 	 0.05154639175257732 
75.0 	 125 	 572 	 46.0 	 51.0 	 0.05154639175257732 
76.0 	 125 	 572 	 46.0 	 50.0 	 0.041666666666666664 
77.0 	 125 	 572 	 46.0 	 52.0 	 0.061224489795918366 
78.0 	 125 	 572 	 46.0 	 52.0 	 0.061224489795918366 
79.0 	 125 	 572 	 46.0 	 50.0 	 0.041666666666666664 
80.0 	 125 	 572 	 46.0 	 52.0 	 0.061224489795918366 
81.0 	 125 	 572 	 46.0 	 52.0 	 0.061224489795918366 
82.0 	 125 	 572 	 46.0 	 50.0 	 0.041666666666666664 
83.0 	 125 	 572 	 46.0 	 50.0 	 0.041666666666666664 
84.0 	 125 	 572 	 46.0 	 52.0 	 0.061224489795918366 
85.0 	 125 	 572 	 46.0 	 51.0 	 0.05154639175257732 
86.0 	 125 	 572 	 46.0 	 51.0 	 0.05154639175257732 
87.0 	 125 	 572 	 46.0 	 51.0 	 0.05154639175257732 
88.0 	 125 	 572 	 46.0 	 51.0 	 0.05154639175257732 
89.0 	 125 	 572 	 46.0 	 51.0 	 0.05154639175257732 
90.0 	 125 	 572 	 46.0 	 52.0 	 0.061224489795918366 
91.0 	 125 	 572 	 46.0 	 51.0 	 0.05154639175257732 
92.0 	 125 	 572 	 46.0 	 51.0 	 0.05154639175257732 
93.0 	 125 	 572 	 46.0 	 52.0 	 0.061224489795918366 
94.0 	 125 	 572 	 46.0 	 51.0 	 0.05154639175257732 
95.0 	 125 	 572 	 46.0 	 51.0 	 0.05154639175257732 
96.0 	 125 	 572 	 46.0 	 51.0 	 0.05154639175257732 
97.0 	 125 	 572 	 46.0 	 51.0 	 0.05154639175257732 
98.0 	 125 	 572 	 46.0 	 50.0 	 0.041666666666666664 
99.0 	 125 	 572 	 46.0 	 52.0 	 0.061224489795918366 
100.0 	 126 	 572 	 46.0 	 52.0 	 0.061224489795918366 
101.0 	 125 	 572 	 46.0 	 51.0 	 0.05154639175257732 
102.0 	 126 	 572 	 46.0 	 52.0 	 0.061224489795918366 
103.0 	 126 	 572 	 46.0 	 51.0 	 0.05154639175257732 
104.0 	 126 	 572 	 46.0 	 51.0 	 0.05154639175257732 
105.0 	 126 	 572 	 46.0 	 51.0 	 0.05154639175257732 
106.0 	 126 	 572 	 46.0 	 52.0 	 0.061224489795918366 
107.0 	 126 	 572 	 46.0 	 50.0 	 0.041666666666666664 
108.0 	 126 	 572 	 46.0 	 51.0 	 0.05154639175257732 
109.0 	 126 	 572 	 47.0 	 50.0 	 0.030927835051546393 
110.0 	 126 	 572 	 47.25288391113281 	 50.657745361328125 	 0.034775197294671954 
111.0 	 127 	 572 	 47.0 	 50.0 	 0.030927835051546393 
112.0 	 127 	 572 	 47.0 	 51.0 	 0.04081632653061224 
113.0 	 128 	 572 	 47.0 	 50.0 	 0.030927835051546393 
114.0 	 128 	 572 	 47.0 	 50.0 	 0.030927835051546393 
115.0 	 128 	 572 	 47.0 	 51.0 	 0.04081632653061224 
116.0 	 129 	 572 	 47.0 	 51.0 	 0.04081632653061224 
117.0 	 130 	 572 	 47.0 	 51.0 	 0.04081632653061224 
118.0 	 131 	 572 	 46.0 	 51.0 	 0.05154639175257732 
119.0 	 131 	 572 	 46.0 	 51.0 	 0.05154639175257732 
120.0 	 132 	 572 	 47.0 	 51.0 	 0.04081632653061224 
121.0 	 133 	 572 	 47.0 	 51.0 	 0.04081632653061224 
122.0 	 134 	 572 	 46.0 	 51.0 	 0.05154639175257732 
123.0 	 135 	 572 	 46.0 	 51.0 	 0.05154639175257732 
124.0 	 136 	 572 	 46.0 	 51.0 	 0.05154639175257732 
125.0 	 137 	 572 	 46.0 	 50.0 	 0.041666666666666664 
126.0 	 138 	 572 	 46.0 	 50.0 	 0.041666666666666664 
127.0 	 139 	 572 	 46.0 	 50.0 	 0.041666666666666664 
128.0 	 140 	 572 	 46.0 	 51.0 	 0.05154639175257732 
129.0 	 142 	 572 	 45.0 	 50.0 	 0.05263157894736842 
130.0 	 143 	 572 	 45.0 	 50.0 	 0.05263157894736842 
131.0 	 145 	 572 	 45.0 	 50.0 	 0.05263157894736842 
132.0 	 146 	 572 	 45.0 	 51.0 	 0.0625 
133.0 	 148 	 572 	 45.0 	 51.0 	 0.0625 
134.0 	 149 	 572 	 45.0 	 50.0 	 0.05263157894736842 
135.0 	 150 	 572 	 45.0 	 50.0 	 0.05263157894736842 
136.0 	 152 	 572 	 45.0 	 51.0 	 0.0625 
137.0 	 154 	 572 	 45.0 	 51.0 	 0.0625 
138.0 	 155 	 572 	 46.0 	 51.0 	 0.05154639175257732 
139.0 	 156 	 572 	 46.0 	 51.0 	 0.05154639175257732 
140.0 	 158 	 572 	 45.0 	 52.0 	 0.07216494845360824 
141.0 	 160 	 572 	 44.0 	 52.0 	 0.08333333333333333 
142.0 	 161 	 572 	 44.0 	 53.0 	 0.09278350515463918 
143.0 	 162 	 572 	 44.0 	 53.0 	 0.09278350515463918 
144.0 	 164 	 572 	 44.0 	 52.0 	 0.08333333333333333 
145.0 	 166 	 572 	 44.0 	 53.0 	 0.09278350515463918 
146.0 	 168 	 572 	 44.0 	 53.0 	 0.09278350515463918 
147.0 	 169 	 572 	 43.0 	 53.0 	 0.10416666666666667 
148.0 	 171 	 572 	 43.0 	 53.0 	 0.10416666666666667 
149.0 	 173 	 572 	 43.0 	 53.0 	 0.10416666666666667 
150.0 	 174 	 573 	 43.0 	 53.0 	 0.10416666666666667 
151.0 	 176 	 572 	 43.0 	 53.0 	 0.10416666666666667 
152.0 	 178 	 572 	 43.0 	 54.0 	 0.1134020618556701 
153.0 	 179 	 572 	 43.0 	 54.0 	 0.1134020618556701 
154.0 	 181 	 572 	 43.0 	 54.0 	 0.1134020618556701 
155.0 	 183 	 572 	 42.0 	 54.0 	 0.125 
156.0 	 185 	 572 	 42.0 	 54.0 	 0.125 
157.0 	 187 	 572 	 43.0 	 53.0 	 0.10416666666666667 
158.0 	 189 	 572 	 43.0 	 55.0 	 0.12244897959183673 
159.0 	 190 	 572 	 42.0 	 55.0 	 0.13402061855670103 
160.0 	 192 	 572 	 42.0 	 56.0 	 0.14285714285714285 
161.0 	 194 	 572 	 42.0 	 57.0 	 0.15151515151515152 
162.0 	 195 	 572 	 42.0 	 56.0 	 0.14285714285714285 
163.0 	 197 	 572 	 42.0 	 55.0 	 0.13402061855670103 
164.0 	 199 	 572 	 41.0 	 57.0 	 0.16326530612244897 
165.0 	 201 	 572 	 41.0 	 56.0 	 0.15463917525773196 
166.0 	 203 	 572 	 41.0 	 56.0 	 0.15463917525773196 
167.0 	 205 	 572 	 41.0 	 58.0 	 0.1717171717171717 
168.0 	 207 	 572 	 41.0 	 57.0 	 0.16326530612244897 
169.0 	 209 	 572 	 41.0 	 57.0 	 0.16326530612244897 
170.0 	 211 	 572 	 41.0 	 58.0 	 0.1717171717171717 
171.0 	 213 	 572 	 41.0 	 59.0 	 0.18 
172.0 	 215 	 572 	 41.0 	 58.0 	 0.1717171717171717 
173.0 	 216 	 572 	 41.0 	 58.0 	 0.1717171717171717 
174.0 	 218 	 572 	 41.0 	 58.0 	 0.1717171717171717 
175.0 	 220 	 572 	 41.0 	 58.0 	 0.1717171717171717 
176.0 	 223 	 572 	 41.0 	 59.0 	 0.18 
177.0 	 225 	 572 	 41.0 	 60.0 	 0.18811881188118812 
178.0 	 226 	 572 	 41.0 	 59.0 	 0.18 
179.0 	 229 	 572 	 41.0 	 59.0 	 0.18 
180.0 	 231 	 572 	 41.0 	 60.0 	 0.18811881188118812 
181.0 	 233 	 572 	 40.0 	 59.0 	 0.1919191919191919 
182.0 	 235 	 572 	 40.0 	 59.0 	 0.1919191919191919 
183.0 	 237 	 572 	 40.0 	 61.0 	 0.2079207920792079 
184.0 	 239 	 572 	 40.0 	 60.0 	 0.2 
185.0 	 241 	 572 	 40.0 	 59.0 	 0.1919191919191919 
186.0 	 243 	 572 	 40.0 	 61.0 	 0.2079207920792079 
187.0 	 245 	 572 	 40.0 	 61.0 	 0.2079207920792079 
188.0 	 247 	 572 	 40.0 	 60.0 	 0.2 
189.0 	 249 	 572 	 41.0 	 61.0 	 0.19607843137254902 
190.0 	 251 	 572 	 41.0 	 61.0 	 0.19607843137254902 
191.0 	 253 	 572 	 40.0 	 60.0 	 0.2 
192.0 	 255 	 572 	 41.0 	 61.0 	 0.19607843137254902 
193.0 	 258 	 572 	 40.0 	 61.0 	 0.2079207920792079 
194.0 	 260 	 572 	 39.0 	 61.0 	 0.22 
195.0 	 262 	 572 	 61.0 	 40.0 	 0.2079207920792079 
196.0 	 264 	 572 	 62.0 	 40.0 	 0.21568627450980393 
197.0 	 266 	 572 	 39.0 	 62.0 	 0.22772277227722773 
198.0 	 268 	 572 	 39.0 	 62.0 	 0.22772277227722773 
199.0 	 270 	 572 	 39.0 	 62.0 	 0.22772277227722773 
200.0 	 272 	 572 	 39.0 	 61.0 	 0.22 
201.0 	 274 	 572 	 39.0 	 61.0 	 0.22 
202.0 	 276 	 572 	 39.0 	 61.0 	 0.22 
203.0 	 278 	 572 	 39.0 	 61.0 	 0.22 
204.0 	 281 	 572 	 39.0 	 61.0 	 0.22 
205.0 	 283 	 572 	 39.0 	 62.0 	 0.22772277227722773 
206.0 	 285 	 572 	 39.0 	 62.0 	 0.22772277227722773 
207.0 	 287 	 572 	 39.0 	 61.0 	 0.22 
208.0 	 289 	 572 	 39.0 	 62.0 	 0.22772277227722773 
209.0 	 291 	 572 	 39.0 	 62.0 	 0.22772277227722773 
210.0 	 294 	 573 	 39.0 	 62.0 	 0.22772277227722773 
211.0 	 296 	 573 	 39.0 	 63.0 	 0.23529411764705882 
212.0 	 298 	 573 	 39.0 	 63.0 	 0.23529411764705882 
213.0 	 300 	 573 	 39.0 	 61.0 	 0.22 
214.0 	 302 	 573 	 39.0 	 64.0 	 0.24271844660194175 
215.0 	 304 	 573 	 39.0 	 64.0 	 0.24271844660194175 
216.0 	 307 	 573 	 39.0 	 63.0 	 0.23529411764705882 
217.0 	 309 	 572 	 38.0 	 64.0 	 0.2549019607843137 
218.0 	 311 	 572 	 39.0 	 64.0 	 0.24271844660194175 
219.0 	 313 	 572 	 39.0 	 63.0 	 0.23529411764705882 
220.0 	 316 	 572 	 39.0 	 64.0 	 0.24271844660194175 
221.0 	 318 	 572 	 39.0 	 64.0 	 0.24271844660194175 
222.0 	 320 	 572 	 39.0 	 63.0 	 0.23529411764705882 
223.0 	 323 	 572 	 39.0 	 64.0 	 0.24271844660194175 
224.0 	 325 	 572 	 39.0 	 64.0 	 0.24271844660194175 
225.0 	 327 	 572 	 39.0 	 63.0 	 0.23529411764705882 
226.0 	 330 	 572 	 39.0 	 63.0 	 0.23529411764705882 
227.0 	 332 	 572 	 39.0 	 64.0 	 0.24271844660194175 
228.0 	 334 	 572 	 39.0 	 63.0 	 0.23529411764705882 
229.0 	 336 	 572 	 39.0 	 63.0 	 0.23529411764705882 
230.0 	 338 	 572 	 65.0 	 40.0 	 0.23809523809523808 
231.0 	 340 	 572 	 40.0 	 65.0 	 0.23809523809523808 
232.0 	 342 	 572 	 40.0 	 64.0 	 0.23076923076923078 
233.0 	 344 	 572 	 40.0 	 64.0 	 0.23076923076923078 
234.0 	 347 	 572 	 40.0 	 64.0 	 0.23076923076923078 
235.0 	 349 	 572 	 40.0 	 63.0 	 0.22330097087378642 
236.0 	 351 	 572 	 40.0 	 65.0 	 0.23809523809523808 
237.0 	 353 	 572 	 39.0 	 65.0 	 0.25 
238.0 	 356 	 572 	 39.0 	 64.0 	 0.24271844660194175 
239.0 	 358 	 572 	 39.0 	 65.0 	 0.25 
240.0 	 360 	 572 	 39.0 	 65.0 	 0.25 
241.0 	 362 	 572 	 40.0 	 65.0 	 0.23809523809523808 
242.0 	 365 	 572 	 39.0 	 65.0 	 0.25 
243.0 	 367 	 572 	 39.0 	 67.0 	 0.2641509433962264 
244.0 	 369 	 572 	 39.0 	 66.0 	 0.2571428571428571 
245.0 	 371 	 572 	 39.0 	 66.0 	 0.2571428571428571 
246.0 	 373 	 572 	 39.0 	 65.0 	 0.25 
247.0 	 376 	 572 	 39.0 	 65.0 	 0.25 
248.0 	 378 	 572 	 39.0 	 64.0 	 0.24271844660194175 
249.0 	 381 	 572 	 39.0 	 66.0 	 0.2571428571428571 
250.0 	 383 	 572 	 39.0 	 65.0 	 0.25 
251.0 	 385 	 572 	 38.0 	 64.0 	 0.2549019607843137 
252.0 	 387 	 572 	 38.0 	 65.0 	 0.2621359223300971 
253.0 	 389 	 572 	 38.0 	 65.0 	 0.2621359223300971 
254.0 	 392 	 572 	 38.0 	 65.0 	 0.2621359223300971 
255.0 	 394 	 572 	 38.0 	 66.0 	 0.2692307692307692 
256.0 	 396 	 572 	 38.0 	 67.0 	 0.2761904761904762 
257.0 	 398 	 572 	 38.0 	 66.0 	 0.2692307692307692 
258.0 	 400 	 572 	 39.0 	 66.0 	 0.2571428571428571 
259.0 	 402 	 572 	 39.0 	 66.0 	 0.2571428571428571 
260.0 	 405 	 572 	 39.0 	 65.0 	 0.25 
261.0 	 407 	 572 	 39.0 	 66.0 	 0.2571428571428571 
262.0 	 409 	 572 	 39.0 	 66.0 	 0.2571428571428571 
263.0 	 412 	 572 	 39.0 	 67.0 	 0.2641509433962264 
264.0 	 414 	 572 	 39.0 	 67.0 	 0.2641509433962264 
265.0 	 416 	 572 	 39.0 	 67.0 	 0.2641509433962264 
266.0 	 418 	 572 	 39.0 	 66.0 	 0.2571428571428571 
267.0 	 420 	 572 	 39.0 	 66.0 	 0.2571428571428571 
268.0 	 423 	 572 	 39.0 	 67.0 	 0.2641509433962264 
269.0 	 426 	 572 	 39.0 	 66.0 	 0.2571428571428571 
270.0 	 428 	 572 	 39.0 	 66.0 	 0.2571428571428571 
271.0 	 430 	 572 	 39.0 	 66.0 	 0.2571428571428571 
272.0 	 433 	 572 	 66.5912094116211 	 37.57646942138672 	 0.27853879740133386 
273.0 	 434 	 572 	 67.20955657958984 	 37.6240348815918 	 0.2822141384801563 
274.0 	 437 	 572 	 66.3355712890625 	 37.7028923034668 	 0.2752124358327388 
275.0 	 439 	 572 	 37.0 	 66.0 	 0.2815533980582524 
276.0 	 442 	 572 	 38.0 	 67.0 	 0.2761904761904762 
277.0 	 444 	 572 	 38.0 	 67.0 	 0.2761904761904762 
278.0 	 446 	 572 	 38.0 	 66.0 	 0.2692307692307692 
279.0 	 449 	 572 	 38.0 	 67.0 	 0.2761904761904762 
280.0 	 450 	 572 	 38.0 	 67.0 	 0.2761904761904762 
281.0 	 453 	 572 	 38.0 	 67.0 	 0.2761904761904762 
282.0 	 455 	 572 	 38.0 	 67.0 	 0.2761904761904762 
283.0 	 457 	 572 	 38.0 	 67.0 	 0.2761904761904762 
284.0 	 459 	 572 	 38.0 	 67.0 	 0.2761904761904762 
285.0 	 462 	 572 	 38.0 	 67.0 	 0.2761904761904762 
286.0 	 464 	 572 	 38.0 	 67.0 	 0.2761904761904762 
287.0 	 465 	 572 	 38.0 	 68.0 	 0.2830188679245283 
288.0 	 468 	 572 	 38.0 	 67.0 	 0.2761904761904762 
289.0 	 470 	 572 	 37.0 	 66.0 	 0.2815533980582524 
290.0 	 472 	 572 	 36.0 	 66.0 	 0.29411764705882354 
291.0 	 475 	 572 	 36.0 	 66.0 	 0.29411764705882354 
292.0 	 477 	 572 	 37.0 	 68.0 	 0.29523809523809524 
293.0 	 479 	 572 	 37.0 	 66.0 	 0.2815533980582524 
294.0 	 481 	 572 	 37.0 	 66.0 	 0.2815533980582524 
295.0 	 484 	 572 	 37.0 	 67.0 	 0.28846153846153844 
296.0 	 486 	 572 	 37.0 	 66.0 	 0.2815533980582524 
297.0 	 488 	 572 	 37.0 	 66.0 	 0.2815533980582524 
298.0 	 491 	 572 	 37.0 	 67.0 	 0.28846153846153844 
299.0 	 493 	 572 	 37.0 	 66.0 	 0.2815533980582524 
300.0 	 496 	 571 	 37.0 	 67.0 	 0.28846153846153844 
301.0 	 497 	 572 	 37.0 	 68.0 	 0.29523809523809524 
302.0 	 500 	 571 	 67.06507110595703 	 36.94886016845703 	 0.2895401660960791 
303.0 	 502 	 572 	 37.0 	 68.0 	 0.29523809523809524 
304.0 	 504 	 572 	 37.0 	 68.0 	 0.29523809523809524 
305.0 	 507 	 572 	 37.0 	 69.0 	 0.3018867924528302 
306.0 	 509 	 571 	 37.0 	 68.0 	 0.29523809523809524 
307.0 	 512 	 571 	 38.0 	 68.0 	 0.2830188679245283 
308.0 	 514 	 572 	 38.0 	 69.0 	 0.2897196261682243 
309.0 	 516 	 572 	 38.0 	 69.0 	 0.2897196261682243 
310.0 	 519 	 572 	 38.0 	 67.0 	 0.2761904761904762 
311.0 	 521 	 572 	 38.0 	 68.0 	 0.2830188679245283 
312.0 	 523 	 571 	 37.0 	 66.0 	 0.2815533980582524 
313.0 	 525 	 571 	 38.0 	 67.0 	 0.2761904761904762 
314.0 	 527 	 571 	 38.0 	 67.0 	 0.2761904761904762 
315.0 	 530 	 571 	 38.0 	 66.0 	 0.2692307692307692 
316.0 	 532 	 571 	 39.0 	 65.0 	 0.25 
317.0 	 534 	 571 	 39.0 	 66.0 	 0.2571428571428571 
318.0 	 536 	 571 	 39.0 	 65.0 	 0.25 
319.0 	 539 	 571 	 39.0 	 66.0 	 0.2571428571428571 
320.0 	 541 	 572 	 39.0 	 66.0 	 0.2571428571428571 
321.0 	 544 	 571 	 66.50855255126953 	 38.55166244506836 	 0.2661034922418127 
322.0 	 546 	 571 	 66.93465423583984 	 39.03137969970703 	 0.26332281675376085 
323.0 	 548 	 572 	 39.0 	 68.0 	 0.27102803738317754 
324.0 	 550 	 572 	 39.0 	 67.0 	 0.2641509433962264 
325.0 	 553 	 571 	 38.0 	 68.0 	 0.2830188679245283 
326.0 	 555 	 571 	 38.0 	 68.0 	 0.2830188679245283 
327.0 	 557 	 571 	 38.0 	 69.0 	 0.2897196261682243 
328.0 	 559 	 572 	 38.0 	 68.0 	 0.2830188679245283 
329.0 	 561 	 571 	 39.0 	 69.0 	 0.2777777777777778 
330.0 	 564 	 571 	 39.0 	 70.0 	 0.28440366972477066 
331.0 	 566 	 572 	 39.0 	 69.0 	 0.2777777777777778 
332.0 	 568 	 572 	 39.0 	 69.0 	 0.2777777777777778 
333.0 	 570 	 572 	 39.0 	 69.0 	 0.2777777777777778 
334.0 	 573 	 572 	 39.0 	 68.0 	 0.27102803738317754 
335.0 	 575 	 572 	 39.0 	 69.0 	 0.2777777777777778 
336.0 	 577 	 572 	 39.0 	 69.0 	 0.2777777777777778 
337.0 	 579 	 572 	 39.0 	 69.0 	 0.2777777777777778 
338.0 	 582 	 572 	 70.0 	 39.0 	 0.28440366972477066 
339.0 	 584 	 572 	 39.0 	 70.0 	 0.28440366972477066 
340.0 	 586 	 572 	 39.0 	 69.0 	 0.2777777777777778 
341.0 	 588 	 572 	 39.0 	 68.0 	 0.27102803738317754 
342.0 	 591 	 572 	 39.0 	 70.0 	 0.28440366972477066 
343.0 	 593 	 572 	 39.0 	 70.0 	 0.28440366972477066 
344.0 	 595 	 572 	 39.0 	 68.0 	 0.27102803738317754 
345.0 	 598 	 571 	 39.0 	 68.0 	 0.27102803738317754 
346.0 	 600 	 571 	 39.0 	 68.0 	 0.27102803738317754 
347.0 	 602 	 572 	 39.0 	 68.0 	 0.27102803738317754 
348.0 	 604 	 571 	 39.0 	 69.0 	 0.2777777777777778 
349.0 	 606 	 571 	 39.0 	 70.0 	 0.28440366972477066 
350.0 	 608 	 572 	 39.0 	 69.0 	 0.2777777777777778 
351.0 	 610 	 572 	 39.0 	 70.0 	 0.28440366972477066 
352.0 	 613 	 572 	 39.0 	 71.0 	 0.2909090909090909 
353.0 	 615 	 571 	 39.0 	 70.0 	 0.28440366972477066 
354.0 	 618 	 571 	 39.0 	 70.0 	 0.28440366972477066 
355.0 	 620 	 572 	 39.0 	 70.0 	 0.28440366972477066 
356.0 	 622 	 571 	 39.0 	 70.0 	 0.28440366972477066 
357.0 	 625 	 571 	 39.0 	 70.0 	 0.28440366972477066 
358.0 	 627 	 571 	 39.0 	 70.0 	 0.28440366972477066 
359.0 	 629 	 571 	 39.0 	 70.0 	 0.28440366972477066 
360.0 	 631 	 571 	 39.0 	 69.0 	 0.2777777777777778 
361.0 	 633 	 571 	 39.0 	 70.0 	 0.28440366972477066 
362.0 	 636 	 571 	 39.0 	 70.0 	 0.28440366972477066 
363.0 	 638 	 571 	 39.0 	 69.0 	 0.2777777777777778 
364.0 	 640 	 571 	 39.0 	 71.0 	 0.2909090909090909 
365.0 	 642 	 571 	 39.0 	 71.0 	 0.2909090909090909 
366.0 	 645 	 571 	 38.0 	 71.0 	 0.30275229357798167 
367.0 	 647 	 571 	 38.0 	 71.0 	 0.30275229357798167 
368.0 	 649 	 571 	 39.0 	 71.0 	 0.2909090909090909 
369.0 	 652 	 571 	 39.0 	 70.0 	 0.28440366972477066 
370.0 	 654 	 571 	 39.0 	 71.0 	 0.2909090909090909 
371.0 	 656 	 571 	 39.0 	 71.0 	 0.2909090909090909 
372.0 	 659 	 571 	 38.0 	 70.0 	 0.2962962962962963 
373.0 	 661 	 571 	 39.0 	 70.0 	 0.28440366972477066 
374.0 	 663 	 572 	 39.0 	 71.0 	 0.2909090909090909 
375.0 	 665 	 571 	 39.0 	 70.0 	 0.28440366972477066 
376.0 	 667 	 571 	 39.0 	 72.0 	 0.2972972972972973 
377.0 	 670 	 571 	 39.0 	 72.0 	 0.2972972972972973 
378.0 	 672 	 571 	 38.58036804199219 	 71.4646987915039 	 0.29882603278588965 
379.0 	 674 	 571 	 39.0 	 71.0 	 0.2909090909090909 
380.0 	 677 	 571 	 38.0 	 70.0 	 0.2962962962962963 
381.0 	 679 	 571 	 38.0 	 71.0 	 0.30275229357798167 
382.0 	 681 	 571 	 38.0 	 71.0 	 0.30275229357798167 
383.0 	 683 	 571 	 39.0 	 71.0 	 0.2909090909090909 
384.0 	 686 	 571 	 38.0 	 70.0 	 0.2962962962962963 
385.0 	 688 	 571 	 38.0 	 70.0 	 0.2962962962962963 
386.0 	 690 	 571 	 38.0 	 71.0 	 0.30275229357798167 
387.0 	 692 	 571 	 38.0 	 71.0 	 0.30275229357798167 
388.0 	 695 	 571 	 38.0 	 70.0 	 0.2962962962962963 
389.0 	 697 	 571 	 71.0 	 38.0 	 0.30275229357798167 
390.0 	 700 	 571 	 37.0 	 70.0 	 0.308411214953271 
391.0 	 702 	 571 	 37.0 	 71.0 	 0.3148148148148148 
392.0 	 704 	 571 	 37.0 	 71.0 	 0.3148148148148148 
393.0 	 706 	 571 	 71.0 	 38.0 	 0.30275229357798167 
394.0 	 709 	 571 	 37.0 	 70.0 	 0.308411214953271 
395.0 	 711 	 571 	 37.0 	 70.0 	 0.308411214953271 
396.0 	 713 	 571 	 37.0 	 71.0 	 0.3148148148148148 
397.0 	 715 	 571 	 37.0 	 70.0 	 0.308411214953271 
398.0 	 718 	 571 	 37.0 	 71.0 	 0.3148148148148148 
399.0 	 720 	 571 	 37.0 	 71.0 	 0.3148148148148148 
400.0 	 723 	 571 	 37.0 	 71.0 	 0.3148148148148148 
401.0 	 725 	 571 	 37.0 	 71.0 	 0.3148148148148148 
402.0 	 727 	 571 	 37.0 	 71.0 	 0.3148148148148148 
403.0 	 729 	 571 	 37.0 	 70.0 	 0.308411214953271 
404.0 	 732 	 571 	 37.0 	 71.0 	 0.3148148148148148 
405.0 	 734 	 571 	 37.0 	 71.0 	 0.3148148148148148 
406.0 	 736 	 571 	 37.0 	 71.0 	 0.3148148148148148 
407.0 	 739 	 571 	 37.0 	 71.0 	 0.3148148148148148 
408.0 	 741 	 571 	 37.0 	 70.0 	 0.308411214953271 
409.0 	 743 	 571 	 37.0 	 70.0 	 0.308411214953271 
410.0 	 746 	 571 	 37.0 	 71.0 	 0.3148148148148148 
411.0 	 748 	 571 	 37.0 	 70.0 	 0.308411214953271 
412.0 	 750 	 571 	 37.0 	 71.0 	 0.3148148148148148 
413.0 	 753 	 571 	 37.0 	 70.0 	 0.308411214953271 
414.0 	 755 	 571 	 37.0 	 70.0 	 0.308411214953271 
415.0 	 757 	 571 	 37.0 	 71.0 	 0.3148148148148148 
416.0 	 760 	 571 	 37.0 	 70.0 	 0.308411214953271 
417.0 	 762 	 571 	 37.0 	 70.0 	 0.308411214953271 
418.0 	 764 	 571 	 38.0 	 70.0 	 0.2962962962962963 
419.0 	 766 	 571 	 37.0 	 69.0 	 0.3018867924528302 
420.0 	 769 	 571 	 37.0 	 70.0 	 0.308411214953271 
421.0 	 771 	 571 	 37.0 	 71.0 	 0.3148148148148148 
422.0 	 773 	 571 	 36.0 	 70.0 	 0.32075471698113206 
423.0 	 775 	 571 	 37.0 	 71.0 	 0.3148148148148148 
424.0 	 778 	 571 	 37.0 	 71.0 	 0.3148148148148148 
425.0 	 780 	 571 	 36.0 	 70.0 	 0.32075471698113206 
426.0 	 782 	 571 	 36.0 	 71.0 	 0.32710280373831774 
427.0 	 784 	 571 	 36.0 	 71.0 	 0.32710280373831774 
428.0 	 787 	 571 	 36.0 	 69.0 	 0.3142857142857143 
429.0 	 789 	 571 	 36.0 	 69.0 	 0.3142857142857143 
430.0 	 791 	 571 	 36.0 	 69.0 	 0.3142857142857143 
431.0 	 793 	 571 	 36.0 	 69.0 	 0.3142857142857143 
432.0 	 795 	 571 	 36.0 	 68.0 	 0.3076923076923077 
433.0 	 797 	 571 	 36.0 	 68.0 	 0.3076923076923077 
434.0 	 799 	 571 	 36.0 	 68.0 	 0.3076923076923077 
435.0 	 802 	 571 	 36.0 	 69.0 	 0.3142857142857143 
436.0 	 804 	 571 	 36.0 	 70.0 	 0.32075471698113206 
437.0 	 807 	 571 	 36.0 	 70.0 	 0.32075471698113206 
438.0 	 809 	 571 	 36.0 	 71.0 	 0.32710280373831774 
439.0 	 812 	 571 	 71.8709487915039 	 36.00682067871094 	 0.3324515170170912 
440.0 	 814 	 571 	 35.0 	 72.0 	 0.34579439252336447 
441.0 	 816 	 571 	 35.0 	 71.0 	 0.33962264150943394 
442.0 	 818 	 571 	 35.68059158325195 	 72.3001480102539 	 0.339130446456067 
443.0 	 821 	 571 	 35.58232879638672 	 72.42607116699219 	 0.3411192313106909 
444.0 	 823 	 571 	 35.52115249633789 	 71.6409683227539 	 0.33705767999303143 
445.0 	 825 	 571 	 35.0 	 71.0 	 0.33962264150943394 
446.0 	 828 	 571 	 35.0 	 71.0 	 0.33962264150943394 
447.0 	 830 	 571 	 36.0 	 71.0 	 0.32710280373831774 
448.0 	 832 	 571 	 37.0 	 71.0 	 0.3148148148148148 
449.0 	 834 	 571 	 37.0 	 71.0 	 0.3148148148148148 
450.0 	 837 	 571 	 37.0 	 71.0 	 0.3148148148148148 
451.0 	 839 	 571 	 36.0 	 71.0 	 0.32710280373831774 
452.0 	 841 	 571 	 36.0 	 72.0 	 0.3333333333333333 
453.0 	 843 	 571 	 36.0 	 71.0 	 0.32710280373831774 
454.0 	 845 	 571 	 36.0 	 72.0 	 0.3333333333333333 
455.0 	 847 	 571 	 36.0 	 71.0 	 0.32710280373831774 
456.0 	 850 	 571 	 36.0 	 71.0 	 0.32710280373831774 
457.0 	 852 	 571 	 35.0 	 71.0 	 0.33962264150943394 
458.0 	 854 	 571 	 35.0 	 70.0 	 0.3333333333333333 
459.0 	 856 	 571 	 35.0 	 70.0 	 0.3333333333333333 
460.0 	 858 	 571 	 35.0 	 70.0 	 0.3333333333333333 
461.0 	 860 	 571 	 35.0 	 70.0 	 0.3333333333333333 
462.0 	 863 	 571 	 36.0 	 70.0 	 0.32075471698113206 
463.0 	 865 	 571 	 36.0 	 71.0 	 0.32710280373831774 
464.0 	 867 	 571 	 36.0 	 71.0 	 0.32710280373831774 
465.0 	 869 	 571 	 36.0 	 72.0 	 0.3333333333333333 
466.0 	 871 	 571 	 37.0 	 72.0 	 0.3211009174311927 
467.0 	 873 	 571 	 37.0 	 72.0 	 0.3211009174311927 
468.0 	 875 	 571 	 37.0 	 71.0 	 0.3148148148148148 
469.0 	 877 	 571 	 37.0 	 71.0 	 0.3148148148148148 
470.0 	 879 	 571 	 37.0 	 71.0 	 0.3148148148148148 
471.0 	 882 	 571 	 37.0 	 70.0 	 0.308411214953271 
472.0 	 884 	 571 	 37.0 	 70.0 	 0.308411214953271 
473.0 	 886 	 571 	 37.0 	 71.0 	 0.3148148148148148 
474.0 	 888 	 571 	 36.0 	 71.0 	 0.32710280373831774 
475.0 	 891 	 571 	 36.0 	 71.0 	 0.32710280373831774 
476.0 	 893 	 571 	 36.0 	 71.0 	 0.32710280373831774 
477.0 	 895 	 571 	 36.0 	 71.0 	 0.32710280373831774 
478.0 	 897 	 571 	 36.0 	 71.0 	 0.32710280373831774 
479.0 	 899 	 570 	 36.0 	 71.0 	 0.32710280373831774 
480.0 	 901 	 570 	 36.0 	 71.0 	 0.32710280373831774 
481.0 	 904 	 570 	 36.0 	 71.0 	 0.32710280373831774 
482.0 	 906 	 570 	 36.0 	 71.0 	 0.32710280373831774 
483.0 	 908 	 570 	 36.0 	 71.0 	 0.32710280373831774 
484.0 	 910 	 570 	 71.0 	 36.0 	 0.32710280373831774 
485.0 	 913 	 570 	 71.0 	 36.0 	 0.32710280373831774 
486.0 	 915 	 570 	 36.0 	 72.0 	 0.3333333333333333 
487.0 	 917 	 570 	 71.0 	 36.0 	 0.32710280373831774 
488.0 	 919 	 570 	 35.0 	 71.0 	 0.33962264150943394 
489.0 	 921 	 570 	 71.0 	 36.0 	 0.32710280373831774 
490.0 	 923 	 570 	 35.0 	 72.0 	 0.34579439252336447 
491.0 	 926 	 570 	 35.0 	 72.0 	 0.34579439252336447 
492.0 	 928 	 570 	 35.0 	 72.0 	 0.34579439252336447 
493.0 	 930 	 570 	 35.0 	 71.0 	 0.33962264150943394 
494.0 	 932 	 570 	 35.0 	 71.0 	 0.33962264150943394 
495.0 	 934 	 570 	 35.0 	 72.0 	 0.34579439252336447 
496.0 	 937 	 570 	 35.0 	 72.0 	 0.34579439252336447 
497.0 	 939 	 570 	 35.0 	 72.0 	 0.34579439252336447 
498.0 	 941 	 570 	 35.0 	 72.0 	 0.34579439252336447 
499.0 	 943 	 570 	 35.0 	 71.0 	 0.33962264150943394 
500.0 	 946 	 570 	 35.0 	 71.0 	 0.33962264150943394 
501.0 	 948 	 570 	 35.0 	 72.0 	 0.34579439252336447 
502.0 	 950 	 570 	 35.0 	 72.0 	 0.34579439252336447 
503.0 	 952 	 570 	 35.0 	 72.0 	 0.34579439252336447 
504.0 	 955 	 570 	 35.0 	 72.0 	 0.34579439252336447 
505.0 	 956 	 570 	 35.0 	 72.0 	 0.34579439252336447 
506.0 	 959 	 570 	 35.0 	 71.0 	 0.33962264150943394 
507.0 	 961 	 570 	 35.0 	 72.0 	 0.34579439252336447 
508.0 	 963 	 570 	 35.0 	 71.0 	 0.33962264150943394 
509.0 	 965 	 570 	 35.0 	 71.0 	 0.33962264150943394 
510.0 	 967 	 570 	 35.0 	 72.0 	 0.34579439252336447 
511.0 	 970 	 570 	 35.0 	 72.0 	 0.34579439252336447 
512.0 	 972 	 570 	 35.0 	 72.0 	 0.34579439252336447 
513.0 	 974 	 570 	 35.0 	 73.0 	 0.35185185185185186 
514.0 	 976 	 570 	 35.0 	 72.0 	 0.34579439252336447 
515.0 	 979 	 570 	 35.0 	 71.0 	 0.33962264150943394 
516.0 	 981 	 570 	 35.0 	 72.0 	 0.34579439252336447 
517.0 	 983 	 570 	 36.0 	 72.0 	 0.3333333333333333 
518.0 	 985 	 571 	 36.0 	 71.0 	 0.32710280373831774 
519.0 	 987 	 570 	 35.0 	 71.0 	 0.33962264150943394 
520.0 	 990 	 571 	 36.0 	 72.0 	 0.3333333333333333 
521.0 	 992 	 570 	 35.0 	 72.0 	 0.34579439252336447 
522.0 	 994 	 571 	 36.0 	 71.0 	 0.32710280373831774 
523.0 	 996 	 570 	 36.0 	 73.0 	 0.3394495412844037 
524.0 	 998 	 570 	 36.0 	 73.0 	 0.3394495412844037 
525.0 	 1001 	 570 	 36.0 	 72.0 	 0.3333333333333333 
526.0 	 1003 	 571 	 36.0 	 72.0 	 0.3333333333333333 
527.0 	 1005 	 570 	 36.0 	 73.0 	 0.3394495412844037 
528.0 	 1007 	 570 	 36.0 	 72.0 	 0.3333333333333333 
529.0 	 1009 	 570 	 35.0 	 72.0 	 0.34579439252336447 
530.0 	 1011 	 571 	 35.0 	 73.0 	 0.35185185185185186 
531.0 	 1013 	 571 	 35.0 	 72.0 	 0.34579439252336447 
532.0 	 1016 	 570 	 35.0 	 72.0 	 0.34579439252336447 
533.0 	 1018 	 571 	 35.0 	 72.0 	 0.34579439252336447 
534.0 	 1020 	 571 	 35.0 	 71.0 	 0.33962264150943394 
535.0 	 1022 	 570 	 35.0 	 71.0 	 0.33962264150943394 
536.0 	 1025 	 570 	 35.0 	 73.0 	 0.35185185185185186 
537.0 	 1027 	 570 	 35.0 	 72.0 	 0.34579439252336447 
538.0 	 1029 	 570 	 35.0 	 72.0 	 0.34579439252336447 
539.0 	 1031 	 570 	 35.0 	 73.0 	 0.35185185185185186 
540.0 	 1033 	 570 	 35.0 	 72.0 	 0.34579439252336447 
541.0 	 1035 	 570 	 35.0 	 73.0 	 0.35185185185185186 
542.0 	 1038 	 570 	 35.0 	 72.0 	 0.34579439252336447 
543.0 	 1040 	 570 	 35.0 	 72.0 	 0.34579439252336447 
544.0 	 1042 	 570 	 35.0 	 72.0 	 0.34579439252336447 
545.0 	 1044 	 570 	 35.0 	 73.0 	 0.35185185185185186 
546.0 	 1047 	 570 	 35.0 	 72.0 	 0.34579439252336447 
547.0 	 1049 	 570 	 35.0 	 72.0 	 0.34579439252336447 
548.0 	 1051 	 570 	 35.0 	 72.0 	 0.34579439252336447 
549.0 	 1053 	 570 	 35.0 	 72.0 	 0.34579439252336447 
550.0 	 1055 	 570 	 35.0 	 73.0 	 0.35185185185185186 
551.0 	 1057 	 570 	 35.0 	 73.0 	 0.35185185185185186 
552.0 	 1060 	 570 	 35.0 	 73.0 	 0.35185185185185186 
553.0 	 1061 	 570 	 35.0 	 72.0 	 0.34579439252336447 
554.0 	 1063 	 570 	 35.0 	 72.0 	 0.34579439252336447 
555.0 	 1066 	 570 	 35.0 	 72.0 	 0.34579439252336447 
556.0 	 1068 	 570 	 35.0 	 72.0 	 0.34579439252336447 
557.0 	 1070 	 570 	 35.0 	 72.0 	 0.34579439252336447 
558.0 	 1072 	 570 	 35.0 	 73.0 	 0.35185185185185186 
559.0 	 1074 	 570 	 35.0 	 73.0 	 0.35185185185185186 
560.0 	 1076 	 570 	 35.0 	 73.0 	 0.35185185185185186 
561.0 	 1079 	 570 	 35.0 	 74.0 	 0.3577981651376147 
562.0 	 1081 	 570 	 35.0 	 73.0 	 0.35185185185185186 
563.0 	 1083 	 570 	 35.0 	 73.0 	 0.35185185185185186 
564.0 	 1085 	 570 	 35.0 	 73.0 	 0.35185185185185186 
565.0 	 1087 	 570 	 35.0 	 73.0 	 0.35185185185185186 
566.0 	 1089 	 570 	 35.0 	 73.0 	 0.35185185185185186 
567.0 	 1092 	 570 	 35.0 	 72.0 	 0.34579439252336447 
568.0 	 1094 	 570 	 35.0 	 73.0 	 0.35185185185185186 
569.0 	 1096 	 570 	 35.0 	 73.0 	 0.35185185185185186 
570.0 	 1098 	 570 	 35.0 	 74.0 	 0.3577981651376147 
571.0 	 1101 	 570 	 35.0 	 74.0 	 0.3577981651376147 
572.0 	 1103 	 570 	 35.0 	 74.0 	 0.3577981651376147 
573.0 	 1105 	 570 	 35.0 	 74.0 	 0.3577981651376147 
574.0 	 1107 	 570 	 35.0 	 74.0 	 0.3577981651376147 
575.0 	 1109 	 570 	 35.0 	 74.0 	 0.3577981651376147 
576.0 	 1111 	 570 	 35.0 	 74.0 	 0.3577981651376147 
577.0 	 1113 	 570 	 35.0 	 73.0 	 0.35185185185185186 
578.0 	 1116 	 571 	 35.0 	 73.0 	 0.35185185185185186 
579.0 	 1118 	 571 	 35.0 	 72.0 	 0.34579439252336447 
580.0 	 1120 	 571 	 35.0 	 73.0 	 0.35185185185185186 
581.0 	 1123 	 571 	 35.0 	 74.0 	 0.3577981651376147 
582.0 	 1125 	 571 	 35.0 	 73.0 	 0.35185185185185186 
583.0 	 1127 	 571 	 35.0 	 73.0 	 0.35185185185185186 
584.0 	 1129 	 571 	 35.0 	 72.0 	 0.34579439252336447 
585.0 	 1131 	 571 	 35.0 	 73.0 	 0.35185185185185186 
586.0 	 1133 	 571 	 35.0 	 73.0 	 0.35185185185185186 
587.0 	 1136 	 571 	 35.0 	 74.0 	 0.3577981651376147 
588.0 	 1138 	 571 	 35.0 	 74.0 	 0.3577981651376147 
589.0 	 1139 	 571 	 36.0 	 74.0 	 0.34545454545454546 
590.0 	 1142 	 571 	 36.0 	 74.0 	 0.34545454545454546 
591.0 	 1144 	 571 	 36.0 	 74.0 	 0.34545454545454546 
592.0 	 1146 	 571 	 36.0 	 74.0 	 0.34545454545454546 
593.0 	 1148 	 571 	 36.0 	 74.0 	 0.34545454545454546 
594.0 	 1151 	 571 	 36.0 	 74.0 	 0.34545454545454546 
595.0 	 1153 	 571 	 36.0 	 74.0 	 0.34545454545454546 
596.0 	 1155 	 571 	 35.0 	 75.0 	 0.36363636363636365 
597.0 	 1157 	 571 	 36.0 	 75.0 	 0.35135135135135137 
598.0 	 1160 	 571 	 36.0 	 75.0 	 0.35135135135135137 
599.0 	 1162 	 571 	 36.0 	 74.0 	 0.34545454545454546 
600.0 	 1164 	 571 	 36.0 	 74.0 	 0.34545454545454546 
601.0 	 1166 	 570 	 36.0 	 74.0 	 0.34545454545454546 
602.0 	 1168 	 570 	 36.0 	 74.0 	 0.34545454545454546 
603.0 	 1170 	 570 	 36.0 	 75.0 	 0.35135135135135137 
604.0 	 1173 	 570 	 36.0 	 75.0 	 0.35135135135135137 
605.0 	 1175 	 570 	 36.0 	 74.0 	 0.34545454545454546 
606.0 	 1177 	 570 	 36.0 	 75.0 	 0.35135135135135137 
607.0 	 1179 	 570 	 36.0 	 75.0 	 0.35135135135135137 
608.0 	 1181 	 570 	 36.0 	 75.0 	 0.35135135135135137 
609.0 	 1184 	 570 	 36.0 	 75.0 	 0.35135135135135137 
610.0 	 1186 	 570 	 36.0 	 75.0 	 0.35135135135135137 
611.0 	 1188 	 570 	 36.0 	 75.0 	 0.35135135135135137 
612.0 	 1190 	 570 	 36.0 	 75.0 	 0.35135135135135137 
613.0 	 1192 	 570 	 35.0 	 75.0 	 0.36363636363636365 
614.0 	 1194 	 570 	 35.0 	 75.0 	 0.36363636363636365 
615.0 	 1197 	 570 	 35.0 	 75.0 	 0.36363636363636365 
616.0 	 1199 	 570 	 35.0 	 77.0 	 0.375 
617.0 	 1201 	 570 	 35.0 	 76.0 	 0.36936936936936937 
618.0 	 1203 	 570 	 35.0 	 75.0 	 0.36363636363636365 
619.0 	 1204 	 570 	 35.0 	 77.0 	 0.375 
620.0 	 1207 	 570 	 35.0 	 76.0 	 0.36936936936936937 
621.0 	 1209 	 570 	 35.0 	 76.0 	 0.36936936936936937 
622.0 	 1211 	 570 	 35.0 	 77.0 	 0.375 
623.0 	 1213 	 570 	 35.0 	 77.0 	 0.375 
624.0 	 1215 	 570 	 35.0 	 76.0 	 0.36936936936936937 
625.0 	 1217 	 570 	 35.0 	 76.0 	 0.36936936936936937 
626.0 	 1219 	 570 	 35.0 	 78.0 	 0.3805309734513274 
627.0 	 1222 	 570 	 36.0 	 76.0 	 0.35714285714285715 
628.0 	 1224 	 570 	 36.0 	 77.0 	 0.36283185840707965 
629.0 	 1226 	 570 	 36.0 	 79.0 	 0.3739130434782609 
630.0 	 1228 	 570 	 35.0 	 77.0 	 0.375 
631.0 	 1231 	 570 	 35.0 	 76.0 	 0.36936936936936937 
632.0 	 1233 	 570 	 36.0 	 77.0 	 0.36283185840707965 
633.0 	 1235 	 570 	 35.0 	 77.0 	 0.375 
634.0 	 1237 	 570 	 35.0 	 77.0 	 0.375 
635.0 	 1240 	 570 	 36.0 	 78.0 	 0.3684210526315789 
636.0 	 1242 	 570 	 35.0 	 77.0 	 0.375 
637.0 	 1244 	 570 	 35.0 	 79.0 	 0.38596491228070173 
638.0 	 1246 	 570 	 35.0 	 80.0 	 0.391304347826087 
639.0 	 1249 	 570 	 36.0 	 80.0 	 0.3793103448275862 
640.0 	 1251 	 570 	 36.0 	 78.0 	 0.3684210526315789 
641.0 	 1253 	 570 	 36.0 	 80.0 	 0.3793103448275862 
642.0 	 1255 	 570 	 36.0 	 79.0 	 0.3739130434782609 
643.0 	 1257 	 570 	 36.0 	 79.0 	 0.3739130434782609 
644.0 	 1260 	 570 	 36.0 	 80.0 	 0.3793103448275862 
645.0 	 1262 	 570 	 36.0 	 79.0 	 0.3739130434782609 
646.0 	 1264 	 570 	 36.46637725830078 	 78.98112487792969 	 0.36826043728049324 
647.0 	 1266 	 570 	 36.0 	 80.0 	 0.3793103448275862 
648.0 	 1268 	 570 	 37.0 	 80.0 	 0.36752136752136755 
649.0 	 1271 	 570 	 35.0 	 79.0 	 0.38596491228070173 
650.0 	 1273 	 570 	 35.0 	 79.0 	 0.38596491228070173 
651.0 	 1275 	 570 	 35.0 	 80.0 	 0.391304347826087 
652.0 	 1277 	 570 	 35.0 	 79.0 	 0.38596491228070173 
653.0 	 1280 	 570 	 35.0 	 78.0 	 0.3805309734513274 
654.0 	 1282 	 570 	 36.0 	 80.0 	 0.3793103448275862 
655.0 	 1284 	 570 	 35.0 	 80.0 	 0.391304347826087 
656.0 	 1287 	 570 	 36.633506774902344 	 78.99592590332031 	 0.36636363378436254 
657.0 	 1289 	 570 	 37.0 	 81.0 	 0.3728813559322034 
658.0 	 1291 	 570 	 37.0 	 80.0 	 0.36752136752136755 
659.0 	 1293 	 570 	 36.0 	 80.0 	 0.3793103448275862 
660.0 	 1295 	 570 	 37.0 	 82.0 	 0.37815126050420167 
661.0 	 1298 	 570 	 35.0 	 80.0 	 0.391304347826087 
662.0 	 1300 	 570 	 36.0 	 80.0 	 0.3793103448275862 
663.0 	 1302 	 570 	 36.759986877441406 	 80.21428680419922 	 0.3714859563481783 
664.0 	 1304 	 570 	 36.0 	 80.0 	 0.3793103448275862 
665.0 	 1307 	 570 	 36.0 	 80.0 	 0.3793103448275862 
666.0 	 1309 	 571 	 36.0 	 82.0 	 0.3898305084745763 
667.0 	 1311 	 571 	 37.0 	 82.0 	 0.37815126050420167 
668.0 	 1313 	 570 	 36.0 	 82.0 	 0.3898305084745763 
669.0 	 1315 	 570 	 36.0 	 82.0 	 0.3898305084745763 
670.0 	 1317 	 570 	 36.0 	 82.0 	 0.3898305084745763 
671.0 	 1320 	 570 	 36.0 	 81.0 	 0.38461538461538464 
672.0 	 1322 	 570 	 36.0 	 81.0 	 0.38461538461538464 
673.0 	 1324 	 570 	 36.0 	 81.0 	 0.38461538461538464 
674.0 	 1326 	 570 	 36.0 	 81.0 	 0.38461538461538464 
675.0 	 1328 	 570 	 36.0 	 81.0 	 0.38461538461538464 
676.0 	 1331 	 570 	 36.0 	 82.0 	 0.3898305084745763 
677.0 	 1333 	 570 	 36.0 	 81.0 	 0.38461538461538464 
678.0 	 1335 	 570 	 36.0 	 80.0 	 0.3793103448275862 
679.0 	 1337 	 570 	 36.0 	 82.0 	 0.3898305084745763 
680.0 	 1340 	 570 	 36.0 	 81.0 	 0.38461538461538464 
681.0 	 1342 	 570 	 36.0 	 82.0 	 0.3898305084745763 
682.0 	 1344 	 570 	 36.0 	 82.0 	 0.3898305084745763 
683.0 	 1346 	 570 	 36.0 	 82.0 	 0.3898305084745763 
684.0 	 1348 	 570 	 36.0 	 82.0 	 0.3898305084745763 
685.0 	 1350 	 570 	 36.0 	 82.0 	 0.3898305084745763 
686.0 	 1352 	 570 	 36.0 	 83.0 	 0.3949579831932773 
687.0 	 1355 	 570 	 36.0 	 82.0 	 0.3898305084745763 
688.0 	 1357 	 570 	 36.0 	 82.0 	 0.3898305084745763 
689.0 	 1359 	 570 	 36.0 	 83.0 	 0.3949579831932773 
690.0 	 1361 	 570 	 83.0 	 36.0 	 0.3949579831932773 
691.0 	 1364 	 570 	 36.0 	 81.0 	 0.38461538461538464 
692.0 	 1365 	 570 	 35.0 	 82.0 	 0.4017094017094017 
693.0 	 1368 	 570 	 35.0 	 82.0 	 0.4017094017094017 
694.0 	 1370 	 570 	 35.0 	 82.0 	 0.4017094017094017 
695.0 	 1372 	 570 	 35.0 	 84.0 	 0.4117647058823529 
696.0 	 1374 	 570 	 35.0 	 83.0 	 0.4067796610169492 
697.0 	 1376 	 570 	 35.0 	 83.0 	 0.4067796610169492 
698.0 	 1378 	 570 	 35.0 	 84.0 	 0.4117647058823529 
699.0 	 1381 	 570 	 35.0 	 84.0 	 0.4117647058823529 
700.0 	 1383 	 570 	 34.0 	 83.0 	 0.4188034188034188 
701.0 	 1385 	 570 	 35.0 	 83.0 	 0.4067796610169492 
702.0 	 1387 	 570 	 35.0 	 84.0 	 0.4117647058823529 
703.0 	 1390 	 570 	 35.0 	 83.0 	 0.4067796610169492 
704.0 	 1392 	 570 	 35.0 	 82.0 	 0.4017094017094017 
705.0 	 1394 	 570 	 35.0 	 83.0 	 0.4067796610169492 
706.0 	 1397 	 570 	 35.0 	 84.0 	 0.4117647058823529 
707.0 	 1399 	 570 	 35.0 	 83.0 	 0.4067796610169492 
708.0 	 1401 	 570 	 35.0 	 85.0 	 0.4166666666666667 
709.0 	 1403 	 570 	 34.0 	 84.0 	 0.423728813559322 
710.0 	 1405 	 570 	 34.0 	 82.0 	 0.41379310344827586 
711.0 	 1408 	 570 	 36.0 	 85.0 	 0.4049586776859504 
712.0 	 1410 	 570 	 36.0 	 87.0 	 0.4146341463414634 
713.0 	 1413 	 570 	 35.0 	 86.0 	 0.4214876033057851 
714.0 	 1415 	 570 	 36.0 	 87.0 	 0.4146341463414634 
715.0 	 1418 	 570 	 36.0 	 86.0 	 0.4098360655737705 
716.0 	 1420 	 570 	 35.76601791381836 	 85.42520904541016 	 0.409758960096165 
717.0 	 1422 	 570 	 35.78722381591797 	 85.07779693603516 	 0.4078150387387467 
718.0 	 1424 	 570 	 85.0 	 35.0 	 0.4166666666666667 
719.0 	 1427 	 570 	 35.0 	 85.0 	 0.4166666666666667 
720.0 	 1429 	 570 	 35.445343017578125 	 84.14801788330078 	 0.40723560654916535 
721.0 	 1431 	 570 	 35.0 	 84.0 	 0.4117647058823529 
722.0 	 1433 	 570 	 35.0 	 85.0 	 0.4166666666666667 
723.0 	 1436 	 570 	 35.0 	 84.0 	 0.4117647058823529 
724.0 	 1438 	 570 	 35.0 	 84.0 	 0.4117647058823529 
725.0 	 1440 	 570 	 85.0 	 36.0 	 0.4049586776859504 
726.0 	 1442 	 570 	 36.0 	 83.0 	 0.3949579831932773 
727.0 	 1444 	 570 	 36.0 	 84.0 	 0.4 
728.0 	 1447 	 570 	 36.0 	 84.0 	 0.4 
729.0 	 1449 	 570 	 83.20502471923828 	 35.889102935791016 	 0.3972985294497779 
730.0 	 1451 	 570 	 36.0 	 84.0 	 0.4 
731.0 	 1454 	 570 	 35.0 	 84.0 	 0.4117647058823529 
732.0 	 1456 	 570 	 36.0 	 84.0 	 0.4 
733.0 	 1458 	 570 	 35.0 	 83.0 	 0.4067796610169492 
734.0 	 1460 	 570 	 36.0 	 85.0 	 0.4049586776859504 
735.0 	 1462 	 570 	 35.0 	 84.0 	 0.4117647058823529 
736.0 	 1465 	 570 	 36.0 	 83.0 	 0.3949579831932773 
737.0 	 1467 	 570 	 36.0 	 85.0 	 0.4049586776859504 
738.0 	 1469 	 570 	 36.0 	 84.0 	 0.4 
739.0 	 1471 	 570 	 36.0 	 83.0 	 0.3949579831932773 
740.0 	 1473 	 570 	 36.0 	 85.0 	 0.4049586776859504 
741.0 	 1475 	 570 	 36.0 	 86.0 	 0.4098360655737705 
742.0 	 1478 	 570 	 36.0 	 85.0 	 0.4049586776859504 
743.0 	 1480 	 570 	 36.0 	 87.0 	 0.4146341463414634 
744.0 	 1482 	 570 	 36.0 	 85.0 	 0.4049586776859504 
745.0 	 1484 	 570 	 36.0 	 85.0 	 0.4049586776859504 
746.0 	 1486 	 570 	 87.0 	 36.0 	 0.4146341463414634 
747.0 	 1488 	 570 	 36.0 	 87.0 	 0.4146341463414634 
748.0 	 1490 	 570 	 36.0 	 87.0 	 0.4146341463414634 
749.0 	 1492 	 570 	 36.0 	 89.0 	 0.424 
750.0 	 1495 	 570 	 36.0 	 89.0 	 0.424 
751.0 	 1498 	 570 	 36.0 	 83.0 	 0.3949579831932773 
752.0 	 1500 	 570 	 36.0 	 84.0 	 0.4 
753.0 	 1502 	 570 	 36.0 	 85.0 	 0.4049586776859504 
754.0 	 1504 	 570 	 36.0 	 85.0 	 0.4049586776859504 
755.0 	 1506 	 570 	 36.0 	 84.0 	 0.4 
756.0 	 1509 	 570 	 36.0 	 86.0 	 0.4098360655737705 
757.0 	 1511 	 570 	 36.0 	 84.0 	 0.4 
758.0 	 1514 	 570 	 36.0 	 83.0 	 0.3949579831932773 
759.0 	 1515 	 570 	 36.0 	 85.0 	 0.4049586776859504 
760.0 	 1518 	 570 	 36.0 	 85.0 	 0.4049586776859504 
761.0 	 1520 	 570 	 36.0 	 83.0 	 0.3949579831932773 
762.0 	 1522 	 570 	 36.0 	 84.0 	 0.4 
763.0 	 1524 	 570 	 36.990325927734375 	 84.7720947265625 	 0.3924180263670042 
764.0 	 1527 	 570 	 37.0 	 84.0 	 0.3884297520661157 
765.0 	 1529 	 570 	 37.0 	 84.0 	 0.3884297520661157 
766.0 	 1531 	 570 	 37.0 	 85.0 	 0.39344262295081966 
767.0 	 1534 	 570 	 83.0 	 36.0 	 0.3949579831932773 
768.0 	 1536 	 570 	 36.0 	 84.0 	 0.4 
769.0 	 1538 	 570 	 81.97594451904297 	 36.994873046875 	 0.37808491521246695 
770.0 	 1541 	 570 	 36.0 	 81.0 	 0.38461538461538464 
771.0 	 1543 	 570 	 35.0 	 81.0 	 0.39655172413793105 
772.0 	 1545 	 570 	 36.0 	 82.0 	 0.3898305084745763 
773.0 	 1548 	 570 	 35.0 	 81.0 	 0.39655172413793105 
774.0 	 1550 	 570 	 35.0 	 82.0 	 0.4017094017094017 
775.0 	 1552 	 570 	 35.0 	 83.0 	 0.4067796610169492 
776.0 	 1554 	 570 	 36.0 	 83.0 	 0.3949579831932773 
777.0 	 1557 	 570 	 36.0 	 81.0 	 0.38461538461538464 
778.0 	 1559 	 570 	 36.0 	 82.0 	 0.3898305084745763 
779.0 	 1561 	 570 	 36.0 	 82.0 	 0.3898305084745763 
780.0 	 1563 	 570 	 36.0 	 80.0 	 0.3793103448275862 
781.0 	 1565 	 570 	 34.0 	 81.0 	 0.40869565217391307 
782.0 	 1567 	 570 	 34.0 	 81.0 	 0.40869565217391307 
783.0 	 1570 	 570 	 34.0 	 79.0 	 0.39823008849557523 
784.0 	 1571 	 570 	 34.0 	 82.0 	 0.41379310344827586 
785.0 	 1574 	 570 	 34.0 	 83.0 	 0.4188034188034188 
786.0 	 1576 	 570 	 34.0 	 81.0 	 0.40869565217391307 
787.0 	 1578 	 570 	 34.0 	 81.0 	 0.40869565217391307 
788.0 	 1580 	 570 	 34.0 	 81.0 	 0.40869565217391307 
789.0 	 1583 	 570 	 34.0 	 80.0 	 0.40350877192982454 
790.0 	 1585 	 570 	 34.0 	 80.0 	 0.40350877192982454 
791.0 	 1587 	 570 	 35.0 	 82.0 	 0.4017094017094017 
792.0 	 1589 	 570 	 35.0 	 82.0 	 0.4017094017094017 
793.0 	 1592 	 570 	 34.0 	 80.0 	 0.40350877192982454 
794.0 	 1594 	 570 	 34.0 	 82.0 	 0.41379310344827586 
795.0 	 1596 	 570 	 34.0 	 81.0 	 0.40869565217391307 
796.0 	 1598 	 570 	 32.0 	 80.0 	 0.42857142857142855 
797.0 	 1600 	 570 	 34.0 	 82.0 	 0.41379310344827586 
798.0 	 1602 	 570 	 34.0 	 82.0 	 0.41379310344827586 
799.0 	 1604 	 570 	 34.0 	 80.0 	 0.40350877192982454 
800.0 	 1606 	 570 	 34.0 	 82.0 	 0.41379310344827586 
801.0 	 1609 	 570 	 34.0 	 83.0 	 0.4188034188034188 
802.0 	 1611 	 570 	 34.0 	 80.0 	 0.40350877192982454 
803.0 	 1613 	 570 	 34.0 	 82.0 	 0.41379310344827586 
804.0 	 1615 	 570 	 34.0 	 82.0 	 0.41379310344827586 
805.0 	 1617 	 570 	 33.0 	 81.0 	 0.42105263157894735 
806.0 	 1619 	 570 	 33.0 	 81.0 	 0.42105263157894735 
807.0 	 1621 	 570 	 34.62606430053711 	 82.29033660888672 	 0.4076782379340906 
808.0 	 1624 	 570 	 34.513427734375 	 81.1448974609375 	 0.4031829930773753 
809.0 	 1626 	 570 	 34.0 	 81.0 	 0.40869565217391307 
810.0 	 1628 	 570 	 34.0 	 82.0 	 0.41379310344827586 
811.0 	 1630 	 570 	 34.0 	 81.0 	 0.40869565217391307 
812.0 	 1632 	 570 	 33.0 	 79.0 	 0.4107142857142857 
813.0 	 1634 	 570 	 34.87910461425781 	 81.05239868164062 	 0.3982808188860636 
814.0 	 1637 	 570 	 34.0 	 80.0 	 0.40350877192982454 
815.0 	 1639 	 570 	 33.0 	 79.0 	 0.4107142857142857 
816.0 	 1641 	 570 	 33.0 	 81.0 	 0.42105263157894735 
817.0 	 1643 	 570 	 31.0 	 79.0 	 0.43636363636363634 
818.0 	 1645 	 570 	 31.0 	 78.0 	 0.43119266055045874 
819.0 	 1647 	 570 	 33.0 	 79.0 	 0.4107142857142857 
820.0 	 1649 	 570 	 33.0 	 80.0 	 0.415929203539823 
821.0 	 1651 	 570 	 32.0 	 78.0 	 0.41818181818181815 
822.0 	 1653 	 570 	 32.0 	 80.0 	 0.42857142857142855 
823.0 	 1655 	 570 	 33.0 	 82.0 	 0.4260869565217391 
824.0 	 1658 	 570 	 33.0 	 81.0 	 0.42105263157894735 
825.0 	 1660 	 569 	 33.0 	 81.0 	 0.42105263157894735 
826.0 	 1662 	 570 	 33.0 	 82.0 	 0.4260869565217391 
827.0 	 1664 	 570 	 32.0 	 81.0 	 0.4336283185840708 
828.0 	 1667 	 570 	 32.0 	 79.0 	 0.42342342342342343 
829.0 	 1668 	 570 	 32.0 	 79.0 	 0.42342342342342343 
830.0 	 1670 	 570 	 32.0 	 79.0 	 0.42342342342342343 
831.0 	 1673 	 570 	 32.0 	 79.0 	 0.42342342342342343 
832.0 	 1675 	 570 	 33.0 	 80.0 	 0.415929203539823 
833.0 	 1677 	 570 	 33.0 	 79.0 	 0.4107142857142857 
834.0 	 1679 	 570 	 78.9688720703125 	 32.57792282104492 	 0.4158877831895636 
835.0 	 1681 	 570 	 33.0 	 81.0 	 0.42105263157894735 
836.0 	 1683 	 570 	 33.0 	 81.0 	 0.42105263157894735 
837.0 	 1685 	 570 	 33.0 	 79.0 	 0.4107142857142857 
838.0 	 1687 	 570 	 33.0 	 80.0 	 0.415929203539823 
839.0 	 1689 	 570 	 33.0 	 81.0 	 0.42105263157894735 
840.0 	 1692 	 570 	 34.0 	 81.0 	 0.40869565217391307 
841.0 	 1694 	 570 	 32.0 	 79.0 	 0.42342342342342343 
842.0 	 1696 	 570 	 33.0 	 81.0 	 0.42105263157894735 
843.0 	 1698 	 570 	 33.0 	 82.0 	 0.4260869565217391 
844.0 	 1700 	 569 	 32.0 	 80.0 	 0.42857142857142855 
845.0 	 1703 	 570 	 32.0 	 81.0 	 0.4336283185840708 
846.0 	 1705 	 570 	 32.0 	 82.0 	 0.43859649122807015 
847.0 	 1707 	 570 	 32.0 	 80.0 	 0.42857142857142855 
848.0 	 1709 	 570 	 32.0 	 81.0 	 0.4336283185840708 
849.0 	 1711 	 569 	 32.0 	 80.0 	 0.42857142857142855 
850.0 	 1714 	 570 	 32.0 	 79.0 	 0.42342342342342343 
851.0 	 1715 	 570 	 33.0 	 81.0 	 0.42105263157894735 
852.0 	 1718 	 570 	 33.0 	 82.0 	 0.4260869565217391 
853.0 	 1720 	 570 	 31.0 	 78.0 	 0.43119266055045874 
854.0 	 1722 	 570 	 31.0 	 79.0 	 0.43636363636363634 
855.0 	 1724 	 570 	 31.0 	 79.0 	 0.43636363636363634 
856.0 	 1727 	 570 	 32.0 	 76.0 	 0.4074074074074074 
857.0 	 1729 	 569 	 32.0 	 78.0 	 0.41818181818181815 
858.0 	 1731 	 570 	 33.0 	 79.0 	 0.4107142857142857 
859.0 	 1733 	 570 	 33.0 	 79.0 	 0.4107142857142857 
860.0 	 1735 	 570 	 32.0 	 76.0 	 0.4074074074074074 
861.0 	 1737 	 569 	 33.0 	 78.0 	 0.40540540540540543 
862.0 	 1739 	 569 	 33.0 	 79.0 	 0.4107142857142857 
863.0 	 1742 	 569 	 32.0 	 76.0 	 0.4074074074074074 
864.0 	 1744 	 570 	 33.0 	 78.0 	 0.40540540540540543 
865.0 	 1746 	 569 	 31.0 	 78.0 	 0.43119266055045874 
866.0 	 1749 	 569 	 31.0 	 77.0 	 0.42592592592592593 
867.0 	 1750 	 570 	 31.0 	 79.0 	 0.43636363636363634 
868.0 	 1752 	 570 	 31.0 	 79.0 	 0.43636363636363634 
869.0 	 1755 	 569 	 31.0 	 78.0 	 0.43119266055045874 
870.0 	 1757 	 569 	 32.0 	 79.0 	 0.42342342342342343 
871.0 	 1759 	 570 	 32.0 	 78.0 	 0.41818181818181815 
872.0 	 1761 	 569 	 78.0 	 31.0 	 0.43119266055045874 
873.0 	 1763 	 569 	 31.0 	 78.0 	 0.43119266055045874 
874.0 	 1765 	 570 	 31.745534896850586 	 79.25872039794922 	 0.42803030726088276 
875.0 	 1767 	 570 	 30.831802368164062 	 77.2838363647461 	 0.42965138569210654 
876.0 	 1770 	 570 	 31.81292724609375 	 77.22431945800781 	 0.41647596197241343 
877.0 	 1772 	 569 	 31.0 	 78.0 	 0.43119266055045874 
878.0 	 1774 	 569 	 31.0 	 80.0 	 0.44144144144144143 
879.0 	 1777 	 569 	 31.0 	 78.0 	 0.43119266055045874 
880.0 	 1778 	 569 	 31.0 	 79.0 	 0.43636363636363634 
881.0 	 1780 	 569 	 31.0 	 80.0 	 0.44144144144144143 
882.0 	 1783 	 569 	 30.0 	 78.0 	 0.4444444444444444 
883.0 	 1785 	 569 	 30.0 	 80.0 	 0.45454545454545453 
884.0 	 1787 	 569 	 31.0 	 80.0 	 0.44144144144144143 
885.0 	 1789 	 569 	 30.0 	 77.0 	 0.4392523364485981 
886.0 	 1791 	 569 	 31.0 	 79.0 	 0.43636363636363634 
887.0 	 1794 	 569 	 31.0 	 79.0 	 0.43636363636363634 
888.0 	 1796 	 569 	 30.0 	 77.0 	 0.4392523364485981 
889.0 	 1798 	 570 	 29.0 	 78.0 	 0.45794392523364486 
890.0 	 1800 	 570 	 29.0 	 79.0 	 0.46296296296296297 
891.0 	 1802 	 570 	 29.0 	 78.0 	 0.45794392523364486 
892.0 	 1804 	 570 	 29.0 	 79.0 	 0.46296296296296297 
893.0 	 1807 	 570 	 29.0 	 80.0 	 0.46788990825688076 
894.0 	 1809 	 570 	 29.0 	 78.0 	 0.45794392523364486 
895.0 	 1812 	 570 	 30.0 	 77.0 	 0.4392523364485981 
896.0 	 1814 	 570 	 30.0 	 79.0 	 0.44954128440366975 
897.0 	 1816 	 570 	 30.0 	 80.0 	 0.45454545454545453 
898.0 	 1819 	 570 	 30.0 	 78.0 	 0.4444444444444444 
899.0 	 1821 	 570 	 80.08168029785156 	 30.849973678588867 	 0.4438021507343475 
900.0 	 1823 	 570 	 30.0 	 81.0 	 0.4594594594594595 
901.0 	 1827 	 570 	 29.0 	 79.0 	 0.46296296296296297 
902.0 	 1829 	 570 	 30.0 	 81.0 	 0.4594594594594595 
903.0 	 1831 	 570 	 30.0 	 82.0 	 0.4642857142857143 
904.0 	 1834 	 570 	 31.0 	 79.0 	 0.43636363636363634 
905.0 	 1836 	 570 	 31.0 	 80.0 	 0.44144144144144143 
906.0 	 1838 	 570 	 31.0 	 80.0 	 0.44144144144144143 
907.0 	 1841 	 570 	 31.0 	 79.0 	 0.43636363636363634 
908.0 	 1843 	 570 	 31.0 	 79.0 	 0.43636363636363634 
909.0 	 1845 	 570 	 32.0 	 81.0 	 0.4336283185840708 
910.0 	 1847 	 570 	 31.91471290588379 	 78.95855712890625 	 0.4243028478213094 
911.0 	 1850 	 569 	 31.0 	 77.0 	 0.42592592592592593 
912.0 	 1851 	 569 	 31.4742374420166 	 80.80325317382812 	 0.43934911139570976 
913.0 	 1854 	 570 	 79.0 	 32.0 	 0.42342342342342343 
914.0 	 1857 	 570 	 31.0 	 77.0 	 0.42592592592592593 
915.0 	 1858 	 570 	 32.0 	 79.0 	 0.42342342342342343 
916.0 	 1861 	 570 	 31.0 	 79.0 	 0.43636363636363634 
917.0 	 1863 	 569 	 30.3294734954834 	 77.9512710571289 	 0.4397993175832537 
918.0 	 1865 	 570 	 31.0 	 80.0 	 0.44144144144144143 
919.0 	 1867 	 569 	 30.731779098510742 	 80.0223617553711 	 0.4450450545401234 
920.0 	 1869 	 569 	 30.0 	 78.0 	 0.4444444444444444 
921.0 	 1872 	 569 	 30.0 	 79.0 	 0.44954128440366975 
922.0 	 1874 	 569 	 30.887784957885742 	 80.03811645507812 	 0.4430915671734014 
923.0 	 1876 	 569 	 30.0 	 78.0 	 0.4444444444444444 
924.0 	 1878 	 569 	 32.0 	 79.0 	 0.42342342342342343 
925.0 	 1879 	 569 	 31.0 	 77.0 	 0.42592592592592593 
926.0 	 1882 	 569 	 32.0 	 76.0 	 0.4074074074074074 
927.0 	 1883 	 569 	 32.0 	 74.0 	 0.39622641509433965 
928.0 	 1885 	 569 	 32.0 	 73.0 	 0.3904761904761905 
929.0 	 1886 	 570 	 31.0 	 70.0 	 0.38613861386138615 
930.0 	 1888 	 569 	 32.0 	 67.0 	 0.35353535353535354 
931.0 	 1888 	 569 	 31.0 	 66.0 	 0.36082474226804123 
932.0 	 1890 	 569 	 31.0 	 64.0 	 0.3473684210526316 
933.0 	 1891 	 569 	 30.0 	 61.0 	 0.34065934065934067 
934.0 	 1891 	 569 	 31.0 	 61.0 	 0.32608695652173914 
935.0 	 1893 	 569 	 30.0 	 58.0 	 0.3181818181818182 
936.0 	 1894 	 569 	 29.0 	 54.0 	 0.30120481927710846 
937.0 	 1895 	 569 	 30.0 	 53.0 	 0.27710843373493976 
938.0 	 1896 	 569 	 30.0 	 51.0 	 0.25925925925925924 
939.0 	 1897 	 569 	 28.0 	 49.0 	 0.2727272727272727 
940.0 	 1898 	 569 	 29.0 	 47.0 	 0.23684210526315788 
941.0 	 1899 	 569 	 29.0 	 45.0 	 0.21621621621621623 
942.0 	 1900 	 569 	 27.0 	 42.0 	 0.21739130434782608 
943.0 	 1901 	 569 	 26.0 	 40.0 	 0.21212121212121213 
944.0 	 1901 	 569 	 27.0 	 39.0 	 0.18181818181818182 
945.0 	 1903 	 569 	 26.0 	 36.0 	 0.16129032258064516 
946.0 	 1904 	 569 	 34.7634391784668 	 25.191749572753906 	 0.15964739341293474 
947.0 	 1905 	 569 	 26.0 	 33.0 	 0.11864406779661017 
948.0 	 1906 	 568 	 26.0 	 30.0 	 0.07142857142857142 
949.0 	 1908 	 569 	 24.0 	 25.0 	 0.02040816326530612 
950.0 	 1908 	 569 	 24.0 	 23.0 	 0.02127659574468085 
