frame 	 x 	 y 	 width 	 height 	 deformation 
1.0 	 139 	 572 	 46.0 	 56.0 	 0.09803921568627451 
2.0 	 139 	 571 	 46.0 	 56.0 	 0.09803921568627451 
3.0 	 139 	 571 	 46.0 	 56.0 	 0.09803921568627451 
4.0 	 139 	 571 	 46.0 	 57.0 	 0.10679611650485436 
5.0 	 140 	 571 	 46.0 	 57.0 	 0.10679611650485436 
6.0 	 139 	 571 	 46.0 	 57.0 	 0.10679611650485436 
7.0 	 139 	 571 	 47.0 	 57.0 	 0.09615384615384616 
8.0 	 139 	 571 	 47.0 	 57.0 	 0.09615384615384616 
9.0 	 140 	 571 	 47.0 	 57.0 	 0.09615384615384616 
10.0 	 140 	 571 	 47.0 	 57.0 	 0.09615384615384616 
11.0 	 140 	 571 	 47.0 	 57.0 	 0.09615384615384616 
12.0 	 140 	 571 	 47.0 	 56.0 	 0.08737864077669903 
13.0 	 140 	 571 	 47.0 	 56.0 	 0.08737864077669903 
14.0 	 140 	 571 	 47.0 	 56.0 	 0.08737864077669903 
15.0 	 140 	 571 	 47.0 	 56.0 	 0.08737864077669903 
16.0 	 140 	 571 	 47.0 	 57.0 	 0.09615384615384616 
17.0 	 140 	 571 	 47.0 	 56.0 	 0.08737864077669903 
18.0 	 140 	 571 	 47.91724395751953 	 55.88961410522461 	 0.07680003322021678 
19.0 	 140 	 571 	 48.0 	 56.0 	 0.07692307692307693 
20.0 	 140 	 571 	 48.0 	 56.0 	 0.07692307692307693 
21.0 	 141 	 571 	 47.0 	 55.0 	 0.0784313725490196 
22.0 	 140 	 571 	 47.0 	 57.0 	 0.09615384615384616 
23.0 	 140 	 571 	 47.0 	 57.0 	 0.09615384615384616 
24.0 	 141 	 571 	 47.0 	 56.0 	 0.08737864077669903 
25.0 	 141 	 571 	 47.0 	 57.0 	 0.09615384615384616 
26.0 	 140 	 571 	 48.1598014831543 	 56.51811218261719 	 0.07984789156335627 
27.0 	 141 	 571 	 47.0 	 56.0 	 0.08737864077669903 
28.0 	 141 	 571 	 47.0 	 56.0 	 0.08737864077669903 
29.0 	 141 	 571 	 47.0 	 57.0 	 0.09615384615384616 
30.0 	 141 	 571 	 48.0 	 55.0 	 0.06796116504854369 
31.0 	 141 	 571 	 47.0 	 56.0 	 0.08737864077669903 
32.0 	 141 	 571 	 47.0 	 57.0 	 0.09615384615384616 
33.0 	 141 	 571 	 47.0 	 55.0 	 0.0784313725490196 
34.0 	 141 	 571 	 47.0 	 56.0 	 0.08737864077669903 
35.0 	 141 	 571 	 47.0 	 57.0 	 0.09615384615384616 
36.0 	 141 	 571 	 47.0 	 56.0 	 0.08737864077669903 
37.0 	 141 	 571 	 47.0 	 56.0 	 0.08737864077669903 
38.0 	 141 	 571 	 47.0 	 58.0 	 0.10476190476190476 
39.0 	 141 	 572 	 47.0 	 56.0 	 0.08737864077669903 
40.0 	 141 	 572 	 47.0 	 56.0 	 0.08737864077669903 
41.0 	 141 	 572 	 47.0 	 57.0 	 0.09615384615384616 
42.0 	 141 	 571 	 47.0 	 57.0 	 0.09615384615384616 
43.0 	 141 	 571 	 47.0 	 55.0 	 0.0784313725490196 
44.0 	 141 	 572 	 47.0 	 57.0 	 0.09615384615384616 
45.0 	 141 	 571 	 47.0 	 57.0 	 0.09615384615384616 
46.0 	 141 	 571 	 47.0 	 55.0 	 0.0784313725490196 
47.0 	 141 	 572 	 47.0 	 57.0 	 0.09615384615384616 
48.0 	 141 	 572 	 47.0 	 57.0 	 0.09615384615384616 
49.0 	 142 	 571 	 47.0 	 55.0 	 0.0784313725490196 
50.0 	 141 	 571 	 47.0 	 57.0 	 0.09615384615384616 
51.0 	 142 	 571 	 47.0 	 57.0 	 0.09615384615384616 
52.0 	 142 	 571 	 47.0 	 55.0 	 0.0784313725490196 
53.0 	 142 	 571 	 48.0377197265625 	 56.761810302734375 	 0.08324551239622012 
54.0 	 142 	 571 	 57.0 	 48.0 	 0.08571428571428572 
55.0 	 142 	 571 	 48.0 	 55.0 	 0.06796116504854369 
56.0 	 142 	 571 	 48.0 	 56.0 	 0.07692307692307693 
57.0 	 142 	 571 	 47.94563293457031 	 56.79149627685547 	 0.08445776019341344 
58.0 	 142 	 571 	 47.0 	 56.0 	 0.08737864077669903 
59.0 	 142 	 571 	 47.0 	 56.0 	 0.08737864077669903 
60.0 	 142 	 571 	 47.0 	 57.0 	 0.09615384615384616 
61.0 	 142 	 571 	 47.0 	 56.0 	 0.08737864077669903 
62.0 	 142 	 571 	 47.0 	 54.0 	 0.06930693069306931 
63.0 	 142 	 571 	 47.0 	 56.0 	 0.08737864077669903 
64.0 	 142 	 571 	 47.0 	 55.0 	 0.0784313725490196 
65.0 	 142 	 571 	 47.0 	 55.0 	 0.0784313725490196 
66.0 	 143 	 571 	 48.0 	 56.0 	 0.07692307692307693 
67.0 	 143 	 571 	 48.0 	 56.0 	 0.07692307692307693 
68.0 	 143 	 571 	 48.0 	 55.0 	 0.06796116504854369 
69.0 	 143 	 571 	 47.0 	 56.0 	 0.08737864077669903 
70.0 	 144 	 571 	 47.0 	 57.0 	 0.09615384615384616 
71.0 	 144 	 571 	 47.0 	 55.0 	 0.0784313725490196 
72.0 	 145 	 571 	 47.0 	 57.0 	 0.09615384615384616 
73.0 	 146 	 571 	 47.0 	 56.0 	 0.08737864077669903 
74.0 	 146 	 571 	 48.0 	 55.0 	 0.06796116504854369 
75.0 	 147 	 571 	 48.0 	 56.0 	 0.07692307692307693 
76.0 	 148 	 571 	 48.0 	 56.0 	 0.07692307692307693 
77.0 	 149 	 571 	 48.0 	 55.0 	 0.06796116504854369 
78.0 	 150 	 571 	 47.0 	 56.0 	 0.08737864077669903 
79.0 	 151 	 571 	 47.0 	 56.0 	 0.08737864077669903 
80.0 	 152 	 571 	 47.0 	 56.0 	 0.08737864077669903 
81.0 	 153 	 571 	 47.0 	 56.0 	 0.08737864077669903 
82.0 	 154 	 571 	 47.0 	 57.0 	 0.09615384615384616 
83.0 	 155 	 571 	 47.0 	 56.0 	 0.08737864077669903 
84.0 	 156 	 571 	 47.0 	 57.0 	 0.09615384615384616 
85.0 	 158 	 571 	 45.0 	 57.0 	 0.11764705882352941 
86.0 	 159 	 571 	 46.0 	 57.0 	 0.10679611650485436 
87.0 	 160 	 571 	 46.0 	 57.0 	 0.10679611650485436 
88.0 	 161 	 571 	 46.0 	 58.0 	 0.11538461538461539 
89.0 	 162 	 571 	 46.0 	 57.0 	 0.10679611650485436 
90.0 	 163 	 571 	 46.0 	 57.0 	 0.10679611650485436 
91.0 	 165 	 571 	 46.0 	 58.0 	 0.11538461538461539 
92.0 	 166 	 571 	 46.0 	 58.0 	 0.11538461538461539 
93.0 	 168 	 571 	 46.0 	 58.0 	 0.11538461538461539 
94.0 	 169 	 571 	 46.0 	 59.0 	 0.12380952380952381 
95.0 	 170 	 571 	 46.0 	 59.0 	 0.12380952380952381 
96.0 	 171 	 571 	 46.0 	 59.0 	 0.12380952380952381 
97.0 	 173 	 572 	 44.0 	 59.0 	 0.14563106796116504 
98.0 	 175 	 571 	 44.0 	 60.0 	 0.15384615384615385 
99.0 	 176 	 572 	 44.0 	 59.0 	 0.14563106796116504 
100.0 	 177 	 571 	 44.0 	 60.0 	 0.15384615384615385 
101.0 	 179 	 572 	 44.0 	 60.0 	 0.15384615384615385 
102.0 	 181 	 571 	 44.0 	 60.0 	 0.15384615384615385 
103.0 	 182 	 571 	 44.0 	 60.0 	 0.15384615384615385 
104.0 	 184 	 571 	 44.0 	 61.0 	 0.1619047619047619 
105.0 	 185 	 571 	 43.0 	 60.0 	 0.1650485436893204 
106.0 	 187 	 571 	 43.0 	 61.0 	 0.17307692307692307 
107.0 	 189 	 571 	 43.0 	 61.0 	 0.17307692307692307 
108.0 	 190 	 571 	 43.0 	 61.0 	 0.17307692307692307 
109.0 	 192 	 571 	 43.0 	 61.0 	 0.17307692307692307 
110.0 	 193 	 571 	 43.0 	 62.0 	 0.18095238095238095 
111.0 	 195 	 571 	 43.0 	 63.0 	 0.18867924528301888 
112.0 	 197 	 571 	 43.0 	 62.0 	 0.18095238095238095 
113.0 	 198 	 571 	 43.0 	 63.0 	 0.18867924528301888 
114.0 	 200 	 571 	 43.0 	 64.0 	 0.19626168224299065 
115.0 	 202 	 571 	 43.0 	 64.0 	 0.19626168224299065 
116.0 	 204 	 571 	 43.0 	 65.0 	 0.2037037037037037 
117.0 	 205 	 571 	 43.0 	 65.0 	 0.2037037037037037 
118.0 	 207 	 571 	 43.0 	 65.0 	 0.2037037037037037 
119.0 	 209 	 571 	 43.0 	 65.0 	 0.2037037037037037 
120.0 	 210 	 571 	 43.0 	 66.0 	 0.21100917431192662 
121.0 	 213 	 571 	 41.0 	 66.0 	 0.2336448598130841 
122.0 	 214 	 571 	 41.0 	 66.0 	 0.2336448598130841 
123.0 	 216 	 571 	 41.0 	 67.0 	 0.24074074074074073 
124.0 	 218 	 571 	 41.0 	 67.0 	 0.24074074074074073 
125.0 	 220 	 571 	 41.0 	 67.0 	 0.24074074074074073 
126.0 	 222 	 571 	 41.0 	 68.0 	 0.24770642201834864 
127.0 	 223 	 571 	 41.0 	 68.0 	 0.24770642201834864 
128.0 	 225 	 571 	 41.0 	 68.0 	 0.24770642201834864 
129.0 	 227 	 571 	 41.0 	 69.0 	 0.2545454545454545 
130.0 	 229 	 571 	 41.0 	 69.0 	 0.2545454545454545 
131.0 	 231 	 571 	 41.0 	 69.0 	 0.2545454545454545 
132.0 	 233 	 571 	 41.0 	 69.0 	 0.2545454545454545 
133.0 	 235 	 571 	 40.0 	 69.0 	 0.26605504587155965 
134.0 	 237 	 571 	 41.0 	 70.0 	 0.26126126126126126 
135.0 	 239 	 571 	 40.0 	 70.0 	 0.2727272727272727 
136.0 	 240 	 571 	 40.0 	 70.0 	 0.2727272727272727 
137.0 	 242 	 571 	 40.0 	 71.0 	 0.27927927927927926 
138.0 	 244 	 571 	 40.0 	 71.0 	 0.27927927927927926 
139.0 	 246 	 571 	 40.0 	 71.0 	 0.27927927927927926 
140.0 	 248 	 571 	 40.0 	 71.0 	 0.27927927927927926 
141.0 	 250 	 571 	 40.0 	 71.0 	 0.27927927927927926 
142.0 	 252 	 571 	 41.0 	 71.0 	 0.26785714285714285 
143.0 	 254 	 571 	 40.0 	 73.0 	 0.2920353982300885 
144.0 	 256 	 571 	 40.0 	 72.0 	 0.2857142857142857 
145.0 	 258 	 571 	 39.0 	 72.0 	 0.2972972972972973 
146.0 	 260 	 571 	 39.0 	 72.0 	 0.2972972972972973 
147.0 	 262 	 571 	 39.0 	 72.0 	 0.2972972972972973 
148.0 	 263 	 571 	 39.0 	 71.0 	 0.2909090909090909 
149.0 	 266 	 571 	 39.0 	 72.0 	 0.2972972972972973 
150.0 	 268 	 571 	 40.0 	 71.0 	 0.27927927927927926 
151.0 	 269 	 571 	 72.0 	 40.0 	 0.2857142857142857 
152.0 	 272 	 571 	 39.0 	 73.0 	 0.30357142857142855 
153.0 	 273 	 571 	 39.0 	 73.0 	 0.30357142857142855 
154.0 	 275 	 571 	 39.0 	 72.0 	 0.2972972972972973 
155.0 	 277 	 571 	 39.0 	 72.0 	 0.2972972972972973 
156.0 	 279 	 571 	 39.0 	 74.0 	 0.30973451327433627 
157.0 	 281 	 571 	 39.0 	 73.0 	 0.30357142857142855 
158.0 	 283 	 571 	 39.0 	 73.0 	 0.30357142857142855 
159.0 	 285 	 571 	 39.0 	 74.0 	 0.30973451327433627 
160.0 	 287 	 571 	 39.0 	 74.0 	 0.30973451327433627 
161.0 	 289 	 571 	 39.0 	 73.0 	 0.30357142857142855 
162.0 	 291 	 571 	 40.0 	 74.0 	 0.2982456140350877 
163.0 	 293 	 571 	 40.0 	 74.0 	 0.2982456140350877 
164.0 	 295 	 571 	 40.0 	 73.0 	 0.2920353982300885 
165.0 	 297 	 571 	 40.0 	 75.0 	 0.30434782608695654 
166.0 	 299 	 571 	 40.0 	 75.0 	 0.30434782608695654 
167.0 	 301 	 571 	 40.0 	 74.0 	 0.2982456140350877 
168.0 	 304 	 571 	 40.0 	 75.0 	 0.30434782608695654 
169.0 	 305 	 571 	 40.0 	 75.0 	 0.30434782608695654 
170.0 	 307 	 571 	 39.0 	 74.0 	 0.30973451327433627 
171.0 	 309 	 571 	 39.0 	 76.0 	 0.3217391304347826 
172.0 	 312 	 571 	 40.0 	 76.0 	 0.3103448275862069 
173.0 	 314 	 571 	 39.0 	 75.0 	 0.3157894736842105 
174.0 	 316 	 571 	 39.0 	 76.0 	 0.3217391304347826 
175.0 	 318 	 571 	 39.0 	 77.0 	 0.3275862068965517 
176.0 	 320 	 571 	 39.0 	 77.0 	 0.3275862068965517 
177.0 	 322 	 571 	 76.0 	 39.0 	 0.3217391304347826 
178.0 	 324 	 571 	 39.0 	 77.0 	 0.3275862068965517 
179.0 	 326 	 571 	 39.0 	 77.0 	 0.3275862068965517 
180.0 	 329 	 571 	 39.62936019897461 	 76.21031188964844 	 0.3157894962158353 
181.0 	 330 	 571 	 38.0 	 75.0 	 0.3274336283185841 
182.0 	 332 	 571 	 38.0 	 75.0 	 0.3274336283185841 
183.0 	 335 	 571 	 38.0 	 73.0 	 0.3153153153153153 
184.0 	 336 	 571 	 38.0 	 74.0 	 0.32142857142857145 
185.0 	 338 	 571 	 38.0 	 74.0 	 0.32142857142857145 
186.0 	 340 	 571 	 39.0 	 72.0 	 0.2972972972972973 
187.0 	 342 	 571 	 39.0 	 73.0 	 0.30357142857142855 
188.0 	 344 	 571 	 39.0 	 74.0 	 0.30973451327433627 
189.0 	 346 	 571 	 39.0 	 72.0 	 0.2972972972972973 
190.0 	 348 	 571 	 39.0 	 74.0 	 0.30973451327433627 
191.0 	 350 	 571 	 39.0 	 71.0 	 0.2909090909090909 
192.0 	 352 	 571 	 71.11116790771484 	 39.8002815246582 	 0.28230526733985284 
193.0 	 353 	 570 	 39.0 	 69.0 	 0.2777777777777778 
194.0 	 355 	 570 	 39.0 	 68.0 	 0.27102803738317754 
195.0 	 356 	 570 	 39.0 	 66.0 	 0.2571428571428571 
196.0 	 358 	 571 	 64.0 	 39.0 	 0.24271844660194175 
197.0 	 359 	 570 	 63.0 	 39.0 	 0.23529411764705882 
198.0 	 360 	 570 	 38.0 	 60.0 	 0.22448979591836735 
199.0 	 361 	 570 	 38.0 	 59.0 	 0.21649484536082475 
200.0 	 362 	 570 	 38.0 	 57.0 	 0.2 
201.0 	 363 	 570 	 38.0 	 53.0 	 0.16483516483516483 
202.0 	 364 	 570 	 38.0 	 51.0 	 0.14606741573033707 
203.0 	 366 	 570 	 38.0 	 50.0 	 0.13636363636363635 
204.0 	 367 	 570 	 46.85371780395508 	 38.304962158203125 	 0.10038619257074848 
205.0 	 368 	 569 	 45.55772399902344 	 36.89101791381836 	 0.10511629267026082 
206.0 	 369 	 570 	 37.0 	 44.0 	 0.08641975308641975 
207.0 	 370 	 570 	 41.39453125 	 36.97721862792969 	 0.056363582910304195 
208.0 	 371 	 569 	 34.0 	 39.0 	 0.0684931506849315 
209.0 	 373 	 569 	 35.0 	 38.0 	 0.0410958904109589 
210.0 	 374 	 569 	 34.29365921020508 	 37.758262634277344 	 0.0480848162738851 
211.0 	 375 	 569 	 33.0 	 32.0 	 0.015384615384615385 
212.0 	 376 	 569 	 33.0 	 31.0 	 0.03125 
213.0 	 377 	 569 	 32.0 	 28.0 	 0.06666666666666667 
214.0 	 378 	 569 	 30.0 	 24.0 	 0.1111111111111111 
215.0 	 380 	 569 	 28.0 	 23.0 	 0.09803921568627451 
233.0 	 472 	 570 	 23.0 	 30.0 	 0.1320754716981132 
234.0 	 473 	 570 	 23.0 	 35.0 	 0.20689655172413793 
235.0 	 473 	 570 	 38.2484245300293 	 24.745067596435547 	 0.21436114236189036 
236.0 	 475 	 570 	 39.399620056152344 	 24.722726821899414 	 0.22888889675491023 
237.0 	 476 	 570 	 27.0 	 42.0 	 0.21739130434782608 
238.0 	 478 	 570 	 28.0 	 45.0 	 0.2328767123287671 
239.0 	 479 	 570 	 28.0 	 47.0 	 0.25333333333333335 
240.0 	 481 	 570 	 29.33357810974121 	 49.34197998046875 	 0.25431534718553583 
241.0 	 481 	 570 	 29.84286880493164 	 51.7535285949707 	 0.2685248428635317 
242.0 	 483 	 570 	 31.256969451904297 	 50.95963668823242 	 0.2396434024866617 
243.0 	 484 	 570 	 31.0 	 54.0 	 0.27058823529411763 
244.0 	 485 	 571 	 32.0 	 57.0 	 0.2808988764044944 
245.0 	 487 	 570 	 32.0 	 59.0 	 0.2967032967032967 
246.0 	 488 	 570 	 32.657127380371094 	 62.4516487121582 	 0.31326784504934285 
247.0 	 489 	 570 	 32.86447525024414 	 65.5478744506836 	 0.3321066847785197 
248.0 	 491 	 570 	 33.0 	 67.0 	 0.34 
249.0 	 493 	 570 	 33.0 	 69.0 	 0.35294117647058826 
250.0 	 496 	 570 	 35.0 	 72.0 	 0.34579439252336447 
251.0 	 498 	 570 	 35.0 	 75.0 	 0.36363636363636365 
252.0 	 499 	 570 	 35.0 	 75.0 	 0.36363636363636365 
253.0 	 501 	 570 	 35.0 	 77.0 	 0.375 
254.0 	 504 	 570 	 35.0 	 77.0 	 0.375 
255.0 	 505 	 570 	 36.0 	 78.0 	 0.3684210526315789 
256.0 	 507 	 570 	 36.85396194458008 	 79.05125427246094 	 0.36406724136438634 
257.0 	 509 	 570 	 36.80402374267578 	 79.700439453125 	 0.3681954710898608 
258.0 	 511 	 570 	 35.0 	 79.0 	 0.38596491228070173 
259.0 	 513 	 570 	 35.46922302246094 	 79.9306411743164 	 0.3852813732608976 
260.0 	 515 	 570 	 36.34529113769531 	 79.903076171875 	 0.37469588642208596 
261.0 	 517 	 570 	 36.0 	 79.0 	 0.3739130434782609 
262.0 	 519 	 570 	 35.618003845214844 	 79.15804290771484 	 0.37934778461420243 
263.0 	 521 	 570 	 36.0 	 79.0 	 0.3739130434782609 
264.0 	 523 	 570 	 35.60552215576172 	 79.10118865966797 	 0.3791902513349329 
265.0 	 526 	 570 	 36.0 	 78.0 	 0.3684210526315789 
266.0 	 528 	 570 	 36.0 	 78.0 	 0.3684210526315789 
267.0 	 531 	 570 	 36.0 	 78.0 	 0.3684210526315789 
268.0 	 533 	 570 	 37.0 	 78.0 	 0.3565217391304348 
269.0 	 535 	 570 	 37.0 	 78.0 	 0.3565217391304348 
270.0 	 537 	 570 	 37.0 	 80.0 	 0.36752136752136755 
271.0 	 539 	 570 	 37.0 	 81.0 	 0.3728813559322034 
272.0 	 542 	 570 	 37.0 	 81.0 	 0.3728813559322034 
273.0 	 544 	 570 	 37.0 	 81.0 	 0.3728813559322034 
274.0 	 546 	 570 	 37.0 	 82.0 	 0.37815126050420167 
275.0 	 549 	 570 	 37.0 	 81.0 	 0.3728813559322034 
276.0 	 551 	 570 	 37.0 	 81.0 	 0.3728813559322034 
277.0 	 553 	 570 	 36.0 	 81.0 	 0.38461538461538464 
278.0 	 555 	 570 	 36.0 	 81.0 	 0.38461538461538464 
279.0 	 557 	 570 	 37.0 	 81.0 	 0.3728813559322034 
280.0 	 560 	 570 	 37.0 	 82.0 	 0.37815126050420167 
281.0 	 562 	 570 	 37.0 	 81.0 	 0.3728813559322034 
282.0 	 565 	 570 	 37.0 	 82.0 	 0.37815126050420167 
283.0 	 567 	 570 	 37.0 	 83.0 	 0.38333333333333336 
284.0 	 569 	 570 	 37.0 	 83.0 	 0.38333333333333336 
285.0 	 571 	 570 	 37.0 	 82.0 	 0.37815126050420167 
286.0 	 573 	 570 	 37.0 	 83.0 	 0.38333333333333336 
287.0 	 576 	 570 	 84.0 	 39.0 	 0.36585365853658536 
288.0 	 578 	 570 	 38.0 	 83.0 	 0.371900826446281 
289.0 	 580 	 570 	 38.0 	 83.0 	 0.371900826446281 
290.0 	 582 	 570 	 38.0 	 83.0 	 0.371900826446281 
291.0 	 584 	 570 	 38.0 	 83.0 	 0.371900826446281 
292.0 	 586 	 570 	 38.0 	 83.0 	 0.371900826446281 
293.0 	 588 	 570 	 39.0 	 84.0 	 0.36585365853658536 
294.0 	 591 	 570 	 39.0 	 83.0 	 0.36065573770491804 
295.0 	 593 	 570 	 39.0 	 82.0 	 0.35537190082644626 
296.0 	 596 	 570 	 39.0 	 83.0 	 0.36065573770491804 
297.0 	 598 	 570 	 39.0 	 82.0 	 0.35537190082644626 
298.0 	 600 	 570 	 39.0 	 81.0 	 0.35 
299.0 	 603 	 570 	 39.0 	 83.0 	 0.36065573770491804 
300.0 	 605 	 570 	 82.5730972290039 	 39.146121978759766 	 0.3567799360930687 
301.0 	 607 	 570 	 38.0 	 81.0 	 0.36134453781512604 
302.0 	 610 	 570 	 39.0 	 82.0 	 0.35537190082644626 
303.0 	 612 	 570 	 39.0 	 82.0 	 0.35537190082644626 
304.0 	 614 	 570 	 39.0 	 82.0 	 0.35537190082644626 
305.0 	 616 	 570 	 39.0 	 83.0 	 0.36065573770491804 
306.0 	 618 	 570 	 39.0 	 85.0 	 0.3709677419354839 
307.0 	 621 	 570 	 38.0 	 83.0 	 0.371900826446281 
308.0 	 623 	 570 	 39.0 	 84.0 	 0.36585365853658536 
309.0 	 626 	 570 	 39.0 	 85.0 	 0.3709677419354839 
310.0 	 628 	 570 	 38.0 	 85.0 	 0.3821138211382114 
311.0 	 630 	 570 	 39.0 	 85.0 	 0.3709677419354839 
312.0 	 633 	 570 	 39.0 	 85.0 	 0.3709677419354839 
313.0 	 634 	 570 	 38.0 	 84.0 	 0.3770491803278688 
314.0 	 637 	 570 	 38.0 	 84.0 	 0.3770491803278688 
315.0 	 639 	 570 	 39.0 	 84.0 	 0.36585365853658536 
316.0 	 642 	 570 	 39.0 	 83.0 	 0.36065573770491804 
317.0 	 644 	 570 	 39.0 	 84.0 	 0.36585365853658536 
318.0 	 647 	 570 	 39.0 	 85.0 	 0.3709677419354839 
319.0 	 649 	 570 	 39.0 	 85.0 	 0.3709677419354839 
320.0 	 651 	 570 	 39.0 	 84.0 	 0.36585365853658536 
321.0 	 653 	 570 	 39.0 	 84.0 	 0.36585365853658536 
322.0 	 655 	 570 	 39.0 	 84.0 	 0.36585365853658536 
323.0 	 658 	 570 	 39.0 	 83.0 	 0.36065573770491804 
324.0 	 660 	 570 	 40.0 	 84.0 	 0.3548387096774194 
325.0 	 663 	 570 	 40.0 	 85.0 	 0.36 
326.0 	 665 	 570 	 39.87225341796875 	 84.20738220214844 	 0.35731188734238656 
327.0 	 667 	 570 	 40.0 	 85.0 	 0.36 
328.0 	 669 	 570 	 40.0 	 84.0 	 0.3548387096774194 
329.0 	 672 	 570 	 39.813533782958984 	 84.1486587524414 	 0.3576503776086524 
330.0 	 674 	 570 	 40.0 	 84.0 	 0.3548387096774194 
331.0 	 676 	 570 	 40.0 	 85.0 	 0.36 
332.0 	 679 	 570 	 85.0 	 40.0 	 0.36 
333.0 	 681 	 570 	 40.0 	 85.0 	 0.36 
334.0 	 682 	 570 	 40.0 	 85.0 	 0.36 
335.0 	 685 	 570 	 39.0 	 84.0 	 0.36585365853658536 
336.0 	 687 	 570 	 39.0 	 85.0 	 0.3709677419354839 
337.0 	 689 	 570 	 39.0 	 85.0 	 0.3709677419354839 
338.0 	 692 	 570 	 39.0 	 85.0 	 0.3709677419354839 
339.0 	 694 	 570 	 39.0 	 85.0 	 0.3709677419354839 
340.0 	 696 	 570 	 39.0 	 86.0 	 0.376 
341.0 	 699 	 570 	 39.0 	 85.0 	 0.3709677419354839 
342.0 	 701 	 570 	 39.0 	 84.0 	 0.36585365853658536 
343.0 	 703 	 570 	 39.0 	 85.0 	 0.3709677419354839 
344.0 	 706 	 570 	 39.0 	 85.0 	 0.3709677419354839 
345.0 	 708 	 570 	 39.0 	 84.0 	 0.36585365853658536 
346.0 	 710 	 570 	 39.0 	 85.0 	 0.3709677419354839 
347.0 	 713 	 570 	 39.0 	 85.0 	 0.3709677419354839 
348.0 	 715 	 570 	 38.0 	 85.0 	 0.3821138211382114 
349.0 	 717 	 570 	 38.0 	 84.0 	 0.3770491803278688 
350.0 	 720 	 570 	 38.0 	 85.0 	 0.3821138211382114 
351.0 	 722 	 570 	 38.0 	 85.0 	 0.3821138211382114 
352.0 	 724 	 570 	 38.0 	 85.0 	 0.3821138211382114 
353.0 	 726 	 570 	 38.0 	 86.0 	 0.3870967741935484 
354.0 	 729 	 570 	 38.0 	 85.0 	 0.3821138211382114 
355.0 	 731 	 570 	 38.0 	 85.0 	 0.3821138211382114 
356.0 	 733 	 570 	 38.0 	 86.0 	 0.3870967741935484 
357.0 	 736 	 570 	 38.0 	 85.0 	 0.3821138211382114 
358.0 	 739 	 570 	 38.0 	 85.0 	 0.3821138211382114 
359.0 	 741 	 570 	 38.0 	 85.0 	 0.3821138211382114 
360.0 	 743 	 570 	 38.0 	 85.0 	 0.3821138211382114 
361.0 	 745 	 570 	 38.0 	 85.0 	 0.3821138211382114 
362.0 	 747 	 570 	 38.0 	 86.0 	 0.3870967741935484 
363.0 	 749 	 570 	 38.0 	 85.0 	 0.3821138211382114 
364.0 	 752 	 570 	 38.0 	 84.0 	 0.3770491803278688 
365.0 	 754 	 569 	 39.0 	 84.0 	 0.36585365853658536 
366.0 	 757 	 569 	 38.0 	 85.0 	 0.3821138211382114 
367.0 	 759 	 570 	 38.56822204589844 	 84.56038665771484 	 0.3735294753677075 
368.0 	 761 	 570 	 38.699195861816406 	 86.0351333618164 	 0.37949406386058065 
369.0 	 763 	 569 	 38.0 	 85.0 	 0.3821138211382114 
370.0 	 766 	 569 	 38.0 	 84.0 	 0.3770491803278688 
371.0 	 768 	 570 	 39.03852462768555 	 84.74964141845703 	 0.36926887481096105 
372.0 	 770 	 570 	 39.0 	 85.0 	 0.3709677419354839 
373.0 	 772 	 569 	 38.0 	 84.0 	 0.3770491803278688 
374.0 	 775 	 569 	 38.0 	 85.0 	 0.3821138211382114 
375.0 	 777 	 570 	 85.0 	 38.0 	 0.3821138211382114 
376.0 	 779 	 569 	 38.0 	 84.0 	 0.3770491803278688 
377.0 	 781 	 569 	 38.0 	 84.0 	 0.3770491803278688 
378.0 	 784 	 570 	 85.0 	 38.0 	 0.3821138211382114 
379.0 	 786 	 569 	 37.0 	 84.0 	 0.3884297520661157 
380.0 	 788 	 570 	 37.0 	 85.0 	 0.39344262295081966 
381.0 	 791 	 570 	 37.0 	 85.0 	 0.39344262295081966 
382.0 	 793 	 569 	 37.0 	 84.0 	 0.3884297520661157 
383.0 	 795 	 570 	 37.0 	 86.0 	 0.3983739837398374 
384.0 	 797 	 570 	 37.0 	 86.0 	 0.3983739837398374 
385.0 	 800 	 570 	 37.0 	 85.0 	 0.39344262295081966 
386.0 	 802 	 570 	 37.0 	 86.0 	 0.3983739837398374 
387.0 	 805 	 570 	 37.0 	 85.0 	 0.39344262295081966 
388.0 	 807 	 570 	 37.0 	 85.0 	 0.39344262295081966 
389.0 	 809 	 570 	 37.0 	 86.0 	 0.3983739837398374 
390.0 	 811 	 569 	 37.0 	 86.0 	 0.3983739837398374 
391.0 	 814 	 569 	 37.0 	 85.0 	 0.39344262295081966 
392.0 	 816 	 569 	 37.0 	 85.0 	 0.39344262295081966 
393.0 	 818 	 570 	 37.0 	 85.0 	 0.39344262295081966 
394.0 	 821 	 569 	 37.0 	 86.0 	 0.3983739837398374 
395.0 	 823 	 569 	 37.0 	 85.0 	 0.39344262295081966 
396.0 	 825 	 569 	 37.0 	 85.0 	 0.39344262295081966 
397.0 	 827 	 570 	 37.0 	 86.0 	 0.3983739837398374 
398.0 	 830 	 570 	 37.0 	 85.0 	 0.39344262295081966 
399.0 	 832 	 569 	 37.0 	 85.0 	 0.39344262295081966 
400.0 	 834 	 570 	 37.0 	 86.0 	 0.3983739837398374 
401.0 	 837 	 569 	 37.0 	 85.0 	 0.39344262295081966 
402.0 	 839 	 570 	 37.0 	 85.0 	 0.39344262295081966 
403.0 	 841 	 569 	 38.0 	 85.0 	 0.3821138211382114 
404.0 	 843 	 569 	 38.0 	 85.0 	 0.3821138211382114 
405.0 	 846 	 569 	 38.0 	 86.0 	 0.3870967741935484 
406.0 	 848 	 569 	 38.0 	 86.0 	 0.3870967741935484 
407.0 	 851 	 569 	 38.0 	 85.0 	 0.3821138211382114 
408.0 	 853 	 569 	 38.0 	 86.0 	 0.3870967741935484 
409.0 	 855 	 569 	 37.0 	 86.0 	 0.3983739837398374 
410.0 	 857 	 569 	 36.0 	 85.0 	 0.4049586776859504 
411.0 	 859 	 569 	 37.0 	 86.0 	 0.3983739837398374 
412.0 	 862 	 569 	 37.0 	 85.0 	 0.39344262295081966 
413.0 	 864 	 569 	 37.0 	 85.0 	 0.39344262295081966 
414.0 	 866 	 569 	 37.0 	 85.0 	 0.39344262295081966 
415.0 	 869 	 569 	 37.0 	 84.0 	 0.3884297520661157 
416.0 	 871 	 569 	 37.0 	 84.0 	 0.3884297520661157 
417.0 	 873 	 569 	 37.0 	 85.0 	 0.39344262295081966 
418.0 	 875 	 569 	 37.0 	 86.0 	 0.3983739837398374 
419.0 	 877 	 569 	 38.0 	 87.0 	 0.392 
420.0 	 879 	 569 	 38.0 	 86.0 	 0.3870967741935484 
421.0 	 881 	 569 	 37.0 	 86.0 	 0.3983739837398374 
422.0 	 884 	 569 	 37.0 	 85.0 	 0.39344262295081966 
423.0 	 886 	 569 	 37.0 	 86.0 	 0.3983739837398374 
424.0 	 888 	 569 	 37.0 	 86.0 	 0.3983739837398374 
425.0 	 890 	 569 	 37.0 	 85.0 	 0.39344262295081966 
426.0 	 893 	 569 	 37.0 	 85.0 	 0.39344262295081966 
427.0 	 895 	 569 	 37.0 	 86.0 	 0.3983739837398374 
428.0 	 897 	 569 	 37.0 	 86.0 	 0.3983739837398374 
429.0 	 899 	 569 	 37.0 	 85.0 	 0.39344262295081966 
430.0 	 901 	 569 	 37.0 	 85.0 	 0.39344262295081966 
431.0 	 903 	 569 	 37.0 	 85.0 	 0.39344262295081966 
432.0 	 906 	 569 	 37.0 	 86.0 	 0.3983739837398374 
433.0 	 908 	 569 	 37.0 	 86.0 	 0.3983739837398374 
434.0 	 910 	 569 	 37.0 	 85.0 	 0.39344262295081966 
435.0 	 913 	 569 	 37.0 	 85.0 	 0.39344262295081966 
436.0 	 915 	 569 	 37.0 	 86.0 	 0.3983739837398374 
437.0 	 917 	 569 	 37.0 	 86.0 	 0.3983739837398374 
438.0 	 920 	 569 	 37.0 	 85.0 	 0.39344262295081966 
439.0 	 921 	 569 	 37.0 	 86.0 	 0.3983739837398374 
440.0 	 924 	 569 	 37.0 	 86.0 	 0.3983739837398374 
441.0 	 926 	 569 	 37.0 	 85.0 	 0.39344262295081966 
442.0 	 928 	 569 	 37.0 	 86.0 	 0.3983739837398374 
443.0 	 930 	 569 	 37.0 	 87.0 	 0.4032258064516129 
444.0 	 933 	 569 	 37.0 	 86.0 	 0.3983739837398374 
445.0 	 935 	 569 	 36.0 	 86.0 	 0.4098360655737705 
446.0 	 937 	 569 	 36.0 	 86.0 	 0.4098360655737705 
447.0 	 939 	 569 	 36.0 	 85.0 	 0.4049586776859504 
448.0 	 941 	 569 	 36.0 	 85.0 	 0.4049586776859504 
449.0 	 944 	 569 	 36.0 	 86.0 	 0.4098360655737705 
450.0 	 946 	 569 	 36.0 	 86.0 	 0.4098360655737705 
451.0 	 948 	 569 	 36.0 	 86.0 	 0.4098360655737705 
452.0 	 950 	 569 	 36.0 	 86.0 	 0.4098360655737705 
453.0 	 952 	 569 	 36.0 	 85.0 	 0.4049586776859504 
454.0 	 955 	 569 	 36.0 	 86.0 	 0.4098360655737705 
455.0 	 957 	 569 	 36.0 	 87.0 	 0.4146341463414634 
456.0 	 959 	 569 	 86.0 	 37.0 	 0.3983739837398374 
457.0 	 961 	 569 	 36.0 	 86.0 	 0.4098360655737705 
458.0 	 963 	 569 	 36.0 	 86.0 	 0.4098360655737705 
459.0 	 965 	 569 	 36.0 	 86.0 	 0.4098360655737705 
460.0 	 967 	 569 	 36.0 	 85.0 	 0.4049586776859504 
461.0 	 970 	 569 	 36.0 	 86.0 	 0.4098360655737705 
462.0 	 972 	 569 	 36.0 	 87.0 	 0.4146341463414634 
463.0 	 974 	 569 	 37.0 	 86.0 	 0.3983739837398374 
464.0 	 976 	 569 	 36.0 	 86.0 	 0.4098360655737705 
465.0 	 978 	 569 	 36.0 	 86.0 	 0.4098360655737705 
466.0 	 980 	 569 	 36.0 	 86.0 	 0.4098360655737705 
467.0 	 982 	 569 	 36.0 	 86.0 	 0.4098360655737705 
468.0 	 984 	 569 	 36.0 	 86.0 	 0.4098360655737705 
469.0 	 987 	 569 	 36.0 	 85.0 	 0.4049586776859504 
470.0 	 989 	 569 	 36.0 	 87.0 	 0.4146341463414634 
471.0 	 991 	 569 	 36.0 	 87.0 	 0.4146341463414634 
472.0 	 993 	 569 	 36.0 	 86.0 	 0.4098360655737705 
473.0 	 995 	 569 	 36.0 	 86.0 	 0.4098360655737705 
474.0 	 997 	 569 	 36.0 	 87.0 	 0.4146341463414634 
475.0 	 1000 	 569 	 37.0 	 86.0 	 0.3983739837398374 
476.0 	 1002 	 569 	 37.0 	 87.0 	 0.4032258064516129 
477.0 	 1004 	 569 	 37.0 	 87.0 	 0.4032258064516129 
478.0 	 1006 	 569 	 37.0 	 86.0 	 0.3983739837398374 
479.0 	 1009 	 569 	 37.0 	 86.0 	 0.3983739837398374 
480.0 	 1011 	 569 	 37.0 	 87.0 	 0.4032258064516129 
481.0 	 1013 	 569 	 37.0 	 87.0 	 0.4032258064516129 
482.0 	 1015 	 569 	 37.0 	 87.0 	 0.4032258064516129 
483.0 	 1017 	 569 	 37.0 	 88.0 	 0.408 
484.0 	 1020 	 569 	 37.0 	 88.0 	 0.408 
485.0 	 1022 	 569 	 37.0 	 87.0 	 0.4032258064516129 
486.0 	 1024 	 569 	 37.0 	 88.0 	 0.408 
487.0 	 1026 	 569 	 37.0 	 88.0 	 0.408 
488.0 	 1029 	 569 	 37.0 	 87.0 	 0.4032258064516129 
489.0 	 1031 	 569 	 37.0 	 88.0 	 0.408 
490.0 	 1033 	 569 	 37.0 	 89.0 	 0.4126984126984127 
491.0 	 1035 	 569 	 37.0 	 88.0 	 0.408 
492.0 	 1038 	 569 	 37.0 	 88.0 	 0.408 
493.0 	 1040 	 569 	 38.0 	 88.0 	 0.3968253968253968 
494.0 	 1043 	 569 	 38.0 	 86.0 	 0.3870967741935484 
495.0 	 1045 	 569 	 38.0 	 87.0 	 0.392 
496.0 	 1047 	 569 	 38.0 	 88.0 	 0.3968253968253968 
497.0 	 1049 	 569 	 38.0 	 87.0 	 0.392 
498.0 	 1051 	 569 	 38.0 	 87.0 	 0.392 
499.0 	 1054 	 569 	 38.0 	 87.0 	 0.392 
500.0 	 1056 	 569 	 38.0 	 86.0 	 0.3870967741935484 
501.0 	 1058 	 569 	 38.0 	 87.0 	 0.392 
502.0 	 1060 	 569 	 38.0 	 88.0 	 0.3968253968253968 
503.0 	 1063 	 569 	 38.0 	 87.0 	 0.392 
504.0 	 1065 	 569 	 38.0 	 87.0 	 0.392 
505.0 	 1067 	 569 	 37.0 	 88.0 	 0.408 
506.0 	 1070 	 569 	 37.0 	 89.0 	 0.4126984126984127 
507.0 	 1072 	 569 	 37.0 	 88.0 	 0.408 
508.0 	 1074 	 569 	 37.0 	 88.0 	 0.408 
509.0 	 1077 	 569 	 37.0 	 87.0 	 0.4032258064516129 
510.0 	 1079 	 569 	 37.0 	 89.0 	 0.4126984126984127 
511.0 	 1081 	 569 	 37.0 	 88.0 	 0.408 
512.0 	 1084 	 569 	 37.0 	 88.0 	 0.408 
513.0 	 1086 	 569 	 37.0 	 89.0 	 0.4126984126984127 
514.0 	 1088 	 569 	 37.0 	 93.0 	 0.4307692307692308 
515.0 	 1090 	 569 	 37.0 	 93.0 	 0.4307692307692308 
516.0 	 1093 	 569 	 37.0 	 93.0 	 0.4307692307692308 
517.0 	 1095 	 569 	 37.0 	 88.0 	 0.408 
518.0 	 1097 	 569 	 37.0 	 90.0 	 0.41732283464566927 
519.0 	 1099 	 569 	 37.0 	 94.0 	 0.4351145038167939 
520.0 	 1101 	 569 	 37.0 	 95.0 	 0.4393939393939394 
521.0 	 1104 	 569 	 37.0 	 95.0 	 0.4393939393939394 
522.0 	 1106 	 569 	 37.0 	 93.0 	 0.4307692307692308 
523.0 	 1108 	 569 	 37.0 	 93.0 	 0.4307692307692308 
524.0 	 1111 	 569 	 37.0 	 94.0 	 0.4351145038167939 
525.0 	 1113 	 569 	 37.0 	 94.0 	 0.4351145038167939 
526.0 	 1115 	 569 	 37.0 	 94.0 	 0.4351145038167939 
527.0 	 1118 	 569 	 37.0 	 93.0 	 0.4307692307692308 
528.0 	 1121 	 569 	 37.0 	 93.0 	 0.4307692307692308 
529.0 	 1122 	 569 	 37.0 	 92.0 	 0.4263565891472868 
530.0 	 1124 	 569 	 37.0 	 94.0 	 0.4351145038167939 
531.0 	 1127 	 569 	 37.0 	 94.0 	 0.4351145038167939 
532.0 	 1129 	 569 	 37.0 	 95.0 	 0.4393939393939394 
533.0 	 1131 	 569 	 37.0 	 94.0 	 0.4351145038167939 
534.0 	 1134 	 569 	 37.0 	 95.0 	 0.4393939393939394 
535.0 	 1136 	 570 	 37.0 	 91.0 	 0.421875 
536.0 	 1138 	 570 	 37.0 	 91.0 	 0.421875 
537.0 	 1140 	 570 	 37.0 	 95.0 	 0.4393939393939394 
538.0 	 1143 	 570 	 37.0 	 94.0 	 0.4351145038167939 
539.0 	 1145 	 569 	 37.0 	 95.0 	 0.4393939393939394 
540.0 	 1148 	 570 	 37.0 	 94.0 	 0.4351145038167939 
541.0 	 1150 	 569 	 95.0089340209961 	 36.974647521972656 	 0.4397083775161058 
542.0 	 1152 	 569 	 37.0 	 95.0 	 0.4393939393939394 
543.0 	 1155 	 569 	 38.0 	 94.0 	 0.42424242424242425 
544.0 	 1157 	 569 	 38.0 	 95.0 	 0.42857142857142855 
545.0 	 1160 	 569 	 38.0 	 95.0 	 0.42857142857142855 
546.0 	 1162 	 569 	 38.0 	 94.0 	 0.42424242424242425 
547.0 	 1164 	 569 	 95.0 	 39.0 	 0.417910447761194 
548.0 	 1166 	 569 	 95.0 	 39.0 	 0.417910447761194 
549.0 	 1169 	 569 	 38.0 	 95.0 	 0.42857142857142855 
550.0 	 1171 	 569 	 38.0 	 95.0 	 0.42857142857142855 
551.0 	 1174 	 569 	 38.0 	 96.0 	 0.43283582089552236 
552.0 	 1176 	 569 	 38.0 	 96.0 	 0.43283582089552236 
553.0 	 1178 	 569 	 38.0 	 94.0 	 0.42424242424242425 
554.0 	 1180 	 569 	 38.0 	 95.0 	 0.42857142857142855 
555.0 	 1183 	 569 	 38.0 	 95.0 	 0.42857142857142855 
556.0 	 1186 	 569 	 38.0 	 95.0 	 0.42857142857142855 
557.0 	 1188 	 569 	 38.0 	 97.0 	 0.43703703703703706 
558.0 	 1190 	 569 	 38.0 	 96.0 	 0.43283582089552236 
559.0 	 1193 	 569 	 38.0 	 95.0 	 0.42857142857142855 
560.0 	 1195 	 569 	 38.0 	 95.0 	 0.42857142857142855 
561.0 	 1197 	 569 	 38.0 	 94.0 	 0.42424242424242425 
562.0 	 1199 	 569 	 38.0 	 94.0 	 0.42424242424242425 
563.0 	 1202 	 569 	 38.0 	 93.0 	 0.4198473282442748 
564.0 	 1204 	 569 	 38.0 	 95.0 	 0.42857142857142855 
565.0 	 1206 	 569 	 38.0 	 93.0 	 0.4198473282442748 
566.0 	 1208 	 569 	 38.0 	 94.0 	 0.42424242424242425 
567.0 	 1210 	 569 	 38.0 	 96.0 	 0.43283582089552236 
568.0 	 1213 	 569 	 38.0 	 95.0 	 0.42857142857142855 
569.0 	 1215 	 569 	 38.0 	 95.0 	 0.42857142857142855 
570.0 	 1218 	 569 	 38.0 	 96.0 	 0.43283582089552236 
571.0 	 1220 	 569 	 38.0 	 95.0 	 0.42857142857142855 
572.0 	 1222 	 569 	 38.0 	 95.0 	 0.42857142857142855 
573.0 	 1224 	 569 	 38.0 	 96.0 	 0.43283582089552236 
574.0 	 1227 	 569 	 37.0 	 95.0 	 0.4393939393939394 
575.0 	 1229 	 569 	 37.0 	 94.0 	 0.4351145038167939 
576.0 	 1232 	 569 	 38.0 	 97.0 	 0.43703703703703706 
577.0 	 1234 	 569 	 37.0 	 95.0 	 0.4393939393939394 
578.0 	 1236 	 569 	 37.0 	 94.0 	 0.4351145038167939 
579.0 	 1239 	 569 	 38.0 	 95.0 	 0.42857142857142855 
580.0 	 1241 	 569 	 38.0 	 96.0 	 0.43283582089552236 
581.0 	 1244 	 569 	 38.0 	 93.0 	 0.4198473282442748 
582.0 	 1246 	 569 	 95.0 	 38.0 	 0.42857142857142855 
583.0 	 1249 	 569 	 37.0 	 95.0 	 0.4393939393939394 
584.0 	 1251 	 569 	 37.0 	 94.0 	 0.4351145038167939 
585.0 	 1253 	 569 	 38.615901947021484 	 95.89852905273438 	 0.4258474475933133 
586.0 	 1255 	 569 	 37.0 	 96.0 	 0.44360902255639095 
587.0 	 1258 	 569 	 37.0 	 95.0 	 0.4393939393939394 
588.0 	 1260 	 569 	 38.0 	 96.0 	 0.43283582089552236 
589.0 	 1263 	 569 	 37.0 	 94.0 	 0.4351145038167939 
590.0 	 1265 	 569 	 37.0 	 92.0 	 0.4263565891472868 
591.0 	 1267 	 569 	 37.0 	 93.0 	 0.4307692307692308 
592.0 	 1270 	 569 	 38.0 	 95.0 	 0.42857142857142855 
593.0 	 1272 	 569 	 37.0 	 94.0 	 0.4351145038167939 
594.0 	 1275 	 569 	 37.0 	 93.0 	 0.4307692307692308 
595.0 	 1277 	 569 	 38.0 	 95.0 	 0.42857142857142855 
596.0 	 1280 	 569 	 38.0 	 94.0 	 0.42424242424242425 
597.0 	 1282 	 569 	 37.0 	 95.0 	 0.4393939393939394 
598.0 	 1284 	 569 	 38.0 	 95.0 	 0.42857142857142855 
599.0 	 1287 	 569 	 38.0 	 95.0 	 0.42857142857142855 
600.0 	 1289 	 569 	 38.0 	 93.0 	 0.4198473282442748 
601.0 	 1292 	 569 	 37.0 	 94.0 	 0.4351145038167939 
602.0 	 1294 	 569 	 37.0 	 93.0 	 0.4307692307692308 
603.0 	 1297 	 569 	 37.0 	 92.0 	 0.4263565891472868 
604.0 	 1298 	 569 	 38.0 	 94.0 	 0.42424242424242425 
605.0 	 1300 	 569 	 38.0 	 94.0 	 0.42424242424242425 
606.0 	 1303 	 569 	 38.0 	 93.0 	 0.4198473282442748 
607.0 	 1306 	 569 	 38.0 	 94.0 	 0.42424242424242425 
608.0 	 1308 	 569 	 38.0 	 95.0 	 0.42857142857142855 
609.0 	 1310 	 569 	 37.0 	 95.0 	 0.4393939393939394 
610.0 	 1313 	 569 	 37.0 	 94.0 	 0.4351145038167939 
611.0 	 1315 	 569 	 37.0 	 96.0 	 0.44360902255639095 
612.0 	 1317 	 569 	 36.0 	 95.0 	 0.45038167938931295 
613.0 	 1320 	 569 	 37.0 	 93.0 	 0.4307692307692308 
614.0 	 1322 	 569 	 37.0 	 95.0 	 0.4393939393939394 
615.0 	 1324 	 569 	 37.0 	 94.0 	 0.4351145038167939 
616.0 	 1327 	 569 	 37.0 	 94.0 	 0.4351145038167939 
617.0 	 1329 	 569 	 38.0 	 95.0 	 0.42857142857142855 
618.0 	 1331 	 569 	 37.0 	 94.0 	 0.4351145038167939 
619.0 	 1334 	 569 	 37.0 	 94.0 	 0.4351145038167939 
620.0 	 1336 	 569 	 37.0 	 96.0 	 0.44360902255639095 
621.0 	 1338 	 569 	 95.0 	 37.0 	 0.4393939393939394 
622.0 	 1341 	 569 	 36.0 	 94.0 	 0.4461538461538462 
623.0 	 1343 	 569 	 36.0 	 95.0 	 0.45038167938931295 
624.0 	 1346 	 569 	 36.0 	 96.0 	 0.45454545454545453 
625.0 	 1348 	 569 	 35.0 	 92.0 	 0.44881889763779526 
626.0 	 1350 	 569 	 36.0 	 93.0 	 0.4418604651162791 
627.0 	 1352 	 569 	 37.0 	 95.0 	 0.4393939393939394 
628.0 	 1355 	 569 	 36.785011291503906 	 94.3239517211914 	 0.4388635155638901 
629.0 	 1357 	 569 	 36.803192138671875 	 94.12883758544922 	 0.437827516823536 
630.0 	 1359 	 569 	 36.71848678588867 	 95.1886978149414 	 0.44326782658573083 
631.0 	 1362 	 569 	 36.66093063354492 	 94.10660552978516 	 0.43929614781829307 
632.0 	 1365 	 569 	 36.0 	 94.0 	 0.4461538461538462 
633.0 	 1367 	 569 	 36.73762512207031 	 95.8706283569336 	 0.44592249489377306 
634.0 	 1369 	 569 	 36.816375732421875 	 94.82704162597656 	 0.44066514724105793 
635.0 	 1371 	 569 	 36.75751495361328 	 95.06253814697266 	 0.4423076900816406 
636.0 	 1373 	 569 	 37.0 	 95.0 	 0.4393939393939394 
637.0 	 1376 	 569 	 36.0 	 94.0 	 0.4461538461538462 
638.0 	 1379 	 569 	 36.0 	 93.0 	 0.4418604651162791 
639.0 	 1380 	 569 	 36.0 	 95.0 	 0.45038167938931295 
640.0 	 1383 	 569 	 36.0 	 94.0 	 0.4461538461538462 
641.0 	 1385 	 569 	 36.0 	 94.0 	 0.4461538461538462 
642.0 	 1388 	 569 	 36.0 	 95.0 	 0.45038167938931295 
643.0 	 1390 	 569 	 36.0 	 95.0 	 0.45038167938931295 
644.0 	 1393 	 569 	 36.0 	 95.0 	 0.45038167938931295 
645.0 	 1395 	 569 	 36.0 	 94.0 	 0.4461538461538462 
646.0 	 1397 	 569 	 36.0 	 95.0 	 0.45038167938931295 
647.0 	 1399 	 569 	 36.0 	 95.0 	 0.45038167938931295 
648.0 	 1402 	 569 	 36.0 	 94.0 	 0.4461538461538462 
649.0 	 1403 	 569 	 36.0 	 97.0 	 0.45864661654135336 
650.0 	 1406 	 569 	 36.0 	 99.0 	 0.4666666666666667 
651.0 	 1409 	 569 	 36.0 	 98.0 	 0.4626865671641791 
652.0 	 1411 	 569 	 36.0 	 99.0 	 0.4666666666666667 
653.0 	 1413 	 569 	 36.0 	 97.0 	 0.45864661654135336 
654.0 	 1416 	 569 	 36.0 	 96.0 	 0.45454545454545453 
655.0 	 1418 	 569 	 36.0 	 97.0 	 0.45864661654135336 
656.0 	 1421 	 569 	 36.0 	 96.0 	 0.45454545454545453 
657.0 	 1423 	 568 	 36.0 	 96.0 	 0.45454545454545453 
658.0 	 1425 	 569 	 36.0 	 96.0 	 0.45454545454545453 
659.0 	 1428 	 568 	 36.58094787597656 	 96.18266296386719 	 0.4489311092916096 
660.0 	 1430 	 568 	 36.54973602294922 	 95.2573013305664 	 0.4454053932656071 
661.0 	 1432 	 568 	 35.0 	 95.0 	 0.46153846153846156 
662.0 	 1434 	 569 	 35.0 	 96.0 	 0.46564885496183206 
663.0 	 1436 	 569 	 35.0 	 96.0 	 0.46564885496183206 
664.0 	 1439 	 568 	 35.0 	 95.0 	 0.46153846153846156 
665.0 	 1441 	 569 	 36.0 	 96.0 	 0.45454545454545453 
666.0 	 1443 	 569 	 36.0 	 96.0 	 0.45454545454545453 
667.0 	 1445 	 568 	 36.0 	 93.0 	 0.4418604651162791 
668.0 	 1448 	 569 	 36.0 	 95.0 	 0.45038167938931295 
669.0 	 1450 	 569 	 36.0 	 96.0 	 0.45454545454545453 
670.0 	 1453 	 569 	 36.0 	 94.0 	 0.4461538461538462 
671.0 	 1455 	 569 	 36.0 	 95.0 	 0.45038167938931295 
672.0 	 1457 	 569 	 36.0 	 97.0 	 0.45864661654135336 
673.0 	 1460 	 568 	 36.0 	 95.0 	 0.45038167938931295 
674.0 	 1463 	 569 	 36.0 	 95.0 	 0.45038167938931295 
675.0 	 1465 	 569 	 36.0 	 96.0 	 0.45454545454545453 
676.0 	 1467 	 569 	 36.0 	 94.0 	 0.4461538461538462 
677.0 	 1469 	 569 	 36.0 	 95.0 	 0.45038167938931295 
678.0 	 1471 	 569 	 36.0 	 96.0 	 0.45454545454545453 
679.0 	 1474 	 569 	 36.0 	 95.0 	 0.45038167938931295 
680.0 	 1476 	 568 	 37.0 	 94.0 	 0.4351145038167939 
681.0 	 1478 	 569 	 37.0 	 95.0 	 0.4393939393939394 
682.0 	 1480 	 569 	 37.0 	 95.0 	 0.4393939393939394 
683.0 	 1482 	 568 	 37.0 	 95.0 	 0.4393939393939394 
684.0 	 1484 	 569 	 37.0 	 97.0 	 0.44776119402985076 
685.0 	 1487 	 569 	 37.0 	 96.0 	 0.44360902255639095 
686.0 	 1489 	 568 	 37.0 	 94.0 	 0.4351145038167939 
687.0 	 1491 	 569 	 37.0 	 95.0 	 0.4393939393939394 
688.0 	 1492 	 569 	 37.0 	 98.0 	 0.45185185185185184 
689.0 	 1494 	 568 	 37.0 	 97.0 	 0.44776119402985076 
690.0 	 1497 	 569 	 38.0 	 98.0 	 0.4411764705882353 
691.0 	 1499 	 569 	 38.0 	 100.0 	 0.4492753623188406 
692.0 	 1503 	 569 	 94.7895736694336 	 37.98234939575195 	 0.42785570143313834 
693.0 	 1505 	 569 	 94.68733215332031 	 38.11717224121094 	 0.4259656716465927 
694.0 	 1507 	 569 	 95.89306640625 	 37.875709533691406 	 0.4337137457145218 
695.0 	 1510 	 569 	 94.92261505126953 	 37.98234939575195 	 0.42842843299668526 
696.0 	 1512 	 569 	 38.0 	 93.0 	 0.4198473282442748 
697.0 	 1515 	 569 	 37.0 	 96.0 	 0.44360902255639095 
698.0 	 1517 	 569 	 37.0 	 95.0 	 0.4393939393939394 
699.0 	 1520 	 568 	 37.0 	 92.0 	 0.4263565891472868 
700.0 	 1521 	 569 	 38.0 	 93.0 	 0.4198473282442748 
701.0 	 1524 	 568 	 37.0 	 94.0 	 0.4351145038167939 
702.0 	 1527 	 568 	 37.0 	 91.0 	 0.421875 
703.0 	 1529 	 569 	 37.0 	 92.0 	 0.4263565891472868 
704.0 	 1531 	 569 	 38.0 	 94.0 	 0.42424242424242425 
705.0 	 1534 	 569 	 37.0 	 90.0 	 0.41732283464566927 
706.0 	 1536 	 569 	 37.0 	 91.0 	 0.421875 
707.0 	 1538 	 569 	 37.0 	 93.0 	 0.4307692307692308 
708.0 	 1541 	 569 	 37.0 	 92.0 	 0.4263565891472868 
709.0 	 1543 	 569 	 36.0 	 92.0 	 0.4375 
710.0 	 1545 	 569 	 36.0 	 93.0 	 0.4418604651162791 
711.0 	 1548 	 569 	 36.0 	 90.0 	 0.42857142857142855 
712.0 	 1550 	 569 	 36.73063278198242 	 91.12713623046875 	 0.4254454294692803 
713.0 	 1553 	 569 	 36.0 	 93.0 	 0.4418604651162791 
714.0 	 1555 	 569 	 36.0 	 92.0 	 0.4375 
715.0 	 1557 	 569 	 35.0 	 91.0 	 0.4444444444444444 
716.0 	 1559 	 569 	 36.0 	 91.0 	 0.4330708661417323 
717.0 	 1561 	 569 	 36.0 	 90.0 	 0.42857142857142855 
718.0 	 1564 	 569 	 36.0 	 88.0 	 0.41935483870967744 
719.0 	 1566 	 569 	 36.0 	 91.0 	 0.4330708661417323 
720.0 	 1568 	 569 	 36.0 	 91.0 	 0.4330708661417323 
721.0 	 1571 	 569 	 33.0 	 89.0 	 0.45901639344262296 
722.0 	 1573 	 569 	 35.0 	 91.0 	 0.4444444444444444 
723.0 	 1575 	 569 	 35.0 	 89.0 	 0.43548387096774194 
724.0 	 1578 	 569 	 34.0 	 89.0 	 0.44715447154471544 
725.0 	 1580 	 569 	 34.0 	 91.0 	 0.456 
726.0 	 1583 	 569 	 34.0 	 91.0 	 0.456 
727.0 	 1585 	 569 	 33.0 	 88.0 	 0.45454545454545453 
728.0 	 1587 	 569 	 33.78124237060547 	 89.08484649658203 	 0.4501128393999517 
729.0 	 1589 	 569 	 34.557823181152344 	 90.91536712646484 	 0.44916004611935945 
730.0 	 1592 	 569 	 33.0 	 90.0 	 0.4634146341463415 
731.0 	 1594 	 569 	 33.0 	 89.0 	 0.45901639344262296 
732.0 	 1597 	 569 	 34.0 	 90.0 	 0.45161290322580644 
733.0 	 1599 	 569 	 33.0 	 89.0 	 0.45901639344262296 
734.0 	 1601 	 569 	 32.96596145629883 	 87.77301788330078 	 0.4539300955397964 
735.0 	 1604 	 569 	 34.0 	 90.0 	 0.45161290322580644 
736.0 	 1606 	 569 	 34.0 	 88.0 	 0.4426229508196721 
737.0 	 1609 	 569 	 32.0 	 87.0 	 0.46218487394957986 
738.0 	 1611 	 568 	 33.90764236450195 	 88.93889617919922 	 0.44796747606462317 
739.0 	 1613 	 569 	 33.0 	 89.0 	 0.45901639344262296 
740.0 	 1616 	 569 	 32.0 	 85.0 	 0.452991452991453 
741.0 	 1618 	 569 	 32.708229064941406 	 90.08880615234375 	 0.46727982467874224 
742.0 	 1620 	 569 	 32.0 	 89.0 	 0.47107438016528924 
743.0 	 1622 	 569 	 32.0 	 88.0 	 0.4666666666666667 
744.0 	 1624 	 569 	 33.0 	 89.0 	 0.45901639344262296 
745.0 	 1626 	 569 	 32.0 	 89.0 	 0.47107438016528924 
746.0 	 1629 	 569 	 32.0 	 86.0 	 0.4576271186440678 
747.0 	 1632 	 569 	 32.0 	 87.0 	 0.46218487394957986 
748.0 	 1634 	 569 	 33.0 	 88.0 	 0.45454545454545453 
749.0 	 1636 	 569 	 32.0 	 87.0 	 0.46218487394957986 
750.0 	 1638 	 569 	 32.0 	 87.0 	 0.46218487394957986 
751.0 	 1640 	 569 	 33.0 	 88.0 	 0.45454545454545453 
752.0 	 1643 	 569 	 33.0 	 87.0 	 0.45 
753.0 	 1645 	 569 	 32.0 	 84.0 	 0.4482758620689655 
754.0 	 1646 	 569 	 33.0 	 86.0 	 0.44537815126050423 
755.0 	 1649 	 569 	 31.0 	 85.0 	 0.46551724137931033 
756.0 	 1652 	 569 	 31.0 	 84.0 	 0.4608695652173913 
757.0 	 1654 	 569 	 30.390296936035156 	 86.34175109863281 	 0.4793152789196397 
758.0 	 1656 	 569 	 30.641799926757812 	 85.51322174072266 	 0.4723981884403282 
759.0 	 1659 	 569 	 83.0 	 31.0 	 0.45614035087719296 
760.0 	 1660 	 568 	 31.0 	 87.0 	 0.4745762711864407 
761.0 	 1662 	 569 	 86.0 	 31.0 	 0.4700854700854701 
762.0 	 1666 	 568 	 30.0 	 83.0 	 0.4690265486725664 
763.0 	 1668 	 568 	 30.0 	 85.0 	 0.4782608695652174 
764.0 	 1670 	 569 	 85.0 	 31.0 	 0.46551724137931033 
765.0 	 1673 	 569 	 30.0 	 84.0 	 0.47368421052631576 
766.0 	 1675 	 568 	 30.0 	 83.0 	 0.4690265486725664 
767.0 	 1677 	 568 	 30.0 	 86.0 	 0.4827586206896552 
768.0 	 1679 	 568 	 30.0 	 84.0 	 0.47368421052631576 
769.0 	 1682 	 568 	 30.0 	 83.0 	 0.4690265486725664 
770.0 	 1684 	 568 	 30.0 	 85.0 	 0.4782608695652174 
771.0 	 1686 	 568 	 30.0 	 84.0 	 0.47368421052631576 
772.0 	 1688 	 568 	 30.0 	 84.0 	 0.47368421052631576 
773.0 	 1690 	 568 	 31.0 	 87.0 	 0.4745762711864407 
774.0 	 1693 	 568 	 31.0 	 87.0 	 0.4745762711864407 
775.0 	 1696 	 568 	 31.0 	 84.0 	 0.4608695652173913 
776.0 	 1697 	 568 	 31.0 	 86.0 	 0.4700854700854701 
777.0 	 1699 	 568 	 31.0 	 86.0 	 0.4700854700854701 
778.0 	 1702 	 568 	 31.0 	 84.0 	 0.4608695652173913 
779.0 	 1704 	 568 	 85.69149017333984 	 31.095136642456055 	 0.46748805937341614 
780.0 	 1706 	 568 	 86.83749389648438 	 31.765459060668945 	 0.46433949124108936 
781.0 	 1709 	 568 	 87.0 	 31.0 	 0.4745762711864407 
782.0 	 1711 	 568 	 30.0 	 87.0 	 0.48717948717948717 
783.0 	 1713 	 568 	 31.0 	 88.0 	 0.4789915966386555 
784.0 	 1715 	 568 	 31.0 	 88.0 	 0.4789915966386555 
785.0 	 1718 	 568 	 30.0 	 86.0 	 0.4827586206896552 
786.0 	 1719 	 568 	 86.64344024658203 	 31.126768112182617 	 0.47139826708362764 
787.0 	 1722 	 568 	 30.0 	 86.0 	 0.4827586206896552 
788.0 	 1724 	 568 	 30.0 	 82.0 	 0.4642857142857143 
789.0 	 1726 	 568 	 30.0 	 84.0 	 0.47368421052631576 
790.0 	 1729 	 568 	 30.0 	 83.0 	 0.4690265486725664 
791.0 	 1731 	 568 	 29.0 	 81.0 	 0.4727272727272727 
792.0 	 1733 	 568 	 30.0 	 83.0 	 0.4690265486725664 
793.0 	 1735 	 568 	 30.0 	 81.0 	 0.4594594594594595 
794.0 	 1738 	 568 	 80.0 	 30.0 	 0.45454545454545453 
795.0 	 1740 	 568 	 30.0 	 82.0 	 0.4642857142857143 
796.0 	 1742 	 568 	 83.0 	 30.0 	 0.4690265486725664 
797.0 	 1744 	 568 	 30.0 	 79.0 	 0.44954128440366975 
798.0 	 1746 	 568 	 30.0 	 78.0 	 0.4444444444444444 
799.0 	 1748 	 568 	 31.0 	 80.0 	 0.44144144144144143 
800.0 	 1750 	 568 	 31.0 	 80.0 	 0.44144144144144143 
801.0 	 1753 	 568 	 30.0 	 77.0 	 0.4392523364485981 
802.0 	 1754 	 568 	 30.0 	 79.0 	 0.44954128440366975 
803.0 	 1757 	 568 	 30.0 	 80.0 	 0.45454545454545453 
804.0 	 1759 	 568 	 29.0 	 77.0 	 0.4528301886792453 
805.0 	 1761 	 568 	 30.0 	 77.0 	 0.4392523364485981 
806.0 	 1763 	 568 	 29.0 	 78.0 	 0.45794392523364486 
807.0 	 1765 	 568 	 29.0 	 75.0 	 0.4423076923076923 
808.0 	 1768 	 568 	 30.0 	 78.0 	 0.4444444444444444 
809.0 	 1770 	 568 	 30.0 	 79.0 	 0.44954128440366975 
810.0 	 1773 	 568 	 78.0 	 31.0 	 0.43119266055045874 
811.0 	 1776 	 568 	 79.68572998046875 	 30.028200149536133 	 0.45260916067896956 
812.0 	 1778 	 568 	 81.44476318359375 	 30.149221420288086 	 0.4596622474355247 
813.0 	 1780 	 568 	 28.0 	 81.0 	 0.48623853211009177 
814.0 	 1782 	 568 	 27.0 	 79.0 	 0.49056603773584906 
815.0 	 1785 	 568 	 80.75406646728516 	 27.93798065185547 	 0.4859241059057098 
816.0 	 1787 	 568 	 26.0 	 79.0 	 0.5047619047619047 
817.0 	 1790 	 568 	 26.0 	 79.0 	 0.5047619047619047 
818.0 	 1792 	 568 	 26.0 	 82.0 	 0.5185185185185185 
819.0 	 1794 	 568 	 26.0 	 82.0 	 0.5185185185185185 
820.0 	 1798 	 568 	 25.0 	 75.0 	 0.5 
821.0 	 1799 	 568 	 26.0 	 79.0 	 0.5047619047619047 
822.0 	 1802 	 568 	 26.0 	 80.0 	 0.5094339622641509 
823.0 	 1804 	 568 	 78.0544204711914 	 25.447355270385742 	 0.50827210281063 
824.0 	 1806 	 568 	 25.0 	 81.0 	 0.5283018867924528 
825.0 	 1808 	 569 	 81.0 	 26.0 	 0.514018691588785 
826.0 	 1813 	 568 	 25.0 	 75.0 	 0.5 
827.0 	 1815 	 569 	 25.544078826904297 	 78.27645874023438 	 0.5079185790116826 
828.0 	 1816 	 569 	 25.463241577148438 	 82.06525421142578 	 0.5263908159337589 
829.0 	 1820 	 569 	 23.0 	 71.0 	 0.5106382978723404 
830.0 	 1822 	 569 	 23.0 	 70.0 	 0.5053763440860215 
831.0 	 1825 	 569 	 24.0 	 77.0 	 0.5247524752475248 
832.0 	 1828 	 569 	 24.02056884765625 	 73.87527465820312 	 0.5092627431885084 
833.0 	 1831 	 568 	 24.0 	 71.0 	 0.49473684210526314 
834.0 	 1833 	 569 	 25.0 	 77.0 	 0.5098039215686274 
835.0 	 1836 	 569 	 24.709453582763672 	 74.09390258789062 	 0.49982562252065166 
836.0 	 1839 	 568 	 26.0 	 70.0 	 0.4583333333333333 
837.0 	 1841 	 568 	 27.0 	 74.0 	 0.46534653465346537 
838.0 	 1843 	 568 	 27.64180564880371 	 73.51952362060547 	 0.4535104303505333 
839.0 	 1849 	 568 	 27.962047576904297 	 67.2186508178711 	 0.41244289969531944 
840.0 	 1850 	 568 	 29.025188446044922 	 74.13189697265625 	 0.437262339698035 
841.0 	 1853 	 568 	 30.0 	 68.0 	 0.3877551020408163 
842.0 	 1856 	 568 	 30.0 	 63.0 	 0.3548387096774194 
843.0 	 1857 	 568 	 31.048181533813477 	 67.03353118896484 	 0.3668915300945208 
844.0 	 1859 	 568 	 29.0 	 70.0 	 0.41414141414141414 
845.0 	 1862 	 568 	 30.0 	 66.0 	 0.375 
846.0 	 1864 	 568 	 31.044557571411133 	 68.63758087158203 	 0.37712898105280745 
847.0 	 1866 	 568 	 30.044870376586914 	 74.84101867675781 	 0.42709413729989626 
848.0 	 1869 	 567 	 30.316951751708984 	 68.63758087158203 	 0.387254914999755 
849.0 	 1871 	 568 	 28.58868980407715 	 66.09627532958984 	 0.39613031987246494 
850.0 	 1872 	 568 	 30.0 	 73.0 	 0.4174757281553398 
851.0 	 1875 	 568 	 29.0 	 70.0 	 0.41414141414141414 
852.0 	 1878 	 568 	 28.458065032958984 	 65.97096252441406 	 0.3972602330217056 
853.0 	 1880 	 568 	 29.733993530273438 	 70.7762222290039 	 0.4083388776821143 
854.0 	 1882 	 568 	 29.733993530273438 	 69.8449478149414 	 0.4028055906480618 
855.0 	 1884 	 567 	 30.356035232543945 	 64.30982208251953 	 0.35866982894341537 
856.0 	 1886 	 567 	 30.594114303588867 	 70.601806640625 	 0.3953488635089463 
857.0 	 1887 	 568 	 29.0 	 70.0 	 0.41414141414141414 
858.0 	 1890 	 567 	 29.0 	 64.0 	 0.3763440860215054 
859.0 	 1891 	 568 	 28.0 	 66.0 	 0.40425531914893614 
860.0 	 1891 	 568 	 28.0 	 64.0 	 0.391304347826087 
861.0 	 1894 	 567 	 26.0 	 56.0 	 0.36585365853658536 
862.0 	 1894 	 567 	 27.0 	 58.0 	 0.36470588235294116 
863.0 	 1895 	 568 	 27.0 	 56.0 	 0.3493975903614458 
864.0 	 1900 	 567 	 27.0 	 44.0 	 0.23943661971830985 
865.0 	 1899 	 568 	 27.0 	 46.0 	 0.2602739726027397 
866.0 	 1899 	 568 	 28.0 	 47.0 	 0.25333333333333335 
867.0 	 1900 	 568 	 26.0 	 44.0 	 0.2571428571428571 
868.0 	 1902 	 568 	 25.0 	 40.0 	 0.23076923076923078 
869.0 	 1902 	 568 	 27.0 	 40.0 	 0.19402985074626866 
870.0 	 1904 	 568 	 37.0 	 26.0 	 0.1746031746031746 
871.0 	 1905 	 567 	 21.0 	 32.0 	 0.20754716981132076 
872.0 	 1904 	 567 	 22.0 	 34.0 	 0.21428571428571427 
873.0 	 1905 	 567 	 22.0 	 31.0 	 0.16981132075471697 
