frame 	 x 	 y 	 width 	 height 	 deformation 
1.0 	 82 	 577 	 48.1254768371582 	 56.68387222290039 	 0.08165679362093925 
2.0 	 82 	 577 	 46.66681671142578 	 56.213924407958984 	 0.09279781223051803 
3.0 	 82 	 577 	 48.0 	 56.0 	 0.07692307692307693 
4.0 	 82 	 577 	 48.0 	 57.0 	 0.08571428571428572 
5.0 	 83 	 577 	 47.0 	 55.0 	 0.0784313725490196 
6.0 	 83 	 577 	 47.0 	 57.0 	 0.09615384615384616 
7.0 	 83 	 577 	 47.0 	 57.0 	 0.09615384615384616 
8.0 	 83 	 577 	 47.0 	 55.0 	 0.0784313725490196 
9.0 	 83 	 577 	 47.0 	 56.0 	 0.08737864077669903 
10.0 	 83 	 577 	 47.0 	 57.0 	 0.09615384615384616 
11.0 	 83 	 577 	 47.0 	 55.0 	 0.0784313725490196 
12.0 	 83 	 577 	 47.0 	 55.0 	 0.0784313725490196 
13.0 	 84 	 577 	 47.0 	 55.0 	 0.0784313725490196 
14.0 	 84 	 577 	 47.0 	 55.0 	 0.0784313725490196 
15.0 	 84 	 577 	 47.0 	 54.0 	 0.06930693069306931 
16.0 	 84 	 577 	 48.0 	 55.0 	 0.06796116504854369 
17.0 	 84 	 577 	 47.0 	 54.0 	 0.06930693069306931 
18.0 	 84 	 577 	 48.0 	 54.0 	 0.058823529411764705 
19.0 	 84 	 577 	 48.0 	 55.0 	 0.06796116504854369 
20.0 	 84 	 577 	 47.0 	 54.0 	 0.06930693069306931 
21.0 	 84 	 577 	 48.0 	 53.0 	 0.04950495049504951 
22.0 	 84 	 577 	 47.0 	 54.0 	 0.06930693069306931 
23.0 	 85 	 577 	 47.0 	 55.0 	 0.0784313725490196 
24.0 	 85 	 577 	 47.0 	 53.0 	 0.06 
25.0 	 85 	 577 	 46.0 	 54.0 	 0.08 
26.0 	 85 	 577 	 46.0 	 54.0 	 0.08 
27.0 	 85 	 577 	 53.0 	 48.0 	 0.04950495049504951 
28.0 	 85 	 577 	 47.0 	 55.0 	 0.0784313725490196 
29.0 	 85 	 577 	 47.0 	 55.0 	 0.0784313725490196 
30.0 	 85 	 577 	 47.0 	 53.0 	 0.06 
31.0 	 85 	 577 	 47.0 	 53.0 	 0.06 
32.0 	 85 	 577 	 47.0 	 55.0 	 0.0784313725490196 
33.0 	 85 	 577 	 47.0 	 54.0 	 0.06930693069306931 
34.0 	 85 	 577 	 47.0 	 54.0 	 0.06930693069306931 
35.0 	 85 	 577 	 47.0 	 55.0 	 0.0784313725490196 
36.0 	 86 	 577 	 47.0 	 53.0 	 0.06 
37.0 	 86 	 577 	 46.0 	 54.0 	 0.08 
38.0 	 86 	 577 	 47.0 	 55.0 	 0.0784313725490196 
39.0 	 86 	 577 	 47.0 	 54.0 	 0.06930693069306931 
40.0 	 86 	 577 	 47.0 	 53.0 	 0.06 
41.0 	 86 	 577 	 47.0 	 55.0 	 0.0784313725490196 
42.0 	 86 	 577 	 47.0 	 55.0 	 0.0784313725490196 
43.0 	 87 	 577 	 47.0 	 54.0 	 0.06930693069306931 
44.0 	 87 	 577 	 48.0 	 54.0 	 0.058823529411764705 
45.0 	 87 	 577 	 48.0 	 54.0 	 0.058823529411764705 
46.0 	 87 	 577 	 47.0 	 53.0 	 0.06 
47.0 	 87 	 577 	 48.0 	 55.0 	 0.06796116504854369 
48.0 	 87 	 577 	 48.0 	 55.0 	 0.06796116504854369 
49.0 	 87 	 577 	 47.0 	 54.0 	 0.06930693069306931 
50.0 	 87 	 577 	 48.0 	 54.0 	 0.058823529411764705 
51.0 	 87 	 577 	 48.0 	 54.0 	 0.058823529411764705 
52.0 	 87 	 577 	 47.0 	 53.0 	 0.06 
53.0 	 87 	 577 	 47.0 	 54.0 	 0.06930693069306931 
54.0 	 87 	 577 	 49.0 	 55.0 	 0.057692307692307696 
55.0 	 87 	 577 	 48.0 	 53.0 	 0.04950495049504951 
56.0 	 87 	 577 	 48.0 	 53.0 	 0.04950495049504951 
57.0 	 87 	 577 	 49.0 	 55.0 	 0.057692307692307696 
58.0 	 88 	 577 	 48.0 	 54.0 	 0.058823529411764705 
59.0 	 88 	 577 	 48.0 	 54.0 	 0.058823529411764705 
60.0 	 88 	 577 	 48.0 	 54.0 	 0.058823529411764705 
61.0 	 88 	 577 	 47.0 	 55.0 	 0.0784313725490196 
62.0 	 88 	 577 	 48.0 	 55.0 	 0.06796116504854369 
63.0 	 88 	 577 	 47.0 	 55.0 	 0.0784313725490196 
64.0 	 88 	 577 	 46.0 	 55.0 	 0.0891089108910891 
65.0 	 88 	 577 	 47.0 	 52.0 	 0.050505050505050504 
66.0 	 88 	 577 	 47.0 	 54.0 	 0.06930693069306931 
67.0 	 88 	 577 	 47.0 	 54.0 	 0.06930693069306931 
68.0 	 88 	 577 	 47.0 	 53.0 	 0.06 
69.0 	 88 	 577 	 48.0 	 55.0 	 0.06796116504854369 
70.0 	 88 	 577 	 48.0 	 55.0 	 0.06796116504854369 
71.0 	 88 	 577 	 48.0 	 53.0 	 0.04950495049504951 
72.0 	 88 	 577 	 54.41606521606445 	 49.31969451904297 	 0.04912838841721726 
73.0 	 88 	 577 	 47.0 	 55.0 	 0.0784313725490196 
74.0 	 88 	 577 	 48.0 	 54.0 	 0.058823529411764705 
75.0 	 88 	 577 	 48.0 	 55.0 	 0.06796116504854369 
76.0 	 89 	 577 	 48.0 	 55.0 	 0.06796116504854369 
77.0 	 89 	 577 	 47.0 	 54.0 	 0.06930693069306931 
78.0 	 89 	 577 	 48.0 	 55.0 	 0.06796116504854369 
79.0 	 89 	 576 	 48.0 	 55.0 	 0.06796116504854369 
80.0 	 89 	 577 	 47.0 	 54.0 	 0.06930693069306931 
81.0 	 89 	 577 	 48.0 	 54.0 	 0.058823529411764705 
82.0 	 89 	 576 	 48.0 	 55.0 	 0.06796116504854369 
83.0 	 89 	 577 	 47.0 	 54.0 	 0.06930693069306931 
84.0 	 89 	 577 	 48.0 	 54.0 	 0.058823529411764705 
85.0 	 89 	 577 	 47.0 	 55.0 	 0.0784313725490196 
86.0 	 89 	 577 	 47.0 	 55.0 	 0.0784313725490196 
87.0 	 89 	 577 	 47.0 	 55.0 	 0.0784313725490196 
88.0 	 89 	 577 	 47.0 	 55.0 	 0.0784313725490196 
89.0 	 89 	 577 	 47.0 	 55.0 	 0.0784313725490196 
90.0 	 89 	 577 	 47.0 	 55.0 	 0.0784313725490196 
91.0 	 89 	 577 	 47.0 	 55.0 	 0.0784313725490196 
92.0 	 89 	 577 	 47.0 	 55.0 	 0.0784313725490196 
93.0 	 89 	 577 	 47.0 	 55.0 	 0.0784313725490196 
94.0 	 89 	 577 	 47.0 	 54.0 	 0.06930693069306931 
95.0 	 89 	 577 	 47.0 	 54.0 	 0.06930693069306931 
96.0 	 90 	 577 	 47.0 	 53.0 	 0.06 
97.0 	 90 	 577 	 47.0 	 54.0 	 0.06930693069306931 
98.0 	 90 	 577 	 48.0 	 55.0 	 0.06796116504854369 
99.0 	 90 	 577 	 47.0 	 53.0 	 0.06 
100.0 	 90 	 577 	 47.0 	 54.0 	 0.06930693069306931 
101.0 	 90 	 577 	 47.0 	 54.0 	 0.06930693069306931 
102.0 	 91 	 577 	 47.0 	 54.0 	 0.06930693069306931 
103.0 	 91 	 576 	 48.0 	 55.0 	 0.06796116504854369 
104.0 	 91 	 577 	 48.0 	 55.0 	 0.06796116504854369 
105.0 	 92 	 577 	 47.0 	 54.0 	 0.06930693069306931 
106.0 	 92 	 577 	 48.0 	 54.0 	 0.058823529411764705 
107.0 	 92 	 577 	 54.0 	 48.0 	 0.058823529411764705 
108.0 	 93 	 576 	 48.0 	 54.0 	 0.058823529411764705 
109.0 	 93 	 577 	 48.0 	 55.0 	 0.06796116504854369 
110.0 	 94 	 577 	 48.0 	 56.0 	 0.07692307692307693 
111.0 	 94 	 577 	 48.0 	 55.0 	 0.06796116504854369 
112.0 	 95 	 577 	 48.91379165649414 	 54.976112365722656 	 0.05835331898980378 
113.0 	 96 	 577 	 49.0 	 55.0 	 0.057692307692307696 
114.0 	 97 	 577 	 48.0 	 55.0 	 0.06796116504854369 
115.0 	 98 	 577 	 49.0 	 55.0 	 0.057692307692307696 
116.0 	 98 	 577 	 48.0 	 55.0 	 0.06796116504854369 
117.0 	 99 	 576 	 48.0 	 54.0 	 0.058823529411764705 
118.0 	 100 	 577 	 48.0 	 53.0 	 0.04950495049504951 
119.0 	 102 	 577 	 48.0 	 54.0 	 0.058823529411764705 
120.0 	 103 	 577 	 47.0 	 54.0 	 0.06930693069306931 
121.0 	 105 	 577 	 47.0 	 53.0 	 0.06 
122.0 	 106 	 576 	 48.0 	 55.0 	 0.06796116504854369 
123.0 	 107 	 577 	 48.0 	 54.0 	 0.058823529411764705 
124.0 	 109 	 576 	 48.0 	 54.0 	 0.058823529411764705 
125.0 	 110 	 576 	 48.0 	 55.0 	 0.06796116504854369 
126.0 	 111 	 576 	 48.0 	 55.0 	 0.06796116504854369 
127.0 	 113 	 576 	 47.0 	 55.0 	 0.0784313725490196 
128.0 	 114 	 576 	 47.0 	 55.0 	 0.0784313725490196 
129.0 	 115 	 576 	 47.0 	 54.0 	 0.06930693069306931 
130.0 	 117 	 576 	 47.0 	 55.0 	 0.0784313725490196 
131.0 	 119 	 577 	 46.82992172241211 	 55.92259979248047 	 0.0884910456309386 
132.0 	 120 	 576 	 47.0 	 55.0 	 0.0784313725490196 
133.0 	 122 	 576 	 45.0 	 54.0 	 0.09090909090909091 
134.0 	 124 	 577 	 47.0 	 56.0 	 0.08737864077669903 
135.0 	 125 	 577 	 46.0 	 55.0 	 0.0891089108910891 
136.0 	 127 	 576 	 45.0 	 54.0 	 0.09090909090909091 
137.0 	 128 	 576 	 46.0 	 56.0 	 0.09803921568627451 
138.0 	 130 	 577 	 45.0 	 56.0 	 0.10891089108910891 
139.0 	 131 	 577 	 45.0 	 55.0 	 0.1 
140.0 	 133 	 577 	 45.0 	 56.0 	 0.10891089108910891 
141.0 	 134 	 577 	 45.0 	 56.0 	 0.10891089108910891 
142.0 	 137 	 577 	 45.0 	 56.0 	 0.10891089108910891 
143.0 	 138 	 577 	 45.0 	 56.0 	 0.10891089108910891 
144.0 	 140 	 577 	 45.0 	 57.0 	 0.11764705882352941 
145.0 	 141 	 576 	 44.0 	 56.0 	 0.12 
146.0 	 143 	 576 	 44.0 	 58.0 	 0.13725490196078433 
147.0 	 144 	 576 	 44.0 	 58.0 	 0.13725490196078433 
148.0 	 146 	 576 	 44.0 	 56.0 	 0.12 
149.0 	 148 	 576 	 44.0 	 57.0 	 0.12871287128712872 
150.0 	 150 	 576 	 44.0 	 58.0 	 0.13725490196078433 
151.0 	 152 	 576 	 44.0 	 58.0 	 0.13725490196078433 
152.0 	 154 	 576 	 44.0 	 58.0 	 0.13725490196078433 
153.0 	 156 	 576 	 44.63425064086914 	 58.93583679199219 	 0.13808606814582408 
154.0 	 158 	 576 	 44.0 	 59.0 	 0.14563106796116504 
155.0 	 159 	 576 	 44.0 	 58.0 	 0.13725490196078433 
156.0 	 161 	 576 	 44.0 	 59.0 	 0.14563106796116504 
157.0 	 163 	 576 	 44.0 	 61.0 	 0.1619047619047619 
158.0 	 165 	 576 	 43.0 	 59.0 	 0.1568627450980392 
159.0 	 167 	 576 	 44.0 	 61.0 	 0.1619047619047619 
160.0 	 168 	 576 	 44.0 	 62.0 	 0.16981132075471697 
161.0 	 170 	 576 	 43.0 	 60.0 	 0.1650485436893204 
162.0 	 172 	 576 	 62.0 	 44.0 	 0.16981132075471697 
163.0 	 174 	 576 	 60.0 	 44.0 	 0.15384615384615385 
164.0 	 176 	 576 	 43.0 	 59.0 	 0.1568627450980392 
165.0 	 178 	 576 	 43.0 	 60.0 	 0.1650485436893204 
166.0 	 181 	 577 	 43.0 	 61.0 	 0.17307692307692307 
167.0 	 182 	 576 	 44.0 	 60.0 	 0.15384615384615385 
168.0 	 184 	 576 	 43.0 	 61.0 	 0.17307692307692307 
169.0 	 186 	 576 	 43.0 	 61.0 	 0.17307692307692307 
170.0 	 188 	 576 	 43.0 	 60.0 	 0.1650485436893204 
171.0 	 190 	 576 	 43.0 	 60.0 	 0.1650485436893204 
172.0 	 192 	 576 	 43.0 	 60.0 	 0.1650485436893204 
173.0 	 194 	 576 	 43.0 	 60.0 	 0.1650485436893204 
174.0 	 196 	 576 	 43.0 	 61.0 	 0.17307692307692307 
175.0 	 198 	 576 	 43.0 	 61.0 	 0.17307692307692307 
176.0 	 200 	 576 	 43.0 	 61.0 	 0.17307692307692307 
177.0 	 202 	 576 	 43.0 	 62.0 	 0.18095238095238095 
178.0 	 204 	 576 	 43.0 	 63.0 	 0.18867924528301888 
179.0 	 206 	 576 	 43.0 	 62.0 	 0.18095238095238095 
180.0 	 207 	 576 	 43.0 	 61.0 	 0.17307692307692307 
181.0 	 210 	 576 	 42.0 	 63.0 	 0.2 
182.0 	 212 	 576 	 42.0 	 63.0 	 0.2 
183.0 	 214 	 576 	 42.0 	 61.0 	 0.18446601941747573 
184.0 	 216 	 576 	 42.0 	 63.0 	 0.2 
185.0 	 218 	 576 	 42.0 	 63.0 	 0.2 
186.0 	 220 	 576 	 42.0 	 63.0 	 0.2 
187.0 	 222 	 576 	 42.0 	 63.0 	 0.2 
188.0 	 224 	 576 	 42.0 	 63.0 	 0.2 
189.0 	 226 	 576 	 42.0 	 62.0 	 0.19230769230769232 
190.0 	 228 	 576 	 42.0 	 63.0 	 0.2 
191.0 	 230 	 576 	 42.0 	 63.0 	 0.2 
192.0 	 232 	 576 	 42.0 	 62.0 	 0.19230769230769232 
193.0 	 234 	 576 	 43.0 	 64.0 	 0.19626168224299065 
194.0 	 236 	 576 	 42.0 	 64.0 	 0.20754716981132076 
195.0 	 239 	 576 	 42.0 	 63.0 	 0.2 
196.0 	 241 	 576 	 42.0 	 63.0 	 0.2 
197.0 	 243 	 576 	 42.0 	 64.0 	 0.20754716981132076 
198.0 	 245 	 576 	 42.0 	 64.0 	 0.20754716981132076 
199.0 	 247 	 576 	 42.0 	 63.0 	 0.2 
200.0 	 249 	 576 	 42.0 	 65.0 	 0.21495327102803738 
201.0 	 252 	 576 	 42.0 	 65.0 	 0.21495327102803738 
202.0 	 254 	 576 	 42.0 	 64.0 	 0.20754716981132076 
203.0 	 256 	 576 	 42.0 	 65.0 	 0.21495327102803738 
204.0 	 257 	 576 	 65.0 	 43.0 	 0.2037037037037037 
205.0 	 260 	 576 	 42.0 	 65.0 	 0.21495327102803738 
206.0 	 261 	 576 	 42.0 	 66.0 	 0.2222222222222222 
207.0 	 264 	 576 	 42.0 	 67.0 	 0.22935779816513763 
208.0 	 266 	 576 	 42.0 	 65.0 	 0.21495327102803738 
209.0 	 268 	 576 	 42.0 	 67.0 	 0.22935779816513763 
210.0 	 270 	 576 	 42.0 	 66.0 	 0.2222222222222222 
211.0 	 272 	 576 	 42.0 	 65.0 	 0.21495327102803738 
212.0 	 274 	 576 	 42.0 	 65.0 	 0.21495327102803738 
213.0 	 276 	 576 	 42.0 	 66.0 	 0.2222222222222222 
214.0 	 278 	 576 	 42.0 	 65.0 	 0.21495327102803738 
215.0 	 281 	 576 	 42.0 	 65.0 	 0.21495327102803738 
216.0 	 283 	 576 	 42.0 	 66.0 	 0.2222222222222222 
217.0 	 285 	 576 	 42.0 	 63.0 	 0.2 
218.0 	 287 	 576 	 42.0 	 64.0 	 0.20754716981132076 
219.0 	 289 	 576 	 42.0 	 65.0 	 0.21495327102803738 
220.0 	 291 	 576 	 42.0 	 64.0 	 0.20754716981132076 
221.0 	 293 	 576 	 42.0 	 65.0 	 0.21495327102803738 
222.0 	 296 	 576 	 42.0 	 66.0 	 0.2222222222222222 
223.0 	 298 	 576 	 42.0 	 66.0 	 0.2222222222222222 
224.0 	 300 	 576 	 42.0 	 65.0 	 0.21495327102803738 
225.0 	 302 	 576 	 42.0 	 65.0 	 0.21495327102803738 
226.0 	 304 	 576 	 42.0 	 65.0 	 0.21495327102803738 
227.0 	 306 	 576 	 42.0 	 66.0 	 0.2222222222222222 
228.0 	 309 	 576 	 42.0 	 66.0 	 0.2222222222222222 
229.0 	 311 	 576 	 41.0 	 67.0 	 0.24074074074074073 
230.0 	 313 	 576 	 41.0 	 66.0 	 0.2336448598130841 
231.0 	 315 	 576 	 41.0 	 66.0 	 0.2336448598130841 
232.0 	 317 	 575 	 41.0 	 66.0 	 0.2336448598130841 
233.0 	 319 	 576 	 41.0 	 65.0 	 0.22641509433962265 
234.0 	 322 	 576 	 41.0 	 67.0 	 0.24074074074074073 
235.0 	 324 	 576 	 41.0 	 67.0 	 0.24074074074074073 
236.0 	 326 	 576 	 41.0 	 67.0 	 0.24074074074074073 
237.0 	 328 	 575 	 41.0 	 67.0 	 0.24074074074074073 
238.0 	 330 	 575 	 41.0 	 66.0 	 0.2336448598130841 
239.0 	 332 	 575 	 41.0 	 66.0 	 0.2336448598130841 
240.0 	 334 	 575 	 41.0 	 66.0 	 0.2336448598130841 
241.0 	 337 	 575 	 41.0 	 67.0 	 0.24074074074074073 
242.0 	 339 	 575 	 41.0 	 68.0 	 0.24770642201834864 
243.0 	 341 	 575 	 41.0 	 68.0 	 0.24770642201834864 
244.0 	 343 	 575 	 41.0 	 68.0 	 0.24770642201834864 
245.0 	 345 	 575 	 41.0 	 67.0 	 0.24074074074074073 
246.0 	 347 	 575 	 41.0 	 67.0 	 0.24074074074074073 
247.0 	 349 	 575 	 41.0 	 66.0 	 0.2336448598130841 
248.0 	 352 	 575 	 41.0 	 68.0 	 0.24770642201834864 
249.0 	 354 	 575 	 41.0 	 68.0 	 0.24770642201834864 
250.0 	 356 	 575 	 40.0 	 67.0 	 0.2523364485981308 
251.0 	 358 	 575 	 40.0 	 67.0 	 0.2523364485981308 
252.0 	 360 	 575 	 40.0 	 68.0 	 0.25925925925925924 
253.0 	 362 	 575 	 40.0 	 67.0 	 0.2523364485981308 
254.0 	 365 	 575 	 40.0 	 67.0 	 0.2523364485981308 
255.0 	 367 	 575 	 40.0 	 68.0 	 0.25925925925925924 
256.0 	 369 	 575 	 40.0 	 68.0 	 0.25925925925925924 
257.0 	 371 	 575 	 40.0 	 67.0 	 0.2523364485981308 
258.0 	 373 	 575 	 40.0 	 67.0 	 0.2523364485981308 
259.0 	 376 	 575 	 40.0 	 68.0 	 0.25925925925925924 
260.0 	 378 	 575 	 40.0 	 68.0 	 0.25925925925925924 
261.0 	 380 	 575 	 41.0 	 67.0 	 0.24074074074074073 
262.0 	 382 	 575 	 40.0 	 67.0 	 0.2523364485981308 
263.0 	 384 	 575 	 40.0 	 67.0 	 0.2523364485981308 
264.0 	 387 	 575 	 40.0 	 68.0 	 0.25925925925925924 
265.0 	 389 	 575 	 40.0 	 68.0 	 0.25925925925925924 
266.0 	 391 	 575 	 40.0 	 68.0 	 0.25925925925925924 
267.0 	 393 	 575 	 40.0 	 69.0 	 0.26605504587155965 
268.0 	 395 	 575 	 41.0 	 69.0 	 0.2545454545454545 
269.0 	 397 	 575 	 41.0 	 68.0 	 0.24770642201834864 
270.0 	 400 	 575 	 41.0 	 68.0 	 0.24770642201834864 
271.0 	 402 	 575 	 41.0 	 67.0 	 0.24074074074074073 
272.0 	 404 	 575 	 41.0 	 68.0 	 0.24770642201834864 
273.0 	 406 	 575 	 41.0 	 67.0 	 0.24074074074074073 
274.0 	 408 	 575 	 41.0 	 69.0 	 0.2545454545454545 
275.0 	 410 	 575 	 41.0 	 69.0 	 0.2545454545454545 
276.0 	 413 	 575 	 41.0 	 68.0 	 0.24770642201834864 
277.0 	 415 	 575 	 40.0 	 68.0 	 0.25925925925925924 
278.0 	 417 	 575 	 41.0 	 69.0 	 0.2545454545454545 
279.0 	 419 	 575 	 41.0 	 69.0 	 0.2545454545454545 
280.0 	 422 	 575 	 41.0 	 69.0 	 0.2545454545454545 
281.0 	 424 	 575 	 41.0 	 70.0 	 0.26126126126126126 
282.0 	 426 	 575 	 41.0 	 69.0 	 0.2545454545454545 
283.0 	 428 	 575 	 41.0 	 69.0 	 0.2545454545454545 
284.0 	 430 	 575 	 41.0 	 70.0 	 0.26126126126126126 
285.0 	 432 	 575 	 41.0 	 69.0 	 0.2545454545454545 
286.0 	 435 	 574 	 69.41268157958984 	 40.13599395751953 	 0.2672482116148716 
287.0 	 437 	 575 	 68.46525573730469 	 40.207847595214844 	 0.2600220963197068 
288.0 	 439 	 575 	 40.0 	 69.0 	 0.26605504587155965 
289.0 	 441 	 575 	 40.0 	 68.0 	 0.25925925925925924 
290.0 	 443 	 575 	 40.0 	 69.0 	 0.26605504587155965 
291.0 	 446 	 575 	 40.0 	 68.0 	 0.25925925925925924 
292.0 	 448 	 575 	 40.0 	 68.0 	 0.25925925925925924 
293.0 	 450 	 575 	 40.0 	 69.0 	 0.26605504587155965 
294.0 	 453 	 575 	 40.0 	 70.0 	 0.2727272727272727 
295.0 	 455 	 574 	 40.0 	 68.0 	 0.25925925925925924 
296.0 	 457 	 575 	 40.0 	 69.0 	 0.26605504587155965 
297.0 	 459 	 574 	 40.0 	 69.0 	 0.26605504587155965 
298.0 	 462 	 574 	 40.0 	 69.0 	 0.26605504587155965 
299.0 	 464 	 574 	 40.0 	 70.0 	 0.2727272727272727 
300.0 	 466 	 574 	 40.0 	 70.0 	 0.2727272727272727 
301.0 	 468 	 574 	 39.0 	 69.0 	 0.2777777777777778 
302.0 	 470 	 574 	 39.0 	 69.0 	 0.2777777777777778 
303.0 	 473 	 574 	 39.0 	 70.0 	 0.28440366972477066 
304.0 	 475 	 574 	 39.0 	 69.0 	 0.2777777777777778 
305.0 	 477 	 574 	 39.0 	 70.0 	 0.28440366972477066 
306.0 	 479 	 574 	 39.0 	 70.0 	 0.28440366972477066 
307.0 	 482 	 574 	 39.0 	 70.0 	 0.28440366972477066 
308.0 	 484 	 574 	 39.0 	 70.0 	 0.28440366972477066 
309.0 	 487 	 574 	 40.0 	 71.0 	 0.27927927927927926 
310.0 	 489 	 574 	 70.0 	 40.0 	 0.2727272727272727 
311.0 	 492 	 574 	 39.0 	 69.0 	 0.2777777777777778 
312.0 	 494 	 574 	 39.0 	 70.0 	 0.28440366972477066 
313.0 	 496 	 574 	 38.0 	 71.0 	 0.30275229357798167 
314.0 	 498 	 574 	 39.0 	 71.0 	 0.2909090909090909 
315.0 	 501 	 574 	 39.0 	 71.0 	 0.2909090909090909 
316.0 	 503 	 574 	 39.0 	 71.0 	 0.2909090909090909 
317.0 	 506 	 574 	 39.0 	 70.0 	 0.28440366972477066 
318.0 	 508 	 574 	 38.0 	 71.0 	 0.30275229357798167 
319.0 	 510 	 574 	 38.0 	 71.0 	 0.30275229357798167 
320.0 	 513 	 574 	 39.0 	 70.0 	 0.28440366972477066 
321.0 	 515 	 574 	 39.0 	 72.0 	 0.2972972972972973 
322.0 	 517 	 574 	 39.0 	 71.0 	 0.2909090909090909 
323.0 	 519 	 574 	 39.0 	 71.0 	 0.2909090909090909 
324.0 	 522 	 574 	 39.0 	 71.0 	 0.2909090909090909 
325.0 	 524 	 574 	 39.0 	 69.0 	 0.2777777777777778 
326.0 	 526 	 574 	 39.0 	 69.0 	 0.2777777777777778 
327.0 	 529 	 574 	 39.0 	 70.0 	 0.28440366972477066 
328.0 	 531 	 574 	 40.0 	 69.0 	 0.26605504587155965 
329.0 	 533 	 574 	 39.0 	 69.0 	 0.2777777777777778 
330.0 	 535 	 574 	 39.0 	 68.0 	 0.27102803738317754 
331.0 	 537 	 574 	 40.0 	 69.0 	 0.26605504587155965 
332.0 	 540 	 574 	 40.0 	 68.0 	 0.25925925925925924 
333.0 	 542 	 574 	 40.0 	 69.0 	 0.26605504587155965 
334.0 	 544 	 574 	 40.0 	 70.0 	 0.2727272727272727 
335.0 	 547 	 574 	 40.0 	 70.0 	 0.2727272727272727 
336.0 	 549 	 574 	 40.0 	 70.0 	 0.2727272727272727 
337.0 	 551 	 574 	 40.0 	 71.0 	 0.27927927927927926 
338.0 	 554 	 574 	 40.0 	 71.0 	 0.27927927927927926 
339.0 	 556 	 574 	 40.0 	 71.0 	 0.27927927927927926 
340.0 	 558 	 574 	 40.0 	 73.0 	 0.2920353982300885 
341.0 	 561 	 574 	 40.0 	 73.0 	 0.2920353982300885 
342.0 	 563 	 574 	 40.0 	 72.0 	 0.2857142857142857 
343.0 	 565 	 574 	 40.0 	 72.0 	 0.2857142857142857 
344.0 	 567 	 574 	 40.0 	 73.0 	 0.2920353982300885 
345.0 	 570 	 574 	 40.0 	 71.0 	 0.27927927927927926 
346.0 	 572 	 574 	 40.0 	 72.0 	 0.2857142857142857 
347.0 	 574 	 574 	 40.0 	 73.0 	 0.2920353982300885 
348.0 	 576 	 574 	 40.0 	 73.0 	 0.2920353982300885 
349.0 	 578 	 574 	 40.0 	 72.0 	 0.2857142857142857 
350.0 	 581 	 574 	 40.0 	 72.0 	 0.2857142857142857 
351.0 	 583 	 574 	 40.0 	 71.0 	 0.27927927927927926 
352.0 	 585 	 574 	 40.0 	 72.0 	 0.2857142857142857 
353.0 	 587 	 574 	 40.0 	 72.0 	 0.2857142857142857 
354.0 	 590 	 574 	 40.0 	 72.0 	 0.2857142857142857 
355.0 	 592 	 574 	 40.0 	 72.0 	 0.2857142857142857 
356.0 	 594 	 574 	 40.0 	 73.0 	 0.2920353982300885 
357.0 	 597 	 573 	 40.0 	 72.0 	 0.2857142857142857 
358.0 	 599 	 573 	 40.0 	 71.0 	 0.27927927927927926 
359.0 	 601 	 573 	 40.0 	 71.0 	 0.27927927927927926 
360.0 	 604 	 573 	 40.0 	 72.0 	 0.2857142857142857 
361.0 	 605 	 573 	 39.0 	 72.0 	 0.2972972972972973 
362.0 	 607 	 573 	 39.0 	 72.0 	 0.2972972972972973 
363.0 	 609 	 573 	 39.0 	 73.0 	 0.30357142857142855 
364.0 	 612 	 573 	 39.0 	 73.0 	 0.30357142857142855 
365.0 	 614 	 573 	 39.0 	 73.0 	 0.30357142857142855 
366.0 	 616 	 573 	 39.0 	 73.0 	 0.30357142857142855 
367.0 	 619 	 573 	 39.0 	 72.0 	 0.2972972972972973 
368.0 	 621 	 573 	 39.0 	 72.0 	 0.2972972972972973 
369.0 	 623 	 573 	 39.0 	 72.0 	 0.2972972972972973 
370.0 	 625 	 573 	 39.0 	 72.0 	 0.2972972972972973 
371.0 	 628 	 573 	 39.0 	 73.0 	 0.30357142857142855 
372.0 	 630 	 573 	 39.0 	 73.0 	 0.30357142857142855 
373.0 	 632 	 573 	 39.0 	 72.0 	 0.2972972972972973 
374.0 	 634 	 573 	 40.0 	 72.0 	 0.2857142857142857 
375.0 	 636 	 573 	 40.0 	 72.0 	 0.2857142857142857 
376.0 	 638 	 573 	 40.0 	 72.0 	 0.2857142857142857 
377.0 	 641 	 573 	 40.0 	 72.0 	 0.2857142857142857 
378.0 	 643 	 573 	 40.0 	 72.0 	 0.2857142857142857 
379.0 	 645 	 573 	 40.0 	 72.0 	 0.2857142857142857 
380.0 	 648 	 573 	 40.0 	 73.0 	 0.2920353982300885 
381.0 	 650 	 573 	 40.0 	 72.0 	 0.2857142857142857 
382.0 	 652 	 573 	 40.0 	 73.0 	 0.2920353982300885 
383.0 	 654 	 573 	 40.0 	 74.0 	 0.2982456140350877 
384.0 	 656 	 573 	 40.0 	 74.0 	 0.2982456140350877 
385.0 	 658 	 573 	 39.0 	 71.0 	 0.2909090909090909 
386.0 	 660 	 573 	 39.0 	 72.0 	 0.2972972972972973 
387.0 	 663 	 573 	 39.0 	 72.0 	 0.2972972972972973 
388.0 	 665 	 573 	 39.0 	 73.0 	 0.30357142857142855 
389.0 	 667 	 573 	 39.0 	 73.0 	 0.30357142857142855 
390.0 	 669 	 573 	 39.0 	 74.0 	 0.30973451327433627 
391.0 	 672 	 572 	 39.0 	 73.0 	 0.30357142857142855 
392.0 	 674 	 572 	 39.0 	 73.0 	 0.30357142857142855 
393.0 	 676 	 572 	 39.0 	 73.0 	 0.30357142857142855 
394.0 	 678 	 573 	 39.0 	 73.0 	 0.30357142857142855 
395.0 	 680 	 573 	 39.0 	 73.0 	 0.30357142857142855 
396.0 	 682 	 573 	 39.0 	 73.0 	 0.30357142857142855 
397.0 	 685 	 572 	 40.0 	 74.0 	 0.2982456140350877 
398.0 	 687 	 572 	 75.0 	 40.0 	 0.30434782608695654 
399.0 	 689 	 572 	 39.0 	 73.0 	 0.30357142857142855 
400.0 	 692 	 572 	 39.0 	 73.0 	 0.30357142857142855 
401.0 	 694 	 572 	 39.0 	 73.0 	 0.30357142857142855 
402.0 	 696 	 572 	 39.0 	 73.0 	 0.30357142857142855 
403.0 	 698 	 572 	 39.0 	 73.0 	 0.30357142857142855 
404.0 	 701 	 572 	 39.0 	 72.0 	 0.2972972972972973 
405.0 	 703 	 572 	 39.0 	 72.0 	 0.2972972972972973 
406.0 	 705 	 572 	 39.0 	 73.0 	 0.30357142857142855 
407.0 	 707 	 572 	 39.0 	 73.0 	 0.30357142857142855 
408.0 	 709 	 572 	 39.0 	 74.0 	 0.30973451327433627 
409.0 	 711 	 572 	 38.0 	 73.0 	 0.3153153153153153 
410.0 	 714 	 572 	 39.0 	 73.0 	 0.30357142857142855 
411.0 	 716 	 572 	 39.0 	 72.0 	 0.2972972972972973 
412.0 	 718 	 572 	 39.0 	 73.0 	 0.30357142857142855 
413.0 	 720 	 572 	 39.0 	 72.0 	 0.2972972972972973 
414.0 	 723 	 572 	 39.0 	 73.0 	 0.30357142857142855 
415.0 	 725 	 572 	 39.0 	 73.0 	 0.30357142857142855 
416.0 	 727 	 572 	 39.0 	 72.0 	 0.2972972972972973 
417.0 	 730 	 572 	 39.0 	 72.0 	 0.2972972972972973 
418.0 	 732 	 572 	 38.0 	 73.0 	 0.3153153153153153 
419.0 	 734 	 572 	 38.0 	 73.0 	 0.3153153153153153 
420.0 	 737 	 572 	 38.0 	 74.0 	 0.32142857142857145 
421.0 	 739 	 572 	 38.0 	 72.0 	 0.3090909090909091 
422.0 	 741 	 572 	 38.0 	 72.0 	 0.3090909090909091 
423.0 	 743 	 572 	 38.0 	 72.0 	 0.3090909090909091 
424.0 	 745 	 572 	 38.0 	 73.0 	 0.3153153153153153 
425.0 	 748 	 572 	 38.0 	 72.0 	 0.3090909090909091 
426.0 	 750 	 572 	 38.0 	 72.0 	 0.3090909090909091 
427.0 	 752 	 572 	 38.0 	 73.0 	 0.3153153153153153 
428.0 	 754 	 572 	 38.0 	 73.0 	 0.3153153153153153 
429.0 	 757 	 572 	 38.0 	 73.0 	 0.3153153153153153 
430.0 	 759 	 572 	 38.0 	 73.0 	 0.3153153153153153 
431.0 	 761 	 572 	 38.0 	 72.0 	 0.3090909090909091 
432.0 	 764 	 572 	 38.0 	 73.0 	 0.3153153153153153 
433.0 	 766 	 572 	 38.0 	 72.0 	 0.3090909090909091 
434.0 	 768 	 572 	 38.0 	 72.0 	 0.3090909090909091 
435.0 	 770 	 572 	 38.0 	 73.0 	 0.3153153153153153 
436.0 	 772 	 572 	 38.0 	 73.0 	 0.3153153153153153 
437.0 	 775 	 572 	 38.0 	 72.0 	 0.3090909090909091 
438.0 	 777 	 572 	 72.0 	 39.0 	 0.2972972972972973 
439.0 	 779 	 572 	 39.0 	 73.0 	 0.30357142857142855 
440.0 	 781 	 572 	 38.0 	 73.0 	 0.3153153153153153 
441.0 	 784 	 572 	 37.0 	 72.0 	 0.3211009174311927 
442.0 	 786 	 572 	 38.0 	 73.0 	 0.3153153153153153 
443.0 	 788 	 572 	 37.0 	 73.0 	 0.32727272727272727 
444.0 	 791 	 572 	 38.0 	 73.0 	 0.3153153153153153 
445.0 	 792 	 572 	 37.0 	 73.0 	 0.32727272727272727 
446.0 	 794 	 571 	 38.0 	 73.0 	 0.3153153153153153 
447.0 	 797 	 571 	 73.0 	 38.0 	 0.3153153153153153 
448.0 	 799 	 571 	 37.0 	 72.0 	 0.3211009174311927 
449.0 	 802 	 571 	 73.0 	 38.0 	 0.3153153153153153 
450.0 	 804 	 571 	 38.0 	 73.0 	 0.3153153153153153 
451.0 	 806 	 571 	 38.0 	 73.0 	 0.3153153153153153 
452.0 	 809 	 571 	 73.0 	 38.0 	 0.3153153153153153 
453.0 	 811 	 571 	 73.0 	 38.0 	 0.3153153153153153 
454.0 	 813 	 571 	 73.0 	 38.0 	 0.3153153153153153 
455.0 	 815 	 571 	 37.0 	 73.0 	 0.32727272727272727 
456.0 	 818 	 571 	 37.0 	 74.0 	 0.3333333333333333 
457.0 	 820 	 571 	 37.0 	 75.0 	 0.3392857142857143 
458.0 	 822 	 571 	 37.0 	 73.0 	 0.32727272727272727 
459.0 	 825 	 571 	 37.0 	 73.0 	 0.32727272727272727 
460.0 	 827 	 571 	 37.0 	 73.0 	 0.32727272727272727 
461.0 	 830 	 571 	 37.0 	 74.0 	 0.3333333333333333 
462.0 	 832 	 571 	 38.0 	 74.0 	 0.32142857142857145 
463.0 	 835 	 571 	 38.0 	 73.0 	 0.3153153153153153 
464.0 	 837 	 571 	 38.0 	 73.0 	 0.3153153153153153 
465.0 	 839 	 571 	 38.0 	 74.0 	 0.32142857142857145 
466.0 	 841 	 571 	 38.0 	 73.0 	 0.3153153153153153 
467.0 	 843 	 571 	 37.0 	 74.0 	 0.3333333333333333 
468.0 	 846 	 571 	 38.0 	 75.0 	 0.3274336283185841 
469.0 	 848 	 571 	 37.0 	 73.0 	 0.32727272727272727 
470.0 	 850 	 571 	 37.0 	 73.0 	 0.32727272727272727 
471.0 	 853 	 571 	 38.0 	 73.0 	 0.3153153153153153 
472.0 	 855 	 571 	 38.0 	 73.0 	 0.3153153153153153 
473.0 	 857 	 571 	 38.0 	 72.0 	 0.3090909090909091 
474.0 	 860 	 571 	 38.0 	 73.0 	 0.3153153153153153 
475.0 	 862 	 571 	 38.0 	 74.0 	 0.32142857142857145 
476.0 	 864 	 571 	 38.0 	 74.0 	 0.32142857142857145 
477.0 	 866 	 571 	 38.0 	 73.0 	 0.3153153153153153 
478.0 	 868 	 571 	 38.0 	 74.0 	 0.32142857142857145 
479.0 	 870 	 571 	 38.0 	 75.0 	 0.3274336283185841 
480.0 	 872 	 571 	 38.0 	 73.0 	 0.3153153153153153 
481.0 	 874 	 571 	 38.0 	 73.0 	 0.3153153153153153 
482.0 	 877 	 571 	 38.0 	 73.0 	 0.3153153153153153 
483.0 	 879 	 571 	 38.0 	 73.0 	 0.3153153153153153 
484.0 	 881 	 571 	 38.0 	 72.0 	 0.3090909090909091 
485.0 	 883 	 571 	 38.0 	 72.0 	 0.3090909090909091 
486.0 	 885 	 571 	 37.0 	 73.0 	 0.32727272727272727 
487.0 	 888 	 571 	 38.0 	 74.0 	 0.32142857142857145 
488.0 	 890 	 571 	 38.0 	 74.0 	 0.32142857142857145 
489.0 	 892 	 571 	 38.0 	 74.0 	 0.32142857142857145 
490.0 	 894 	 571 	 38.0 	 75.0 	 0.3274336283185841 
491.0 	 897 	 571 	 38.0 	 74.0 	 0.32142857142857145 
492.0 	 899 	 571 	 38.0 	 75.0 	 0.3274336283185841 
493.0 	 901 	 570 	 37.0 	 75.0 	 0.3392857142857143 
494.0 	 903 	 570 	 37.0 	 75.0 	 0.3392857142857143 
495.0 	 905 	 571 	 37.0 	 74.0 	 0.3333333333333333 
496.0 	 907 	 570 	 37.0 	 75.0 	 0.3392857142857143 
497.0 	 910 	 570 	 37.0 	 75.0 	 0.3392857142857143 
498.0 	 912 	 570 	 37.0 	 75.0 	 0.3392857142857143 
499.0 	 914 	 570 	 37.0 	 75.0 	 0.3392857142857143 
500.0 	 916 	 570 	 37.0 	 75.0 	 0.3392857142857143 
501.0 	 919 	 570 	 37.0 	 75.0 	 0.3392857142857143 
502.0 	 921 	 570 	 37.0 	 73.0 	 0.32727272727272727 
503.0 	 923 	 570 	 37.0 	 74.0 	 0.3333333333333333 
504.0 	 926 	 570 	 37.0 	 74.0 	 0.3333333333333333 
505.0 	 928 	 570 	 36.0 	 74.0 	 0.34545454545454546 
506.0 	 930 	 570 	 37.0 	 74.0 	 0.3333333333333333 
507.0 	 932 	 570 	 37.0 	 73.0 	 0.32727272727272727 
508.0 	 935 	 570 	 37.0 	 74.0 	 0.3333333333333333 
509.0 	 937 	 570 	 37.0 	 74.0 	 0.3333333333333333 
510.0 	 939 	 570 	 37.0 	 74.0 	 0.3333333333333333 
511.0 	 942 	 570 	 37.0 	 74.0 	 0.3333333333333333 
512.0 	 944 	 570 	 37.0 	 75.0 	 0.3392857142857143 
513.0 	 947 	 570 	 37.0 	 74.0 	 0.3333333333333333 
514.0 	 949 	 570 	 37.0 	 74.0 	 0.3333333333333333 
515.0 	 951 	 570 	 37.0 	 74.0 	 0.3333333333333333 
516.0 	 953 	 570 	 37.0 	 74.0 	 0.3333333333333333 
517.0 	 954 	 570 	 37.0 	 73.0 	 0.32727272727272727 
518.0 	 956 	 570 	 37.0 	 73.0 	 0.32727272727272727 
519.0 	 959 	 570 	 37.0 	 74.0 	 0.3333333333333333 
520.0 	 961 	 570 	 37.0 	 75.0 	 0.3392857142857143 
521.0 	 964 	 570 	 37.0 	 74.0 	 0.3333333333333333 
522.0 	 966 	 570 	 37.0 	 74.0 	 0.3333333333333333 
523.0 	 968 	 570 	 37.0 	 75.0 	 0.3392857142857143 
524.0 	 971 	 570 	 37.0 	 74.0 	 0.3333333333333333 
525.0 	 973 	 570 	 37.0 	 74.0 	 0.3333333333333333 
526.0 	 975 	 570 	 37.0 	 75.0 	 0.3392857142857143 
527.0 	 977 	 570 	 37.0 	 74.0 	 0.3333333333333333 
528.0 	 979 	 570 	 37.0 	 74.0 	 0.3333333333333333 
529.0 	 981 	 570 	 37.0 	 74.0 	 0.3333333333333333 
530.0 	 983 	 570 	 37.0 	 74.0 	 0.3333333333333333 
531.0 	 985 	 570 	 37.0 	 74.0 	 0.3333333333333333 
532.0 	 988 	 570 	 37.0 	 74.0 	 0.3333333333333333 
533.0 	 990 	 570 	 37.0 	 75.0 	 0.3392857142857143 
534.0 	 992 	 570 	 37.0 	 75.0 	 0.3392857142857143 
535.0 	 995 	 570 	 37.0 	 76.0 	 0.34513274336283184 
536.0 	 997 	 570 	 37.0 	 76.0 	 0.34513274336283184 
537.0 	 999 	 570 	 37.0 	 76.0 	 0.34513274336283184 
538.0 	 1001 	 570 	 37.0 	 75.0 	 0.3392857142857143 
539.0 	 1003 	 570 	 37.0 	 75.0 	 0.3392857142857143 
540.0 	 1005 	 570 	 37.0 	 75.0 	 0.3392857142857143 
541.0 	 1007 	 570 	 37.0 	 75.0 	 0.3392857142857143 
542.0 	 1009 	 570 	 37.0 	 77.0 	 0.3508771929824561 
543.0 	 1012 	 570 	 37.0 	 75.0 	 0.3392857142857143 
544.0 	 1014 	 570 	 37.0 	 75.0 	 0.3392857142857143 
545.0 	 1016 	 570 	 37.0 	 76.0 	 0.34513274336283184 
546.0 	 1018 	 570 	 37.0 	 76.0 	 0.34513274336283184 
547.0 	 1020 	 570 	 37.0 	 75.0 	 0.3392857142857143 
548.0 	 1023 	 570 	 37.0 	 76.0 	 0.34513274336283184 
549.0 	 1025 	 570 	 37.0 	 76.0 	 0.34513274336283184 
550.0 	 1027 	 570 	 37.0 	 76.0 	 0.34513274336283184 
551.0 	 1029 	 570 	 37.0 	 76.0 	 0.34513274336283184 
552.0 	 1031 	 570 	 37.0 	 76.0 	 0.34513274336283184 
553.0 	 1033 	 570 	 37.0 	 76.0 	 0.34513274336283184 
554.0 	 1036 	 570 	 36.0 	 75.0 	 0.35135135135135137 
555.0 	 1038 	 570 	 36.0 	 76.0 	 0.35714285714285715 
556.0 	 1040 	 570 	 36.0 	 76.0 	 0.35714285714285715 
557.0 	 1043 	 570 	 36.0 	 76.0 	 0.35714285714285715 
558.0 	 1044 	 570 	 37.0 	 76.0 	 0.34513274336283184 
559.0 	 1046 	 570 	 36.0 	 74.0 	 0.34545454545454546 
560.0 	 1049 	 570 	 37.0 	 75.0 	 0.3392857142857143 
561.0 	 1051 	 570 	 37.0 	 76.0 	 0.34513274336283184 
562.0 	 1053 	 570 	 37.0 	 76.0 	 0.34513274336283184 
563.0 	 1055 	 570 	 36.0 	 75.0 	 0.35135135135135137 
564.0 	 1058 	 570 	 37.0 	 75.0 	 0.3392857142857143 
565.0 	 1060 	 570 	 37.0 	 76.0 	 0.34513274336283184 
566.0 	 1062 	 570 	 37.0 	 75.0 	 0.3392857142857143 
567.0 	 1064 	 570 	 37.0 	 75.0 	 0.3392857142857143 
568.0 	 1066 	 570 	 37.0 	 75.0 	 0.3392857142857143 
569.0 	 1068 	 570 	 37.0 	 75.0 	 0.3392857142857143 
570.0 	 1071 	 570 	 37.0 	 76.0 	 0.34513274336283184 
571.0 	 1073 	 570 	 37.0 	 77.0 	 0.3508771929824561 
572.0 	 1075 	 570 	 37.0 	 76.0 	 0.34513274336283184 
573.0 	 1078 	 570 	 37.0 	 75.0 	 0.3392857142857143 
574.0 	 1080 	 570 	 37.0 	 75.0 	 0.3392857142857143 
575.0 	 1082 	 570 	 38.0 	 74.0 	 0.32142857142857145 
576.0 	 1085 	 570 	 37.0 	 75.0 	 0.3392857142857143 
577.0 	 1086 	 570 	 37.0 	 76.0 	 0.34513274336283184 
578.0 	 1088 	 570 	 37.0 	 76.0 	 0.34513274336283184 
579.0 	 1091 	 570 	 37.0 	 77.0 	 0.3508771929824561 
580.0 	 1093 	 570 	 37.0 	 77.0 	 0.3508771929824561 
581.0 	 1095 	 570 	 37.0 	 76.0 	 0.34513274336283184 
582.0 	 1097 	 570 	 37.0 	 76.0 	 0.34513274336283184 
583.0 	 1100 	 570 	 37.0 	 77.0 	 0.3508771929824561 
584.0 	 1102 	 570 	 37.0 	 76.0 	 0.34513274336283184 
585.0 	 1104 	 570 	 37.0 	 76.0 	 0.34513274336283184 
586.0 	 1106 	 570 	 37.0 	 75.0 	 0.3392857142857143 
587.0 	 1108 	 570 	 37.0 	 74.0 	 0.3333333333333333 
588.0 	 1110 	 569 	 37.0 	 77.0 	 0.3508771929824561 
589.0 	 1112 	 570 	 37.0 	 76.0 	 0.34513274336283184 
590.0 	 1113 	 570 	 37.0 	 75.0 	 0.3392857142857143 
591.0 	 1116 	 569 	 37.0 	 74.0 	 0.3333333333333333 
592.0 	 1118 	 570 	 37.0 	 76.0 	 0.34513274336283184 
593.0 	 1120 	 569 	 37.0 	 75.0 	 0.3392857142857143 
594.0 	 1122 	 569 	 38.0 	 74.0 	 0.32142857142857145 
595.0 	 1125 	 569 	 37.0 	 75.0 	 0.3392857142857143 
596.0 	 1127 	 569 	 37.0 	 76.0 	 0.34513274336283184 
597.0 	 1129 	 569 	 37.0 	 76.0 	 0.34513274336283184 
598.0 	 1131 	 569 	 38.0 	 76.0 	 0.3333333333333333 
599.0 	 1133 	 569 	 38.0 	 77.0 	 0.3391304347826087 
600.0 	 1135 	 569 	 38.0 	 76.0 	 0.3333333333333333 
601.0 	 1137 	 569 	 37.0 	 78.0 	 0.3565217391304348 
602.0 	 1140 	 569 	 37.0 	 78.0 	 0.3565217391304348 
603.0 	 1142 	 569 	 37.0 	 77.0 	 0.3508771929824561 
604.0 	 1145 	 569 	 38.0 	 76.0 	 0.3333333333333333 
605.0 	 1147 	 569 	 37.0 	 78.0 	 0.3565217391304348 
606.0 	 1150 	 569 	 37.0 	 78.0 	 0.3565217391304348 
607.0 	 1152 	 569 	 37.0 	 77.0 	 0.3508771929824561 
608.0 	 1154 	 569 	 37.0 	 77.0 	 0.3508771929824561 
609.0 	 1157 	 569 	 37.0 	 77.0 	 0.3508771929824561 
610.0 	 1159 	 569 	 37.0 	 77.0 	 0.3508771929824561 
611.0 	 1161 	 569 	 37.0 	 77.0 	 0.3508771929824561 
612.0 	 1164 	 569 	 37.98234939575195 	 77.6941909790039 	 0.34330073716414744 
613.0 	 1166 	 569 	 37.0 	 77.0 	 0.3508771929824561 
614.0 	 1169 	 569 	 37.347206115722656 	 78.21773529052734 	 0.35365854624657234 
615.0 	 1171 	 569 	 37.0 	 80.0 	 0.36752136752136755 
616.0 	 1174 	 569 	 37.3167724609375 	 79.10104370117188 	 0.3589164667206147 
617.0 	 1176 	 569 	 37.0 	 79.0 	 0.3620689655172414 
618.0 	 1178 	 569 	 37.0 	 81.0 	 0.3728813559322034 
619.0 	 1181 	 569 	 37.0 	 78.0 	 0.3565217391304348 
620.0 	 1183 	 569 	 37.21024703979492 	 78.89691162109375 	 0.35903612716122046 
621.0 	 1185 	 569 	 36.9727783203125 	 79.48594665527344 	 0.36504923391418953 
622.0 	 1187 	 569 	 37.0 	 79.0 	 0.3620689655172414 
623.0 	 1190 	 569 	 37.0 	 78.0 	 0.3565217391304348 
624.0 	 1192 	 569 	 37.0 	 78.0 	 0.3565217391304348 
625.0 	 1194 	 569 	 36.0 	 79.0 	 0.3739130434782609 
626.0 	 1196 	 569 	 36.0 	 79.0 	 0.3739130434782609 
627.0 	 1199 	 569 	 36.0 	 80.0 	 0.3793103448275862 
628.0 	 1201 	 569 	 37.0 	 79.0 	 0.3620689655172414 
629.0 	 1203 	 569 	 37.0 	 79.0 	 0.3620689655172414 
630.0 	 1205 	 569 	 79.0 	 37.0 	 0.3620689655172414 
631.0 	 1207 	 569 	 79.0 	 37.0 	 0.3620689655172414 
632.0 	 1210 	 569 	 36.0 	 79.0 	 0.3739130434782609 
633.0 	 1212 	 569 	 36.0 	 77.0 	 0.36283185840707965 
634.0 	 1215 	 569 	 37.0 	 78.0 	 0.3565217391304348 
635.0 	 1217 	 569 	 38.0 	 84.0 	 0.3770491803278688 
636.0 	 1219 	 569 	 38.0 	 83.0 	 0.371900826446281 
637.0 	 1221 	 568 	 37.0 	 83.0 	 0.38333333333333336 
638.0 	 1223 	 568 	 37.0 	 84.0 	 0.3884297520661157 
639.0 	 1225 	 568 	 37.0 	 85.0 	 0.39344262295081966 
640.0 	 1228 	 568 	 37.0 	 86.0 	 0.3983739837398374 
641.0 	 1230 	 568 	 37.0 	 86.0 	 0.3983739837398374 
642.0 	 1232 	 568 	 37.0 	 85.0 	 0.39344262295081966 
643.0 	 1234 	 568 	 37.0 	 86.0 	 0.3983739837398374 
644.0 	 1237 	 568 	 37.0 	 86.0 	 0.3983739837398374 
645.0 	 1240 	 568 	 37.0 	 85.0 	 0.39344262295081966 
646.0 	 1242 	 568 	 37.0 	 84.0 	 0.3884297520661157 
647.0 	 1245 	 568 	 37.0 	 86.0 	 0.3983739837398374 
648.0 	 1246 	 568 	 37.0 	 86.0 	 0.3983739837398374 
649.0 	 1248 	 568 	 37.0 	 87.0 	 0.4032258064516129 
650.0 	 1251 	 568 	 38.0 	 88.0 	 0.3968253968253968 
651.0 	 1253 	 568 	 38.0 	 89.0 	 0.4015748031496063 
652.0 	 1255 	 568 	 37.0 	 89.0 	 0.4126984126984127 
653.0 	 1257 	 568 	 38.0 	 88.0 	 0.3968253968253968 
654.0 	 1259 	 568 	 39.0 	 89.0 	 0.390625 
655.0 	 1261 	 568 	 39.0 	 88.0 	 0.3858267716535433 
656.0 	 1264 	 568 	 39.0 	 88.0 	 0.3858267716535433 
657.0 	 1266 	 568 	 38.0 	 88.0 	 0.3968253968253968 
658.0 	 1268 	 568 	 38.0 	 87.0 	 0.392 
659.0 	 1270 	 568 	 38.0 	 88.0 	 0.3968253968253968 
660.0 	 1272 	 568 	 39.0 	 90.0 	 0.3953488372093023 
661.0 	 1274 	 568 	 37.0 	 88.0 	 0.408 
662.0 	 1276 	 568 	 38.0 	 89.0 	 0.4015748031496063 
663.0 	 1278 	 569 	 38.0 	 91.0 	 0.4108527131782946 
664.0 	 1280 	 568 	 38.0 	 90.0 	 0.40625 
665.0 	 1283 	 568 	 89.30673217773438 	 38.718074798583984 	 0.3951473044478648 
666.0 	 1285 	 568 	 39.0 	 89.0 	 0.390625 
667.0 	 1287 	 568 	 39.0 	 89.0 	 0.390625 
668.0 	 1290 	 569 	 89.05583953857422 	 39.9009895324707 	 0.38117291158751365 
669.0 	 1292 	 569 	 39.0 	 90.0 	 0.3953488372093023 
670.0 	 1294 	 569 	 40.0 	 91.0 	 0.3893129770992366 
671.0 	 1296 	 568 	 39.0 	 89.0 	 0.390625 
672.0 	 1299 	 568 	 39.0 	 89.0 	 0.390625 
673.0 	 1301 	 568 	 38.0 	 87.0 	 0.392 
674.0 	 1303 	 568 	 38.0 	 87.0 	 0.392 
675.0 	 1305 	 568 	 38.0 	 88.0 	 0.3968253968253968 
676.0 	 1307 	 568 	 38.0 	 90.0 	 0.40625 
677.0 	 1310 	 568 	 38.0 	 89.0 	 0.4015748031496063 
678.0 	 1313 	 568 	 38.0 	 89.0 	 0.4015748031496063 
679.0 	 1315 	 568 	 39.0 	 89.0 	 0.390625 
680.0 	 1317 	 568 	 39.0 	 88.0 	 0.3858267716535433 
681.0 	 1320 	 568 	 39.0 	 88.0 	 0.3858267716535433 
682.0 	 1322 	 568 	 39.0 	 90.0 	 0.3953488372093023 
683.0 	 1324 	 568 	 39.0 	 89.0 	 0.390625 
684.0 	 1326 	 568 	 38.0 	 88.0 	 0.3968253968253968 
685.0 	 1328 	 568 	 38.0 	 89.0 	 0.4015748031496063 
686.0 	 1330 	 568 	 38.0 	 90.0 	 0.40625 
687.0 	 1332 	 568 	 37.0 	 88.0 	 0.408 
688.0 	 1334 	 568 	 38.0 	 90.0 	 0.40625 
689.0 	 1337 	 568 	 38.0 	 90.0 	 0.40625 
690.0 	 1339 	 568 	 38.0 	 89.0 	 0.4015748031496063 
691.0 	 1342 	 568 	 38.0 	 90.0 	 0.40625 
692.0 	 1344 	 568 	 38.0 	 90.0 	 0.40625 
693.0 	 1346 	 568 	 88.93889617919922 	 37.95259094238281 	 0.40181028998394114 
694.0 	 1348 	 568 	 89.04326629638672 	 37.819580078125 	 0.4037721656271554 
695.0 	 1351 	 568 	 38.0 	 90.0 	 0.40625 
696.0 	 1353 	 568 	 38.0 	 89.0 	 0.4015748031496063 
697.0 	 1355 	 568 	 36.0 	 87.0 	 0.4146341463414634 
698.0 	 1357 	 568 	 38.0 	 89.0 	 0.4015748031496063 
699.0 	 1360 	 568 	 38.0 	 88.0 	 0.3968253968253968 
700.0 	 1362 	 568 	 38.0 	 87.0 	 0.392 
701.0 	 1364 	 568 	 39.0 	 88.0 	 0.3858267716535433 
702.0 	 1366 	 568 	 38.0 	 87.0 	 0.392 
703.0 	 1369 	 568 	 38.0 	 87.0 	 0.392 
704.0 	 1371 	 568 	 39.0 	 88.0 	 0.3858267716535433 
705.0 	 1373 	 568 	 39.0 	 88.0 	 0.3858267716535433 
706.0 	 1375 	 568 	 37.0 	 87.0 	 0.4032258064516129 
707.0 	 1377 	 568 	 38.0 	 89.0 	 0.4015748031496063 
708.0 	 1379 	 568 	 38.0 	 90.0 	 0.40625 
709.0 	 1382 	 568 	 36.0 	 89.0 	 0.424 
710.0 	 1384 	 568 	 38.0 	 89.0 	 0.4015748031496063 
711.0 	 1386 	 568 	 38.0 	 90.0 	 0.40625 
712.0 	 1388 	 568 	 37.84236145019531 	 89.03466033935547 	 0.40347967005461505 
713.0 	 1391 	 568 	 38.0 	 91.0 	 0.4108527131782946 
714.0 	 1393 	 568 	 38.91361999511719 	 90.86495971679688 	 0.4003075071171425 
715.0 	 1395 	 568 	 38.0 	 89.0 	 0.4015748031496063 
716.0 	 1397 	 568 	 38.0 	 90.0 	 0.40625 
717.0 	 1399 	 568 	 39.0 	 91.0 	 0.4 
718.0 	 1401 	 568 	 39.0 	 90.0 	 0.3953488372093023 
719.0 	 1404 	 568 	 39.0 	 88.0 	 0.3858267716535433 
720.0 	 1406 	 568 	 38.0 	 90.0 	 0.40625 
721.0 	 1408 	 568 	 37.0 	 92.0 	 0.4263565891472868 
722.0 	 1411 	 568 	 37.899940490722656 	 91.89995574951172 	 0.4160251034318666 
723.0 	 1413 	 568 	 37.742977142333984 	 94.1548080444336 	 0.4276935417999652 
724.0 	 1415 	 568 	 37.72745895385742 	 94.13301086425781 	 0.42776695690683253 
725.0 	 1418 	 568 	 37.909423828125 	 92.03856658935547 	 0.41654466981237037 
726.0 	 1419 	 568 	 38.487884521484375 	 92.03290557861328 	 0.41024131876664793 
727.0 	 1421 	 568 	 38.496192932128906 	 91.13724517822266 	 0.4060761869270381 
728.0 	 1424 	 568 	 38.05075454711914 	 89.69998168945312 	 0.4042969039856534 
729.0 	 1426 	 568 	 39.0 	 91.0 	 0.4 
730.0 	 1428 	 568 	 39.0 	 91.0 	 0.4 
731.0 	 1431 	 567 	 39.0 	 90.0 	 0.3953488372093023 
732.0 	 1433 	 568 	 39.0 	 91.0 	 0.4 
733.0 	 1435 	 568 	 37.0 	 91.0 	 0.421875 
734.0 	 1437 	 568 	 38.0 	 90.0 	 0.40625 
735.0 	 1440 	 568 	 39.0 	 90.0 	 0.3953488372093023 
736.0 	 1442 	 567 	 39.0 	 91.0 	 0.4 
737.0 	 1444 	 567 	 39.0 	 90.0 	 0.3953488372093023 
738.0 	 1446 	 567 	 38.0 	 89.0 	 0.4015748031496063 
739.0 	 1448 	 568 	 39.0 	 91.0 	 0.4 
740.0 	 1450 	 567 	 39.0 	 90.0 	 0.3953488372093023 
741.0 	 1453 	 567 	 39.0 	 88.0 	 0.3858267716535433 
742.0 	 1455 	 567 	 39.0 	 90.0 	 0.3953488372093023 
743.0 	 1458 	 568 	 39.0 	 89.0 	 0.390625 
744.0 	 1460 	 568 	 87.29019927978516 	 38.848934173583984 	 0.3840304256102159 
745.0 	 1462 	 568 	 39.0 	 89.0 	 0.390625 
746.0 	 1465 	 568 	 39.0 	 89.0 	 0.390625 
747.0 	 1467 	 568 	 39.0 	 88.0 	 0.3858267716535433 
748.0 	 1469 	 568 	 40.0 	 90.0 	 0.38461538461538464 
749.0 	 1471 	 568 	 39.0 	 90.0 	 0.3953488372093023 
750.0 	 1474 	 567 	 39.0 	 89.0 	 0.390625 
751.0 	 1476 	 567 	 39.0 	 89.0 	 0.390625 
752.0 	 1478 	 568 	 39.0 	 90.0 	 0.3953488372093023 
753.0 	 1480 	 567 	 39.0 	 90.0 	 0.3953488372093023 
754.0 	 1483 	 567 	 39.0 	 91.0 	 0.4 
755.0 	 1485 	 567 	 39.0 	 93.0 	 0.4090909090909091 
756.0 	 1486 	 567 	 39.0 	 91.0 	 0.4 
757.0 	 1488 	 567 	 39.0 	 90.0 	 0.3953488372093023 
758.0 	 1491 	 567 	 39.0 	 90.0 	 0.3953488372093023 
759.0 	 1493 	 567 	 39.0 	 92.0 	 0.40458015267175573 
760.0 	 1495 	 567 	 39.0 	 92.0 	 0.40458015267175573 
761.0 	 1498 	 567 	 39.0 	 93.0 	 0.4090909090909091 
762.0 	 1501 	 567 	 39.0 	 89.0 	 0.390625 
763.0 	 1503 	 567 	 39.0 	 89.0 	 0.390625 
764.0 	 1505 	 567 	 40.0 	 89.0 	 0.3798449612403101 
765.0 	 1508 	 567 	 39.0 	 90.0 	 0.3953488372093023 
766.0 	 1510 	 567 	 39.0 	 89.0 	 0.390625 
767.0 	 1512 	 567 	 39.0 	 90.0 	 0.3953488372093023 
768.0 	 1515 	 567 	 39.0 	 90.0 	 0.3953488372093023 
769.0 	 1517 	 567 	 38.0 	 89.0 	 0.4015748031496063 
770.0 	 1519 	 567 	 38.0 	 88.0 	 0.3968253968253968 
771.0 	 1521 	 567 	 39.0 	 89.0 	 0.390625 
772.0 	 1524 	 567 	 39.0 	 88.0 	 0.3858267716535433 
773.0 	 1526 	 567 	 39.0 	 89.0 	 0.390625 
774.0 	 1528 	 567 	 39.0 	 90.0 	 0.3953488372093023 
775.0 	 1531 	 567 	 38.0 	 88.0 	 0.3968253968253968 
776.0 	 1533 	 567 	 39.0 	 89.0 	 0.390625 
777.0 	 1535 	 567 	 39.0 	 89.0 	 0.390625 
778.0 	 1537 	 567 	 39.0 	 89.0 	 0.390625 
779.0 	 1539 	 567 	 40.0 	 88.0 	 0.375 
780.0 	 1541 	 567 	 39.0 	 90.0 	 0.3953488372093023 
781.0 	 1544 	 567 	 39.0 	 89.0 	 0.390625 
782.0 	 1546 	 567 	 39.0 	 89.0 	 0.390625 
783.0 	 1549 	 567 	 39.0 	 91.0 	 0.4 
784.0 	 1551 	 567 	 39.0 	 89.0 	 0.390625 
785.0 	 1553 	 567 	 39.235939025878906 	 88.26527404785156 	 0.3845401454621481 
786.0 	 1556 	 567 	 39.0 	 88.0 	 0.3858267716535433 
787.0 	 1558 	 567 	 39.0 	 91.0 	 0.4 
788.0 	 1560 	 567 	 39.0 	 90.0 	 0.3953488372093023 
789.0 	 1563 	 567 	 39.0 	 89.0 	 0.390625 
790.0 	 1565 	 567 	 39.0 	 90.0 	 0.3953488372093023 
791.0 	 1566 	 567 	 40.0 	 90.0 	 0.38461538461538464 
792.0 	 1569 	 567 	 39.713890075683594 	 88.87074279785156 	 0.3822918153098002 
793.0 	 1571 	 567 	 39.0 	 88.0 	 0.3858267716535433 
794.0 	 1573 	 567 	 39.0 	 89.0 	 0.390625 
795.0 	 1576 	 567 	 39.0 	 89.0 	 0.390625 
796.0 	 1578 	 567 	 39.0 	 90.0 	 0.3953488372093023 
797.0 	 1580 	 567 	 39.0 	 90.0 	 0.3953488372093023 
798.0 	 1582 	 567 	 39.0 	 90.0 	 0.3953488372093023 
799.0 	 1585 	 567 	 39.0 	 91.0 	 0.4 
800.0 	 1587 	 567 	 39.0 	 91.0 	 0.4 
801.0 	 1589 	 567 	 38.0 	 89.0 	 0.4015748031496063 
802.0 	 1591 	 567 	 38.0 	 89.0 	 0.4015748031496063 
803.0 	 1593 	 567 	 38.0 	 90.0 	 0.40625 
804.0 	 1595 	 567 	 90.27042388916016 	 38.73273468017578 	 0.3995071886653393 
805.0 	 1598 	 567 	 37.87570571899414 	 89.0225830078125 	 0.4030541136683889 
806.0 	 1601 	 567 	 38.0 	 88.0 	 0.3968253968253968 
807.0 	 1603 	 567 	 38.0 	 89.0 	 0.4015748031496063 
808.0 	 1605 	 567 	 37.0 	 88.0 	 0.408 
809.0 	 1608 	 566 	 38.0 	 90.0 	 0.40625 
810.0 	 1609 	 566 	 38.0 	 90.0 	 0.40625 
811.0 	 1612 	 566 	 38.0 	 89.0 	 0.4015748031496063 
812.0 	 1614 	 566 	 38.0 	 90.0 	 0.40625 
813.0 	 1616 	 566 	 38.0 	 90.0 	 0.40625 
814.0 	 1618 	 566 	 38.0 	 88.0 	 0.3968253968253968 
815.0 	 1620 	 566 	 37.0 	 89.0 	 0.4126984126984127 
816.0 	 1622 	 566 	 38.0 	 91.0 	 0.4108527131782946 
817.0 	 1625 	 567 	 38.0 	 89.0 	 0.4015748031496063 
818.0 	 1627 	 566 	 38.0 	 89.0 	 0.4015748031496063 
819.0 	 1629 	 566 	 38.0 	 89.0 	 0.4015748031496063 
820.0 	 1632 	 566 	 38.0 	 88.0 	 0.3968253968253968 
821.0 	 1634 	 566 	 38.0 	 87.0 	 0.392 
822.0 	 1636 	 566 	 38.0 	 89.0 	 0.4015748031496063 
823.0 	 1638 	 566 	 38.0 	 90.0 	 0.40625 
824.0 	 1640 	 566 	 37.0 	 88.0 	 0.408 
825.0 	 1642 	 566 	 37.0 	 89.0 	 0.4126984126984127 
826.0 	 1645 	 566 	 37.0 	 89.0 	 0.4126984126984127 
827.0 	 1647 	 566 	 37.0 	 87.0 	 0.4032258064516129 
828.0 	 1649 	 566 	 38.0 	 89.0 	 0.4015748031496063 
829.0 	 1652 	 566 	 37.0 	 88.0 	 0.408 
830.0 	 1654 	 566 	 37.0 	 86.0 	 0.3983739837398374 
831.0 	 1656 	 566 	 37.0 	 88.0 	 0.408 
832.0 	 1658 	 566 	 38.0 	 89.0 	 0.4015748031496063 
833.0 	 1661 	 566 	 37.0 	 88.0 	 0.408 
834.0 	 1663 	 566 	 37.0 	 88.0 	 0.408 
835.0 	 1665 	 566 	 90.0 	 39.0 	 0.3953488372093023 
836.0 	 1667 	 566 	 37.0 	 88.0 	 0.408 
837.0 	 1670 	 566 	 37.0 	 87.0 	 0.4032258064516129 
838.0 	 1672 	 566 	 37.0 	 88.0 	 0.408 
839.0 	 1674 	 566 	 37.0 	 87.0 	 0.4032258064516129 
840.0 	 1677 	 566 	 38.0 	 86.0 	 0.3870967741935484 
841.0 	 1678 	 566 	 37.0 	 88.0 	 0.408 
842.0 	 1680 	 566 	 37.0 	 88.0 	 0.408 
843.0 	 1682 	 566 	 36.0 	 87.0 	 0.4146341463414634 
844.0 	 1684 	 566 	 88.24944305419922 	 37.80976867675781 	 0.40012684265464643 
845.0 	 1686 	 566 	 37.0 	 88.0 	 0.408 
846.0 	 1689 	 565 	 37.0 	 87.0 	 0.4032258064516129 
847.0 	 1691 	 566 	 36.0 	 88.0 	 0.41935483870967744 
848.0 	 1693 	 566 	 36.0 	 91.0 	 0.4330708661417323 
849.0 	 1696 	 566 	 38.0 	 88.0 	 0.3968253968253968 
850.0 	 1698 	 566 	 38.0 	 90.0 	 0.40625 
851.0 	 1700 	 566 	 38.0 	 89.0 	 0.4015748031496063 
852.0 	 1702 	 566 	 38.0 	 87.0 	 0.392 
853.0 	 1704 	 566 	 35.0 	 87.0 	 0.4262295081967213 
854.0 	 1707 	 566 	 37.0 	 88.0 	 0.408 
855.0 	 1709 	 566 	 36.0 	 87.0 	 0.4146341463414634 
856.0 	 1711 	 566 	 85.20623779296875 	 36.89579772949219 	 0.3956563038180453 
857.0 	 1713 	 566 	 37.0 	 89.0 	 0.4126984126984127 
858.0 	 1715 	 566 	 37.0 	 87.0 	 0.4032258064516129 
859.0 	 1718 	 566 	 85.1891860961914 	 36.86299514770508 	 0.39594696674790475 
860.0 	 1719 	 565 	 37.0 	 87.0 	 0.4032258064516129 
861.0 	 1721 	 566 	 37.0 	 88.0 	 0.408 
862.0 	 1724 	 565 	 36.0 	 84.0 	 0.4 
863.0 	 1726 	 565 	 38.0 	 85.0 	 0.3821138211382114 
864.0 	 1727 	 565 	 38.0 	 86.0 	 0.3870967741935484 
865.0 	 1730 	 565 	 37.0 	 83.0 	 0.38333333333333336 
866.0 	 1732 	 565 	 38.0 	 84.0 	 0.3770491803278688 
867.0 	 1735 	 565 	 38.0 	 85.0 	 0.3821138211382114 
868.0 	 1737 	 565 	 36.0 	 84.0 	 0.4 
869.0 	 1739 	 565 	 85.0 	 37.0 	 0.39344262295081966 
870.0 	 1741 	 565 	 37.0 	 87.0 	 0.4032258064516129 
871.0 	 1744 	 565 	 37.0 	 87.0 	 0.4032258064516129 
872.0 	 1746 	 565 	 36.0 	 85.0 	 0.4049586776859504 
873.0 	 1748 	 565 	 36.0 	 86.0 	 0.4098360655737705 
874.0 	 1750 	 565 	 36.0 	 85.0 	 0.4049586776859504 
875.0 	 1753 	 565 	 37.0 	 85.0 	 0.39344262295081966 
876.0 	 1754 	 565 	 37.0 	 87.0 	 0.4032258064516129 
877.0 	 1757 	 565 	 36.0 	 86.0 	 0.4098360655737705 
878.0 	 1759 	 565 	 36.0 	 85.0 	 0.4049586776859504 
879.0 	 1761 	 565 	 37.0 	 87.0 	 0.4032258064516129 
880.0 	 1763 	 565 	 37.0 	 86.0 	 0.3983739837398374 
881.0 	 1766 	 565 	 36.0 	 85.0 	 0.4049586776859504 
882.0 	 1768 	 565 	 36.0 	 86.0 	 0.4098360655737705 
883.0 	 1770 	 565 	 36.0 	 87.0 	 0.4146341463414634 
884.0 	 1773 	 565 	 85.25042724609375 	 36.84374237060547 	 0.3964700773792522 
885.0 	 1775 	 565 	 87.0 	 37.0 	 0.4032258064516129 
886.0 	 1777 	 565 	 37.0 	 88.0 	 0.408 
887.0 	 1779 	 565 	 36.0 	 87.0 	 0.4146341463414634 
888.0 	 1781 	 565 	 36.0 	 87.0 	 0.4146341463414634 
889.0 	 1783 	 565 	 36.0 	 88.0 	 0.41935483870967744 
890.0 	 1785 	 565 	 35.0 	 88.0 	 0.43089430894308944 
891.0 	 1788 	 565 	 35.0 	 87.0 	 0.4262295081967213 
892.0 	 1789 	 565 	 37.0 	 89.0 	 0.4126984126984127 
893.0 	 1792 	 565 	 37.0 	 87.0 	 0.4032258064516129 
894.0 	 1794 	 565 	 37.0 	 88.0 	 0.408 
895.0 	 1796 	 565 	 88.91632080078125 	 37.76093673706055 	 0.40382453060636603 
896.0 	 1798 	 565 	 88.14129638671875 	 36.93223571777344 	 0.4094316343937813 
897.0 	 1800 	 565 	 36.0 	 87.0 	 0.4146341463414634 
898.0 	 1802 	 565 	 36.0 	 89.0 	 0.424 
899.0 	 1805 	 565 	 36.0 	 88.0 	 0.41935483870967744 
900.0 	 1807 	 565 	 36.0 	 87.0 	 0.4146341463414634 
901.0 	 1809 	 565 	 88.92283630371094 	 36.80139923095703 	 0.4145695287077854 
902.0 	 1812 	 565 	 36.0 	 90.0 	 0.42857142857142855 
903.0 	 1814 	 565 	 35.0 	 89.0 	 0.43548387096774194 
904.0 	 1816 	 565 	 35.0 	 90.0 	 0.44 
905.0 	 1818 	 565 	 37.0 	 92.0 	 0.4263565891472868 
906.0 	 1821 	 565 	 37.0 	 89.0 	 0.4126984126984127 
907.0 	 1823 	 565 	 37.0 	 88.0 	 0.408 
908.0 	 1826 	 565 	 37.0 	 89.0 	 0.4126984126984127 
909.0 	 1828 	 565 	 37.0 	 87.0 	 0.4032258064516129 
910.0 	 1831 	 565 	 38.0 	 84.0 	 0.3770491803278688 
911.0 	 1833 	 565 	 38.42502212524414 	 86.14441680908203 	 0.383074653719809 
912.0 	 1835 	 565 	 38.0 	 85.0 	 0.3821138211382114 
913.0 	 1838 	 565 	 38.0 	 82.0 	 0.36666666666666664 
914.0 	 1840 	 565 	 38.0 	 84.0 	 0.3770491803278688 
915.0 	 1842 	 565 	 38.0 	 83.0 	 0.371900826446281 
916.0 	 1845 	 565 	 38.0 	 83.0 	 0.371900826446281 
917.0 	 1847 	 565 	 39.0 	 86.0 	 0.376 
918.0 	 1849 	 565 	 39.0 	 85.0 	 0.3709677419354839 
919.0 	 1851 	 565 	 38.0 	 86.0 	 0.3870967741935484 
920.0 	 1853 	 565 	 38.0 	 87.0 	 0.392 
921.0 	 1855 	 564 	 38.0 	 88.0 	 0.3968253968253968 
922.0 	 1857 	 565 	 38.0 	 88.0 	 0.3968253968253968 
923.0 	 1859 	 565 	 38.0 	 89.0 	 0.4015748031496063 
924.0 	 1861 	 565 	 38.0 	 89.0 	 0.4015748031496063 
925.0 	 1863 	 565 	 38.0 	 86.0 	 0.3870967741935484 
926.0 	 1866 	 564 	 38.0 	 85.0 	 0.3821138211382114 
927.0 	 1868 	 564 	 38.0 	 87.0 	 0.392 
928.0 	 1870 	 564 	 37.81819534301758 	 89.16485595703125 	 0.4043583776600738 
929.0 	 1872 	 564 	 37.0 	 87.0 	 0.4032258064516129 
930.0 	 1874 	 564 	 37.0 	 89.0 	 0.4126984126984127 
931.0 	 1877 	 564 	 37.0 	 88.0 	 0.408 
932.0 	 1878 	 564 	 37.0 	 86.0 	 0.3983739837398374 
933.0 	 1880 	 564 	 37.0 	 84.0 	 0.3884297520661157 
934.0 	 1881 	 564 	 37.0 	 83.0 	 0.38333333333333336 
935.0 	 1883 	 564 	 36.0 	 78.0 	 0.3684210526315789 
936.0 	 1884 	 564 	 37.0 	 77.0 	 0.3508771929824561 
937.0 	 1885 	 564 	 37.0 	 76.0 	 0.34513274336283184 
938.0 	 1886 	 564 	 73.99998474121094 	 35.99999237060547 	 0.34545454797665986 
939.0 	 1888 	 564 	 36.0 	 69.0 	 0.3142857142857143 
940.0 	 1888 	 564 	 37.0 	 68.0 	 0.29523809523809524 
941.0 	 1890 	 564 	 37.0 	 67.0 	 0.28846153846153844 
942.0 	 1891 	 564 	 36.0 	 64.0 	 0.28 
943.0 	 1891 	 564 	 37.0 	 62.0 	 0.25252525252525254 
944.0 	 1892 	 564 	 37.0 	 61.0 	 0.24489795918367346 
945.0 	 1893 	 564 	 58.0 	 36.0 	 0.23404255319148937 
946.0 	 1894 	 564 	 37.0 	 56.0 	 0.20430107526881722 
947.0 	 1895 	 564 	 36.0 	 54.0 	 0.2 
948.0 	 1896 	 564 	 34.0 	 50.0 	 0.19047619047619047 
949.0 	 1897 	 564 	 34.0 	 47.0 	 0.16049382716049382 
950.0 	 1898 	 564 	 34.0 	 47.0 	 0.16049382716049382 
951.0 	 1900 	 564 	 33.0 	 43.0 	 0.13157894736842105 
952.0 	 1900 	 564 	 34.0 	 43.0 	 0.11688311688311688 
953.0 	 1901 	 564 	 34.0 	 41.0 	 0.09333333333333334 
954.0 	 1902 	 564 	 32.0 	 39.0 	 0.09859154929577464 
955.0 	 1903 	 564 	 32.0 	 36.0 	 0.058823529411764705 
956.0 	 1904 	 564 	 33.0 	 34.0 	 0.014925373134328358 
957.0 	 1905 	 564 	 31.0 	 31.0 	 0.0 
958.0 	 1907 	 564 	 30.0 	 28.0 	 0.034482758620689655 
959.0 	 1908 	 564 	 31.0 	 26.0 	 0.08771929824561403 
960.0 	 1908 	 564 	 31.0 	 25.0 	 0.10714285714285714 
961.0 	 1909 	 564 	 29.0 	 24.0 	 0.09433962264150944 
