frame 	 x 	 y 	 width 	 height 	 deformation 
1.0 	 76 	 569 	 50.0 	 59.0 	 0.08256880733944955 
2.0 	 76 	 569 	 50.0 	 59.0 	 0.08256880733944955 
3.0 	 76 	 569 	 50.0 	 60.0 	 0.09090909090909091 
4.0 	 76 	 569 	 50.0 	 60.0 	 0.09090909090909091 
5.0 	 76 	 569 	 50.0 	 60.0 	 0.09090909090909091 
6.0 	 76 	 569 	 50.0 	 61.0 	 0.0990990990990991 
7.0 	 76 	 570 	 50.0 	 60.0 	 0.09090909090909091 
8.0 	 76 	 570 	 49.0 	 59.0 	 0.09259259259259259 
9.0 	 76 	 569 	 50.0 	 61.0 	 0.0990990990990991 
10.0 	 76 	 570 	 49.0 	 59.0 	 0.09259259259259259 
11.0 	 76 	 569 	 50.0 	 59.0 	 0.08256880733944955 
12.0 	 76 	 569 	 50.0 	 61.0 	 0.0990990990990991 
13.0 	 77 	 570 	 49.0 	 61.0 	 0.10909090909090909 
14.0 	 76 	 570 	 59.0 	 49.0 	 0.09259259259259259 
15.0 	 77 	 570 	 50.0 	 59.0 	 0.08256880733944955 
16.0 	 77 	 570 	 60.0 	 50.0 	 0.09090909090909091 
17.0 	 77 	 570 	 49.0 	 59.0 	 0.09259259259259259 
18.0 	 77 	 569 	 50.0 	 60.0 	 0.09090909090909091 
19.0 	 77 	 569 	 50.0 	 60.0 	 0.09090909090909091 
20.0 	 77 	 570 	 59.0 	 50.0 	 0.08256880733944955 
21.0 	 77 	 570 	 51.0 	 60.0 	 0.08108108108108109 
22.0 	 77 	 570 	 51.0 	 60.0 	 0.08108108108108109 
23.0 	 77 	 570 	 49.0 	 59.0 	 0.09259259259259259 
24.0 	 77 	 569 	 50.0 	 59.0 	 0.08256880733944955 
25.0 	 77 	 570 	 49.0 	 60.0 	 0.10091743119266056 
26.0 	 77 	 570 	 49.0 	 58.0 	 0.08411214953271028 
27.0 	 77 	 570 	 50.0 	 60.0 	 0.09090909090909091 
28.0 	 77 	 570 	 50.0 	 60.0 	 0.09090909090909091 
29.0 	 78 	 570 	 49.0 	 59.0 	 0.09259259259259259 
30.0 	 77 	 570 	 50.0 	 60.0 	 0.09090909090909091 
31.0 	 78 	 569 	 50.0 	 61.0 	 0.0990990990990991 
32.0 	 78 	 570 	 49.0 	 59.0 	 0.09259259259259259 
33.0 	 78 	 569 	 50.0 	 59.0 	 0.08256880733944955 
34.0 	 78 	 569 	 51.0 	 60.0 	 0.08108108108108109 
35.0 	 78 	 570 	 50.0 	 60.0 	 0.09090909090909091 
36.0 	 78 	 570 	 50.0 	 60.0 	 0.09090909090909091 
37.0 	 78 	 570 	 50.0 	 59.0 	 0.08256880733944955 
38.0 	 78 	 570 	 50.0 	 59.0 	 0.08256880733944955 
39.0 	 78 	 570 	 59.0 	 50.0 	 0.08256880733944955 
40.0 	 78 	 569 	 51.0 	 60.0 	 0.08108108108108109 
41.0 	 78 	 570 	 51.0 	 60.0 	 0.08108108108108109 
42.0 	 78 	 570 	 50.0 	 59.0 	 0.08256880733944955 
43.0 	 78 	 569 	 51.0 	 60.0 	 0.08108108108108109 
44.0 	 78 	 569 	 51.0 	 60.0 	 0.08108108108108109 
45.0 	 78 	 570 	 50.0 	 59.0 	 0.08256880733944955 
46.0 	 78 	 570 	 51.0 	 61.0 	 0.08928571428571429 
47.0 	 78 	 570 	 51.0 	 61.0 	 0.08928571428571429 
48.0 	 78 	 570 	 50.0 	 59.0 	 0.08256880733944955 
49.0 	 78 	 570 	 49.0 	 59.0 	 0.09259259259259259 
50.0 	 78 	 570 	 49.0 	 59.0 	 0.09259259259259259 
51.0 	 78 	 570 	 49.0 	 59.0 	 0.09259259259259259 
52.0 	 78 	 570 	 51.0 	 60.0 	 0.08108108108108109 
53.0 	 78 	 570 	 51.0 	 59.0 	 0.07272727272727272 
54.0 	 79 	 569 	 50.0 	 59.0 	 0.08256880733944955 
55.0 	 79 	 569 	 51.0 	 60.0 	 0.08108108108108109 
56.0 	 79 	 569 	 51.0 	 60.0 	 0.08108108108108109 
57.0 	 79 	 569 	 50.0 	 59.0 	 0.08256880733944955 
58.0 	 79 	 569 	 51.0 	 60.0 	 0.08108108108108109 
59.0 	 79 	 569 	 51.0 	 60.0 	 0.08108108108108109 
60.0 	 80 	 569 	 50.0 	 59.0 	 0.08256880733944955 
61.0 	 80 	 569 	 50.0 	 59.0 	 0.08256880733944955 
62.0 	 80 	 569 	 50.0 	 59.0 	 0.08256880733944955 
63.0 	 81 	 570 	 50.0 	 58.0 	 0.07407407407407407 
64.0 	 81 	 569 	 50.0 	 58.0 	 0.07407407407407407 
65.0 	 81 	 569 	 50.0 	 59.0 	 0.08256880733944955 
66.0 	 82 	 570 	 49.0 	 58.0 	 0.08411214953271028 
67.0 	 82 	 570 	 49.0 	 59.0 	 0.09259259259259259 
68.0 	 82 	 569 	 50.0 	 60.0 	 0.09090909090909091 
69.0 	 83 	 570 	 50.0 	 60.0 	 0.09090909090909091 
70.0 	 84 	 570 	 50.0 	 59.0 	 0.08256880733944955 
71.0 	 85 	 570 	 50.0 	 59.0 	 0.08256880733944955 
72.0 	 85 	 570 	 50.0 	 60.0 	 0.09090909090909091 
73.0 	 87 	 570 	 50.0 	 58.0 	 0.07407407407407407 
74.0 	 87 	 570 	 50.0 	 59.0 	 0.08256880733944955 
75.0 	 89 	 570 	 50.0 	 59.0 	 0.08256880733944955 
76.0 	 90 	 570 	 50.61968994140625 	 59.439788818359375 	 0.08013938441599709 
77.0 	 91 	 570 	 51.0 	 60.0 	 0.08108108108108109 
78.0 	 92 	 570 	 51.0 	 60.0 	 0.08108108108108109 
79.0 	 93 	 570 	 51.0 	 59.0 	 0.07272727272727272 
80.0 	 94 	 570 	 51.0 	 60.0 	 0.08108108108108109 
81.0 	 95 	 570 	 50.58540344238281 	 60.488746643066406 	 0.08915974772766627 
82.0 	 97 	 570 	 49.0 	 59.0 	 0.09259259259259259 
83.0 	 98 	 569 	 50.0 	 60.0 	 0.09090909090909091 
84.0 	 99 	 569 	 50.0 	 60.0 	 0.09090909090909091 
85.0 	 101 	 569 	 49.0 	 61.0 	 0.10909090909090909 
86.0 	 102 	 569 	 49.0 	 61.0 	 0.10909090909090909 
87.0 	 103 	 570 	 49.0 	 61.0 	 0.10909090909090909 
88.0 	 104 	 569 	 48.0 	 61.0 	 0.11926605504587157 
89.0 	 106 	 570 	 48.0 	 62.0 	 0.12727272727272726 
90.0 	 107 	 570 	 61.0 	 49.0 	 0.10909090909090909 
91.0 	 109 	 570 	 48.0 	 62.0 	 0.12727272727272726 
92.0 	 110 	 570 	 47.0 	 61.0 	 0.12962962962962962 
93.0 	 111 	 570 	 47.0 	 62.0 	 0.13761467889908258 
94.0 	 113 	 570 	 46.0 	 62.0 	 0.14814814814814814 
95.0 	 115 	 570 	 46.0 	 62.0 	 0.14814814814814814 
96.0 	 116 	 570 	 47.0 	 64.0 	 0.15315315315315314 
97.0 	 118 	 570 	 47.0 	 63.0 	 0.14545454545454545 
98.0 	 120 	 570 	 46.0 	 62.0 	 0.14814814814814814 
99.0 	 122 	 570 	 46.860172271728516 	 64.06572723388672 	 0.1551085457845418 
100.0 	 123 	 570 	 46.77736282348633 	 64.22689056396484 	 0.15719692901831772 
101.0 	 125 	 570 	 63.0 	 46.0 	 0.1559633027522936 
102.0 	 126 	 570 	 46.0 	 65.0 	 0.17117117117117117 
103.0 	 127 	 570 	 46.0 	 65.0 	 0.17117117117117117 
104.0 	 129 	 570 	 45.0 	 63.0 	 0.16666666666666666 
105.0 	 131 	 570 	 46.0 	 64.0 	 0.16363636363636364 
106.0 	 132 	 569 	 46.0 	 65.0 	 0.17117117117117117 
107.0 	 134 	 570 	 45.0 	 64.0 	 0.1743119266055046 
108.0 	 136 	 570 	 46.0 	 66.0 	 0.17857142857142858 
109.0 	 137 	 570 	 44.0 	 66.0 	 0.2 
110.0 	 139 	 570 	 45.0 	 65.0 	 0.18181818181818182 
111.0 	 141 	 570 	 46.0 	 66.0 	 0.17857142857142858 
112.0 	 143 	 570 	 46.0 	 67.0 	 0.18584070796460178 
113.0 	 145 	 570 	 44.0 	 67.0 	 0.2072072072072072 
114.0 	 147 	 570 	 44.0 	 68.0 	 0.21428571428571427 
115.0 	 148 	 569 	 44.0 	 68.0 	 0.21428571428571427 
116.0 	 150 	 570 	 44.0 	 68.0 	 0.21428571428571427 
117.0 	 152 	 570 	 44.0 	 68.0 	 0.21428571428571427 
118.0 	 154 	 570 	 45.0 	 69.0 	 0.21052631578947367 
119.0 	 156 	 570 	 45.0 	 69.0 	 0.21052631578947367 
120.0 	 158 	 570 	 44.0 	 69.0 	 0.22123893805309736 
121.0 	 160 	 570 	 43.0 	 69.0 	 0.23214285714285715 
122.0 	 162 	 570 	 43.0 	 70.0 	 0.23893805309734514 
123.0 	 164 	 570 	 43.0 	 69.0 	 0.23214285714285715 
124.0 	 166 	 570 	 44.0 	 70.0 	 0.22807017543859648 
125.0 	 167 	 570 	 44.0 	 70.0 	 0.22807017543859648 
126.0 	 170 	 570 	 44.0 	 69.0 	 0.22123893805309736 
127.0 	 171 	 570 	 44.0 	 71.0 	 0.23478260869565218 
128.0 	 173 	 570 	 43.0 	 71.0 	 0.24561403508771928 
129.0 	 175 	 570 	 42.0 	 70.0 	 0.25 
130.0 	 177 	 570 	 44.0 	 72.0 	 0.2413793103448276 
131.0 	 179 	 570 	 44.0 	 71.0 	 0.23478260869565218 
132.0 	 182 	 570 	 43.571739196777344 	 71.05364227294922 	 0.23975408172081028 
133.0 	 183 	 570 	 43.0 	 71.0 	 0.24561403508771928 
134.0 	 185 	 570 	 43.0 	 72.0 	 0.25217391304347825 
135.0 	 187 	 570 	 43.0 	 70.0 	 0.23893805309734514 
136.0 	 189 	 570 	 43.0 	 72.0 	 0.25217391304347825 
137.0 	 192 	 570 	 43.0 	 73.0 	 0.25862068965517243 
138.0 	 194 	 570 	 42.0 	 71.0 	 0.25663716814159293 
139.0 	 196 	 570 	 42.0 	 72.0 	 0.2631578947368421 
140.0 	 198 	 570 	 43.0 	 74.0 	 0.26495726495726496 
141.0 	 200 	 570 	 43.0 	 73.0 	 0.25862068965517243 
142.0 	 202 	 570 	 43.0 	 74.0 	 0.26495726495726496 
143.0 	 204 	 570 	 44.0 	 75.0 	 0.2605042016806723 
144.0 	 206 	 570 	 44.0 	 74.0 	 0.2542372881355932 
145.0 	 208 	 570 	 42.0 	 74.0 	 0.27586206896551724 
146.0 	 210 	 570 	 44.0 	 74.0 	 0.2542372881355932 
147.0 	 212 	 570 	 43.0 	 74.0 	 0.26495726495726496 
148.0 	 215 	 570 	 42.0 	 74.0 	 0.27586206896551724 
149.0 	 217 	 570 	 43.0 	 75.0 	 0.2711864406779661 
150.0 	 219 	 570 	 43.0 	 76.0 	 0.2773109243697479 
151.0 	 221 	 570 	 42.0 	 75.0 	 0.28205128205128205 
152.0 	 223 	 570 	 43.0 	 75.0 	 0.2711864406779661 
153.0 	 225 	 570 	 43.0 	 75.0 	 0.2711864406779661 
154.0 	 227 	 570 	 42.0 	 76.0 	 0.288135593220339 
155.0 	 229 	 570 	 42.0 	 76.0 	 0.288135593220339 
156.0 	 232 	 570 	 42.0 	 77.0 	 0.29411764705882354 
157.0 	 233 	 570 	 42.0 	 75.0 	 0.28205128205128205 
158.0 	 236 	 570 	 43.0 	 76.0 	 0.2773109243697479 
159.0 	 237 	 570 	 42.0 	 77.0 	 0.29411764705882354 
160.0 	 240 	 570 	 42.0 	 76.0 	 0.288135593220339 
161.0 	 242 	 570 	 43.0 	 78.0 	 0.2892561983471074 
162.0 	 244 	 570 	 43.0 	 77.0 	 0.2833333333333333 
163.0 	 247 	 570 	 43.0 	 76.0 	 0.2773109243697479 
164.0 	 249 	 570 	 43.0 	 77.0 	 0.2833333333333333 
165.0 	 251 	 570 	 43.0 	 78.0 	 0.2892561983471074 
166.0 	 253 	 570 	 42.0 	 76.0 	 0.288135593220339 
167.0 	 256 	 570 	 42.0 	 78.0 	 0.3 
168.0 	 258 	 570 	 42.0 	 78.0 	 0.3 
169.0 	 260 	 570 	 42.0 	 77.0 	 0.29411764705882354 
170.0 	 262 	 570 	 42.0 	 77.0 	 0.29411764705882354 
171.0 	 264 	 570 	 42.0 	 78.0 	 0.3 
172.0 	 266 	 570 	 42.0 	 78.0 	 0.3 
173.0 	 268 	 570 	 42.0 	 78.0 	 0.3 
174.0 	 270 	 570 	 42.0 	 79.0 	 0.30578512396694213 
175.0 	 273 	 570 	 42.0 	 80.0 	 0.3114754098360656 
176.0 	 275 	 570 	 42.0 	 79.0 	 0.30578512396694213 
177.0 	 277 	 570 	 42.0 	 79.0 	 0.30578512396694213 
178.0 	 280 	 570 	 42.0 	 80.0 	 0.3114754098360656 
179.0 	 282 	 570 	 42.0 	 79.0 	 0.30578512396694213 
180.0 	 284 	 570 	 42.0 	 80.0 	 0.3114754098360656 
181.0 	 286 	 570 	 42.0 	 79.0 	 0.30578512396694213 
182.0 	 289 	 570 	 41.738372802734375 	 78.40357971191406 	 0.30518237919189173 
183.0 	 291 	 570 	 41.86586380004883 	 78.96392822265625 	 0.30702746236322526 
184.0 	 293 	 570 	 42.0 	 80.0 	 0.3114754098360656 
185.0 	 295 	 570 	 41.67217254638672 	 80.1387939453125 	 0.31578947698068777 
186.0 	 298 	 570 	 42.0 	 81.0 	 0.3170731707317073 
187.0 	 300 	 570 	 42.0 	 81.0 	 0.3170731707317073 
188.0 	 303 	 570 	 42.0 	 81.0 	 0.3170731707317073 
189.0 	 305 	 570 	 42.0 	 81.0 	 0.3170731707317073 
190.0 	 307 	 570 	 42.0 	 81.0 	 0.3170731707317073 
191.0 	 309 	 570 	 42.0 	 80.0 	 0.3114754098360656 
192.0 	 311 	 570 	 42.0 	 81.0 	 0.3170731707317073 
193.0 	 313 	 570 	 41.0 	 81.0 	 0.32786885245901637 
194.0 	 316 	 570 	 41.0 	 81.0 	 0.32786885245901637 
195.0 	 318 	 570 	 41.0 	 81.0 	 0.32786885245901637 
196.0 	 320 	 570 	 41.548011779785156 	 80.87104034423828 	 0.3212165743990138 
197.0 	 323 	 570 	 41.50260543823242 	 81.23431396484375 	 0.32371440247844063 
198.0 	 325 	 570 	 41.47681427001953 	 81.14614868164062 	 0.3235065721520638 
199.0 	 327 	 570 	 41.66706848144531 	 82.19258880615234 	 0.32718902354628865 
200.0 	 329 	 570 	 41.64797592163086 	 81.64800262451172 	 0.3244228009262375 
201.0 	 332 	 570 	 41.67915344238281 	 81.41363525390625 	 0.3228010530296917 
202.0 	 334 	 570 	 42.0 	 81.0 	 0.3170731707317073 
203.0 	 336 	 570 	 42.0 	 82.0 	 0.3225806451612903 
204.0 	 339 	 570 	 41.797786712646484 	 81.24850463867188 	 0.3206168791661245 
205.0 	 341 	 570 	 42.0 	 81.0 	 0.3170731707317073 
206.0 	 343 	 570 	 42.0 	 82.0 	 0.3225806451612903 
207.0 	 345 	 570 	 42.0 	 81.0 	 0.3170731707317073 
208.0 	 347 	 570 	 83.0 	 42.0 	 0.328 
209.0 	 349 	 570 	 41.0 	 83.0 	 0.3387096774193548 
210.0 	 352 	 570 	 42.0 	 82.0 	 0.3225806451612903 
211.0 	 354 	 570 	 42.0 	 82.0 	 0.3225806451612903 
212.0 	 356 	 570 	 42.0 	 82.0 	 0.3225806451612903 
213.0 	 359 	 570 	 42.0 	 82.0 	 0.3225806451612903 
214.0 	 361 	 570 	 42.0 	 83.0 	 0.328 
215.0 	 363 	 570 	 41.0 	 83.0 	 0.3387096774193548 
216.0 	 365 	 570 	 41.0 	 82.0 	 0.3333333333333333 
217.0 	 367 	 570 	 40.0 	 82.0 	 0.3442622950819672 
218.0 	 369 	 570 	 40.0 	 82.0 	 0.3442622950819672 
219.0 	 372 	 570 	 40.0 	 80.0 	 0.3333333333333333 
220.0 	 374 	 570 	 40.0 	 82.0 	 0.3442622950819672 
221.0 	 376 	 570 	 40.0 	 82.0 	 0.3442622950819672 
222.0 	 379 	 570 	 41.0 	 81.0 	 0.32786885245901637 
223.0 	 381 	 570 	 41.0 	 81.0 	 0.32786885245901637 
224.0 	 383 	 570 	 41.0 	 82.0 	 0.3333333333333333 
225.0 	 386 	 570 	 41.0 	 82.0 	 0.3333333333333333 
226.0 	 388 	 570 	 40.0 	 83.0 	 0.34959349593495936 
227.0 	 390 	 570 	 41.0 	 83.0 	 0.3387096774193548 
228.0 	 392 	 570 	 40.0 	 83.0 	 0.34959349593495936 
229.0 	 394 	 570 	 40.0 	 82.0 	 0.3442622950819672 
230.0 	 396 	 570 	 41.0 	 82.0 	 0.3333333333333333 
231.0 	 399 	 570 	 40.0 	 82.0 	 0.3442622950819672 
232.0 	 401 	 570 	 40.0 	 82.0 	 0.3442622950819672 
233.0 	 403 	 570 	 41.0 	 84.0 	 0.344 
234.0 	 406 	 570 	 41.0 	 83.0 	 0.3387096774193548 
235.0 	 408 	 570 	 41.0 	 82.0 	 0.3333333333333333 
236.0 	 410 	 570 	 41.0 	 83.0 	 0.3387096774193548 
237.0 	 412 	 570 	 41.0 	 82.0 	 0.3333333333333333 
238.0 	 414 	 570 	 41.0 	 81.0 	 0.32786885245901637 
239.0 	 416 	 570 	 41.0 	 83.0 	 0.3387096774193548 
240.0 	 418 	 569 	 41.0 	 83.0 	 0.3387096774193548 
241.0 	 420 	 569 	 40.0 	 80.0 	 0.3333333333333333 
242.0 	 422 	 570 	 39.0 	 81.0 	 0.35 
243.0 	 425 	 569 	 39.0 	 82.0 	 0.35537190082644626 
244.0 	 427 	 569 	 38.0 	 81.0 	 0.36134453781512604 
245.0 	 429 	 569 	 39.0 	 82.0 	 0.35537190082644626 
246.0 	 432 	 569 	 38.0 	 83.0 	 0.371900826446281 
247.0 	 434 	 569 	 38.0 	 82.0 	 0.36666666666666664 
248.0 	 436 	 569 	 38.0 	 83.0 	 0.371900826446281 
249.0 	 439 	 569 	 38.0 	 83.0 	 0.371900826446281 
250.0 	 441 	 569 	 37.0 	 82.0 	 0.37815126050420167 
251.0 	 443 	 569 	 37.0 	 82.0 	 0.37815126050420167 
252.0 	 445 	 569 	 37.0 	 82.0 	 0.37815126050420167 
253.0 	 447 	 569 	 37.0 	 82.0 	 0.37815126050420167 
254.0 	 450 	 569 	 36.717342376708984 	 82.62075805664062 	 0.38465012861142966 
255.0 	 453 	 569 	 37.0 	 83.0 	 0.38333333333333336 
256.0 	 455 	 569 	 36.0 	 83.0 	 0.3949579831932773 
257.0 	 457 	 569 	 36.41694641113281 	 82.46031188964844 	 0.38731853456796145 
258.0 	 460 	 570 	 37.0 	 83.0 	 0.38333333333333336 
259.0 	 462 	 569 	 37.0 	 83.0 	 0.38333333333333336 
260.0 	 465 	 569 	 35.0 	 82.0 	 0.4017094017094017 
261.0 	 467 	 570 	 35.0 	 83.0 	 0.4067796610169492 
262.0 	 469 	 570 	 35.0 	 83.0 	 0.4067796610169492 
263.0 	 471 	 570 	 35.0 	 82.0 	 0.4017094017094017 
264.0 	 474 	 570 	 35.0 	 84.0 	 0.4117647058823529 
265.0 	 476 	 569 	 35.0 	 82.0 	 0.4017094017094017 
266.0 	 479 	 570 	 36.0 	 83.0 	 0.3949579831932773 
267.0 	 481 	 570 	 36.0 	 84.0 	 0.4 
268.0 	 483 	 570 	 36.0 	 84.0 	 0.4 
269.0 	 486 	 570 	 83.04295349121094 	 36.84374237060547 	 0.3853572807933211 
270.0 	 488 	 570 	 37.0 	 83.0 	 0.38333333333333336 
271.0 	 491 	 570 	 37.0 	 84.0 	 0.3884297520661157 
272.0 	 493 	 570 	 37.0 	 84.0 	 0.3884297520661157 
273.0 	 495 	 570 	 37.0 	 84.0 	 0.3884297520661157 
274.0 	 498 	 570 	 37.0 	 84.0 	 0.3884297520661157 
275.0 	 501 	 570 	 37.0 	 83.0 	 0.38333333333333336 
276.0 	 503 	 570 	 37.0 	 84.0 	 0.3884297520661157 
277.0 	 505 	 570 	 37.0 	 84.0 	 0.3884297520661157 
278.0 	 507 	 570 	 37.0 	 84.0 	 0.3884297520661157 
279.0 	 510 	 570 	 37.0 	 83.0 	 0.38333333333333336 
280.0 	 512 	 570 	 38.45990753173828 	 84.26026153564453 	 0.3732096716617 
281.0 	 514 	 570 	 38.85146713256836 	 83.14613342285156 	 0.3630781760347937 
282.0 	 517 	 570 	 38.0 	 82.0 	 0.36666666666666664 
283.0 	 518 	 570 	 39.0 	 83.0 	 0.36065573770491804 
284.0 	 520 	 570 	 39.54783248901367 	 83.39976501464844 	 0.3566717318272819 
285.0 	 523 	 570 	 39.0 	 82.0 	 0.35537190082644626 
286.0 	 525 	 570 	 39.93097686767578 	 83.97249603271484 	 0.3554502398850857 
287.0 	 527 	 570 	 40.0 	 83.0 	 0.34959349593495936 
288.0 	 529 	 570 	 39.0 	 81.0 	 0.35 
289.0 	 532 	 570 	 39.0 	 82.0 	 0.35537190082644626 
290.0 	 534 	 570 	 39.0 	 83.0 	 0.36065573770491804 
291.0 	 537 	 570 	 38.0 	 82.0 	 0.36666666666666664 
292.0 	 539 	 570 	 39.0 	 84.0 	 0.36585365853658536 
293.0 	 541 	 570 	 38.0 	 85.0 	 0.3821138211382114 
294.0 	 544 	 570 	 39.0 	 84.0 	 0.36585365853658536 
295.0 	 546 	 570 	 39.0 	 85.0 	 0.3709677419354839 
296.0 	 548 	 570 	 39.0 	 86.0 	 0.376 
297.0 	 551 	 570 	 39.0 	 85.0 	 0.3709677419354839 
298.0 	 553 	 570 	 39.0 	 85.0 	 0.3709677419354839 
299.0 	 555 	 570 	 39.0 	 87.0 	 0.38095238095238093 
300.0 	 558 	 570 	 39.0 	 85.0 	 0.3709677419354839 
301.0 	 560 	 570 	 39.0 	 85.0 	 0.3709677419354839 
302.0 	 562 	 570 	 40.0 	 86.0 	 0.36507936507936506 
303.0 	 565 	 570 	 40.0 	 86.0 	 0.36507936507936506 
304.0 	 567 	 570 	 40.0 	 86.0 	 0.36507936507936506 
305.0 	 569 	 570 	 40.0 	 87.0 	 0.3700787401574803 
306.0 	 571 	 570 	 87.39197540283203 	 40.7953987121582 	 0.36350363686266374 
307.0 	 573 	 570 	 40.0 	 86.0 	 0.36507936507936506 
308.0 	 575 	 570 	 41.0 	 86.0 	 0.3543307086614173 
309.0 	 577 	 570 	 41.0 	 86.0 	 0.3543307086614173 
310.0 	 580 	 570 	 41.0 	 86.0 	 0.3543307086614173 
311.0 	 582 	 570 	 41.0 	 86.0 	 0.3543307086614173 
312.0 	 584 	 570 	 41.0 	 87.0 	 0.359375 
313.0 	 586 	 570 	 40.0 	 86.0 	 0.36507936507936506 
314.0 	 588 	 570 	 41.0 	 87.0 	 0.359375 
315.0 	 590 	 570 	 41.0 	 87.0 	 0.359375 
316.0 	 593 	 570 	 41.0 	 86.0 	 0.3543307086614173 
317.0 	 595 	 570 	 41.0 	 86.0 	 0.3543307086614173 
318.0 	 597 	 570 	 41.0 	 87.0 	 0.359375 
319.0 	 600 	 570 	 41.0 	 86.0 	 0.3543307086614173 
320.0 	 602 	 570 	 41.0 	 86.0 	 0.3543307086614173 
321.0 	 604 	 570 	 41.0 	 86.0 	 0.3543307086614173 
322.0 	 606 	 570 	 41.0 	 87.0 	 0.359375 
323.0 	 609 	 570 	 41.0 	 87.0 	 0.359375 
324.0 	 611 	 570 	 41.0 	 87.0 	 0.359375 
325.0 	 613 	 570 	 41.0 	 86.0 	 0.3543307086614173 
326.0 	 615 	 570 	 41.0 	 87.0 	 0.359375 
327.0 	 617 	 570 	 41.0 	 87.0 	 0.359375 
328.0 	 619 	 570 	 41.0 	 87.0 	 0.359375 
329.0 	 622 	 570 	 42.0 	 87.0 	 0.3488372093023256 
330.0 	 624 	 570 	 41.0 	 88.0 	 0.3643410852713178 
331.0 	 626 	 570 	 41.50260543823242 	 87.36434173583984 	 0.35588440095238555 
332.0 	 628 	 570 	 41.66706848144531 	 87.42474365234375 	 0.35445838442081656 
333.0 	 631 	 570 	 87.0 	 41.0 	 0.359375 
334.0 	 633 	 570 	 42.0 	 87.0 	 0.3488372093023256 
335.0 	 636 	 570 	 41.7866096496582 	 87.30882263183594 	 0.3526245055899112 
336.0 	 638 	 570 	 41.75543212890625 	 87.29924774169922 	 0.3529032473557466 
337.0 	 640 	 570 	 42.0 	 88.0 	 0.35384615384615387 
338.0 	 642 	 570 	 42.0 	 87.0 	 0.3488372093023256 
339.0 	 644 	 570 	 42.0 	 87.0 	 0.3488372093023256 
340.0 	 647 	 570 	 42.0 	 88.0 	 0.35384615384615387 
341.0 	 649 	 570 	 42.0 	 87.0 	 0.3488372093023256 
342.0 	 652 	 570 	 42.0 	 87.0 	 0.3488372093023256 
343.0 	 654 	 570 	 42.0 	 87.0 	 0.3488372093023256 
344.0 	 656 	 570 	 42.0 	 87.0 	 0.3488372093023256 
345.0 	 658 	 570 	 41.0 	 88.0 	 0.3643410852713178 
346.0 	 661 	 570 	 41.0 	 87.0 	 0.359375 
347.0 	 663 	 570 	 41.0 	 87.0 	 0.359375 
348.0 	 665 	 570 	 41.0 	 88.0 	 0.3643410852713178 
349.0 	 667 	 570 	 42.04627227783203 	 87.6980972290039 	 0.35185977722730066 
350.0 	 670 	 570 	 42.0 	 87.0 	 0.3488372093023256 
351.0 	 672 	 570 	 42.0 	 88.0 	 0.35384615384615387 
352.0 	 674 	 570 	 41.0 	 87.0 	 0.359375 
353.0 	 677 	 570 	 41.0 	 87.0 	 0.359375 
354.0 	 679 	 570 	 41.0 	 88.0 	 0.3643410852713178 
355.0 	 681 	 570 	 41.0 	 87.0 	 0.359375 
356.0 	 684 	 570 	 40.0 	 87.0 	 0.3700787401574803 
357.0 	 686 	 570 	 40.0 	 88.0 	 0.375 
358.0 	 688 	 570 	 40.0 	 88.0 	 0.375 
359.0 	 691 	 570 	 40.0 	 87.0 	 0.3700787401574803 
360.0 	 693 	 570 	 40.0 	 87.0 	 0.3700787401574803 
361.0 	 695 	 570 	 40.0 	 88.0 	 0.375 
362.0 	 697 	 570 	 40.0 	 87.0 	 0.3700787401574803 
363.0 	 700 	 570 	 40.0 	 87.0 	 0.3700787401574803 
364.0 	 702 	 570 	 40.0 	 88.0 	 0.375 
365.0 	 705 	 570 	 40.0 	 87.0 	 0.3700787401574803 
366.0 	 707 	 570 	 40.0 	 87.0 	 0.3700787401574803 
367.0 	 709 	 570 	 40.0 	 87.0 	 0.3700787401574803 
368.0 	 712 	 570 	 40.0 	 88.0 	 0.375 
369.0 	 715 	 570 	 40.0 	 87.0 	 0.3700787401574803 
370.0 	 717 	 570 	 40.0 	 88.0 	 0.375 
371.0 	 719 	 570 	 40.0 	 88.0 	 0.375 
372.0 	 721 	 570 	 40.0 	 87.0 	 0.3700787401574803 
373.0 	 723 	 570 	 39.0 	 88.0 	 0.3858267716535433 
374.0 	 726 	 570 	 39.0 	 88.0 	 0.3858267716535433 
375.0 	 728 	 570 	 39.0 	 87.0 	 0.38095238095238093 
376.0 	 730 	 570 	 39.0 	 87.0 	 0.38095238095238093 
377.0 	 733 	 570 	 39.0 	 88.0 	 0.3858267716535433 
378.0 	 735 	 570 	 40.0 	 87.0 	 0.3700787401574803 
379.0 	 738 	 570 	 40.0 	 87.0 	 0.3700787401574803 
380.0 	 740 	 570 	 40.0 	 88.0 	 0.375 
381.0 	 743 	 570 	 40.0 	 87.0 	 0.3700787401574803 
382.0 	 745 	 570 	 40.0 	 87.0 	 0.3700787401574803 
383.0 	 747 	 570 	 40.0 	 88.0 	 0.375 
384.0 	 750 	 570 	 40.0 	 87.0 	 0.3700787401574803 
385.0 	 752 	 570 	 40.0 	 88.0 	 0.375 
386.0 	 755 	 570 	 40.0 	 88.0 	 0.375 
387.0 	 757 	 570 	 40.0 	 87.0 	 0.3700787401574803 
388.0 	 760 	 570 	 39.911399841308594 	 88.00463104248047 	 0.3759750116454464 
389.0 	 762 	 570 	 40.0 	 89.0 	 0.3798449612403101 
390.0 	 764 	 570 	 39.0 	 88.0 	 0.3858267716535433 
391.0 	 767 	 570 	 39.0 	 87.0 	 0.38095238095238093 
392.0 	 769 	 570 	 40.0 	 87.0 	 0.3700787401574803 
393.0 	 771 	 570 	 40.0 	 88.0 	 0.375 
394.0 	 773 	 570 	 40.0 	 87.0 	 0.3700787401574803 
395.0 	 776 	 570 	 88.57717895507812 	 39.98448181152344 	 0.37797191521796486 
396.0 	 777 	 570 	 40.0 	 87.0 	 0.3700787401574803 
397.0 	 780 	 570 	 86.64176177978516 	 40.149845123291016 	 0.36667976526264984 
398.0 	 782 	 570 	 40.0 	 88.0 	 0.375 
399.0 	 784 	 570 	 87.63678741455078 	 40.1403694152832 	 0.37171290375885013 
400.0 	 787 	 570 	 40.0 	 87.0 	 0.3700787401574803 
401.0 	 789 	 570 	 40.0 	 88.0 	 0.375 
402.0 	 791 	 570 	 40.0 	 89.0 	 0.3798449612403101 
403.0 	 794 	 570 	 40.0 	 88.0 	 0.375 
404.0 	 796 	 570 	 40.0 	 89.0 	 0.3798449612403101 
405.0 	 798 	 570 	 40.0 	 89.0 	 0.3798449612403101 
406.0 	 801 	 570 	 40.0 	 88.0 	 0.375 
407.0 	 803 	 570 	 88.79934692382812 	 40.0765495300293 	 0.37805981362266206 
408.0 	 805 	 570 	 88.98480224609375 	 39.452003479003906 	 0.38565891208092157 
409.0 	 808 	 570 	 39.0 	 88.0 	 0.3858267716535433 
410.0 	 810 	 570 	 39.0 	 89.0 	 0.390625 
411.0 	 812 	 570 	 39.0 	 89.0 	 0.390625 
412.0 	 815 	 570 	 39.0 	 88.0 	 0.3858267716535433 
413.0 	 817 	 570 	 39.0 	 88.0 	 0.3858267716535433 
414.0 	 819 	 570 	 39.0 	 88.0 	 0.3858267716535433 
415.0 	 822 	 570 	 38.0 	 88.0 	 0.3968253968253968 
416.0 	 824 	 570 	 38.716407775878906 	 87.50739288330078 	 0.3865434636940123 
417.0 	 827 	 570 	 39.34530258178711 	 88.8145523071289 	 0.38599645550644407 
418.0 	 829 	 570 	 39.0 	 88.0 	 0.3858267716535433 
419.0 	 832 	 570 	 39.73636245727539 	 88.45161437988281 	 0.38002980563841926 
420.0 	 834 	 570 	 39.78862762451172 	 88.94388580322266 	 0.38184027383497693 
421.0 	 836 	 570 	 40.0 	 89.0 	 0.3798449612403101 
422.0 	 838 	 570 	 40.0 	 88.0 	 0.375 
423.0 	 840 	 570 	 40.0 	 88.0 	 0.375 
424.0 	 843 	 570 	 39.542110443115234 	 89.48629760742188 	 0.38707900003497514 
425.0 	 845 	 570 	 39.0 	 88.0 	 0.3858267716535433 
426.0 	 848 	 570 	 39.0 	 88.0 	 0.3858267716535433 
427.0 	 850 	 570 	 88.50907135009766 	 39.839595794677734 	 0.3791973585555156 
428.0 	 853 	 570 	 39.0 	 88.0 	 0.3858267716535433 
429.0 	 855 	 570 	 39.0 	 89.0 	 0.390625 
430.0 	 857 	 570 	 39.0 	 89.0 	 0.390625 
431.0 	 860 	 570 	 39.0 	 88.0 	 0.3858267716535433 
432.0 	 862 	 570 	 39.0 	 89.0 	 0.390625 
433.0 	 864 	 570 	 39.0 	 88.0 	 0.3858267716535433 
434.0 	 866 	 570 	 39.0 	 87.0 	 0.38095238095238093 
435.0 	 869 	 570 	 40.0 	 88.0 	 0.375 
436.0 	 871 	 570 	 40.0 	 88.0 	 0.375 
437.0 	 873 	 570 	 40.0 	 87.0 	 0.3700787401574803 
438.0 	 876 	 570 	 40.0 	 88.0 	 0.375 
439.0 	 878 	 570 	 40.0 	 88.0 	 0.375 
440.0 	 880 	 570 	 40.0 	 88.0 	 0.375 
441.0 	 882 	 570 	 40.0 	 88.0 	 0.375 
442.0 	 884 	 570 	 40.0 	 89.0 	 0.3798449612403101 
443.0 	 887 	 570 	 40.0 	 88.0 	 0.375 
444.0 	 889 	 570 	 40.0 	 87.0 	 0.3700787401574803 
445.0 	 891 	 570 	 39.0 	 87.0 	 0.38095238095238093 
446.0 	 894 	 570 	 39.0 	 88.0 	 0.3858267716535433 
447.0 	 896 	 570 	 39.0 	 87.0 	 0.38095238095238093 
448.0 	 898 	 570 	 39.0 	 87.0 	 0.38095238095238093 
449.0 	 901 	 570 	 39.0 	 88.0 	 0.3858267716535433 
450.0 	 903 	 570 	 39.0 	 88.0 	 0.3858267716535433 
451.0 	 905 	 570 	 39.0 	 89.0 	 0.390625 
452.0 	 907 	 570 	 39.0 	 88.0 	 0.3858267716535433 
453.0 	 910 	 570 	 39.0 	 88.0 	 0.3858267716535433 
454.0 	 912 	 570 	 39.0 	 89.0 	 0.390625 
455.0 	 915 	 570 	 39.0 	 89.0 	 0.390625 
456.0 	 917 	 570 	 39.0 	 89.0 	 0.390625 
457.0 	 919 	 570 	 39.0 	 88.0 	 0.3858267716535433 
458.0 	 922 	 570 	 39.0 	 89.0 	 0.390625 
459.0 	 924 	 570 	 39.0 	 88.0 	 0.3858267716535433 
460.0 	 927 	 570 	 39.0 	 88.0 	 0.3858267716535433 
461.0 	 929 	 570 	 39.0 	 88.0 	 0.3858267716535433 
462.0 	 932 	 570 	 39.0 	 88.0 	 0.3858267716535433 
463.0 	 934 	 570 	 39.0 	 88.0 	 0.3858267716535433 
464.0 	 936 	 570 	 39.0 	 88.0 	 0.3858267716535433 
465.0 	 939 	 570 	 39.0 	 88.0 	 0.3858267716535433 
466.0 	 941 	 570 	 39.0 	 88.0 	 0.3858267716535433 
467.0 	 943 	 570 	 39.75585174560547 	 88.8450698852539 	 0.3817174676286991 
468.0 	 945 	 570 	 39.0 	 96.0 	 0.4222222222222222 
469.0 	 948 	 570 	 39.0 	 88.0 	 0.3858267716535433 
470.0 	 951 	 570 	 39.0 	 89.0 	 0.390625 
471.0 	 953 	 570 	 39.0 	 88.0 	 0.3858267716535433 
472.0 	 955 	 570 	 39.9938850402832 	 88.75202941894531 	 0.3787160515614103 
473.0 	 957 	 570 	 39.0 	 89.0 	 0.390625 
474.0 	 960 	 570 	 39.98448181152344 	 96.93585968017578 	 0.41594533907954806 
475.0 	 962 	 570 	 40.0 	 89.0 	 0.3798449612403101 
476.0 	 964 	 570 	 40.0 	 96.0 	 0.4117647058823529 
477.0 	 967 	 570 	 40.0 	 97.0 	 0.41605839416058393 
478.0 	 969 	 570 	 40.0 	 96.0 	 0.4117647058823529 
479.0 	 972 	 570 	 40.0 	 96.0 	 0.4117647058823529 
480.0 	 973 	 570 	 40.0 	 97.0 	 0.41605839416058393 
481.0 	 976 	 570 	 40.0 	 96.0 	 0.4117647058823529 
482.0 	 978 	 570 	 40.0 	 96.0 	 0.4117647058823529 
483.0 	 980 	 570 	 40.0 	 98.0 	 0.42028985507246375 
484.0 	 983 	 570 	 40.0 	 97.0 	 0.41605839416058393 
485.0 	 985 	 570 	 40.0 	 97.0 	 0.41605839416058393 
486.0 	 989 	 570 	 40.0 	 88.0 	 0.375 
487.0 	 991 	 570 	 40.0 	 87.0 	 0.3700787401574803 
488.0 	 994 	 570 	 40.0 	 89.0 	 0.3798449612403101 
489.0 	 996 	 570 	 88.0 	 40.0 	 0.375 
490.0 	 998 	 570 	 40.0 	 88.0 	 0.375 
491.0 	 999 	 570 	 40.0 	 97.0 	 0.41605839416058393 
492.0 	 1003 	 570 	 40.0 	 89.0 	 0.3798449612403101 
493.0 	 1005 	 570 	 39.0 	 89.0 	 0.390625 
494.0 	 1007 	 570 	 38.0 	 90.0 	 0.40625 
495.0 	 1010 	 570 	 38.0 	 89.0 	 0.4015748031496063 
496.0 	 1011 	 570 	 39.0 	 97.0 	 0.4264705882352941 
497.0 	 1014 	 570 	 39.0 	 97.0 	 0.4264705882352941 
498.0 	 1016 	 570 	 39.0 	 97.0 	 0.4264705882352941 
499.0 	 1018 	 570 	 39.0 	 99.0 	 0.43478260869565216 
500.0 	 1020 	 570 	 39.0 	 98.0 	 0.4306569343065693 
501.0 	 1022 	 570 	 39.0 	 99.0 	 0.43478260869565216 
502.0 	 1025 	 570 	 39.0 	 98.0 	 0.4306569343065693 
503.0 	 1028 	 570 	 39.0 	 98.0 	 0.4306569343065693 
504.0 	 1030 	 570 	 39.0 	 98.0 	 0.4306569343065693 
505.0 	 1031 	 570 	 39.0 	 98.0 	 0.4306569343065693 
506.0 	 1034 	 570 	 39.0 	 98.0 	 0.4306569343065693 
507.0 	 1036 	 570 	 39.0 	 98.0 	 0.4306569343065693 
508.0 	 1039 	 570 	 39.0 	 98.0 	 0.4306569343065693 
509.0 	 1041 	 570 	 39.0 	 98.0 	 0.4306569343065693 
510.0 	 1044 	 570 	 39.0 	 98.0 	 0.4306569343065693 
511.0 	 1046 	 570 	 39.0 	 97.0 	 0.4264705882352941 
512.0 	 1048 	 570 	 39.0 	 98.0 	 0.4306569343065693 
513.0 	 1051 	 570 	 39.0 	 99.0 	 0.43478260869565216 
514.0 	 1053 	 570 	 39.0 	 98.0 	 0.4306569343065693 
515.0 	 1055 	 570 	 39.0 	 97.0 	 0.4264705882352941 
516.0 	 1058 	 570 	 39.0 	 98.0 	 0.4306569343065693 
517.0 	 1059 	 570 	 39.0 	 98.0 	 0.4306569343065693 
518.0 	 1062 	 570 	 39.0 	 99.0 	 0.43478260869565216 
519.0 	 1064 	 570 	 39.0 	 99.0 	 0.43478260869565216 
520.0 	 1067 	 570 	 39.0 	 99.0 	 0.43478260869565216 
521.0 	 1069 	 570 	 39.0 	 98.0 	 0.4306569343065693 
522.0 	 1071 	 570 	 39.0 	 98.0 	 0.4306569343065693 
523.0 	 1074 	 570 	 39.0 	 99.0 	 0.43478260869565216 
524.0 	 1076 	 570 	 99.00532531738281 	 38.99142074584961 	 0.43489362092664 
525.0 	 1079 	 570 	 39.0 	 99.0 	 0.43478260869565216 
526.0 	 1081 	 570 	 39.0 	 99.0 	 0.43478260869565216 
527.0 	 1084 	 570 	 39.0 	 98.0 	 0.4306569343065693 
528.0 	 1086 	 570 	 39.0 	 99.0 	 0.43478260869565216 
529.0 	 1088 	 570 	 39.0 	 99.0 	 0.43478260869565216 
530.0 	 1091 	 570 	 39.0 	 98.0 	 0.4306569343065693 
531.0 	 1093 	 570 	 39.0 	 99.0 	 0.43478260869565216 
532.0 	 1095 	 570 	 39.0 	 99.0 	 0.43478260869565216 
533.0 	 1097 	 570 	 39.0 	 99.0 	 0.43478260869565216 
534.0 	 1100 	 570 	 39.0 	 99.0 	 0.43478260869565216 
535.0 	 1103 	 570 	 39.0 	 99.0 	 0.43478260869565216 
536.0 	 1105 	 571 	 39.0 	 99.0 	 0.43478260869565216 
537.0 	 1108 	 571 	 39.0 	 98.0 	 0.4306569343065693 
538.0 	 1110 	 570 	 39.0 	 99.0 	 0.43478260869565216 
539.0 	 1112 	 570 	 39.0 	 100.0 	 0.43884892086330934 
540.0 	 1115 	 570 	 39.0 	 99.0 	 0.43478260869565216 
541.0 	 1117 	 570 	 39.0 	 99.0 	 0.43478260869565216 
542.0 	 1119 	 570 	 39.0 	 99.0 	 0.43478260869565216 
543.0 	 1122 	 570 	 39.0 	 99.0 	 0.43478260869565216 
544.0 	 1124 	 571 	 39.0 	 99.0 	 0.43478260869565216 
545.0 	 1126 	 571 	 39.0 	 100.0 	 0.43884892086330934 
546.0 	 1128 	 571 	 39.0 	 98.0 	 0.4306569343065693 
547.0 	 1131 	 571 	 99.0 	 39.0 	 0.43478260869565216 
548.0 	 1133 	 571 	 39.0 	 100.0 	 0.43884892086330934 
549.0 	 1135 	 571 	 39.0 	 98.0 	 0.4306569343065693 
550.0 	 1137 	 571 	 39.0 	 98.0 	 0.4306569343065693 
551.0 	 1140 	 571 	 39.0 	 99.0 	 0.43478260869565216 
552.0 	 1143 	 571 	 39.0 	 98.0 	 0.4306569343065693 
553.0 	 1145 	 571 	 38.0 	 99.0 	 0.44525547445255476 
554.0 	 1147 	 571 	 38.0 	 100.0 	 0.4492753623188406 
555.0 	 1150 	 571 	 100.0 	 39.0 	 0.43884892086330934 
556.0 	 1152 	 571 	 39.0 	 98.0 	 0.4306569343065693 
557.0 	 1154 	 571 	 40.0 	 100.0 	 0.42857142857142855 
558.0 	 1156 	 571 	 100.0 	 40.0 	 0.42857142857142855 
559.0 	 1158 	 571 	 100.0 	 40.0 	 0.42857142857142855 
560.0 	 1161 	 571 	 40.0 	 100.0 	 0.42857142857142855 
561.0 	 1163 	 571 	 40.0 	 100.0 	 0.42857142857142855 
562.0 	 1166 	 571 	 40.0 	 99.0 	 0.4244604316546763 
563.0 	 1168 	 571 	 40.0 	 100.0 	 0.42857142857142855 
564.0 	 1170 	 571 	 40.0 	 100.0 	 0.42857142857142855 
565.0 	 1172 	 571 	 39.0 	 99.0 	 0.43478260869565216 
566.0 	 1174 	 571 	 39.0 	 100.0 	 0.43884892086330934 
567.0 	 1176 	 571 	 39.0 	 100.0 	 0.43884892086330934 
568.0 	 1179 	 571 	 39.0 	 99.0 	 0.43478260869565216 
569.0 	 1181 	 571 	 39.0 	 99.0 	 0.43478260869565216 
570.0 	 1184 	 571 	 39.0 	 99.0 	 0.43478260869565216 
571.0 	 1186 	 571 	 39.0 	 99.0 	 0.43478260869565216 
572.0 	 1188 	 571 	 39.0 	 100.0 	 0.43884892086330934 
573.0 	 1190 	 570 	 39.0 	 100.0 	 0.43884892086330934 
574.0 	 1193 	 570 	 39.0 	 100.0 	 0.43884892086330934 
575.0 	 1195 	 570 	 39.0 	 99.0 	 0.43478260869565216 
576.0 	 1196 	 570 	 39.0 	 101.0 	 0.44285714285714284 
577.0 	 1199 	 570 	 39.0 	 99.0 	 0.43478260869565216 
578.0 	 1201 	 570 	 39.0 	 99.0 	 0.43478260869565216 
579.0 	 1203 	 570 	 39.0 	 99.0 	 0.43478260869565216 
580.0 	 1205 	 570 	 39.0 	 99.0 	 0.43478260869565216 
581.0 	 1207 	 570 	 39.0 	 99.0 	 0.43478260869565216 
582.0 	 1209 	 570 	 39.0 	 100.0 	 0.43884892086330934 
583.0 	 1212 	 570 	 39.0 	 101.0 	 0.44285714285714284 
584.0 	 1215 	 570 	 39.0 	 100.0 	 0.43884892086330934 
585.0 	 1217 	 570 	 39.0 	 100.0 	 0.43884892086330934 
586.0 	 1219 	 570 	 39.0 	 101.0 	 0.44285714285714284 
587.0 	 1221 	 570 	 39.0 	 99.0 	 0.43478260869565216 
588.0 	 1223 	 570 	 39.0 	 98.0 	 0.4306569343065693 
589.0 	 1226 	 570 	 39.0 	 98.0 	 0.4306569343065693 
590.0 	 1228 	 570 	 39.0 	 97.0 	 0.4264705882352941 
591.0 	 1230 	 570 	 39.0 	 97.0 	 0.4264705882352941 
592.0 	 1232 	 570 	 39.0 	 100.0 	 0.43884892086330934 
593.0 	 1235 	 570 	 39.0 	 99.0 	 0.43478260869565216 
594.0 	 1237 	 570 	 39.0 	 99.0 	 0.43478260869565216 
595.0 	 1239 	 570 	 39.0 	 99.0 	 0.43478260869565216 
596.0 	 1241 	 570 	 39.0 	 99.0 	 0.43478260869565216 
597.0 	 1244 	 570 	 39.0 	 100.0 	 0.43884892086330934 
598.0 	 1247 	 570 	 39.0 	 100.0 	 0.43884892086330934 
599.0 	 1249 	 570 	 39.0 	 100.0 	 0.43884892086330934 
600.0 	 1251 	 570 	 39.0 	 100.0 	 0.43884892086330934 
601.0 	 1253 	 570 	 39.0 	 100.0 	 0.43884892086330934 
602.0 	 1256 	 570 	 39.0 	 101.0 	 0.44285714285714284 
603.0 	 1258 	 570 	 39.0 	 101.0 	 0.44285714285714284 
604.0 	 1260 	 570 	 39.0 	 99.0 	 0.43478260869565216 
605.0 	 1263 	 570 	 39.0 	 100.0 	 0.43884892086330934 
606.0 	 1265 	 570 	 39.0 	 100.0 	 0.43884892086330934 
607.0 	 1267 	 570 	 39.0 	 99.0 	 0.43478260869565216 
608.0 	 1270 	 570 	 39.0 	 100.0 	 0.43884892086330934 
609.0 	 1272 	 570 	 39.0 	 99.0 	 0.43478260869565216 
610.0 	 1274 	 570 	 39.0 	 101.0 	 0.44285714285714284 
611.0 	 1277 	 570 	 39.0 	 100.0 	 0.43884892086330934 
612.0 	 1279 	 570 	 39.0 	 100.0 	 0.43884892086330934 
613.0 	 1281 	 570 	 39.0 	 99.0 	 0.43478260869565216 
614.0 	 1283 	 570 	 39.0 	 99.0 	 0.43478260869565216 
615.0 	 1285 	 570 	 39.0 	 99.0 	 0.43478260869565216 
616.0 	 1288 	 570 	 39.0 	 100.0 	 0.43884892086330934 
617.0 	 1290 	 570 	 39.0 	 98.0 	 0.4306569343065693 
618.0 	 1292 	 570 	 40.0 	 98.0 	 0.42028985507246375 
619.0 	 1295 	 570 	 40.0 	 98.0 	 0.42028985507246375 
620.0 	 1297 	 570 	 40.0 	 97.0 	 0.41605839416058393 
621.0 	 1299 	 571 	 40.0 	 98.0 	 0.42028985507246375 
622.0 	 1301 	 571 	 40.0 	 99.0 	 0.4244604316546763 
623.0 	 1304 	 570 	 40.0 	 99.0 	 0.4244604316546763 
624.0 	 1306 	 570 	 40.0 	 100.0 	 0.42857142857142855 
625.0 	 1307 	 570 	 39.0 	 100.0 	 0.43884892086330934 
626.0 	 1310 	 570 	 39.0 	 99.0 	 0.43478260869565216 
627.0 	 1312 	 570 	 39.0 	 99.0 	 0.43478260869565216 
628.0 	 1314 	 570 	 39.0 	 100.0 	 0.43884892086330934 
629.0 	 1317 	 571 	 39.0 	 99.0 	 0.43478260869565216 
630.0 	 1319 	 571 	 39.0 	 100.0 	 0.43884892086330934 
631.0 	 1321 	 570 	 39.0 	 100.0 	 0.43884892086330934 
632.0 	 1323 	 571 	 39.0 	 99.0 	 0.43478260869565216 
633.0 	 1326 	 571 	 39.0 	 100.0 	 0.43884892086330934 
634.0 	 1328 	 571 	 39.0 	 101.0 	 0.44285714285714284 
635.0 	 1330 	 571 	 39.0 	 100.0 	 0.43884892086330934 
636.0 	 1333 	 571 	 39.0 	 99.0 	 0.43478260869565216 
637.0 	 1335 	 571 	 38.0 	 100.0 	 0.4492753623188406 
638.0 	 1337 	 571 	 100.0 	 39.0 	 0.43884892086330934 
639.0 	 1339 	 570 	 98.17990112304688 	 38.68330383300781 	 0.4347157974938756 
640.0 	 1341 	 571 	 100.24190521240234 	 38.67454147338867 	 0.44319708146775577 
641.0 	 1344 	 571 	 99.38963317871094 	 39.5421142578125 	 0.4307692088033528 
642.0 	 1346 	 571 	 39.0 	 98.0 	 0.4306569343065693 
643.0 	 1348 	 571 	 39.0 	 99.0 	 0.43478260869565216 
644.0 	 1350 	 571 	 39.0 	 99.0 	 0.43478260869565216 
645.0 	 1353 	 571 	 38.0 	 98.0 	 0.4411764705882353 
646.0 	 1355 	 571 	 38.0 	 98.0 	 0.4411764705882353 
647.0 	 1357 	 571 	 38.0 	 99.0 	 0.44525547445255476 
648.0 	 1359 	 571 	 38.0 	 97.0 	 0.43703703703703706 
649.0 	 1361 	 571 	 98.0 	 38.0 	 0.4411764705882353 
650.0 	 1363 	 571 	 38.0 	 99.0 	 0.44525547445255476 
651.0 	 1365 	 571 	 37.0 	 98.0 	 0.45185185185185184 
652.0 	 1368 	 571 	 38.0 	 98.0 	 0.4411764705882353 
653.0 	 1370 	 571 	 38.0 	 100.0 	 0.4492753623188406 
654.0 	 1372 	 571 	 38.0 	 100.0 	 0.4492753623188406 
655.0 	 1375 	 571 	 38.0 	 98.0 	 0.4411764705882353 
656.0 	 1378 	 571 	 38.0 	 100.0 	 0.4492753623188406 
657.0 	 1380 	 571 	 38.0 	 99.0 	 0.44525547445255476 
658.0 	 1382 	 571 	 38.0 	 98.0 	 0.4411764705882353 
659.0 	 1384 	 571 	 38.0 	 99.0 	 0.44525547445255476 
660.0 	 1386 	 571 	 38.0 	 100.0 	 0.4492753623188406 
661.0 	 1389 	 571 	 38.0 	 99.0 	 0.44525547445255476 
662.0 	 1391 	 571 	 38.0 	 102.0 	 0.45714285714285713 
663.0 	 1394 	 571 	 38.0 	 100.0 	 0.4492753623188406 
664.0 	 1396 	 571 	 38.0 	 98.0 	 0.4411764705882353 
665.0 	 1398 	 571 	 38.0 	 100.0 	 0.4492753623188406 
666.0 	 1400 	 571 	 38.0 	 103.0 	 0.46099290780141844 
667.0 	 1404 	 571 	 38.0 	 104.0 	 0.4647887323943662 
668.0 	 1406 	 571 	 38.0 	 103.0 	 0.46099290780141844 
669.0 	 1408 	 571 	 38.0 	 103.0 	 0.46099290780141844 
670.0 	 1411 	 571 	 101.89681243896484 	 38.03483200073242 	 0.4563798324099119 
671.0 	 1413 	 571 	 37.0 	 101.0 	 0.463768115942029 
672.0 	 1416 	 571 	 38.0 	 101.0 	 0.45323741007194246 
673.0 	 1418 	 571 	 37.0 	 102.0 	 0.4676258992805755 
674.0 	 1420 	 571 	 37.0 	 102.0 	 0.4676258992805755 
675.0 	 1422 	 571 	 37.0 	 102.0 	 0.4676258992805755 
676.0 	 1425 	 571 	 37.0 	 103.0 	 0.4714285714285714 
677.0 	 1427 	 571 	 37.0 	 102.0 	 0.4676258992805755 
678.0 	 1429 	 571 	 103.1711196899414 	 37.902652740478516 	 0.46265486365762604 
679.0 	 1431 	 571 	 38.0 	 103.0 	 0.46099290780141844 
680.0 	 1434 	 571 	 101.03498077392578 	 37.616634368896484 	 0.4573934918803746 
681.0 	 1436 	 571 	 102.07838439941406 	 37.889705657958984 	 0.45859508917456887 
682.0 	 1438 	 571 	 102.00414276123047 	 37.93695068359375 	 0.4578154314829407 
683.0 	 1441 	 571 	 37.0 	 101.0 	 0.463768115942029 
684.0 	 1443 	 571 	 38.0 	 103.0 	 0.46099290780141844 
685.0 	 1445 	 571 	 38.0 	 101.0 	 0.45323741007194246 
686.0 	 1448 	 571 	 38.0 	 100.0 	 0.4492753623188406 
687.0 	 1450 	 571 	 38.0 	 100.0 	 0.4492753623188406 
688.0 	 1452 	 571 	 38.0 	 102.0 	 0.45714285714285713 
689.0 	 1455 	 571 	 38.0 	 101.0 	 0.45323741007194246 
690.0 	 1458 	 571 	 38.0 	 100.0 	 0.4492753623188406 
691.0 	 1460 	 571 	 39.0 	 102.0 	 0.44680851063829785 
692.0 	 1462 	 571 	 103.07539367675781 	 38.64191818237305 	 0.4546619932957281 
693.0 	 1464 	 571 	 101.06060028076172 	 38.81525802612305 	 0.44500418448245493 
694.0 	 1467 	 571 	 101.14940643310547 	 39.86183166503906 	 0.4346290096780084 
695.0 	 1469 	 571 	 101.0 	 39.0 	 0.44285714285714284 
696.0 	 1472 	 571 	 39.0 	 100.0 	 0.43884892086330934 
697.0 	 1474 	 571 	 39.0 	 102.0 	 0.44680851063829785 
698.0 	 1476 	 571 	 39.0 	 102.0 	 0.44680851063829785 
699.0 	 1478 	 571 	 38.0 	 101.0 	 0.45323741007194246 
700.0 	 1480 	 571 	 38.0 	 101.0 	 0.45323741007194246 
701.0 	 1483 	 571 	 39.0 	 101.0 	 0.44285714285714284 
702.0 	 1485 	 571 	 38.0 	 100.0 	 0.4492753623188406 
703.0 	 1487 	 571 	 39.0 	 101.0 	 0.44285714285714284 
704.0 	 1489 	 571 	 39.0 	 102.0 	 0.44680851063829785 
705.0 	 1491 	 571 	 39.0 	 100.0 	 0.43884892086330934 
706.0 	 1494 	 571 	 39.0 	 102.0 	 0.44680851063829785 
707.0 	 1496 	 571 	 39.0 	 103.0 	 0.4507042253521127 
708.0 	 1499 	 571 	 39.0 	 99.0 	 0.43478260869565216 
709.0 	 1502 	 571 	 39.0 	 99.0 	 0.43478260869565216 
710.0 	 1504 	 571 	 39.0 	 100.0 	 0.43884892086330934 
711.0 	 1506 	 571 	 39.0 	 99.0 	 0.43478260869565216 
712.0 	 1508 	 571 	 39.0 	 99.0 	 0.43478260869565216 
713.0 	 1510 	 571 	 39.0 	 100.0 	 0.43884892086330934 
714.0 	 1512 	 571 	 39.0 	 99.0 	 0.43478260869565216 
715.0 	 1514 	 571 	 39.0 	 98.0 	 0.4306569343065693 
716.0 	 1516 	 571 	 40.0 	 99.0 	 0.4244604316546763 
717.0 	 1519 	 571 	 40.0 	 99.0 	 0.4244604316546763 
718.0 	 1521 	 571 	 39.0 	 99.0 	 0.43478260869565216 
719.0 	 1523 	 571 	 39.0 	 100.0 	 0.43884892086330934 
720.0 	 1525 	 571 	 39.0 	 101.0 	 0.44285714285714284 
721.0 	 1527 	 571 	 38.0 	 98.0 	 0.4411764705882353 
722.0 	 1530 	 571 	 38.0 	 98.0 	 0.4411764705882353 
723.0 	 1532 	 571 	 39.0 	 99.0 	 0.43478260869565216 
724.0 	 1534 	 571 	 39.0 	 99.0 	 0.43478260869565216 
725.0 	 1537 	 571 	 39.0 	 98.0 	 0.4306569343065693 
726.0 	 1539 	 571 	 39.0 	 99.0 	 0.43478260869565216 
727.0 	 1541 	 571 	 39.0 	 98.0 	 0.4306569343065693 
728.0 	 1544 	 571 	 39.0 	 97.0 	 0.4264705882352941 
729.0 	 1546 	 571 	 39.0 	 99.0 	 0.43478260869565216 
730.0 	 1548 	 571 	 39.0 	 98.0 	 0.4306569343065693 
731.0 	 1551 	 571 	 38.0 	 97.0 	 0.43703703703703706 
732.0 	 1552 	 571 	 39.0 	 98.0 	 0.4306569343065693 
733.0 	 1555 	 571 	 37.0 	 98.0 	 0.45185185185185184 
734.0 	 1557 	 571 	 37.0 	 97.0 	 0.44776119402985076 
735.0 	 1559 	 571 	 37.0 	 98.0 	 0.45185185185185184 
736.0 	 1562 	 571 	 37.0 	 98.0 	 0.45185185185185184 
737.0 	 1564 	 571 	 37.0 	 97.0 	 0.44776119402985076 
738.0 	 1567 	 571 	 37.0 	 97.0 	 0.44776119402985076 
739.0 	 1569 	 571 	 37.0 	 97.0 	 0.44776119402985076 
740.0 	 1571 	 571 	 37.0 	 96.0 	 0.44360902255639095 
741.0 	 1573 	 571 	 36.0 	 97.0 	 0.45864661654135336 
742.0 	 1575 	 571 	 36.0 	 99.0 	 0.4666666666666667 
743.0 	 1578 	 571 	 36.0 	 100.0 	 0.47058823529411764 
744.0 	 1580 	 571 	 36.0 	 98.0 	 0.4626865671641791 
745.0 	 1583 	 571 	 37.0 	 97.0 	 0.44776119402985076 
746.0 	 1585 	 571 	 37.0 	 98.0 	 0.45185185185185184 
747.0 	 1587 	 571 	 97.87153625488281 	 35.805137634277344 	 0.46430238586029354 
748.0 	 1589 	 571 	 96.99823760986328 	 36.80318832397461 	 0.44988346623192127 
749.0 	 1592 	 571 	 97.0087890625 	 36.701263427734375 	 0.45103209902015584 
750.0 	 1594 	 571 	 95.9869155883789 	 36.71848678588867 	 0.44661654870188433 
751.0 	 1596 	 571 	 97.87998962402344 	 36.60342025756836 	 0.45564407848081095 
752.0 	 1599 	 571 	 97.96469116210938 	 36.6209831237793 	 0.4557967136087825 
753.0 	 1601 	 571 	 95.88545989990234 	 36.30793380737305 	 0.45068459490839435 
754.0 	 1603 	 571 	 35.0 	 97.0 	 0.4696969696969697 
755.0 	 1606 	 571 	 35.0 	 97.0 	 0.4696969696969697 
756.0 	 1608 	 571 	 35.0 	 98.0 	 0.47368421052631576 
757.0 	 1610 	 571 	 35.0 	 96.0 	 0.46564885496183206 
758.0 	 1612 	 571 	 35.0 	 99.0 	 0.47761194029850745 
759.0 	 1614 	 571 	 35.0 	 99.0 	 0.47761194029850745 
760.0 	 1616 	 571 	 35.0 	 97.0 	 0.4696969696969697 
761.0 	 1619 	 571 	 35.0 	 98.0 	 0.47368421052631576 
762.0 	 1621 	 571 	 35.0 	 100.0 	 0.48148148148148145 
763.0 	 1623 	 571 	 35.0 	 98.0 	 0.47368421052631576 
764.0 	 1626 	 571 	 98.17990112304688 	 34.741390228271484 	 0.47726372690063534 
765.0 	 1628 	 571 	 35.0 	 100.0 	 0.48148148148148145 
766.0 	 1630 	 571 	 96.32966613769531 	 34.8065185546875 	 0.4691546252266515 
767.0 	 1632 	 571 	 35.0 	 97.0 	 0.4696969696969697 
768.0 	 1634 	 571 	 35.0 	 98.0 	 0.47368421052631576 
769.0 	 1637 	 571 	 96.19825744628906 	 34.893070220947266 	 0.46765250086534754 
770.0 	 1639 	 571 	 34.0 	 96.0 	 0.47692307692307695 
771.0 	 1642 	 572 	 34.0 	 97.0 	 0.48091603053435117 
772.0 	 1645 	 572 	 34.0 	 96.0 	 0.47692307692307695 
773.0 	 1647 	 571 	 34.0 	 95.0 	 0.4728682170542636 
774.0 	 1649 	 572 	 34.0 	 96.0 	 0.47692307692307695 
775.0 	 1651 	 572 	 34.0 	 95.0 	 0.4728682170542636 
776.0 	 1654 	 571 	 34.0 	 94.0 	 0.46875 
777.0 	 1656 	 571 	 34.0 	 96.0 	 0.47692307692307695 
778.0 	 1658 	 571 	 34.0 	 97.0 	 0.48091603053435117 
779.0 	 1660 	 571 	 34.0 	 96.0 	 0.47692307692307695 
780.0 	 1663 	 571 	 35.0 	 97.0 	 0.4696969696969697 
781.0 	 1665 	 571 	 34.0 	 96.0 	 0.47692307692307695 
782.0 	 1667 	 571 	 34.0 	 94.0 	 0.46875 
783.0 	 1669 	 571 	 34.0 	 95.0 	 0.4728682170542636 
784.0 	 1672 	 571 	 34.0 	 97.0 	 0.48091603053435117 
785.0 	 1674 	 571 	 34.0 	 95.0 	 0.4728682170542636 
786.0 	 1677 	 571 	 34.0 	 96.0 	 0.47692307692307695 
787.0 	 1679 	 571 	 35.0 	 96.0 	 0.46564885496183206 
788.0 	 1681 	 571 	 34.0 	 95.0 	 0.4728682170542636 
789.0 	 1684 	 571 	 34.0 	 94.0 	 0.46875 
790.0 	 1686 	 571 	 34.880088806152344 	 96.25688934326172 	 0.46803580045270105 
791.0 	 1688 	 571 	 34.7242317199707 	 95.40843963623047 	 0.46632569118752665 
792.0 	 1691 	 571 	 35.0 	 96.0 	 0.46564885496183206 
793.0 	 1693 	 571 	 34.0 	 98.0 	 0.48484848484848486 
794.0 	 1695 	 571 	 34.0 	 98.0 	 0.48484848484848486 
795.0 	 1698 	 571 	 95.83029174804688 	 35.056209564208984 	 0.46432658505287105 
796.0 	 1700 	 571 	 35.0 	 97.0 	 0.4696969696969697 
797.0 	 1702 	 571 	 35.0 	 98.0 	 0.47368421052631576 
798.0 	 1705 	 571 	 35.0 	 96.0 	 0.46564885496183206 
799.0 	 1707 	 571 	 36.0 	 97.0 	 0.45864661654135336 
800.0 	 1709 	 571 	 36.0 	 99.0 	 0.4666666666666667 
801.0 	 1712 	 571 	 35.0 	 97.0 	 0.4696969696969697 
802.0 	 1714 	 571 	 97.79364013671875 	 36.05551528930664 	 0.4612515084679261 
803.0 	 1716 	 571 	 35.0 	 98.0 	 0.47368421052631576 
804.0 	 1718 	 571 	 35.0 	 96.0 	 0.46564885496183206 
805.0 	 1720 	 571 	 35.0 	 95.0 	 0.46153846153846156 
806.0 	 1722 	 571 	 35.0 	 97.0 	 0.4696969696969697 
807.0 	 1724 	 571 	 35.0 	 95.0 	 0.46153846153846156 
808.0 	 1727 	 571 	 35.0 	 94.0 	 0.4573643410852713 
809.0 	 1729 	 571 	 35.0 	 96.0 	 0.46564885496183206 
810.0 	 1732 	 571 	 35.0 	 96.0 	 0.46564885496183206 
811.0 	 1735 	 571 	 35.0 	 94.0 	 0.4573643410852713 
812.0 	 1736 	 571 	 35.0 	 96.0 	 0.46564885496183206 
813.0 	 1739 	 571 	 35.0 	 95.0 	 0.46153846153846156 
814.0 	 1742 	 571 	 35.0 	 93.0 	 0.453125 
815.0 	 1744 	 571 	 35.0 	 94.0 	 0.4573643410852713 
816.0 	 1746 	 571 	 35.0 	 93.0 	 0.453125 
817.0 	 1748 	 571 	 33.0 	 93.0 	 0.47619047619047616 
818.0 	 1751 	 571 	 34.0 	 95.0 	 0.4728682170542636 
819.0 	 1753 	 571 	 34.0 	 94.0 	 0.46875 
820.0 	 1756 	 571 	 35.0 	 93.0 	 0.453125 
821.0 	 1758 	 571 	 35.0 	 93.0 	 0.453125 
822.0 	 1760 	 571 	 35.0 	 95.0 	 0.46153846153846156 
823.0 	 1762 	 571 	 34.0 	 94.0 	 0.46875 
824.0 	 1765 	 571 	 34.0 	 93.0 	 0.4645669291338583 
825.0 	 1766 	 571 	 35.0 	 95.0 	 0.46153846153846156 
826.0 	 1769 	 571 	 35.0 	 94.0 	 0.4573643410852713 
827.0 	 1771 	 571 	 35.0 	 94.0 	 0.4573643410852713 
828.0 	 1773 	 571 	 35.0 	 95.0 	 0.46153846153846156 
829.0 	 1775 	 571 	 33.0 	 94.0 	 0.48031496062992124 
830.0 	 1779 	 571 	 93.16189575195312 	 33.705848693847656 	 0.4686458903941948 
831.0 	 1781 	 571 	 34.0 	 95.0 	 0.4728682170542636 
832.0 	 1783 	 571 	 34.0 	 95.0 	 0.4728682170542636 
833.0 	 1786 	 571 	 93.132568359375 	 33.43830490112305 	 0.4716271755144961 
834.0 	 1788 	 571 	 34.0 	 95.0 	 0.4728682170542636 
835.0 	 1790 	 571 	 35.0 	 95.0 	 0.46153846153846156 
836.0 	 1793 	 571 	 93.0 	 34.0 	 0.4645669291338583 
837.0 	 1795 	 571 	 34.0 	 96.0 	 0.47692307692307695 
838.0 	 1797 	 572 	 96.96723175048828 	 34.34107971191406 	 0.4769397408366342 
839.0 	 1800 	 572 	 94.93975830078125 	 34.93183898925781 	 0.4620557578691299 
840.0 	 1802 	 572 	 97.0 	 35.0 	 0.4696969696969697 
841.0 	 1804 	 571 	 34.0 	 97.0 	 0.48091603053435117 
842.0 	 1807 	 571 	 33.0 	 95.0 	 0.484375 
843.0 	 1809 	 571 	 33.0 	 95.0 	 0.484375 
844.0 	 1812 	 571 	 35.0 	 97.0 	 0.4696969696969697 
845.0 	 1814 	 571 	 35.0 	 96.0 	 0.46564885496183206 
846.0 	 1817 	 571 	 35.0 	 97.0 	 0.4696969696969697 
847.0 	 1819 	 572 	 36.0 	 99.0 	 0.4666666666666667 
848.0 	 1822 	 571 	 36.0 	 98.0 	 0.4626865671641791 
849.0 	 1825 	 571 	 35.0 	 97.0 	 0.4696969696969697 
850.0 	 1827 	 571 	 36.0 	 99.0 	 0.4666666666666667 
851.0 	 1829 	 571 	 36.0 	 97.0 	 0.45864661654135336 
852.0 	 1832 	 571 	 35.9378776550293 	 96.01050567626953 	 0.45527369494485276 
853.0 	 1834 	 571 	 98.0 	 36.0 	 0.4626865671641791 
854.0 	 1836 	 571 	 35.0 	 97.0 	 0.4696969696969697 
855.0 	 1839 	 571 	 36.0 	 95.0 	 0.45038167938931295 
856.0 	 1841 	 571 	 36.0 	 97.0 	 0.45864661654135336 
857.0 	 1843 	 571 	 37.0 	 98.0 	 0.45185185185185184 
858.0 	 1846 	 571 	 36.0 	 96.0 	 0.45454545454545453 
859.0 	 1849 	 571 	 37.0 	 96.0 	 0.44360902255639095 
860.0 	 1851 	 571 	 38.0 	 98.0 	 0.4411764705882353 
861.0 	 1853 	 571 	 38.0 	 96.0 	 0.43283582089552236 
862.0 	 1855 	 571 	 38.0 	 95.0 	 0.42857142857142855 
863.0 	 1858 	 571 	 38.0 	 97.0 	 0.43703703703703706 
864.0 	 1860 	 571 	 38.0 	 96.0 	 0.43283582089552236 
865.0 	 1862 	 571 	 36.0 	 94.0 	 0.4461538461538462 
866.0 	 1864 	 571 	 37.0 	 97.0 	 0.44776119402985076 
867.0 	 1867 	 571 	 37.0 	 96.0 	 0.44360902255639095 
868.0 	 1869 	 571 	 37.0 	 95.0 	 0.4393939393939394 
869.0 	 1871 	 571 	 38.0 	 98.0 	 0.4411764705882353 
870.0 	 1874 	 571 	 38.0 	 95.0 	 0.42857142857142855 
871.0 	 1875 	 571 	 37.80277633666992 	 92.33465576171875 	 0.4190330064590542 
872.0 	 1877 	 571 	 39.0 	 91.0 	 0.4 
873.0 	 1878 	 571 	 39.0 	 89.0 	 0.390625 
874.0 	 1880 	 571 	 38.0 	 86.0 	 0.3870967741935484 
875.0 	 1881 	 571 	 38.0 	 85.0 	 0.3821138211382114 
876.0 	 1882 	 571 	 39.0 	 82.0 	 0.35537190082644626 
877.0 	 1883 	 571 	 37.0 	 79.0 	 0.3620689655172414 
878.0 	 1885 	 571 	 36.0 	 77.0 	 0.36283185840707965 
879.0 	 1886 	 571 	 38.0 	 76.0 	 0.3333333333333333 
880.0 	 1887 	 571 	 38.0 	 73.0 	 0.3153153153153153 
881.0 	 1889 	 571 	 38.0 	 69.0 	 0.2897196261682243 
882.0 	 1889 	 571 	 38.0 	 69.0 	 0.2897196261682243 
883.0 	 1890 	 571 	 67.0 	 39.0 	 0.2641509433962264 
884.0 	 1892 	 571 	 37.0 	 62.0 	 0.25252525252525254 
885.0 	 1892 	 571 	 38.0 	 62.0 	 0.24 
886.0 	 1893 	 571 	 38.0 	 59.0 	 0.21649484536082475 
887.0 	 1895 	 571 	 36.0 	 56.0 	 0.21739130434782608 
888.0 	 1895 	 571 	 38.0 	 56.0 	 0.19148936170212766 
889.0 	 1896 	 571 	 35.0 	 53.0 	 0.20454545454545456 
890.0 	 1897 	 571 	 36.0 	 50.0 	 0.16279069767441862 
891.0 	 1897 	 571 	 36.0 	 49.0 	 0.15294117647058825 
892.0 	 1898 	 571 	 35.0 	 48.0 	 0.1566265060240964 
893.0 	 1899 	 571 	 34.0 	 44.0 	 0.1282051282051282 
894.0 	 1901 	 571 	 33.0 	 41.0 	 0.10810810810810811 
895.0 	 1901 	 571 	 32.0 	 41.0 	 0.1232876712328767 
896.0 	 1902 	 571 	 31.0 	 38.0 	 0.10144927536231885 
897.0 	 1904 	 571 	 31.0 	 35.0 	 0.06060606060606061 
898.0 	 1904 	 571 	 30.0 	 34.0 	 0.0625 
899.0 	 1905 	 571 	 30.0 	 32.0 	 0.03225806451612903 
900.0 	 1907 	 571 	 29.0 	 28.0 	 0.017543859649122806 
901.0 	 1908 	 571 	 28.0 	 26.0 	 0.037037037037037035 
902.0 	 1909 	 571 	 28.0 	 24.0 	 0.07692307692307693 
