frame 	 x 	 y 	 width 	 height 	 deformation 
1.0 	 52 	 566 	 47.0 	 52.0 	 0.050505050505050504 
2.0 	 51 	 566 	 48.0 	 52.0 	 0.04 
3.0 	 52 	 566 	 46.0 	 51.0 	 0.05154639175257732 
4.0 	 52 	 566 	 47.0 	 53.0 	 0.06 
5.0 	 51 	 566 	 48.0 	 52.0 	 0.04 
6.0 	 52 	 566 	 47.0 	 51.0 	 0.04081632653061224 
7.0 	 51 	 566 	 47.0 	 51.0 	 0.04081632653061224 
8.0 	 52 	 566 	 49.0 	 53.0 	 0.0392156862745098 
9.0 	 51 	 566 	 48.0 	 51.0 	 0.030303030303030304 
10.0 	 52 	 566 	 47.0 	 50.0 	 0.030927835051546393 
11.0 	 52 	 565 	 48.0 	 52.0 	 0.04 
12.0 	 51 	 566 	 48.0 	 51.0 	 0.030303030303030304 
13.0 	 52 	 566 	 47.0 	 51.0 	 0.04081632653061224 
14.0 	 52 	 565 	 48.0 	 53.0 	 0.04950495049504951 
15.0 	 51 	 565 	 48.0 	 51.0 	 0.030303030303030304 
16.0 	 52 	 566 	 47.0 	 50.0 	 0.030927835051546393 
17.0 	 52 	 566 	 49.0 	 52.0 	 0.0297029702970297 
18.0 	 52 	 566 	 49.0 	 51.0 	 0.02 
19.0 	 52 	 566 	 47.0 	 50.0 	 0.030927835051546393 
20.0 	 52 	 565 	 48.0 	 51.0 	 0.030303030303030304 
21.0 	 52 	 565 	 51.0 	 48.0 	 0.030303030303030304 
22.0 	 52 	 566 	 47.0 	 51.0 	 0.04081632653061224 
23.0 	 52 	 566 	 49.0 	 52.0 	 0.0297029702970297 
24.0 	 52 	 566 	 49.0 	 52.0 	 0.0297029702970297 
25.0 	 52 	 566 	 47.0 	 52.0 	 0.050505050505050504 
26.0 	 52 	 565 	 47.0 	 52.0 	 0.050505050505050504 
27.0 	 52 	 566 	 48.0 	 52.0 	 0.04 
28.0 	 52 	 566 	 47.80677032470703 	 51.44036865234375 	 0.036611617877236005 
29.0 	 52 	 566 	 48.0 	 52.0 	 0.04 
30.0 	 52 	 566 	 48.0 	 52.0 	 0.04 
31.0 	 52 	 566 	 48.0 	 51.0 	 0.030303030303030304 
32.0 	 53 	 566 	 47.0 	 51.0 	 0.04081632653061224 
33.0 	 52 	 566 	 47.0 	 52.0 	 0.050505050505050504 
34.0 	 53 	 566 	 48.0 	 51.0 	 0.030303030303030304 
35.0 	 52 	 566 	 48.0 	 51.0 	 0.030303030303030304 
36.0 	 52 	 566 	 47.0 	 51.0 	 0.04081632653061224 
37.0 	 53 	 566 	 47.0 	 51.0 	 0.04081632653061224 
38.0 	 53 	 566 	 47.0 	 51.0 	 0.04081632653061224 
39.0 	 52 	 566 	 48.0 	 52.0 	 0.04 
40.0 	 52 	 566 	 47.0 	 52.0 	 0.050505050505050504 
41.0 	 53 	 566 	 47.0 	 50.0 	 0.030927835051546393 
42.0 	 53 	 566 	 48.0 	 52.0 	 0.04 
43.0 	 53 	 566 	 48.0 	 52.0 	 0.04 
44.0 	 53 	 566 	 48.0 	 51.0 	 0.030303030303030304 
45.0 	 53 	 566 	 48.0 	 52.0 	 0.04 
46.0 	 53 	 566 	 48.0 	 52.0 	 0.04 
47.0 	 53 	 566 	 48.0 	 51.0 	 0.030303030303030304 
48.0 	 53 	 566 	 48.0 	 52.0 	 0.04 
49.0 	 53 	 566 	 47.0 	 51.0 	 0.04081632653061224 
50.0 	 53 	 566 	 46.0 	 50.0 	 0.041666666666666664 
51.0 	 53 	 566 	 47.0 	 51.0 	 0.04081632653061224 
52.0 	 53 	 566 	 47.0 	 52.0 	 0.050505050505050504 
53.0 	 53 	 566 	 50.0 	 47.0 	 0.030927835051546393 
54.0 	 53 	 566 	 52.0 	 47.0 	 0.050505050505050504 
55.0 	 53 	 566 	 49.0 	 52.0 	 0.0297029702970297 
56.0 	 53 	 566 	 47.0 	 51.0 	 0.04081632653061224 
57.0 	 53 	 566 	 47.0 	 51.0 	 0.04081632653061224 
58.0 	 53 	 566 	 48.0 	 53.0 	 0.04950495049504951 
59.0 	 53 	 566 	 48.0 	 51.0 	 0.030303030303030304 
60.0 	 53 	 566 	 48.0 	 50.0 	 0.02040816326530612 
61.0 	 53 	 566 	 47.0 	 52.0 	 0.050505050505050504 
62.0 	 53 	 566 	 47.0 	 50.0 	 0.030927835051546393 
63.0 	 53 	 566 	 47.0 	 50.0 	 0.030927835051546393 
64.0 	 53 	 566 	 49.0 	 52.0 	 0.0297029702970297 
65.0 	 53 	 566 	 49.0 	 52.0 	 0.0297029702970297 
66.0 	 53 	 566 	 47.0 	 50.0 	 0.030927835051546393 
67.0 	 53 	 566 	 49.0 	 52.0 	 0.0297029702970297 
68.0 	 53 	 566 	 47.0 	 52.0 	 0.050505050505050504 
69.0 	 53 	 566 	 47.0 	 50.0 	 0.030927835051546393 
70.0 	 53 	 566 	 47.0 	 52.0 	 0.050505050505050504 
71.0 	 53 	 566 	 47.0 	 52.0 	 0.050505050505050504 
72.0 	 53 	 566 	 47.0 	 50.0 	 0.030927835051546393 
73.0 	 53 	 566 	 47.0 	 51.0 	 0.04081632653061224 
74.0 	 53 	 566 	 47.0 	 51.0 	 0.04081632653061224 
75.0 	 54 	 566 	 47.0 	 51.0 	 0.04081632653061224 
76.0 	 53 	 566 	 47.0 	 51.0 	 0.04081632653061224 
77.0 	 54 	 566 	 47.0 	 52.0 	 0.050505050505050504 
78.0 	 54 	 566 	 47.0 	 51.0 	 0.04081632653061224 
79.0 	 55 	 566 	 47.0 	 52.0 	 0.050505050505050504 
80.0 	 55 	 566 	 48.0 	 52.0 	 0.04 
81.0 	 56 	 566 	 47.0 	 51.0 	 0.04081632653061224 
82.0 	 56 	 566 	 47.0 	 51.0 	 0.04081632653061224 
83.0 	 57 	 565 	 48.0 	 51.0 	 0.030303030303030304 
84.0 	 58 	 566 	 47.0 	 50.0 	 0.030927835051546393 
85.0 	 59 	 566 	 47.0 	 50.0 	 0.030927835051546393 
86.0 	 61 	 566 	 48.0 	 52.0 	 0.04 
87.0 	 62 	 566 	 47.0 	 52.0 	 0.050505050505050504 
88.0 	 63 	 566 	 46.0 	 50.0 	 0.041666666666666664 
89.0 	 64 	 566 	 47.0 	 51.0 	 0.04081632653061224 
90.0 	 65 	 566 	 47.0 	 51.0 	 0.04081632653061224 
91.0 	 67 	 566 	 47.0 	 51.0 	 0.04081632653061224 
92.0 	 68 	 566 	 47.0 	 51.0 	 0.04081632653061224 
93.0 	 69 	 566 	 47.0 	 51.0 	 0.04081632653061224 
94.0 	 70 	 566 	 46.0 	 50.0 	 0.041666666666666664 
95.0 	 72 	 566 	 47.0 	 51.0 	 0.04081632653061224 
96.0 	 73 	 566 	 47.0 	 52.0 	 0.050505050505050504 
97.0 	 75 	 566 	 45.0 	 50.0 	 0.05263157894736842 
98.0 	 76 	 566 	 46.0 	 52.0 	 0.061224489795918366 
99.0 	 78 	 566 	 46.0 	 52.0 	 0.061224489795918366 
100.0 	 80 	 566 	 45.0 	 52.0 	 0.07216494845360824 
101.0 	 81 	 566 	 46.0 	 52.0 	 0.061224489795918366 
102.0 	 82 	 566 	 46.0 	 52.0 	 0.061224489795918366 
103.0 	 84 	 566 	 45.0 	 51.0 	 0.0625 
104.0 	 86 	 566 	 45.0 	 52.0 	 0.07216494845360824 
105.0 	 87 	 566 	 46.0 	 52.0 	 0.061224489795918366 
106.0 	 89 	 566 	 45.0 	 52.0 	 0.07216494845360824 
107.0 	 91 	 566 	 45.0 	 53.0 	 0.08163265306122448 
108.0 	 92 	 566 	 45.0 	 53.0 	 0.08163265306122448 
109.0 	 94 	 566 	 44.0 	 53.0 	 0.09278350515463918 
110.0 	 96 	 566 	 44.0 	 53.0 	 0.09278350515463918 
111.0 	 97 	 566 	 45.0 	 54.0 	 0.09090909090909091 
112.0 	 99 	 566 	 44.0 	 54.0 	 0.10204081632653061 
113.0 	 101 	 566 	 44.0 	 53.0 	 0.09278350515463918 
114.0 	 102 	 566 	 45.0 	 55.0 	 0.1 
115.0 	 104 	 566 	 44.0 	 55.0 	 0.1111111111111111 
116.0 	 106 	 566 	 44.0 	 54.0 	 0.10204081632653061 
117.0 	 108 	 566 	 43.0 	 55.0 	 0.12244897959183673 
118.0 	 110 	 566 	 44.0 	 56.0 	 0.12 
119.0 	 112 	 565 	 43.0 	 55.0 	 0.12244897959183673 
120.0 	 114 	 566 	 44.0 	 55.0 	 0.1111111111111111 
121.0 	 116 	 566 	 43.0 	 55.0 	 0.12244897959183673 
122.0 	 117 	 566 	 43.0 	 54.0 	 0.1134020618556701 
123.0 	 120 	 566 	 43.0 	 56.0 	 0.13131313131313133 
124.0 	 121 	 566 	 43.0 	 56.0 	 0.13131313131313133 
125.0 	 123 	 566 	 43.0 	 55.0 	 0.12244897959183673 
126.0 	 125 	 566 	 43.0 	 57.0 	 0.14 
127.0 	 126 	 565 	 43.0 	 56.0 	 0.13131313131313133 
128.0 	 129 	 566 	 43.0 	 56.0 	 0.13131313131313133 
129.0 	 130 	 566 	 43.0 	 56.0 	 0.13131313131313133 
130.0 	 132 	 566 	 43.0 	 55.0 	 0.12244897959183673 
131.0 	 134 	 566 	 43.0 	 55.0 	 0.12244897959183673 
132.0 	 136 	 566 	 43.0 	 57.0 	 0.14 
133.0 	 138 	 566 	 42.0 	 57.0 	 0.15151515151515152 
134.0 	 140 	 566 	 41.0 	 57.0 	 0.16326530612244897 
135.0 	 142 	 566 	 41.0 	 57.0 	 0.16326530612244897 
136.0 	 144 	 566 	 42.0 	 58.0 	 0.16 
137.0 	 146 	 566 	 42.0 	 58.0 	 0.16 
138.0 	 148 	 566 	 42.0 	 58.0 	 0.16 
139.0 	 150 	 566 	 42.0 	 60.0 	 0.17647058823529413 
140.0 	 152 	 566 	 42.0 	 59.0 	 0.16831683168316833 
141.0 	 154 	 566 	 42.0 	 59.0 	 0.16831683168316833 
142.0 	 156 	 566 	 42.0 	 59.0 	 0.16831683168316833 
143.0 	 158 	 566 	 42.0 	 59.0 	 0.16831683168316833 
144.0 	 160 	 566 	 42.0 	 59.0 	 0.16831683168316833 
145.0 	 162 	 567 	 59.32969284057617 	 40.52777099609375 	 0.1882875963607032 
146.0 	 165 	 566 	 41.0 	 59.0 	 0.18 
147.0 	 167 	 566 	 41.0 	 58.0 	 0.1717171717171717 
148.0 	 169 	 567 	 40.0 	 60.0 	 0.2 
149.0 	 171 	 566 	 41.0 	 60.0 	 0.18811881188118812 
150.0 	 173 	 566 	 41.0 	 58.0 	 0.1717171717171717 
151.0 	 175 	 566 	 41.0 	 59.0 	 0.18 
152.0 	 177 	 566 	 41.0 	 59.0 	 0.18 
153.0 	 179 	 566 	 42.0 	 59.0 	 0.16831683168316833 
154.0 	 181 	 566 	 42.0 	 60.0 	 0.17647058823529413 
155.0 	 183 	 566 	 42.0 	 60.0 	 0.17647058823529413 
156.0 	 185 	 566 	 42.0 	 59.0 	 0.16831683168316833 
157.0 	 188 	 567 	 41.0 	 60.0 	 0.18811881188118812 
158.0 	 190 	 567 	 41.0 	 60.0 	 0.18811881188118812 
159.0 	 191 	 566 	 42.0 	 59.0 	 0.16831683168316833 
160.0 	 194 	 566 	 42.0 	 60.0 	 0.17647058823529413 
161.0 	 195 	 567 	 41.0 	 61.0 	 0.19607843137254902 
162.0 	 197 	 566 	 41.0 	 60.0 	 0.18811881188118812 
163.0 	 200 	 566 	 41.0 	 60.0 	 0.18811881188118812 
164.0 	 202 	 566 	 41.0 	 61.0 	 0.19607843137254902 
165.0 	 204 	 566 	 41.0 	 60.0 	 0.18811881188118812 
166.0 	 206 	 566 	 41.57194137573242 	 61.07365417480469 	 0.18999074139007438 
167.0 	 208 	 566 	 42.0 	 62.0 	 0.19230769230769232 
168.0 	 210 	 566 	 41.95298767089844 	 61.97077560424805 	 0.19261992928750005 
169.0 	 212 	 566 	 41.822017669677734 	 60.8449821472168 	 0.18528801378696477 
170.0 	 214 	 566 	 41.0 	 62.0 	 0.20388349514563106 
171.0 	 216 	 566 	 41.0 	 62.0 	 0.20388349514563106 
172.0 	 218 	 566 	 41.0 	 60.0 	 0.18811881188118812 
173.0 	 221 	 566 	 41.0 	 62.0 	 0.20388349514563106 
174.0 	 223 	 566 	 41.0 	 62.0 	 0.20388349514563106 
175.0 	 225 	 566 	 41.0 	 61.0 	 0.19607843137254902 
176.0 	 227 	 566 	 42.0 	 62.0 	 0.19230769230769232 
177.0 	 229 	 566 	 42.0 	 62.0 	 0.19230769230769232 
178.0 	 231 	 566 	 41.0 	 61.0 	 0.19607843137254902 
179.0 	 234 	 566 	 42.0 	 62.0 	 0.19230769230769232 
180.0 	 235 	 566 	 42.0 	 62.0 	 0.19230769230769232 
181.0 	 238 	 566 	 40.0 	 61.0 	 0.2079207920792079 
182.0 	 240 	 567 	 39.88247299194336 	 62.06448745727539 	 0.21758387270782056 
183.0 	 242 	 567 	 41.0 	 62.0 	 0.20388349514563106 
184.0 	 244 	 566 	 41.0 	 61.0 	 0.19607843137254902 
185.0 	 246 	 566 	 42.0 	 62.0 	 0.19230769230769232 
186.0 	 248 	 566 	 42.0 	 63.0 	 0.2 
187.0 	 250 	 566 	 42.0 	 62.0 	 0.19230769230769232 
188.0 	 253 	 566 	 42.0 	 62.0 	 0.19230769230769232 
189.0 	 255 	 566 	 42.0 	 63.0 	 0.2 
190.0 	 257 	 566 	 42.0 	 62.0 	 0.19230769230769232 
191.0 	 259 	 566 	 42.0 	 62.0 	 0.19230769230769232 
192.0 	 261 	 566 	 42.0 	 64.0 	 0.20754716981132076 
193.0 	 264 	 566 	 41.0 	 63.0 	 0.21153846153846154 
194.0 	 266 	 566 	 41.0 	 61.0 	 0.19607843137254902 
195.0 	 268 	 567 	 42.0 	 63.0 	 0.2 
196.0 	 270 	 567 	 42.0 	 63.0 	 0.2 
197.0 	 272 	 566 	 42.0 	 61.0 	 0.18446601941747573 
198.0 	 275 	 567 	 62.0 	 42.0 	 0.19230769230769232 
199.0 	 277 	 567 	 64.43415069580078 	 41.4675178527832 	 0.2168675258641585 
200.0 	 279 	 566 	 41.0 	 63.0 	 0.21153846153846154 
201.0 	 281 	 567 	 39.0 	 64.0 	 0.24271844660194175 
202.0 	 284 	 567 	 39.0 	 63.0 	 0.23529411764705882 
203.0 	 286 	 566 	 40.0 	 62.0 	 0.21568627450980393 
204.0 	 288 	 566 	 41.0 	 63.0 	 0.21153846153846154 
205.0 	 290 	 566 	 39.0 	 64.0 	 0.24271844660194175 
206.0 	 293 	 566 	 40.0 	 62.0 	 0.21568627450980393 
207.0 	 295 	 567 	 39.0 	 63.0 	 0.23529411764705882 
208.0 	 297 	 567 	 39.0 	 63.0 	 0.23529411764705882 
209.0 	 299 	 567 	 62.0 	 40.0 	 0.21568627450980393 
210.0 	 301 	 567 	 38.0 	 63.0 	 0.24752475247524752 
211.0 	 304 	 567 	 38.0 	 63.0 	 0.24752475247524752 
212.0 	 306 	 567 	 39.0 	 63.0 	 0.23529411764705882 
213.0 	 308 	 567 	 38.0 	 64.0 	 0.2549019607843137 
214.0 	 311 	 567 	 38.0 	 64.0 	 0.2549019607843137 
215.0 	 313 	 567 	 38.0 	 63.0 	 0.24752475247524752 
216.0 	 315 	 567 	 38.0 	 63.0 	 0.24752475247524752 
217.0 	 317 	 567 	 64.14192199707031 	 37.90204620361328 	 0.25714284005354127 
218.0 	 320 	 567 	 63.0 	 38.0 	 0.24752475247524752 
219.0 	 323 	 567 	 37.0 	 62.0 	 0.25252525252525254 
220.0 	 324 	 567 	 38.0 	 64.0 	 0.2549019607843137 
221.0 	 327 	 567 	 63.0 	 38.0 	 0.24752475247524752 
222.0 	 329 	 567 	 38.30893325805664 	 62.58362579345703 	 0.24059943333389167 
223.0 	 331 	 567 	 38.0 	 64.0 	 0.2549019607843137 
224.0 	 333 	 567 	 37.5607795715332 	 64.33889770507812 	 0.2627890377008211 
225.0 	 336 	 567 	 38.0 	 64.0 	 0.2549019607843137 
226.0 	 338 	 567 	 38.0 	 65.0 	 0.2621359223300971 
227.0 	 340 	 567 	 37.70555877685547 	 65.23497009277344 	 0.2674302494674682 
228.0 	 342 	 567 	 38.345481872558594 	 63.71339797973633 	 0.2485615768455576 
229.0 	 345 	 567 	 37.0 	 63.0 	 0.26 
230.0 	 347 	 567 	 36.0 	 65.0 	 0.2871287128712871 
231.0 	 349 	 567 	 36.50175857543945 	 63.05271911621094 	 0.26669780361871465 
232.0 	 352 	 567 	 37.0 	 64.0 	 0.26732673267326734 
233.0 	 354 	 567 	 37.0 	 65.0 	 0.27450980392156865 
234.0 	 357 	 567 	 37.8305549621582 	 64.12334442138672 	 0.2578890029533495 
235.0 	 359 	 567 	 38.0 	 64.0 	 0.2549019607843137 
236.0 	 361 	 567 	 36.73063278198242 	 65.06797790527344 	 0.2783667176986194 
237.0 	 364 	 567 	 37.0 	 65.0 	 0.27450980392156865 
238.0 	 366 	 567 	 37.0 	 66.0 	 0.2815533980582524 
239.0 	 368 	 567 	 37.0 	 65.0 	 0.27450980392156865 
240.0 	 370 	 567 	 38.0 	 65.0 	 0.2621359223300971 
241.0 	 373 	 567 	 38.0 	 65.0 	 0.2621359223300971 
242.0 	 375 	 567 	 38.0 	 66.0 	 0.2692307692307692 
243.0 	 378 	 567 	 38.0 	 66.0 	 0.2692307692307692 
244.0 	 380 	 566 	 38.0 	 65.0 	 0.2621359223300971 
245.0 	 382 	 567 	 38.270057678222656 	 65.95478057861328 	 0.2656250022875409 
246.0 	 384 	 567 	 38.35652160644531 	 65.03031921386719 	 0.25799992915714715 
247.0 	 387 	 566 	 38.0 	 65.0 	 0.2621359223300971 
248.0 	 389 	 567 	 38.0 	 66.0 	 0.2692307692307692 
249.0 	 391 	 567 	 38.0 	 67.0 	 0.2761904761904762 
250.0 	 393 	 567 	 38.0 	 65.0 	 0.2621359223300971 
251.0 	 396 	 567 	 38.0 	 66.0 	 0.2692307692307692 
252.0 	 398 	 567 	 38.0 	 66.0 	 0.2692307692307692 
253.0 	 401 	 566 	 38.0 	 64.0 	 0.2549019607843137 
254.0 	 402 	 566 	 38.0 	 64.0 	 0.2549019607843137 
255.0 	 405 	 566 	 38.0 	 65.0 	 0.2621359223300971 
256.0 	 407 	 566 	 38.0 	 65.0 	 0.2621359223300971 
257.0 	 410 	 567 	 37.37907409667969 	 66.4845199584961 	 0.28022760165948646 
258.0 	 412 	 567 	 37.26220703125 	 66.68724060058594 	 0.28307061018306096 
259.0 	 414 	 566 	 38.48740005493164 	 65.55958557128906 	 0.26019192534430335 
260.0 	 416 	 566 	 39.0 	 64.0 	 0.24271844660194175 
261.0 	 418 	 566 	 39.0 	 64.0 	 0.24271844660194175 
262.0 	 421 	 566 	 39.0 	 64.0 	 0.24271844660194175 
263.0 	 423 	 566 	 38.0 	 65.0 	 0.2621359223300971 
264.0 	 426 	 566 	 38.0 	 63.0 	 0.24752475247524752 
265.0 	 427 	 566 	 37.0 	 63.0 	 0.26 
266.0 	 429 	 566 	 38.0 	 63.0 	 0.24752475247524752 
267.0 	 432 	 566 	 38.0 	 63.0 	 0.24752475247524752 
268.0 	 434 	 566 	 38.0 	 64.0 	 0.2549019607843137 
269.0 	 436 	 566 	 38.0 	 64.0 	 0.2549019607843137 
270.0 	 439 	 566 	 38.0 	 64.0 	 0.2549019607843137 
271.0 	 441 	 565 	 38.0 	 64.0 	 0.2549019607843137 
272.0 	 444 	 565 	 38.0 	 64.0 	 0.2549019607843137 
273.0 	 446 	 565 	 37.55812454223633 	 65.68870544433594 	 0.272459511887756 
274.0 	 448 	 565 	 37.335235595703125 	 65.76094055175781 	 0.2757202644974603 
275.0 	 451 	 565 	 65.0 	 37.0 	 0.27450980392156865 
276.0 	 453 	 565 	 36.0 	 65.0 	 0.2871287128712871 
277.0 	 455 	 566 	 34.0 	 64.0 	 0.30612244897959184 
278.0 	 458 	 566 	 63.99999237060547 	 33.99999237060547 	 0.30612249664345514 
279.0 	 461 	 565 	 34.0 	 64.0 	 0.30612244897959184 
280.0 	 463 	 565 	 33.0 	 64.0 	 0.31958762886597936 
281.0 	 466 	 565 	 34.0 	 65.0 	 0.31313131313131315 
282.0 	 468 	 566 	 35.0 	 65.0 	 0.3 
283.0 	 470 	 566 	 35.0 	 64.0 	 0.29292929292929293 
284.0 	 473 	 565 	 34.0 	 64.0 	 0.30612244897959184 
285.0 	 476 	 566 	 36.0 	 64.0 	 0.28 
286.0 	 478 	 565 	 35.0 	 64.0 	 0.29292929292929293 
287.0 	 480 	 565 	 35.0 	 64.0 	 0.29292929292929293 
288.0 	 483 	 565 	 36.0 	 63.0 	 0.2727272727272727 
289.0 	 485 	 565 	 35.0 	 63.0 	 0.2857142857142857 
290.0 	 488 	 565 	 35.0 	 62.0 	 0.27835051546391754 
291.0 	 490 	 565 	 35.0 	 63.0 	 0.2857142857142857 
292.0 	 493 	 565 	 35.0 	 65.0 	 0.3 
293.0 	 495 	 565 	 35.0 	 64.0 	 0.29292929292929293 
294.0 	 497 	 565 	 35.0 	 65.0 	 0.3 
295.0 	 499 	 565 	 35.0 	 66.0 	 0.3069306930693069 
296.0 	 501 	 565 	 35.0 	 66.0 	 0.3069306930693069 
297.0 	 504 	 565 	 35.0 	 65.0 	 0.3 
298.0 	 506 	 565 	 35.0 	 66.0 	 0.3069306930693069 
299.0 	 509 	 565 	 36.0 	 66.0 	 0.29411764705882354 
300.0 	 511 	 565 	 36.0 	 65.0 	 0.2871287128712871 
301.0 	 513 	 565 	 36.0 	 67.0 	 0.30097087378640774 
302.0 	 515 	 565 	 35.0 	 66.0 	 0.3069306930693069 
303.0 	 518 	 565 	 36.0 	 65.0 	 0.2871287128712871 
304.0 	 520 	 565 	 35.0 	 65.0 	 0.3 
305.0 	 522 	 565 	 36.0 	 65.0 	 0.2871287128712871 
306.0 	 525 	 565 	 36.72029495239258 	 65.11669158935547 	 0.2788416821949243 
307.0 	 527 	 566 	 37.0 	 65.0 	 0.27450980392156865 
308.0 	 529 	 565 	 37.0 	 64.0 	 0.26732673267326734 
309.0 	 531 	 565 	 36.0 	 63.0 	 0.2727272727272727 
310.0 	 533 	 566 	 37.0 	 64.0 	 0.26732673267326734 
311.0 	 536 	 566 	 37.0 	 64.0 	 0.26732673267326734 
312.0 	 538 	 566 	 37.0 	 65.0 	 0.27450980392156865 
313.0 	 540 	 566 	 36.0 	 66.0 	 0.29411764705882354 
314.0 	 543 	 566 	 36.0 	 66.0 	 0.29411764705882354 
315.0 	 546 	 566 	 66.2077865600586 	 36.51243209838867 	 0.28908967338172525 
316.0 	 547 	 566 	 36.0 	 67.0 	 0.30097087378640774 
317.0 	 550 	 566 	 68.0 	 37.0 	 0.29523809523809524 
318.0 	 552 	 566 	 67.0 	 38.0 	 0.2761904761904762 
319.0 	 554 	 566 	 67.0 	 38.0 	 0.2761904761904762 
320.0 	 557 	 566 	 69.0 	 37.0 	 0.3018867924528302 
321.0 	 559 	 566 	 36.0 	 68.0 	 0.3076923076923077 
322.0 	 561 	 566 	 37.0 	 68.0 	 0.29523809523809524 
323.0 	 564 	 566 	 37.0 	 69.0 	 0.3018867924528302 
324.0 	 566 	 566 	 68.0 	 38.0 	 0.2830188679245283 
325.0 	 568 	 566 	 66.0 	 38.0 	 0.2692307692307692 
326.0 	 570 	 566 	 67.0 	 38.0 	 0.2761904761904762 
327.0 	 572 	 566 	 67.0 	 38.0 	 0.2761904761904762 
328.0 	 575 	 566 	 38.0 	 67.0 	 0.2761904761904762 
329.0 	 577 	 566 	 69.28697204589844 	 37.82401657104492 	 0.29374162148174354 
330.0 	 579 	 566 	 69.17111206054688 	 37.71961212158203 	 0.2942397497969541 
331.0 	 582 	 566 	 37.0 	 68.0 	 0.29523809523809524 
332.0 	 583 	 566 	 38.0 	 68.0 	 0.2830188679245283 
333.0 	 585 	 567 	 37.0 	 68.0 	 0.29523809523809524 
334.0 	 588 	 566 	 37.0 	 68.0 	 0.29523809523809524 
335.0 	 590 	 567 	 36.0 	 68.0 	 0.3076923076923077 
336.0 	 593 	 567 	 36.790916442871094 	 69.24957275390625 	 0.3060968178937975 
337.0 	 595 	 566 	 36.0 	 65.0 	 0.2871287128712871 
338.0 	 597 	 567 	 66.56616973876953 	 36.39616775512695 	 0.2930197848842644 
339.0 	 599 	 567 	 68.18036651611328 	 36.4730339050293 	 0.3029747001386332 
340.0 	 601 	 566 	 67.52836608886719 	 36.690887451171875 	 0.29589041938251975 
341.0 	 604 	 566 	 69.22464752197266 	 36.45085525512695 	 0.31013613756799596 
342.0 	 606 	 567 	 69.21805572509766 	 36.4730339050293 	 0.3098181874617979 
343.0 	 608 	 566 	 68.19086456298828 	 36.52500915527344 	 0.30239785319379464 
344.0 	 610 	 566 	 69.06432342529297 	 36.242435455322266 	 0.31167883542195435 
345.0 	 612 	 567 	 69.90984344482422 	 36.35773849487305 	 0.3157322707219469 
346.0 	 615 	 566 	 68.09746551513672 	 36.15092849731445 	 0.3064463229429381 
347.0 	 617 	 566 	 37.0 	 69.0 	 0.3018867924528302 
348.0 	 619 	 566 	 69.10863494873047 	 36.09633255004883 	 0.3137903388360886 
349.0 	 621 	 566 	 36.0 	 68.0 	 0.3076923076923077 
350.0 	 624 	 566 	 36.0 	 68.0 	 0.3076923076923077 
351.0 	 626 	 566 	 69.5753173828125 	 36.20127487182617 	 0.31551444227513165 
352.0 	 628 	 566 	 36.715091705322266 	 68.19733428955078 	 0.30008116088905445 
353.0 	 630 	 566 	 36.0 	 68.0 	 0.3076923076923077 
354.0 	 632 	 566 	 69.19332122802734 	 35.61726760864258 	 0.32034982335332096 
355.0 	 635 	 566 	 36.0 	 69.0 	 0.3142857142857143 
356.0 	 637 	 566 	 36.0 	 68.0 	 0.3076923076923077 
357.0 	 639 	 567 	 68.2918930053711 	 35.60483169555664 	 0.3146110852282004 
358.0 	 642 	 566 	 69.25088500976562 	 35.60483169555664 	 0.32087953209804515 
359.0 	 644 	 566 	 36.0 	 68.0 	 0.3076923076923077 
360.0 	 646 	 567 	 69.10549926757812 	 35.55242156982422 	 0.3205975948049104 
361.0 	 649 	 567 	 68.36255645751953 	 35.49885559082031 	 0.3164187759300209 
362.0 	 651 	 567 	 36.0 	 67.0 	 0.30097087378640774 
363.0 	 653 	 567 	 68.64604949951172 	 36.114044189453125 	 0.31053814639233596 
364.0 	 655 	 567 	 70.25703430175781 	 35.49979782104492 	 0.32865239798742724 
365.0 	 657 	 566 	 69.2920913696289 	 36.235313415527344 	 0.3132530172745366 
366.0 	 660 	 567 	 36.0 	 69.0 	 0.3142857142857143 
367.0 	 662 	 566 	 69.24957275390625 	 36.61318588256836 	 0.3082895939204549 
368.0 	 664 	 566 	 36.0 	 68.0 	 0.3076923076923077 
369.0 	 667 	 566 	 69.16734313964844 	 36.61800765991211 	 0.30769227717937997 
370.0 	 669 	 567 	 69.43916320800781 	 36.02848434448242 	 0.31678604424069684 
371.0 	 671 	 566 	 69.0743408203125 	 36.57150650024414 	 0.30765841861674326 
372.0 	 673 	 566 	 37.0 	 69.0 	 0.3018867924528302 
373.0 	 675 	 566 	 69.24744415283203 	 36.263545989990234 	 0.3126110191762392 
374.0 	 678 	 566 	 68.33869934082031 	 35.59952926635742 	 0.3149868004600763 
375.0 	 680 	 566 	 69.14409637451172 	 35.711273193359375 	 0.3188470301419504 
376.0 	 682 	 566 	 69.1898193359375 	 35.658870697021484 	 0.31980321955739865 
377.0 	 685 	 566 	 68.19086456298828 	 35.73452377319336 	 0.31230425317059163 
378.0 	 687 	 566 	 35.0 	 68.0 	 0.32038834951456313 
379.0 	 689 	 566 	 35.0 	 69.0 	 0.3269230769230769 
380.0 	 691 	 566 	 35.0 	 69.0 	 0.3269230769230769 
381.0 	 694 	 566 	 36.0 	 68.0 	 0.3076923076923077 
382.0 	 696 	 566 	 36.0 	 69.0 	 0.3142857142857143 
383.0 	 698 	 566 	 35.67737579345703 	 69.60626220703125 	 0.3222617213646898 
384.0 	 701 	 565 	 36.0 	 68.0 	 0.3076923076923077 
385.0 	 703 	 566 	 35.0 	 68.0 	 0.32038834951456313 
386.0 	 705 	 566 	 35.0 	 70.0 	 0.3333333333333333 
387.0 	 707 	 566 	 69.14656829833984 	 35.661048889160156 	 0.3194950930834956 
388.0 	 709 	 566 	 69.15016174316406 	 35.74546813964844 	 0.31845648518279307 
389.0 	 711 	 566 	 36.0 	 70.0 	 0.32075471698113206 
390.0 	 714 	 566 	 36.0 	 69.0 	 0.3142857142857143 
391.0 	 716 	 566 	 69.17454528808594 	 36.701263427734375 	 0.30671106321853575 
392.0 	 718 	 566 	 36.0 	 69.0 	 0.3142857142857143 
393.0 	 720 	 566 	 36.0 	 68.0 	 0.3076923076923077 
394.0 	 723 	 566 	 69.21805572509766 	 35.550636291503906 	 0.32135000242495 
395.0 	 724 	 566 	 69.17111206054688 	 35.33440017700195 	 0.3237792070396397 
396.0 	 727 	 566 	 68.5666732788086 	 36.35414123535156 	 0.3070175559789389 
397.0 	 728 	 566 	 68.83969116210938 	 35.25465393066406 	 0.3226403624664996 
398.0 	 731 	 566 	 69.05524444580078 	 35.157527923583984 	 0.3252741074967807 
399.0 	 733 	 566 	 68.8998794555664 	 35.16764831542969 	 0.324137911821693 
400.0 	 735 	 566 	 69.7727279663086 	 35.01447296142578 	 0.331703249033759 
401.0 	 738 	 566 	 69.48703002929688 	 35.05030059814453 	 0.32942040153943425 
402.0 	 740 	 566 	 68.57609558105469 	 34.86520004272461 	 0.3258939801076945 
403.0 	 743 	 566 	 68.7334976196289 	 35.02260208129883 	 0.32490519242242344 
404.0 	 744 	 566 	 69.02684783935547 	 34.973602294921875 	 0.3274336361089464 
405.0 	 747 	 566 	 68.41327667236328 	 34.973602294921875 	 0.3234421496370228 
406.0 	 749 	 566 	 68.7334976196289 	 34.94390106201172 	 0.3259109216404434 
407.0 	 751 	 566 	 69.34402465820312 	 34.31544876098633 	 0.33791967817127944 
408.0 	 753 	 566 	 69.3375015258789 	 34.41900634765625 	 0.3365426988038521 
409.0 	 756 	 566 	 68.41095733642578 	 33.78271484375 	 0.33884918463076036 
410.0 	 758 	 566 	 68.81220245361328 	 34.57661819458008 	 0.33113429522064525 
411.0 	 760 	 566 	 34.0 	 68.0 	 0.3333333333333333 
412.0 	 763 	 566 	 68.02499389648438 	 33.727020263671875 	 0.33707414949868186 
413.0 	 765 	 566 	 69.09766387939453 	 32.8127555847168 	 0.3560470900373027 
414.0 	 767 	 566 	 32.77362823486328 	 69.26917266845703 	 0.35764937957917464 
415.0 	 770 	 566 	 33.0 	 68.0 	 0.3465346534653465 
416.0 	 772 	 566 	 32.77851867675781 	 69.34363555908203 	 0.358052737488098 
417.0 	 775 	 565 	 33.976707458496094 	 68.43455505371094 	 0.336465411615325 
418.0 	 777 	 565 	 34.0133171081543 	 68.52626037597656 	 0.33658168011432976 
419.0 	 778 	 565 	 32.84516525268555 	 68.9696044921875 	 0.3548054897145316 
420.0 	 781 	 565 	 32.686222076416016 	 68.67849731445312 	 0.3550769484128742 
421.0 	 783 	 565 	 33.6477165222168 	 68.46988677978516 	 0.34100066131189444 
422.0 	 785 	 565 	 33.337493896484375 	 69.25428771972656 	 0.35009425957338897 
423.0 	 788 	 565 	 33.439674377441406 	 68.64336395263672 	 0.34485346587517046 
424.0 	 790 	 565 	 33.500816345214844 	 68.55292510986328 	 0.3434671601930207 
425.0 	 792 	 565 	 33.247623443603516 	 68.49136352539062 	 0.34641331835285477 
426.0 	 794 	 565 	 33.69599533081055 	 69.63217163085938 	 0.34778683641392305 
427.0 	 797 	 565 	 33.94439697265625 	 69.1045150756836 	 0.34119834362282125 
428.0 	 799 	 565 	 33.90336227416992 	 69.94261169433594 	 0.3470452251822098 
429.0 	 801 	 565 	 34.768558502197266 	 69.67961883544922 	 0.3342428869811296 
430.0 	 804 	 565 	 68.0 	 35.0 	 0.32038834951456313 
431.0 	 806 	 565 	 34.572357177734375 	 69.38452911376953 	 0.334871244973795 
432.0 	 808 	 565 	 35.27211380004883 	 69.50789642333984 	 0.32673963812659573 
433.0 	 810 	 565 	 69.17454528808594 	 33.892356872558594 	 0.34232316753379277 
434.0 	 813 	 565 	 33.0 	 69.0 	 0.35294117647058826 
435.0 	 815 	 565 	 35.26728820800781 	 70.03584289550781 	 0.3301758867295374 
436.0 	 817 	 565 	 35.24739074707031 	 69.9764404296875 	 0.3300492796567956 
437.0 	 820 	 565 	 69.08446502685547 	 34.79213333129883 	 0.3301256706281497 
438.0 	 822 	 565 	 69.10765075683594 	 34.83004379272461 	 0.3297899488021332 
439.0 	 824 	 565 	 69.05669403076172 	 34.79213333129883 	 0.32994653449482164 
440.0 	 826 	 565 	 68.94329833984375 	 34.72868347167969 	 0.3300275954053481 
441.0 	 828 	 565 	 34.0 	 69.0 	 0.33980582524271846 
442.0 	 830 	 565 	 33.0 	 70.0 	 0.3592233009708738 
443.0 	 832 	 565 	 32.0 	 69.0 	 0.36633663366336633 
444.0 	 835 	 565 	 69.30660247802734 	 32.515235900878906 	 0.36133080253607225 
445.0 	 837 	 565 	 31.774219512939453 	 69.40703582763672 	 0.3719346650525849 
446.0 	 839 	 565 	 32.0 	 68.0 	 0.36 
447.0 	 842 	 565 	 31.72542953491211 	 69.28652954101562 	 0.37184804997069637 
448.0 	 844 	 565 	 31.0 	 69.0 	 0.38 
449.0 	 846 	 565 	 31.0 	 68.0 	 0.37373737373737376 
450.0 	 848 	 565 	 31.0 	 69.0 	 0.38 
451.0 	 850 	 565 	 68.99998474121094 	 29.999996185302734 	 0.39393935423944537 
452.0 	 853 	 565 	 31.0 	 68.0 	 0.37373737373737376 
453.0 	 855 	 565 	 32.0 	 69.0 	 0.36633663366336633 
454.0 	 857 	 565 	 31.649139404296875 	 69.24668884277344 	 0.3726373041550236 
455.0 	 859 	 565 	 32.0 	 68.0 	 0.36 
456.0 	 861 	 565 	 31.605587005615234 	 70.2282943725586 	 0.3792716809399883 
457.0 	 863 	 565 	 31.0 	 69.0 	 0.38 
458.0 	 865 	 565 	 32.0 	 69.0 	 0.36633663366336633 
459.0 	 868 	 565 	 31.682424545288086 	 69.36209869384766 	 0.3729016966054206 
460.0 	 870 	 565 	 31.54338836669922 	 70.2784423828125 	 0.3804199328472498 
461.0 	 872 	 565 	 31.603981018066406 	 69.35236358642578 	 0.37390797692054817 
462.0 	 875 	 565 	 31.297870635986328 	 69.96833038330078 	 0.38186936369765956 
463.0 	 876 	 565 	 31.260948181152344 	 70.41204071044922 	 0.38506876758622416 
464.0 	 878 	 565 	 30.0 	 69.0 	 0.3939393939393939 
465.0 	 881 	 565 	 31.360824584960938 	 68.51441192626953 	 0.3719999935833029 
466.0 	 883 	 565 	 30.0 	 70.0 	 0.4 
467.0 	 885 	 565 	 31.126808166503906 	 70.28514862060547 	 0.38613139608680774 
468.0 	 887 	 565 	 69.23471069335938 	 30.636964797973633 	 0.38647339904430966 
469.0 	 889 	 565 	 30.0 	 69.0 	 0.3939393939393939 
470.0 	 891 	 565 	 29.556873321533203 	 70.55853271484375 	 0.4095439554868567 
471.0 	 894 	 565 	 29.0 	 70.0 	 0.41414141414141414 
472.0 	 896 	 564 	 70.23475646972656 	 29.847688674926758 	 0.4035379804762633 
473.0 	 898 	 565 	 69.29745483398438 	 29.868515014648438 	 0.39760554835010814 
474.0 	 900 	 565 	 30.0 	 69.0 	 0.3939393939393939 
475.0 	 902 	 565 	 30.0 	 70.0 	 0.4 
476.0 	 905 	 565 	 29.0 	 70.0 	 0.41414141414141414 
477.0 	 907 	 565 	 30.6735897064209 	 68.3447494506836 	 0.38044628969682953 
478.0 	 909 	 564 	 29.0 	 69.0 	 0.40816326530612246 
479.0 	 911 	 564 	 30.0 	 69.0 	 0.3939393939393939 
480.0 	 914 	 565 	 69.17961883544922 	 30.285301208496094 	 0.39103552900629635 
481.0 	 915 	 565 	 30.0 	 69.0 	 0.3939393939393939 
482.0 	 918 	 565 	 30.0 	 70.0 	 0.4 
483.0 	 920 	 565 	 30.0 	 70.0 	 0.4 
484.0 	 922 	 565 	 30.23833656311035 	 70.00077056884766 	 0.3966758597858693 
485.0 	 924 	 565 	 30.0 	 71.0 	 0.40594059405940597 
486.0 	 926 	 564 	 30.0 	 71.0 	 0.40594059405940597 
487.0 	 928 	 565 	 30.0 	 70.0 	 0.4 
488.0 	 931 	 564 	 30.0 	 70.0 	 0.4 
489.0 	 932 	 564 	 30.0 	 70.0 	 0.4 
490.0 	 935 	 565 	 30.0 	 69.0 	 0.3939393939393939 
491.0 	 938 	 564 	 71.18562316894531 	 28.853525161743164 	 0.42315532182730664 
492.0 	 940 	 564 	 29.0 	 70.0 	 0.41414141414141414 
493.0 	 942 	 565 	 31.0 	 69.0 	 0.38 
494.0 	 944 	 564 	 31.0 	 70.0 	 0.38613861386138615 
495.0 	 946 	 564 	 31.0 	 70.0 	 0.38613861386138615 
496.0 	 949 	 564 	 69.99998474121094 	 29.999996185302734 	 0.39999996185302006 
497.0 	 951 	 564 	 70.280517578125 	 30.785860061645508 	 0.3907793911170909 
498.0 	 953 	 564 	 70.2902603149414 	 30.770339965820312 	 0.39105170797846783 
499.0 	 955 	 565 	 31.0 	 69.0 	 0.38 
500.0 	 957 	 565 	 70.3914566040039 	 30.730390548706055 	 0.3922106564707365 
501.0 	 959 	 565 	 31.0 	 70.0 	 0.38613861386138615 
502.0 	 961 	 565 	 31.0 	 69.0 	 0.38 
503.0 	 963 	 565 	 31.0 	 69.0 	 0.38 
504.0 	 966 	 565 	 31.0 	 69.0 	 0.38 
505.0 	 968 	 565 	 30.856815338134766 	 69.24159240722656 	 0.38347040611013705 
506.0 	 970 	 565 	 30.0 	 69.0 	 0.3939393939393939 
507.0 	 972 	 565 	 70.0 	 31.0 	 0.38613861386138615 
508.0 	 975 	 565 	 69.0 	 32.0 	 0.36633663366336633 
509.0 	 977 	 565 	 69.0 	 32.0 	 0.36633663366336633 
510.0 	 980 	 564 	 70.0 	 32.0 	 0.37254901960784315 
511.0 	 982 	 565 	 70.0 	 32.0 	 0.37254901960784315 
512.0 	 984 	 565 	 32.54361343383789 	 69.49560546875 	 0.36213519107970105 
513.0 	 986 	 564 	 31.0 	 69.0 	 0.38 
514.0 	 988 	 565 	 32.0 	 69.0 	 0.36633663366336633 
515.0 	 991 	 565 	 32.0 	 68.0 	 0.36 
516.0 	 993 	 565 	 69.0 	 31.0 	 0.38 
517.0 	 995 	 565 	 31.0 	 70.0 	 0.38613861386138615 
518.0 	 997 	 565 	 31.0 	 69.0 	 0.38 
519.0 	 999 	 565 	 31.0 	 69.0 	 0.38 
520.0 	 1002 	 565 	 31.0 	 70.0 	 0.38613861386138615 
521.0 	 1004 	 565 	 32.0 	 69.0 	 0.36633663366336633 
522.0 	 1006 	 565 	 32.0 	 70.0 	 0.37254901960784315 
523.0 	 1009 	 565 	 32.0 	 70.0 	 0.37254901960784315 
524.0 	 1011 	 565 	 70.23072052001953 	 31.888996124267578 	 0.3754585858214571 
525.0 	 1013 	 565 	 32.0 	 71.0 	 0.3786407766990291 
526.0 	 1016 	 565 	 31.0 	 70.0 	 0.38613861386138615 
527.0 	 1018 	 565 	 31.0 	 70.0 	 0.38613861386138615 
528.0 	 1020 	 565 	 31.0 	 71.0 	 0.39215686274509803 
529.0 	 1022 	 565 	 32.48699951171875 	 70.91963958740234 	 0.37166511174242634 
530.0 	 1025 	 565 	 32.49974822998047 	 70.57486724853516 	 0.36939375268871005 
531.0 	 1027 	 565 	 32.582130432128906 	 70.53911590576172 	 0.3680811357657727 
532.0 	 1029 	 565 	 32.49974822998047 	 71.01625061035156 	 0.3720826037700778 
533.0 	 1031 	 565 	 32.564720153808594 	 70.47193908691406 	 0.3679003105539702 
534.0 	 1034 	 565 	 32.64628601074219 	 71.10406494140625 	 0.37067613340798716 
535.0 	 1036 	 565 	 32.60550308227539 	 71.18562316894531 	 0.37170923449938165 
536.0 	 1039 	 565 	 32.545013427734375 	 70.44688415527344 	 0.3680082765441961 
537.0 	 1041 	 565 	 32.564720153808594 	 71.38954162597656 	 0.37347984399536954 
538.0 	 1043 	 566 	 32.51345443725586 	 71.27149200439453 	 0.3734456575446525 
539.0 	 1045 	 566 	 32.38212585449219 	 71.50817108154297 	 0.37660923475019553 
540.0 	 1047 	 566 	 32.46611022949219 	 70.70758819580078 	 0.37065142134067103 
541.0 	 1049 	 566 	 31.500690460205078 	 71.3611831665039 	 0.3875147447824507 
542.0 	 1052 	 566 	 32.081268310546875 	 71.88046264648438 	 0.3828254297957681 
543.0 	 1055 	 566 	 32.003501892089844 	 70.99492645263672 	 0.3785632964227964 
544.0 	 1057 	 566 	 32.172611236572266 	 71.1125717163086 	 0.3770140049759209 
545.0 	 1059 	 566 	 32.13405227661133 	 70.60414123535156 	 0.3744477846426291 
546.0 	 1062 	 566 	 32.081268310546875 	 70.17176055908203 	 0.3725121169476551 
547.0 	 1064 	 566 	 32.13886642456055 	 70.99732208251953 	 0.3767683896452256 
548.0 	 1066 	 566 	 32.15607452392578 	 71.33863830566406 	 0.37859483552802053 
549.0 	 1069 	 566 	 32.17966842651367 	 71.05364227294922 	 0.3765642463953043 
550.0 	 1071 	 566 	 32.102264404296875 	 71.9306411743164 	 0.3828440294779896 
551.0 	 1074 	 566 	 32.222049713134766 	 71.53135681152344 	 0.3788724478077388 
552.0 	 1076 	 566 	 32.08278274536133 	 72.35431671142578 	 0.38560563416190613 
553.0 	 1078 	 566 	 32.250213623046875 	 71.84105682373047 	 0.3803473915800335 
554.0 	 1080 	 566 	 31.836843490600586 	 72.09689331054688 	 0.3873626702845712 
555.0 	 1083 	 566 	 32.0 	 71.0 	 0.3786407766990291 
556.0 	 1085 	 566 	 32.0 	 71.0 	 0.3786407766990291 
557.0 	 1088 	 566 	 32.37623977661133 	 72.58374786376953 	 0.3830746267322284 
558.0 	 1091 	 566 	 32.45945358276367 	 72.10992431640625 	 0.3791786040065686 
559.0 	 1093 	 566 	 32.45945358276367 	 73.0587387084961 	 0.3847609994461147 
560.0 	 1095 	 566 	 32.42879867553711 	 72.53118896484375 	 0.3820731232048869 
561.0 	 1098 	 566 	 32.52009201049805 	 71.70613098144531 	 0.37597101618060486 
562.0 	 1100 	 566 	 32.48699951171875 	 73.06006622314453 	 0.3844073393129306 
563.0 	 1102 	 565 	 32.55729293823242 	 72.24359130859375 	 0.3786828580271564 
564.0 	 1105 	 565 	 32.48699951171875 	 72.34659576416016 	 0.380217774154815 
565.0 	 1107 	 565 	 33.37677764892578 	 72.84941101074219 	 0.37159041343637517 
566.0 	 1109 	 565 	 33.45203399658203 	 72.84941101074219 	 0.3706193929108457 
567.0 	 1112 	 565 	 33.49299621582031 	 71.97006225585938 	 0.3648392773510492 
568.0 	 1114 	 565 	 34.0 	 72.0 	 0.3584905660377358 
569.0 	 1117 	 565 	 33.6431884765625 	 73.08342742919922 	 0.3695445472332971 
570.0 	 1119 	 565 	 34.0 	 72.0 	 0.3584905660377358 
571.0 	 1121 	 565 	 33.0 	 72.0 	 0.37142857142857144 
572.0 	 1124 	 565 	 34.0 	 73.0 	 0.3644859813084112 
573.0 	 1126 	 565 	 34.0 	 72.0 	 0.3584905660377358 
574.0 	 1128 	 565 	 33.913597106933594 	 71.88826751708984 	 0.35892250618741645 
575.0 	 1130 	 565 	 33.0 	 73.0 	 0.37735849056603776 
576.0 	 1132 	 565 	 73.0 	 34.0 	 0.3644859813084112 
577.0 	 1135 	 565 	 35.05704879760742 	 72.8153076171875 	 0.35002719950225775 
578.0 	 1137 	 565 	 34.0 	 74.0 	 0.37037037037037035 
579.0 	 1139 	 566 	 34.0 	 73.0 	 0.3644859813084112 
580.0 	 1142 	 565 	 34.0 	 74.0 	 0.37037037037037035 
581.0 	 1144 	 566 	 34.0 	 74.0 	 0.37037037037037035 
582.0 	 1146 	 565 	 34.0 	 73.0 	 0.3644859813084112 
583.0 	 1149 	 565 	 74.0 	 34.0 	 0.37037037037037035 
584.0 	 1152 	 565 	 34.0 	 74.0 	 0.37037037037037035 
585.0 	 1154 	 565 	 33.80776596069336 	 74.00755310058594 	 0.37285784144500017 
586.0 	 1156 	 565 	 34.67518615722656 	 73.87716674804688 	 0.3611343240531076 
587.0 	 1159 	 565 	 35.0 	 73.0 	 0.35185185185185186 
588.0 	 1161 	 565 	 36.0 	 74.0 	 0.34545454545454546 
589.0 	 1163 	 565 	 34.412322998046875 	 73.45570373535156 	 0.3619550845571921 
590.0 	 1165 	 565 	 34.52336502075195 	 74.30171966552734 	 0.3655256024789536 
591.0 	 1167 	 565 	 34.72291564941406 	 74.30171966552734 	 0.36302624541491274 
592.0 	 1170 	 565 	 35.54346466064453 	 73.2461166381836 	 0.34656491483293533 
593.0 	 1172 	 565 	 34.436729431152344 	 74.24221801757812 	 0.3662667841460657 
594.0 	 1174 	 565 	 34.390323638916016 	 74.90039825439453 	 0.37066343705757926 
595.0 	 1177 	 565 	 34.49518966674805 	 74.10541534423828 	 0.3647330111419099 
596.0 	 1179 	 565 	 34.44688415527344 	 74.16341400146484 	 0.36567922674215914 
597.0 	 1181 	 565 	 34.49518966674805 	 75.16583251953125 	 0.3708760144848612 
598.0 	 1184 	 565 	 34.0 	 73.0 	 0.3644859813084112 
599.0 	 1186 	 565 	 34.47859573364258 	 74.3707504272461 	 0.3664896124836569 
600.0 	 1188 	 565 	 34.43716812133789 	 75.72371673583984 	 0.3747841047939064 
601.0 	 1190 	 565 	 34.0 	 74.0 	 0.37037037037037035 
602.0 	 1193 	 565 	 34.0 	 73.0 	 0.3644859813084112 
603.0 	 1195 	 565 	 34.0 	 75.0 	 0.3761467889908257 
604.0 	 1197 	 565 	 34.0 	 76.0 	 0.38181818181818183 
605.0 	 1199 	 565 	 34.0 	 75.0 	 0.3761467889908257 
606.0 	 1202 	 565 	 34.0 	 76.0 	 0.38181818181818183 
607.0 	 1204 	 565 	 34.0 	 76.0 	 0.38181818181818183 
608.0 	 1206 	 564 	 34.0 	 75.0 	 0.3761467889908257 
609.0 	 1208 	 564 	 34.0 	 76.0 	 0.38181818181818183 
610.0 	 1210 	 565 	 34.0 	 76.0 	 0.38181818181818183 
611.0 	 1213 	 564 	 35.0 	 75.0 	 0.36363636363636365 
612.0 	 1215 	 565 	 34.91849136352539 	 77.05680084228516 	 0.37631792379080886 
613.0 	 1217 	 565 	 34.0 	 77.0 	 0.38738738738738737 
614.0 	 1219 	 565 	 35.001583099365234 	 76.93692016601562 	 0.3746283525627567 
615.0 	 1222 	 564 	 35.0 	 77.0 	 0.375 
616.0 	 1224 	 564 	 35.0 	 77.0 	 0.375 
617.0 	 1226 	 564 	 35.0 	 77.0 	 0.375 
618.0 	 1229 	 564 	 35.0 	 77.0 	 0.375 
619.0 	 1231 	 565 	 35.0 	 78.0 	 0.3805309734513274 
620.0 	 1233 	 565 	 35.0 	 77.0 	 0.375 
621.0 	 1236 	 565 	 35.0 	 78.0 	 0.3805309734513274 
622.0 	 1238 	 565 	 35.0 	 78.0 	 0.3805309734513274 
623.0 	 1240 	 565 	 79.19597625732422 	 34.912818908691406 	 0.3880783885607217 
624.0 	 1242 	 565 	 79.15571594238281 	 34.6132926940918 	 0.3915163169841546 
625.0 	 1244 	 565 	 33.75663375854492 	 79.08788299560547 	 0.40171423956577207 
626.0 	 1247 	 565 	 33.788875579833984 	 79.0556411743164 	 0.40114280158692356 
627.0 	 1249 	 565 	 34.0 	 78.0 	 0.39285714285714285 
628.0 	 1251 	 565 	 34.0 	 80.0 	 0.40350877192982454 
629.0 	 1253 	 565 	 34.0 	 80.0 	 0.40350877192982454 
630.0 	 1256 	 565 	 34.0 	 79.0 	 0.39823008849557523 
631.0 	 1258 	 565 	 34.0 	 81.0 	 0.40869565217391307 
632.0 	 1260 	 565 	 34.0 	 81.0 	 0.40869565217391307 
633.0 	 1262 	 564 	 34.0 	 80.0 	 0.40350877192982454 
634.0 	 1265 	 564 	 81.0 	 34.0 	 0.40869565217391307 
635.0 	 1267 	 565 	 34.923526763916016 	 81.09729766845703 	 0.397978303726458 
636.0 	 1269 	 564 	 35.0 	 80.0 	 0.391304347826087 
637.0 	 1272 	 565 	 34.0 	 79.0 	 0.39823008849557523 
638.0 	 1273 	 565 	 34.0 	 80.0 	 0.40350877192982454 
639.0 	 1276 	 565 	 34.0 	 79.0 	 0.39823008849557523 
640.0 	 1278 	 565 	 34.0 	 80.0 	 0.40350877192982454 
641.0 	 1281 	 565 	 35.0 	 79.0 	 0.38596491228070173 
642.0 	 1283 	 565 	 79.0 	 35.0 	 0.38596491228070173 
643.0 	 1285 	 565 	 34.0 	 79.0 	 0.39823008849557523 
644.0 	 1287 	 565 	 34.0 	 80.0 	 0.40350877192982454 
645.0 	 1290 	 565 	 34.0 	 79.0 	 0.39823008849557523 
646.0 	 1292 	 565 	 34.0 	 79.0 	 0.39823008849557523 
647.0 	 1294 	 565 	 35.0 	 81.0 	 0.39655172413793105 
648.0 	 1297 	 565 	 80.28679656982422 	 34.85884094238281 	 0.3945260681076642 
649.0 	 1299 	 565 	 36.0 	 78.0 	 0.3684210526315789 
650.0 	 1301 	 565 	 34.0 	 80.0 	 0.40350877192982454 
651.0 	 1303 	 565 	 34.0 	 80.0 	 0.40350877192982454 
652.0 	 1305 	 565 	 34.0 	 79.0 	 0.39823008849557523 
653.0 	 1308 	 565 	 34.777427673339844 	 80.10384368896484 	 0.39455009052500517 
654.0 	 1309 	 565 	 34.0 	 80.0 	 0.40350877192982454 
655.0 	 1312 	 565 	 35.167991638183594 	 80.15418243408203 	 0.3900914213402553 
656.0 	 1314 	 565 	 35.46174240112305 	 80.04530334472656 	 0.3859813109730191 
657.0 	 1316 	 565 	 34.70012283325195 	 81.10975646972656 	 0.40073984979346233 
658.0 	 1319 	 565 	 34.68106460571289 	 81.02429962158203 	 0.4005279731441938 
659.0 	 1321 	 565 	 34.79213333129883 	 80.0802230834961 	 0.3942470683605165 
660.0 	 1323 	 565 	 34.55522918701172 	 82.00623321533203 	 0.40708998540641333 
661.0 	 1325 	 565 	 34.0 	 80.0 	 0.40350877192982454 
662.0 	 1327 	 565 	 34.0 	 80.0 	 0.40350877192982454 
663.0 	 1330 	 565 	 34.0 	 80.0 	 0.40350877192982454 
664.0 	 1332 	 565 	 34.0 	 79.0 	 0.39823008849557523 
665.0 	 1334 	 565 	 34.0 	 80.0 	 0.40350877192982454 
666.0 	 1337 	 565 	 34.0 	 81.0 	 0.40869565217391307 
667.0 	 1339 	 565 	 34.0 	 81.0 	 0.40869565217391307 
668.0 	 1341 	 565 	 34.0 	 81.0 	 0.40869565217391307 
669.0 	 1343 	 565 	 81.0 	 35.0 	 0.39655172413793105 
670.0 	 1345 	 565 	 81.0 	 35.0 	 0.39655172413793105 
671.0 	 1348 	 564 	 81.0 	 35.0 	 0.39655172413793105 
672.0 	 1350 	 565 	 35.0 	 81.0 	 0.39655172413793105 
673.0 	 1352 	 564 	 34.0 	 81.0 	 0.40869565217391307 
674.0 	 1354 	 565 	 33.0 	 82.0 	 0.4260869565217391 
675.0 	 1356 	 564 	 33.0 	 80.0 	 0.415929203539823 
676.0 	 1358 	 564 	 34.0 	 82.0 	 0.41379310344827586 
677.0 	 1361 	 564 	 34.0 	 81.0 	 0.40869565217391307 
678.0 	 1363 	 564 	 34.0 	 81.0 	 0.40869565217391307 
679.0 	 1365 	 564 	 34.619468688964844 	 81.09729766845703 	 0.4016516399700723 
680.0 	 1368 	 564 	 34.64604568481445 	 81.87001037597656 	 0.40530006153421044 
681.0 	 1369 	 564 	 34.464412689208984 	 80.91645050048828 	 0.40259741977235575 
682.0 	 1371 	 564 	 34.0 	 82.0 	 0.41379310344827586 
683.0 	 1373 	 564 	 34.0 	 81.0 	 0.40869565217391307 
684.0 	 1376 	 564 	 34.962154388427734 	 80.05585479736328 	 0.39205773711571323 
685.0 	 1378 	 564 	 34.0 	 80.0 	 0.40350877192982454 
686.0 	 1380 	 564 	 34.0 	 80.0 	 0.40350877192982454 
687.0 	 1382 	 564 	 34.0 	 79.0 	 0.39823008849557523 
688.0 	 1384 	 564 	 34.0 	 80.0 	 0.40350877192982454 
689.0 	 1386 	 564 	 34.0 	 82.0 	 0.41379310344827586 
690.0 	 1388 	 564 	 34.0 	 81.0 	 0.40869565217391307 
691.0 	 1390 	 564 	 34.0 	 80.0 	 0.40350877192982454 
692.0 	 1392 	 564 	 35.0 	 80.0 	 0.391304347826087 
693.0 	 1394 	 564 	 35.0 	 81.0 	 0.39655172413793105 
694.0 	 1397 	 564 	 35.0 	 80.0 	 0.391304347826087 
695.0 	 1399 	 564 	 35.0 	 81.0 	 0.39655172413793105 
696.0 	 1401 	 564 	 35.0 	 81.0 	 0.39655172413793105 
697.0 	 1403 	 564 	 33.0 	 81.0 	 0.42105263157894735 
698.0 	 1405 	 564 	 34.0 	 81.0 	 0.40869565217391307 
699.0 	 1407 	 564 	 34.0 	 82.0 	 0.41379310344827586 
700.0 	 1410 	 564 	 34.0 	 85.0 	 0.42857142857142855 
701.0 	 1412 	 564 	 34.0 	 85.0 	 0.42857142857142855 
702.0 	 1415 	 564 	 34.0 	 85.0 	 0.42857142857142855 
703.0 	 1417 	 564 	 34.0 	 83.0 	 0.4188034188034188 
704.0 	 1419 	 564 	 34.0 	 82.0 	 0.41379310344827586 
705.0 	 1421 	 564 	 35.0 	 83.0 	 0.4067796610169492 
706.0 	 1423 	 564 	 35.0 	 83.0 	 0.4067796610169492 
707.0 	 1425 	 564 	 34.0 	 81.0 	 0.40869565217391307 
708.0 	 1427 	 564 	 82.0 	 35.0 	 0.4017094017094017 
709.0 	 1428 	 564 	 34.0 	 81.0 	 0.40869565217391307 
710.0 	 1431 	 564 	 34.0 	 80.0 	 0.40350877192982454 
711.0 	 1433 	 564 	 34.0 	 82.0 	 0.41379310344827586 
712.0 	 1435 	 564 	 34.0 	 82.0 	 0.41379310344827586 
713.0 	 1438 	 564 	 34.0 	 81.0 	 0.40869565217391307 
714.0 	 1439 	 564 	 34.0 	 81.0 	 0.40869565217391307 
715.0 	 1441 	 564 	 34.0 	 82.0 	 0.41379310344827586 
716.0 	 1444 	 564 	 35.0 	 81.0 	 0.39655172413793105 
717.0 	 1446 	 564 	 35.0 	 82.0 	 0.4017094017094017 
718.0 	 1448 	 564 	 35.0 	 82.0 	 0.4017094017094017 
719.0 	 1450 	 564 	 35.0 	 81.0 	 0.39655172413793105 
720.0 	 1452 	 564 	 35.70298767089844 	 82.0933837890625 	 0.3938185492745181 
721.0 	 1454 	 564 	 35.0 	 81.0 	 0.39655172413793105 
722.0 	 1456 	 564 	 35.0 	 80.0 	 0.391304347826087 
723.0 	 1458 	 564 	 35.0 	 80.0 	 0.391304347826087 
724.0 	 1461 	 564 	 36.0 	 81.0 	 0.38461538461538464 
725.0 	 1463 	 564 	 36.0 	 81.0 	 0.38461538461538464 
726.0 	 1465 	 564 	 36.0 	 79.0 	 0.3739130434782609 
727.0 	 1467 	 564 	 36.0 	 81.0 	 0.38461538461538464 
728.0 	 1469 	 564 	 37.0 	 81.0 	 0.3728813559322034 
729.0 	 1472 	 564 	 36.0 	 81.0 	 0.38461538461538464 
730.0 	 1474 	 564 	 36.0 	 82.0 	 0.3898305084745763 
731.0 	 1475 	 564 	 36.0 	 82.0 	 0.3898305084745763 
732.0 	 1478 	 564 	 36.0 	 81.0 	 0.38461538461538464 
733.0 	 1480 	 564 	 36.0 	 81.0 	 0.38461538461538464 
734.0 	 1482 	 564 	 36.0 	 83.0 	 0.3949579831932773 
735.0 	 1484 	 564 	 36.0 	 83.0 	 0.3949579831932773 
736.0 	 1486 	 564 	 36.0 	 84.0 	 0.4 
737.0 	 1488 	 564 	 37.0 	 85.0 	 0.39344262295081966 
738.0 	 1490 	 564 	 36.0 	 86.0 	 0.4098360655737705 
739.0 	 1493 	 564 	 36.0 	 81.0 	 0.38461538461538464 
740.0 	 1495 	 565 	 36.36190414428711 	 81.4272689819336 	 0.3825934391215674 
741.0 	 1497 	 564 	 36.0 	 81.0 	 0.38461538461538464 
742.0 	 1499 	 564 	 36.0 	 80.0 	 0.3793103448275862 
743.0 	 1502 	 564 	 36.0 	 83.0 	 0.3949579831932773 
744.0 	 1504 	 564 	 36.0 	 82.0 	 0.3898305084745763 
745.0 	 1507 	 564 	 35.0 	 80.0 	 0.391304347826087 
746.0 	 1509 	 564 	 36.0 	 82.0 	 0.3898305084745763 
747.0 	 1511 	 564 	 35.0 	 80.0 	 0.391304347826087 
748.0 	 1514 	 564 	 36.0 	 80.0 	 0.3793103448275862 
749.0 	 1516 	 564 	 37.0 	 81.0 	 0.3728813559322034 
750.0 	 1518 	 565 	 35.0 	 82.0 	 0.4017094017094017 
751.0 	 1520 	 564 	 36.0 	 79.0 	 0.3739130434782609 
752.0 	 1522 	 564 	 36.0 	 81.0 	 0.38461538461538464 
753.0 	 1525 	 565 	 35.0 	 81.0 	 0.39655172413793105 
754.0 	 1527 	 564 	 35.0 	 79.0 	 0.38596491228070173 
755.0 	 1530 	 564 	 80.09371948242188 	 36.86556625366211 	 0.369600010436992 
756.0 	 1531 	 565 	 36.0 	 81.0 	 0.38461538461538464 
757.0 	 1533 	 564 	 35.0 	 80.0 	 0.391304347826087 
758.0 	 1536 	 564 	 35.0 	 79.0 	 0.38596491228070173 
759.0 	 1538 	 565 	 36.0 	 81.0 	 0.38461538461538464 
760.0 	 1541 	 565 	 36.0 	 81.0 	 0.38461538461538464 
761.0 	 1543 	 564 	 36.0 	 78.0 	 0.3684210526315789 
762.0 	 1545 	 565 	 36.0 	 80.0 	 0.3793103448275862 
763.0 	 1547 	 565 	 36.0 	 80.0 	 0.3793103448275862 
764.0 	 1550 	 564 	 35.0 	 78.0 	 0.3805309734513274 
765.0 	 1552 	 565 	 35.0 	 80.0 	 0.391304347826087 
766.0 	 1554 	 565 	 35.0 	 80.0 	 0.391304347826087 
767.0 	 1557 	 564 	 35.0 	 78.0 	 0.3805309734513274 
768.0 	 1559 	 564 	 35.0 	 80.0 	 0.391304347826087 
769.0 	 1561 	 565 	 33.0 	 81.0 	 0.42105263157894735 
770.0 	 1563 	 564 	 33.0 	 79.0 	 0.4107142857142857 
771.0 	 1565 	 564 	 34.0 	 81.0 	 0.40869565217391307 
772.0 	 1568 	 565 	 35.0 	 82.0 	 0.4017094017094017 
773.0 	 1570 	 565 	 34.0 	 79.0 	 0.39823008849557523 
774.0 	 1572 	 565 	 34.0 	 80.0 	 0.40350877192982454 
775.0 	 1574 	 564 	 34.0 	 82.0 	 0.41379310344827586 
776.0 	 1576 	 564 	 34.0 	 81.0 	 0.40869565217391307 
777.0 	 1579 	 564 	 34.0 	 80.0 	 0.40350877192982454 
778.0 	 1581 	 565 	 35.0 	 81.0 	 0.39655172413793105 
779.0 	 1583 	 564 	 35.0 	 80.0 	 0.391304347826087 
780.0 	 1586 	 564 	 34.0 	 80.0 	 0.40350877192982454 
781.0 	 1587 	 565 	 33.0 	 81.0 	 0.42105263157894735 
782.0 	 1590 	 564 	 33.0 	 80.0 	 0.415929203539823 
783.0 	 1592 	 564 	 33.842350006103516 	 78.15801239013672 	 0.3956742767246693 
784.0 	 1594 	 564 	 33.92889404296875 	 80.01390075683594 	 0.4044574015832915 
785.0 	 1596 	 564 	 33.85293197631836 	 79.09675598144531 	 0.40056617086047547 
786.0 	 1599 	 564 	 32.0 	 78.0 	 0.41818181818181815 
787.0 	 1601 	 564 	 79.0 	 34.0 	 0.39823008849557523 
788.0 	 1603 	 564 	 33.0 	 81.0 	 0.42105263157894735 
789.0 	 1605 	 564 	 33.0 	 79.0 	 0.4107142857142857 
790.0 	 1608 	 564 	 34.0 	 80.0 	 0.40350877192982454 
791.0 	 1610 	 564 	 34.0 	 81.0 	 0.40869565217391307 
792.0 	 1612 	 564 	 80.0 	 34.0 	 0.40350877192982454 
793.0 	 1614 	 564 	 32.0 	 79.0 	 0.42342342342342343 
794.0 	 1616 	 564 	 33.0 	 81.0 	 0.42105263157894735 
795.0 	 1618 	 564 	 33.0 	 79.0 	 0.4107142857142857 
796.0 	 1620 	 564 	 32.0 	 78.0 	 0.41818181818181815 
797.0 	 1622 	 564 	 33.0 	 80.0 	 0.415929203539823 
798.0 	 1625 	 564 	 33.0 	 79.0 	 0.4107142857142857 
799.0 	 1627 	 564 	 32.0 	 78.0 	 0.41818181818181815 
800.0 	 1629 	 564 	 33.0 	 79.0 	 0.4107142857142857 
801.0 	 1632 	 564 	 33.0 	 78.0 	 0.40540540540540543 
802.0 	 1634 	 564 	 32.0 	 77.0 	 0.41284403669724773 
803.0 	 1636 	 564 	 32.0 	 78.0 	 0.41818181818181815 
804.0 	 1638 	 564 	 32.0 	 79.0 	 0.42342342342342343 
805.0 	 1640 	 564 	 32.0 	 77.0 	 0.41284403669724773 
806.0 	 1642 	 564 	 33.0 	 78.0 	 0.40540540540540543 
807.0 	 1645 	 564 	 33.0 	 79.0 	 0.4107142857142857 
808.0 	 1647 	 564 	 33.0 	 78.0 	 0.40540540540540543 
809.0 	 1649 	 564 	 33.0 	 77.0 	 0.4 
810.0 	 1651 	 564 	 34.0 	 79.0 	 0.39823008849557523 
811.0 	 1653 	 564 	 33.0 	 79.0 	 0.4107142857142857 
812.0 	 1655 	 564 	 77.0 	 34.0 	 0.38738738738738737 
813.0 	 1657 	 564 	 33.0 	 79.0 	 0.4107142857142857 
814.0 	 1660 	 564 	 33.0 	 79.0 	 0.4107142857142857 
815.0 	 1662 	 564 	 33.0 	 77.0 	 0.4 
816.0 	 1664 	 564 	 79.0 	 34.0 	 0.39823008849557523 
817.0 	 1666 	 564 	 32.0 	 79.0 	 0.42342342342342343 
818.0 	 1669 	 564 	 32.0 	 78.0 	 0.41818181818181815 
819.0 	 1671 	 564 	 33.0 	 80.0 	 0.415929203539823 
820.0 	 1674 	 564 	 33.0 	 80.0 	 0.415929203539823 
821.0 	 1676 	 564 	 33.0 	 79.0 	 0.4107142857142857 
822.0 	 1678 	 564 	 33.0 	 79.0 	 0.4107142857142857 
823.0 	 1680 	 564 	 34.0 	 80.0 	 0.40350877192982454 
824.0 	 1682 	 564 	 34.0 	 80.0 	 0.40350877192982454 
825.0 	 1685 	 564 	 33.0 	 80.0 	 0.415929203539823 
826.0 	 1687 	 564 	 34.0 	 82.0 	 0.41379310344827586 
827.0 	 1689 	 564 	 34.0 	 82.0 	 0.41379310344827586 
828.0 	 1691 	 564 	 33.0 	 81.0 	 0.42105263157894735 
829.0 	 1694 	 564 	 32.0 	 81.0 	 0.4336283185840708 
830.0 	 1696 	 564 	 34.0 	 83.0 	 0.4188034188034188 
831.0 	 1698 	 564 	 33.0 	 80.0 	 0.415929203539823 
832.0 	 1700 	 564 	 33.0 	 82.0 	 0.4260869565217391 
833.0 	 1703 	 564 	 83.0 	 34.0 	 0.4188034188034188 
834.0 	 1705 	 564 	 80.0 	 34.0 	 0.40350877192982454 
835.0 	 1707 	 564 	 33.0 	 81.0 	 0.42105263157894735 
836.0 	 1710 	 564 	 34.0 	 82.0 	 0.41379310344827586 
837.0 	 1712 	 564 	 34.0 	 80.0 	 0.40350877192982454 
838.0 	 1715 	 564 	 80.15292358398438 	 34.76856231689453 	 0.3949162413913998 
839.0 	 1716 	 564 	 34.0 	 81.0 	 0.40869565217391307 
840.0 	 1718 	 564 	 79.86792755126953 	 33.98484420776367 	 0.4030036566928415 
841.0 	 1721 	 564 	 32.0 	 79.0 	 0.42342342342342343 
842.0 	 1723 	 564 	 80.0 	 35.0 	 0.391304347826087 
843.0 	 1725 	 564 	 34.0 	 80.0 	 0.40350877192982454 
844.0 	 1728 	 564 	 33.0 	 78.0 	 0.40540540540540543 
845.0 	 1730 	 564 	 34.0 	 80.0 	 0.40350877192982454 
846.0 	 1732 	 564 	 34.0 	 81.0 	 0.40869565217391307 
847.0 	 1735 	 564 	 34.0 	 79.0 	 0.39823008849557523 
848.0 	 1737 	 564 	 33.0 	 80.0 	 0.415929203539823 
849.0 	 1739 	 564 	 34.0 	 82.0 	 0.41379310344827586 
850.0 	 1742 	 564 	 33.68427658081055 	 79.7194595336914 	 0.4059406200374198 
851.0 	 1744 	 564 	 34.238990783691406 	 80.49260711669922 	 0.40314627512784196 
852.0 	 1746 	 564 	 34.0 	 81.0 	 0.40869565217391307 
853.0 	 1748 	 564 	 33.0 	 80.0 	 0.415929203539823 
854.0 	 1750 	 564 	 33.0 	 81.0 	 0.42105263157894735 
855.0 	 1752 	 564 	 34.0 	 82.0 	 0.41379310344827586 
856.0 	 1755 	 564 	 33.0 	 80.0 	 0.415929203539823 
857.0 	 1757 	 564 	 33.0 	 79.0 	 0.4107142857142857 
858.0 	 1759 	 564 	 35.0 	 81.0 	 0.39655172413793105 
859.0 	 1762 	 564 	 34.0 	 80.0 	 0.40350877192982454 
860.0 	 1764 	 564 	 34.0 	 79.0 	 0.39823008849557523 
861.0 	 1766 	 564 	 33.0 	 81.0 	 0.42105263157894735 
862.0 	 1768 	 564 	 33.0 	 81.0 	 0.42105263157894735 
863.0 	 1771 	 564 	 32.0 	 79.0 	 0.42342342342342343 
864.0 	 1773 	 564 	 81.0 	 34.0 	 0.40869565217391307 
865.0 	 1776 	 564 	 31.0 	 81.0 	 0.44642857142857145 
866.0 	 1779 	 564 	 33.0 	 80.0 	 0.415929203539823 
867.0 	 1781 	 564 	 33.919525146484375 	 81.05267333984375 	 0.4099525695245725 
868.0 	 1783 	 564 	 33.0 	 82.0 	 0.4260869565217391 
869.0 	 1785 	 564 	 32.0 	 80.0 	 0.42857142857142855 
870.0 	 1787 	 564 	 32.0 	 82.0 	 0.43859649122807015 
871.0 	 1790 	 564 	 81.0 	 33.0 	 0.42105263157894735 
872.0 	 1793 	 564 	 32.0 	 79.0 	 0.42342342342342343 
873.0 	 1795 	 564 	 32.0 	 81.0 	 0.4336283185840708 
874.0 	 1797 	 564 	 32.0 	 82.0 	 0.43859649122807015 
875.0 	 1800 	 564 	 32.0 	 80.0 	 0.42857142857142855 
876.0 	 1803 	 564 	 32.0 	 80.0 	 0.42857142857142855 
877.0 	 1804 	 564 	 30.0 	 81.0 	 0.4594594594594595 
878.0 	 1807 	 564 	 30.0 	 81.0 	 0.4594594594594595 
879.0 	 1810 	 564 	 30.0 	 80.0 	 0.45454545454545453 
880.0 	 1812 	 564 	 32.0 	 82.0 	 0.43859649122807015 
881.0 	 1815 	 564 	 32.0 	 83.0 	 0.4434782608695652 
882.0 	 1818 	 564 	 30.0 	 79.0 	 0.44954128440366975 
883.0 	 1820 	 564 	 31.97443389892578 	 82.01441955566406 	 0.4389901656188944 
884.0 	 1823 	 564 	 31.0 	 81.0 	 0.44642857142857145 
885.0 	 1826 	 564 	 31.0 	 79.0 	 0.43636363636363634 
886.0 	 1828 	 564 	 32.0 	 81.0 	 0.4336283185840708 
887.0 	 1830 	 564 	 32.0 	 83.0 	 0.4434782608695652 
888.0 	 1834 	 564 	 32.0 	 79.0 	 0.42342342342342343 
889.0 	 1836 	 564 	 32.0 	 82.0 	 0.43859649122807015 
890.0 	 1838 	 564 	 33.0 	 81.0 	 0.42105263157894735 
891.0 	 1840 	 564 	 32.442623138427734 	 80.76141357421875 	 0.4268292177463768 
892.0 	 1843 	 564 	 32.0 	 81.0 	 0.4336283185840708 
893.0 	 1845 	 564 	 33.0 	 84.0 	 0.4358974358974359 
894.0 	 1848 	 564 	 33.55951690673828 	 82.08983612060547 	 0.4196332961965887 
895.0 	 1851 	 564 	 33.0 	 80.0 	 0.415929203539823 
896.0 	 1853 	 564 	 33.0 	 83.0 	 0.43103448275862066 
897.0 	 1855 	 564 	 33.0 	 83.0 	 0.43103448275862066 
898.0 	 1858 	 564 	 33.0 	 81.0 	 0.42105263157894735 
899.0 	 1860 	 564 	 33.0 	 83.0 	 0.43103448275862066 
900.0 	 1863 	 564 	 33.0 	 84.0 	 0.4358974358974359 
901.0 	 1865 	 565 	 32.0 	 80.0 	 0.42857142857142855 
902.0 	 1867 	 564 	 33.96560287475586 	 83.95899200439453 	 0.4239437004712384 
903.0 	 1870 	 565 	 33.0 	 83.0 	 0.43103448275862066 
904.0 	 1872 	 565 	 32.86751937866211 	 80.14727783203125 	 0.4183501596275534 
905.0 	 1874 	 565 	 33.0 	 81.0 	 0.42105263157894735 
906.0 	 1877 	 565 	 34.0 	 82.0 	 0.41379310344827586 
907.0 	 1879 	 565 	 33.0 	 80.0 	 0.415929203539823 
908.0 	 1881 	 564 	 33.0 	 78.0 	 0.40540540540540543 
909.0 	 1882 	 565 	 35.0 	 79.0 	 0.38596491228070173 
910.0 	 1885 	 566 	 34.36003112792969 	 73.85873413085938 	 0.3649894074144574 
911.0 	 1886 	 567 	 33.30124282836914 	 71.83434295654297 	 0.36650863587715576 
912.0 	 1887 	 568 	 33.96560287475586 	 71.91738891601562 	 0.3584313722099374 
913.0 	 1888 	 567 	 32.0 	 67.0 	 0.35353535353535354 
914.0 	 1889 	 568 	 31.0 	 65.0 	 0.3541666666666667 
915.0 	 1890 	 568 	 33.0 	 63.0 	 0.3125 
916.0 	 1891 	 567 	 32.0 	 60.0 	 0.30434782608695654 
917.0 	 1893 	 567 	 32.0 	 57.0 	 0.2808988764044944 
918.0 	 1894 	 567 	 33.0 	 56.0 	 0.25842696629213485 
919.0 	 1895 	 567 	 32.0 	 53.0 	 0.24705882352941178 
920.0 	 1896 	 567 	 30.0 	 50.0 	 0.25 
921.0 	 1897 	 568 	 32.0 	 49.0 	 0.20987654320987653 
922.0 	 1897 	 568 	 32.0 	 48.0 	 0.2 
923.0 	 1899 	 567 	 30.0 	 43.0 	 0.1780821917808219 
924.0 	 1900 	 568 	 30.0 	 42.0 	 0.16666666666666666 
925.0 	 1901 	 568 	 28.0 	 40.0 	 0.17647058823529413 
926.0 	 1901 	 568 	 27.0 	 38.0 	 0.16923076923076924 
927.0 	 1903 	 568 	 27.0 	 35.0 	 0.12903225806451613 
928.0 	 1903 	 568 	 28.0 	 34.0 	 0.0967741935483871 
929.0 	 1905 	 569 	 27.0 	 31.0 	 0.06896551724137931 
930.0 	 1906 	 569 	 28.0 	 26.0 	 0.037037037037037035 
931.0 	 1906 	 569 	 27.0 	 28.0 	 0.01818181818181818 
932.0 	 1908 	 569 	 26.0 	 24.0 	 0.04 
