frame 	 x 	 y 	 width 	 height 	 deformation 
1.0 	 90 	 583 	 37.0 	 41.0 	 0.05128205128205128 
2.0 	 90 	 583 	 37.0 	 42.0 	 0.06329113924050633 
3.0 	 91 	 583 	 37.0 	 41.0 	 0.05128205128205128 
4.0 	 91 	 583 	 37.0 	 42.0 	 0.06329113924050633 
5.0 	 91 	 583 	 37.0 	 41.0 	 0.05128205128205128 
6.0 	 92 	 583 	 37.0 	 41.0 	 0.05128205128205128 
7.0 	 92 	 583 	 37.0 	 41.0 	 0.05128205128205128 
8.0 	 92 	 583 	 37.0 	 42.0 	 0.06329113924050633 
9.0 	 92 	 583 	 37.0 	 41.0 	 0.05128205128205128 
10.0 	 93 	 583 	 37.0 	 41.0 	 0.05128205128205128 
11.0 	 93 	 583 	 37.0 	 42.0 	 0.06329113924050633 
12.0 	 93 	 583 	 37.0 	 41.0 	 0.05128205128205128 
13.0 	 94 	 583 	 37.0 	 42.0 	 0.06329113924050633 
14.0 	 94 	 583 	 37.0 	 42.0 	 0.06329113924050633 
15.0 	 94 	 583 	 37.0 	 41.0 	 0.05128205128205128 
16.0 	 95 	 583 	 37.0 	 41.0 	 0.05128205128205128 
17.0 	 95 	 583 	 38.0 	 42.0 	 0.05 
18.0 	 95 	 583 	 38.0 	 41.0 	 0.0379746835443038 
19.0 	 96 	 583 	 37.0 	 41.0 	 0.05128205128205128 
20.0 	 96 	 583 	 37.0 	 42.0 	 0.06329113924050633 
21.0 	 96 	 583 	 38.0 	 41.0 	 0.0379746835443038 
22.0 	 96 	 583 	 38.0 	 41.0 	 0.0379746835443038 
23.0 	 97 	 583 	 37.0 	 42.0 	 0.06329113924050633 
24.0 	 97 	 583 	 37.0 	 41.0 	 0.05128205128205128 
25.0 	 98 	 583 	 38.0 	 41.0 	 0.0379746835443038 
26.0 	 98 	 583 	 38.0 	 41.0 	 0.0379746835443038 
27.0 	 99 	 583 	 37.0 	 41.0 	 0.05128205128205128 
28.0 	 100 	 583 	 36.0 	 41.0 	 0.06493506493506493 
29.0 	 100 	 583 	 36.0 	 41.0 	 0.06493506493506493 
30.0 	 101 	 583 	 41.0 	 37.0 	 0.05128205128205128 
31.0 	 102 	 583 	 36.0 	 41.0 	 0.06493506493506493 
32.0 	 103 	 583 	 36.0 	 41.0 	 0.06493506493506493 
33.0 	 104 	 583 	 36.0 	 41.0 	 0.06493506493506493 
34.0 	 105 	 583 	 36.0 	 40.0 	 0.05263157894736842 
35.0 	 106 	 583 	 36.0 	 40.0 	 0.05263157894736842 
36.0 	 107 	 583 	 36.0 	 41.0 	 0.06493506493506493 
37.0 	 109 	 583 	 38.0 	 40.0 	 0.02564102564102564 
38.0 	 110 	 583 	 37.0 	 41.0 	 0.05128205128205128 
39.0 	 111 	 583 	 37.0 	 41.0 	 0.05128205128205128 
40.0 	 113 	 583 	 36.0 	 41.0 	 0.06493506493506493 
41.0 	 114 	 583 	 36.0 	 41.0 	 0.06493506493506493 
42.0 	 115 	 583 	 36.0 	 40.0 	 0.05263157894736842 
43.0 	 117 	 583 	 36.0 	 41.0 	 0.06493506493506493 
44.0 	 119 	 583 	 36.0 	 41.0 	 0.06493506493506493 
45.0 	 120 	 583 	 36.0 	 40.0 	 0.05263157894736842 
46.0 	 122 	 583 	 36.0 	 40.0 	 0.05263157894736842 
47.0 	 124 	 583 	 36.0 	 40.0 	 0.05263157894736842 
48.0 	 125 	 583 	 36.0 	 41.0 	 0.06493506493506493 
49.0 	 127 	 583 	 36.0 	 41.0 	 0.06493506493506493 
50.0 	 129 	 583 	 36.0 	 41.0 	 0.06493506493506493 
51.0 	 130 	 583 	 36.0 	 41.0 	 0.06493506493506493 
52.0 	 132 	 583 	 36.0 	 41.0 	 0.06493506493506493 
53.0 	 134 	 583 	 36.0 	 41.0 	 0.06493506493506493 
54.0 	 135 	 583 	 36.0 	 41.0 	 0.06493506493506493 
55.0 	 137 	 583 	 36.0 	 41.0 	 0.06493506493506493 
56.0 	 139 	 583 	 36.0 	 40.0 	 0.05263157894736842 
57.0 	 140 	 583 	 36.0 	 40.0 	 0.05263157894736842 
58.0 	 142 	 583 	 36.0 	 40.0 	 0.05263157894736842 
59.0 	 144 	 583 	 36.0 	 40.0 	 0.05263157894736842 
60.0 	 146 	 583 	 36.0 	 40.0 	 0.05263157894736842 
61.0 	 148 	 583 	 36.0 	 41.0 	 0.06493506493506493 
62.0 	 150 	 583 	 36.0 	 41.0 	 0.06493506493506493 
63.0 	 152 	 583 	 36.0 	 41.0 	 0.06493506493506493 
64.0 	 153 	 583 	 36.0 	 41.0 	 0.06493506493506493 
65.0 	 155 	 583 	 41.0 	 36.0 	 0.06493506493506493 
66.0 	 158 	 583 	 35.0 	 41.0 	 0.07894736842105263 
67.0 	 159 	 583 	 35.0 	 41.0 	 0.07894736842105263 
68.0 	 161 	 584 	 35.0 	 41.0 	 0.07894736842105263 
69.0 	 163 	 583 	 35.0 	 41.0 	 0.07894736842105263 
70.0 	 165 	 583 	 35.0 	 41.0 	 0.07894736842105263 
71.0 	 167 	 583 	 35.0 	 40.0 	 0.06666666666666667 
72.0 	 169 	 583 	 35.0 	 40.0 	 0.06666666666666667 
73.0 	 171 	 584 	 35.0 	 41.0 	 0.07894736842105263 
74.0 	 173 	 584 	 35.0 	 40.0 	 0.06666666666666667 
75.0 	 175 	 583 	 36.0 	 40.0 	 0.05263157894736842 
76.0 	 177 	 583 	 35.0 	 40.0 	 0.06666666666666667 
77.0 	 179 	 584 	 35.0 	 41.0 	 0.07894736842105263 
78.0 	 181 	 583 	 35.0 	 41.0 	 0.07894736842105263 
79.0 	 183 	 583 	 35.0 	 41.0 	 0.07894736842105263 
80.0 	 185 	 583 	 35.0 	 41.0 	 0.07894736842105263 
81.0 	 187 	 583 	 35.0 	 41.0 	 0.07894736842105263 
82.0 	 189 	 583 	 35.0 	 41.0 	 0.07894736842105263 
83.0 	 191 	 583 	 35.0 	 41.0 	 0.07894736842105263 
84.0 	 193 	 583 	 35.0 	 42.0 	 0.09090909090909091 
85.0 	 195 	 583 	 35.0 	 42.0 	 0.09090909090909091 
86.0 	 197 	 584 	 35.0 	 42.0 	 0.09090909090909091 
87.0 	 199 	 584 	 36.0 	 42.0 	 0.07692307692307693 
88.0 	 201 	 583 	 35.0 	 42.0 	 0.09090909090909091 
89.0 	 203 	 584 	 35.0 	 42.0 	 0.09090909090909091 
90.0 	 205 	 584 	 35.0 	 42.0 	 0.09090909090909091 
91.0 	 207 	 584 	 35.0 	 42.0 	 0.09090909090909091 
92.0 	 209 	 584 	 35.0 	 42.0 	 0.09090909090909091 
93.0 	 211 	 584 	 35.0 	 42.0 	 0.09090909090909091 
94.0 	 213 	 584 	 35.0 	 42.0 	 0.09090909090909091 
95.0 	 215 	 584 	 35.0 	 42.0 	 0.09090909090909091 
96.0 	 217 	 584 	 35.0 	 42.0 	 0.09090909090909091 
97.0 	 219 	 584 	 35.0 	 42.0 	 0.09090909090909091 
98.0 	 222 	 584 	 35.0 	 43.0 	 0.10256410256410256 
99.0 	 224 	 584 	 35.0 	 43.0 	 0.10256410256410256 
100.0 	 226 	 584 	 35.0 	 43.0 	 0.10256410256410256 
101.0 	 228 	 584 	 35.0 	 43.0 	 0.10256410256410256 
102.0 	 230 	 584 	 35.0 	 43.0 	 0.10256410256410256 
103.0 	 232 	 584 	 35.0 	 43.0 	 0.10256410256410256 
104.0 	 234 	 584 	 35.0 	 43.0 	 0.10256410256410256 
105.0 	 236 	 584 	 35.0 	 43.0 	 0.10256410256410256 
106.0 	 238 	 584 	 35.0 	 44.0 	 0.11392405063291139 
107.0 	 240 	 584 	 35.0 	 43.0 	 0.10256410256410256 
108.0 	 242 	 584 	 36.0 	 43.0 	 0.08860759493670886 
109.0 	 245 	 584 	 36.0 	 43.0 	 0.08860759493670886 
110.0 	 247 	 584 	 36.0 	 43.0 	 0.08860759493670886 
111.0 	 249 	 584 	 36.0 	 43.0 	 0.08860759493670886 
112.0 	 251 	 584 	 36.0 	 43.0 	 0.08860759493670886 
113.0 	 253 	 584 	 36.0 	 43.0 	 0.08860759493670886 
114.0 	 255 	 584 	 36.0 	 43.0 	 0.08860759493670886 
115.0 	 257 	 584 	 36.0 	 44.0 	 0.1 
116.0 	 259 	 584 	 36.0 	 43.0 	 0.08860759493670886 
117.0 	 262 	 584 	 36.0 	 43.0 	 0.08860759493670886 
118.0 	 264 	 584 	 36.0 	 43.0 	 0.08860759493670886 
119.0 	 266 	 584 	 36.0 	 43.0 	 0.08860759493670886 
120.0 	 268 	 584 	 36.0 	 44.0 	 0.1 
121.0 	 270 	 584 	 36.0 	 44.0 	 0.1 
122.0 	 272 	 584 	 36.0 	 44.0 	 0.1 
123.0 	 274 	 584 	 35.0 	 44.0 	 0.11392405063291139 
124.0 	 276 	 584 	 35.0 	 43.0 	 0.10256410256410256 
125.0 	 278 	 584 	 35.0 	 43.0 	 0.10256410256410256 
126.0 	 280 	 584 	 35.0 	 43.0 	 0.10256410256410256 
127.0 	 282 	 584 	 35.0 	 43.0 	 0.10256410256410256 
128.0 	 284 	 584 	 35.0 	 43.0 	 0.10256410256410256 
129.0 	 286 	 584 	 35.0 	 44.0 	 0.11392405063291139 
130.0 	 289 	 584 	 35.0 	 43.0 	 0.10256410256410256 
131.0 	 291 	 584 	 35.0 	 43.0 	 0.10256410256410256 
132.0 	 293 	 584 	 35.0 	 43.0 	 0.10256410256410256 
133.0 	 295 	 584 	 35.0 	 43.0 	 0.10256410256410256 
134.0 	 297 	 584 	 35.0 	 43.0 	 0.10256410256410256 
135.0 	 299 	 584 	 35.0 	 43.0 	 0.10256410256410256 
136.0 	 301 	 584 	 35.0 	 44.0 	 0.11392405063291139 
137.0 	 303 	 584 	 35.0 	 44.0 	 0.11392405063291139 
138.0 	 306 	 584 	 35.0 	 43.0 	 0.10256410256410256 
139.0 	 308 	 585 	 35.0 	 43.0 	 0.10256410256410256 
140.0 	 310 	 584 	 35.0 	 43.0 	 0.10256410256410256 
141.0 	 312 	 584 	 35.0 	 42.0 	 0.09090909090909091 
142.0 	 314 	 584 	 35.0 	 42.0 	 0.09090909090909091 
143.0 	 317 	 584 	 35.0 	 43.0 	 0.10256410256410256 
144.0 	 319 	 584 	 35.0 	 43.0 	 0.10256410256410256 
145.0 	 320 	 584 	 35.0 	 43.0 	 0.10256410256410256 
146.0 	 322 	 584 	 35.0 	 43.0 	 0.10256410256410256 
147.0 	 325 	 584 	 35.0 	 43.0 	 0.10256410256410256 
148.0 	 327 	 584 	 35.0 	 43.0 	 0.10256410256410256 
149.0 	 329 	 584 	 35.0 	 44.0 	 0.11392405063291139 
150.0 	 331 	 584 	 36.0 	 44.0 	 0.1 
151.0 	 333 	 584 	 36.0 	 44.0 	 0.1 
152.0 	 335 	 584 	 36.0 	 44.0 	 0.1 
153.0 	 337 	 584 	 36.0 	 44.0 	 0.1 
154.0 	 339 	 584 	 36.0 	 44.0 	 0.1 
155.0 	 342 	 584 	 36.0 	 43.0 	 0.08860759493670886 
156.0 	 344 	 584 	 36.0 	 43.0 	 0.08860759493670886 
157.0 	 346 	 584 	 36.0 	 44.0 	 0.1 
158.0 	 348 	 584 	 36.0 	 44.0 	 0.1 
159.0 	 350 	 584 	 36.0 	 44.0 	 0.1 
160.0 	 352 	 584 	 36.0 	 44.0 	 0.1 
161.0 	 354 	 584 	 36.0 	 44.0 	 0.1 
162.0 	 357 	 584 	 36.0 	 43.0 	 0.08860759493670886 
163.0 	 359 	 584 	 36.0 	 43.0 	 0.08860759493670886 
164.0 	 361 	 584 	 35.0 	 43.0 	 0.10256410256410256 
165.0 	 363 	 584 	 35.0 	 43.0 	 0.10256410256410256 
166.0 	 365 	 584 	 35.0 	 44.0 	 0.11392405063291139 
167.0 	 367 	 584 	 35.0 	 44.0 	 0.11392405063291139 
168.0 	 370 	 584 	 35.0 	 44.0 	 0.11392405063291139 
169.0 	 372 	 584 	 35.0 	 43.0 	 0.10256410256410256 
170.0 	 374 	 584 	 35.0 	 43.0 	 0.10256410256410256 
171.0 	 376 	 584 	 35.0 	 44.0 	 0.11392405063291139 
172.0 	 378 	 584 	 35.0 	 44.0 	 0.11392405063291139 
173.0 	 380 	 584 	 35.0 	 44.0 	 0.11392405063291139 
174.0 	 382 	 584 	 35.0 	 43.0 	 0.10256410256410256 
175.0 	 385 	 584 	 35.0 	 44.0 	 0.11392405063291139 
176.0 	 387 	 584 	 35.0 	 44.0 	 0.11392405063291139 
177.0 	 389 	 584 	 35.0 	 42.0 	 0.09090909090909091 
178.0 	 391 	 584 	 35.0 	 42.0 	 0.09090909090909091 
179.0 	 393 	 584 	 35.0 	 42.0 	 0.09090909090909091 
180.0 	 395 	 584 	 35.0 	 43.0 	 0.10256410256410256 
181.0 	 397 	 584 	 36.0 	 43.0 	 0.08860759493670886 
182.0 	 399 	 584 	 36.0 	 43.0 	 0.08860759493670886 
183.0 	 402 	 584 	 36.0 	 43.0 	 0.08860759493670886 
184.0 	 404 	 584 	 36.0 	 43.0 	 0.08860759493670886 
185.0 	 406 	 584 	 35.0 	 44.0 	 0.11392405063291139 
186.0 	 408 	 584 	 35.0 	 43.0 	 0.10256410256410256 
187.0 	 410 	 584 	 35.0 	 43.0 	 0.10256410256410256 
188.0 	 412 	 584 	 35.0 	 43.0 	 0.10256410256410256 
189.0 	 415 	 584 	 35.0 	 43.0 	 0.10256410256410256 
190.0 	 417 	 584 	 34.0 	 43.0 	 0.11688311688311688 
191.0 	 419 	 584 	 34.0 	 42.0 	 0.10526315789473684 
192.0 	 421 	 584 	 34.0 	 43.0 	 0.11688311688311688 
193.0 	 423 	 584 	 34.0 	 43.0 	 0.11688311688311688 
194.0 	 426 	 584 	 34.0 	 42.0 	 0.10526315789473684 
195.0 	 428 	 584 	 33.0 	 43.0 	 0.13157894736842105 
196.0 	 431 	 584 	 33.0 	 42.0 	 0.12 
197.0 	 433 	 584 	 32.13859939575195 	 43.848018646240234 	 0.15409843933332248 
198.0 	 435 	 584 	 32.0 	 43.0 	 0.14666666666666667 
199.0 	 437 	 584 	 32.0 	 43.0 	 0.14666666666666667 
200.0 	 439 	 584 	 32.0 	 42.0 	 0.13513513513513514 
201.0 	 442 	 584 	 32.0 	 42.0 	 0.13513513513513514 
202.0 	 444 	 584 	 32.0 	 42.0 	 0.13513513513513514 
203.0 	 447 	 584 	 32.0 	 43.0 	 0.14666666666666667 
204.0 	 449 	 584 	 32.0 	 43.0 	 0.14666666666666667 
205.0 	 451 	 584 	 32.0 	 43.0 	 0.14666666666666667 
206.0 	 453 	 584 	 32.0 	 43.0 	 0.14666666666666667 
207.0 	 455 	 584 	 32.0 	 42.0 	 0.13513513513513514 
208.0 	 458 	 584 	 31.0 	 43.0 	 0.16216216216216217 
209.0 	 460 	 584 	 31.0 	 43.0 	 0.16216216216216217 
210.0 	 462 	 584 	 31.0 	 42.0 	 0.1506849315068493 
211.0 	 465 	 584 	 31.0 	 42.0 	 0.1506849315068493 
212.0 	 467 	 584 	 31.0 	 43.0 	 0.16216216216216217 
213.0 	 469 	 584 	 31.0 	 42.0 	 0.1506849315068493 
214.0 	 471 	 584 	 31.0 	 42.0 	 0.1506849315068493 
215.0 	 474 	 584 	 31.0 	 42.0 	 0.1506849315068493 
216.0 	 476 	 584 	 31.0 	 42.0 	 0.1506849315068493 
217.0 	 478 	 584 	 31.0 	 41.0 	 0.1388888888888889 
218.0 	 480 	 584 	 31.0 	 42.0 	 0.1506849315068493 
219.0 	 483 	 584 	 32.0 	 42.0 	 0.13513513513513514 
220.0 	 485 	 584 	 32.0 	 41.0 	 0.1232876712328767 
221.0 	 487 	 584 	 32.0 	 42.0 	 0.13513513513513514 
222.0 	 490 	 584 	 32.0 	 42.0 	 0.13513513513513514 
223.0 	 492 	 584 	 32.0 	 43.0 	 0.14666666666666667 
224.0 	 494 	 584 	 32.0 	 43.0 	 0.14666666666666667 
225.0 	 496 	 584 	 32.0 	 42.0 	 0.13513513513513514 
226.0 	 499 	 584 	 32.0 	 43.0 	 0.14666666666666667 
227.0 	 501 	 584 	 31.0 	 42.0 	 0.1506849315068493 
228.0 	 504 	 584 	 43.0 	 32.0 	 0.14666666666666667 
229.0 	 506 	 584 	 31.0 	 43.0 	 0.16216216216216217 
230.0 	 508 	 584 	 32.0 	 43.0 	 0.14666666666666667 
231.0 	 510 	 584 	 32.0 	 42.0 	 0.13513513513513514 
232.0 	 513 	 584 	 32.0 	 42.0 	 0.13513513513513514 
233.0 	 515 	 584 	 32.0 	 42.0 	 0.13513513513513514 
234.0 	 517 	 584 	 32.0 	 43.0 	 0.14666666666666667 
235.0 	 520 	 584 	 32.0 	 43.0 	 0.14666666666666667 
236.0 	 522 	 584 	 32.0 	 43.0 	 0.14666666666666667 
237.0 	 524 	 584 	 32.0 	 42.0 	 0.13513513513513514 
238.0 	 526 	 584 	 32.0 	 42.0 	 0.13513513513513514 
239.0 	 528 	 584 	 32.0 	 42.0 	 0.13513513513513514 
240.0 	 531 	 584 	 32.0 	 42.0 	 0.13513513513513514 
241.0 	 533 	 584 	 32.0 	 41.0 	 0.1232876712328767 
242.0 	 535 	 584 	 33.0 	 42.0 	 0.12 
243.0 	 537 	 584 	 33.0 	 42.0 	 0.12 
244.0 	 539 	 584 	 33.0 	 42.0 	 0.12 
245.0 	 542 	 584 	 33.0 	 42.0 	 0.12 
246.0 	 544 	 584 	 33.0 	 41.0 	 0.10810810810810811 
247.0 	 546 	 584 	 33.0 	 42.0 	 0.12 
248.0 	 548 	 584 	 34.0 	 42.0 	 0.10526315789473684 
249.0 	 551 	 584 	 34.0 	 43.0 	 0.11688311688311688 
250.0 	 553 	 584 	 34.0 	 44.0 	 0.1282051282051282 
251.0 	 555 	 585 	 34.0 	 43.0 	 0.11688311688311688 
252.0 	 558 	 585 	 34.0 	 44.0 	 0.1282051282051282 
253.0 	 560 	 585 	 34.0 	 44.0 	 0.1282051282051282 
254.0 	 562 	 585 	 34.0 	 44.0 	 0.1282051282051282 
255.0 	 565 	 585 	 34.0 	 44.0 	 0.1282051282051282 
256.0 	 567 	 585 	 34.0 	 43.0 	 0.11688311688311688 
257.0 	 569 	 585 	 34.0 	 43.0 	 0.11688311688311688 
258.0 	 572 	 585 	 34.0 	 42.0 	 0.10526315789473684 
259.0 	 574 	 585 	 43.0 	 35.0 	 0.10256410256410256 
260.0 	 576 	 585 	 34.0 	 43.0 	 0.11688311688311688 
261.0 	 578 	 585 	 34.0 	 43.0 	 0.11688311688311688 
262.0 	 581 	 585 	 34.0 	 43.0 	 0.11688311688311688 
263.0 	 583 	 585 	 34.0 	 43.0 	 0.11688311688311688 
264.0 	 585 	 585 	 34.0 	 43.0 	 0.11688311688311688 
265.0 	 587 	 585 	 34.0 	 43.0 	 0.11688311688311688 
266.0 	 590 	 585 	 34.0 	 44.0 	 0.1282051282051282 
267.0 	 592 	 585 	 34.0 	 44.0 	 0.1282051282051282 
268.0 	 594 	 585 	 34.0 	 44.0 	 0.1282051282051282 
269.0 	 596 	 585 	 34.0 	 44.0 	 0.1282051282051282 
270.0 	 598 	 585 	 35.0 	 44.0 	 0.11392405063291139 
271.0 	 601 	 585 	 34.0 	 44.0 	 0.1282051282051282 
272.0 	 603 	 585 	 34.0 	 44.0 	 0.1282051282051282 
273.0 	 605 	 585 	 34.0 	 44.0 	 0.1282051282051282 
274.0 	 607 	 585 	 34.0 	 43.0 	 0.11688311688311688 
275.0 	 610 	 585 	 34.0 	 44.0 	 0.1282051282051282 
276.0 	 612 	 585 	 34.0 	 44.0 	 0.1282051282051282 
277.0 	 614 	 585 	 34.0 	 44.0 	 0.1282051282051282 
278.0 	 616 	 585 	 34.0 	 44.0 	 0.1282051282051282 
279.0 	 619 	 585 	 34.0 	 45.0 	 0.13924050632911392 
280.0 	 621 	 585 	 34.0 	 44.0 	 0.1282051282051282 
281.0 	 623 	 585 	 34.0 	 45.0 	 0.13924050632911392 
282.0 	 626 	 585 	 34.0 	 44.0 	 0.1282051282051282 
283.0 	 628 	 585 	 34.0 	 44.0 	 0.1282051282051282 
284.0 	 631 	 585 	 34.0 	 43.0 	 0.11688311688311688 
285.0 	 633 	 585 	 34.0 	 44.0 	 0.1282051282051282 
286.0 	 635 	 585 	 34.0 	 44.0 	 0.1282051282051282 
287.0 	 637 	 585 	 34.0 	 45.0 	 0.13924050632911392 
288.0 	 639 	 585 	 35.0 	 45.0 	 0.125 
289.0 	 642 	 585 	 34.0 	 44.0 	 0.1282051282051282 
290.0 	 644 	 585 	 35.0 	 44.0 	 0.11392405063291139 
291.0 	 646 	 585 	 35.0 	 44.0 	 0.11392405063291139 
292.0 	 649 	 585 	 35.0 	 45.0 	 0.125 
293.0 	 651 	 585 	 35.0 	 44.0 	 0.11392405063291139 
294.0 	 653 	 585 	 35.0 	 45.0 	 0.125 
295.0 	 656 	 585 	 34.0 	 44.0 	 0.1282051282051282 
296.0 	 658 	 585 	 35.0 	 44.0 	 0.11392405063291139 
297.0 	 660 	 585 	 35.0 	 44.0 	 0.11392405063291139 
298.0 	 662 	 585 	 35.0 	 44.0 	 0.11392405063291139 
299.0 	 665 	 585 	 36.0 	 44.0 	 0.1 
300.0 	 667 	 585 	 36.0 	 44.0 	 0.1 
301.0 	 669 	 585 	 35.0 	 44.0 	 0.11392405063291139 
302.0 	 671 	 585 	 36.0 	 43.0 	 0.08860759493670886 
303.0 	 674 	 585 	 36.0 	 44.0 	 0.1 
304.0 	 676 	 585 	 36.0 	 45.0 	 0.1111111111111111 
305.0 	 679 	 585 	 36.0 	 45.0 	 0.1111111111111111 
306.0 	 681 	 585 	 36.0 	 44.0 	 0.1 
307.0 	 683 	 585 	 36.0 	 44.0 	 0.1 
308.0 	 685 	 585 	 36.0 	 45.0 	 0.1111111111111111 
309.0 	 688 	 585 	 36.0 	 44.0 	 0.1 
310.0 	 690 	 585 	 36.0 	 44.0 	 0.1 
311.0 	 692 	 585 	 35.0 	 44.0 	 0.11392405063291139 
312.0 	 695 	 585 	 35.0 	 44.0 	 0.11392405063291139 
313.0 	 697 	 585 	 35.0 	 44.0 	 0.11392405063291139 
314.0 	 700 	 585 	 35.0 	 44.0 	 0.11392405063291139 
315.0 	 702 	 585 	 35.0 	 44.0 	 0.11392405063291139 
316.0 	 704 	 585 	 35.0 	 44.0 	 0.11392405063291139 
317.0 	 707 	 585 	 36.0 	 44.0 	 0.1 
318.0 	 709 	 585 	 36.0 	 44.0 	 0.1 
319.0 	 711 	 585 	 36.0 	 44.0 	 0.1 
320.0 	 714 	 585 	 36.0 	 44.0 	 0.1 
321.0 	 716 	 585 	 35.0 	 44.0 	 0.11392405063291139 
322.0 	 718 	 585 	 35.0 	 44.0 	 0.11392405063291139 
323.0 	 721 	 585 	 35.0 	 44.0 	 0.11392405063291139 
324.0 	 723 	 585 	 35.0 	 44.0 	 0.11392405063291139 
325.0 	 725 	 585 	 35.0 	 44.0 	 0.11392405063291139 
326.0 	 728 	 585 	 35.0 	 44.0 	 0.11392405063291139 
327.0 	 730 	 585 	 35.0 	 44.0 	 0.11392405063291139 
328.0 	 732 	 585 	 35.0 	 44.0 	 0.11392405063291139 
329.0 	 735 	 585 	 35.0 	 44.0 	 0.11392405063291139 
330.0 	 737 	 585 	 35.0 	 44.0 	 0.11392405063291139 
331.0 	 739 	 585 	 35.0 	 44.0 	 0.11392405063291139 
332.0 	 742 	 585 	 35.0 	 44.0 	 0.11392405063291139 
333.0 	 744 	 585 	 35.0 	 43.0 	 0.10256410256410256 
334.0 	 747 	 585 	 35.0 	 44.0 	 0.11392405063291139 
335.0 	 749 	 585 	 35.0 	 44.0 	 0.11392405063291139 
336.0 	 752 	 585 	 35.0 	 43.0 	 0.10256410256410256 
337.0 	 754 	 585 	 35.0 	 44.0 	 0.11392405063291139 
338.0 	 756 	 585 	 36.0 	 43.0 	 0.08860759493670886 
339.0 	 759 	 585 	 36.0 	 44.0 	 0.1 
340.0 	 761 	 585 	 36.0 	 44.0 	 0.1 
341.0 	 763 	 585 	 36.0 	 43.0 	 0.08860759493670886 
342.0 	 766 	 585 	 36.0 	 43.0 	 0.08860759493670886 
343.0 	 768 	 585 	 35.0 	 43.0 	 0.10256410256410256 
344.0 	 770 	 585 	 36.0 	 43.0 	 0.08860759493670886 
345.0 	 773 	 585 	 35.0 	 43.0 	 0.10256410256410256 
346.0 	 775 	 585 	 36.0 	 44.0 	 0.1 
347.0 	 777 	 585 	 36.0 	 43.0 	 0.08860759493670886 
348.0 	 780 	 585 	 35.0 	 44.0 	 0.11392405063291139 
349.0 	 782 	 585 	 34.0 	 44.0 	 0.1282051282051282 
350.0 	 785 	 585 	 34.0 	 44.0 	 0.1282051282051282 
351.0 	 787 	 585 	 44.0 	 35.0 	 0.11392405063291139 
352.0 	 789 	 585 	 34.0 	 43.0 	 0.11688311688311688 
353.0 	 791 	 585 	 34.0 	 43.0 	 0.11688311688311688 
354.0 	 794 	 585 	 34.0 	 43.0 	 0.11688311688311688 
355.0 	 796 	 585 	 34.0 	 43.0 	 0.11688311688311688 
356.0 	 799 	 586 	 33.0 	 44.0 	 0.14285714285714285 
357.0 	 801 	 586 	 33.0 	 44.0 	 0.14285714285714285 
358.0 	 803 	 586 	 33.0 	 43.0 	 0.13157894736842105 
359.0 	 806 	 586 	 34.0 	 44.0 	 0.1282051282051282 
360.0 	 808 	 586 	 33.0 	 43.0 	 0.13157894736842105 
361.0 	 810 	 586 	 33.0 	 44.0 	 0.14285714285714285 
362.0 	 813 	 586 	 33.0 	 44.0 	 0.14285714285714285 
363.0 	 816 	 586 	 32.0 	 44.0 	 0.15789473684210525 
364.0 	 818 	 586 	 33.0 	 44.0 	 0.14285714285714285 
365.0 	 820 	 585 	 33.0 	 44.0 	 0.14285714285714285 
366.0 	 823 	 586 	 33.0 	 44.0 	 0.14285714285714285 
367.0 	 825 	 585 	 33.0 	 45.0 	 0.15384615384615385 
368.0 	 827 	 586 	 33.0 	 44.0 	 0.14285714285714285 
369.0 	 830 	 585 	 33.0 	 44.0 	 0.14285714285714285 
370.0 	 832 	 585 	 34.0 	 44.0 	 0.1282051282051282 
371.0 	 834 	 585 	 34.0 	 44.0 	 0.1282051282051282 
372.0 	 837 	 585 	 34.0 	 43.0 	 0.11688311688311688 
373.0 	 839 	 585 	 34.0 	 44.0 	 0.1282051282051282 
374.0 	 841 	 585 	 34.0 	 44.0 	 0.1282051282051282 
375.0 	 843 	 585 	 34.0 	 44.0 	 0.1282051282051282 
376.0 	 845 	 585 	 34.0 	 45.0 	 0.13924050632911392 
377.0 	 848 	 585 	 35.0 	 44.0 	 0.11392405063291139 
378.0 	 850 	 585 	 35.0 	 44.0 	 0.11392405063291139 
379.0 	 852 	 585 	 35.0 	 44.0 	 0.11392405063291139 
380.0 	 854 	 586 	 35.0 	 45.0 	 0.125 
381.0 	 857 	 586 	 35.0 	 44.0 	 0.11392405063291139 
382.0 	 859 	 586 	 35.0 	 44.0 	 0.11392405063291139 
383.0 	 861 	 586 	 35.0 	 44.0 	 0.11392405063291139 
384.0 	 864 	 586 	 35.0 	 43.0 	 0.10256410256410256 
385.0 	 866 	 585 	 35.0 	 44.0 	 0.11392405063291139 
386.0 	 868 	 585 	 35.0 	 44.0 	 0.11392405063291139 
387.0 	 870 	 585 	 35.0 	 43.0 	 0.10256410256410256 
388.0 	 872 	 586 	 35.0 	 43.0 	 0.10256410256410256 
389.0 	 875 	 585 	 35.0 	 44.0 	 0.11392405063291139 
390.0 	 877 	 585 	 35.0 	 44.0 	 0.11392405063291139 
391.0 	 879 	 585 	 35.0 	 45.0 	 0.125 
392.0 	 882 	 585 	 35.0 	 44.0 	 0.11392405063291139 
393.0 	 884 	 585 	 35.0 	 44.0 	 0.11392405063291139 
394.0 	 886 	 585 	 35.0 	 44.0 	 0.11392405063291139 
395.0 	 888 	 585 	 35.0 	 43.0 	 0.10256410256410256 
396.0 	 891 	 586 	 35.0 	 43.0 	 0.10256410256410256 
397.0 	 893 	 586 	 35.0 	 43.0 	 0.10256410256410256 
398.0 	 895 	 585 	 35.0 	 44.0 	 0.11392405063291139 
399.0 	 897 	 585 	 35.0 	 43.0 	 0.10256410256410256 
400.0 	 899 	 585 	 35.0 	 43.0 	 0.10256410256410256 
401.0 	 901 	 585 	 35.0 	 43.0 	 0.10256410256410256 
402.0 	 904 	 585 	 35.0 	 43.0 	 0.10256410256410256 
403.0 	 906 	 586 	 35.0 	 44.0 	 0.11392405063291139 
404.0 	 908 	 585 	 35.0 	 43.0 	 0.10256410256410256 
405.0 	 910 	 585 	 35.0 	 43.0 	 0.10256410256410256 
406.0 	 913 	 586 	 35.0 	 43.0 	 0.10256410256410256 
407.0 	 915 	 585 	 35.0 	 43.0 	 0.10256410256410256 
408.0 	 917 	 586 	 35.0 	 44.0 	 0.11392405063291139 
409.0 	 919 	 586 	 34.0 	 43.0 	 0.11688311688311688 
410.0 	 921 	 586 	 34.0 	 43.0 	 0.11688311688311688 
411.0 	 923 	 586 	 34.0 	 43.0 	 0.11688311688311688 
412.0 	 926 	 586 	 34.0 	 43.0 	 0.11688311688311688 
413.0 	 928 	 586 	 34.0 	 43.0 	 0.11688311688311688 
414.0 	 930 	 586 	 34.0 	 43.0 	 0.11688311688311688 
415.0 	 932 	 586 	 34.0 	 43.0 	 0.11688311688311688 
416.0 	 934 	 586 	 34.0 	 44.0 	 0.1282051282051282 
417.0 	 936 	 586 	 34.0 	 44.0 	 0.1282051282051282 
418.0 	 938 	 586 	 34.0 	 44.0 	 0.1282051282051282 
419.0 	 941 	 586 	 34.0 	 43.0 	 0.11688311688311688 
420.0 	 943 	 586 	 34.0 	 44.0 	 0.1282051282051282 
421.0 	 945 	 586 	 35.0 	 43.0 	 0.10256410256410256 
422.0 	 947 	 586 	 35.0 	 44.0 	 0.11392405063291139 
423.0 	 949 	 586 	 34.0 	 44.0 	 0.1282051282051282 
424.0 	 951 	 586 	 34.0 	 43.0 	 0.11688311688311688 
425.0 	 953 	 586 	 34.0 	 43.0 	 0.11688311688311688 
426.0 	 956 	 586 	 34.0 	 42.0 	 0.10526315789473684 
427.0 	 958 	 586 	 34.0 	 43.0 	 0.11688311688311688 
428.0 	 960 	 586 	 34.0 	 43.0 	 0.11688311688311688 
429.0 	 962 	 586 	 34.0 	 43.0 	 0.11688311688311688 
430.0 	 964 	 586 	 34.0 	 43.0 	 0.11688311688311688 
431.0 	 966 	 586 	 34.0 	 43.0 	 0.11688311688311688 
432.0 	 968 	 586 	 34.0 	 43.0 	 0.11688311688311688 
433.0 	 971 	 586 	 34.0 	 43.0 	 0.11688311688311688 
434.0 	 973 	 586 	 34.0 	 44.0 	 0.1282051282051282 
435.0 	 975 	 586 	 34.0 	 44.0 	 0.1282051282051282 
436.0 	 977 	 586 	 34.0 	 44.0 	 0.1282051282051282 
437.0 	 979 	 586 	 34.0 	 43.0 	 0.11688311688311688 
438.0 	 981 	 586 	 34.0 	 43.0 	 0.11688311688311688 
439.0 	 984 	 586 	 34.0 	 43.0 	 0.11688311688311688 
440.0 	 986 	 586 	 34.0 	 43.0 	 0.11688311688311688 
441.0 	 988 	 586 	 34.0 	 44.0 	 0.1282051282051282 
442.0 	 990 	 586 	 34.0 	 44.0 	 0.1282051282051282 
443.0 	 992 	 586 	 34.0 	 44.0 	 0.1282051282051282 
444.0 	 994 	 586 	 34.0 	 44.0 	 0.1282051282051282 
445.0 	 996 	 586 	 35.0 	 43.0 	 0.10256410256410256 
446.0 	 998 	 586 	 35.0 	 43.0 	 0.10256410256410256 
447.0 	 1000 	 586 	 35.0 	 43.0 	 0.10256410256410256 
448.0 	 1002 	 586 	 35.0 	 43.0 	 0.10256410256410256 
449.0 	 1004 	 586 	 35.0 	 43.0 	 0.10256410256410256 
450.0 	 1006 	 586 	 35.0 	 43.0 	 0.10256410256410256 
451.0 	 1008 	 586 	 35.0 	 43.0 	 0.10256410256410256 
452.0 	 1010 	 586 	 35.0 	 43.0 	 0.10256410256410256 
453.0 	 1012 	 586 	 35.0 	 43.0 	 0.10256410256410256 
454.0 	 1014 	 586 	 43.0 	 35.0 	 0.10256410256410256 
455.0 	 1016 	 586 	 43.0 	 35.0 	 0.10256410256410256 
456.0 	 1018 	 586 	 34.0 	 43.0 	 0.11688311688311688 
457.0 	 1021 	 586 	 34.0 	 43.0 	 0.11688311688311688 
458.0 	 1023 	 586 	 34.0 	 44.0 	 0.1282051282051282 
459.0 	 1025 	 586 	 34.0 	 43.0 	 0.11688311688311688 
460.0 	 1027 	 586 	 34.0 	 43.0 	 0.11688311688311688 
461.0 	 1029 	 586 	 34.0 	 43.0 	 0.11688311688311688 
462.0 	 1031 	 586 	 34.0 	 43.0 	 0.11688311688311688 
463.0 	 1033 	 586 	 34.0 	 43.0 	 0.11688311688311688 
464.0 	 1035 	 586 	 34.0 	 43.0 	 0.11688311688311688 
465.0 	 1037 	 586 	 34.0 	 43.0 	 0.11688311688311688 
466.0 	 1039 	 586 	 34.0 	 43.0 	 0.11688311688311688 
467.0 	 1041 	 586 	 34.0 	 43.0 	 0.11688311688311688 
468.0 	 1043 	 586 	 34.0 	 43.0 	 0.11688311688311688 
469.0 	 1046 	 586 	 34.0 	 42.0 	 0.10526315789473684 
470.0 	 1047 	 586 	 34.0 	 43.0 	 0.11688311688311688 
471.0 	 1049 	 586 	 34.0 	 43.0 	 0.11688311688311688 
472.0 	 1052 	 586 	 34.0 	 43.0 	 0.11688311688311688 
473.0 	 1054 	 586 	 34.0 	 43.0 	 0.11688311688311688 
474.0 	 1056 	 586 	 34.0 	 42.0 	 0.10526315789473684 
475.0 	 1058 	 586 	 34.0 	 43.0 	 0.11688311688311688 
476.0 	 1060 	 586 	 34.0 	 43.0 	 0.11688311688311688 
477.0 	 1062 	 586 	 34.0 	 43.0 	 0.11688311688311688 
478.0 	 1064 	 586 	 34.0 	 43.0 	 0.11688311688311688 
479.0 	 1066 	 586 	 34.0 	 43.0 	 0.11688311688311688 
480.0 	 1068 	 586 	 34.0 	 43.0 	 0.11688311688311688 
481.0 	 1070 	 586 	 35.0 	 42.0 	 0.09090909090909091 
482.0 	 1072 	 586 	 35.0 	 42.0 	 0.09090909090909091 
483.0 	 1074 	 586 	 35.0 	 42.0 	 0.09090909090909091 
484.0 	 1076 	 586 	 35.0 	 42.0 	 0.09090909090909091 
485.0 	 1078 	 586 	 35.0 	 43.0 	 0.10256410256410256 
486.0 	 1080 	 586 	 35.0 	 43.0 	 0.10256410256410256 
487.0 	 1082 	 586 	 35.0 	 43.0 	 0.10256410256410256 
488.0 	 1084 	 586 	 35.0 	 43.0 	 0.10256410256410256 
489.0 	 1086 	 586 	 35.0 	 43.0 	 0.10256410256410256 
490.0 	 1089 	 586 	 35.0 	 44.0 	 0.11392405063291139 
491.0 	 1091 	 586 	 35.0 	 43.0 	 0.10256410256410256 
492.0 	 1093 	 587 	 35.0 	 43.0 	 0.10256410256410256 
493.0 	 1095 	 587 	 35.0 	 43.0 	 0.10256410256410256 
494.0 	 1097 	 587 	 35.0 	 43.0 	 0.10256410256410256 
495.0 	 1099 	 587 	 35.0 	 43.0 	 0.10256410256410256 
496.0 	 1101 	 587 	 43.0 	 35.0 	 0.10256410256410256 
497.0 	 1103 	 587 	 34.0 	 43.0 	 0.11688311688311688 
498.0 	 1105 	 587 	 34.0 	 43.0 	 0.11688311688311688 
499.0 	 1108 	 587 	 34.0 	 42.0 	 0.10526315789473684 
500.0 	 1110 	 587 	 34.0 	 42.0 	 0.10526315789473684 
501.0 	 1111 	 587 	 34.0 	 43.0 	 0.11688311688311688 
502.0 	 1114 	 587 	 34.0 	 42.0 	 0.10526315789473684 
503.0 	 1116 	 587 	 34.0 	 44.0 	 0.1282051282051282 
504.0 	 1118 	 587 	 34.0 	 44.0 	 0.1282051282051282 
505.0 	 1120 	 587 	 34.0 	 43.0 	 0.11688311688311688 
506.0 	 1122 	 587 	 34.0 	 43.0 	 0.11688311688311688 
507.0 	 1124 	 587 	 34.0 	 43.0 	 0.11688311688311688 
508.0 	 1126 	 587 	 34.0 	 43.0 	 0.11688311688311688 
509.0 	 1128 	 587 	 34.0 	 43.0 	 0.11688311688311688 
510.0 	 1130 	 587 	 34.0 	 43.0 	 0.11688311688311688 
511.0 	 1133 	 587 	 34.0 	 42.0 	 0.10526315789473684 
512.0 	 1135 	 587 	 34.0 	 43.0 	 0.11688311688311688 
513.0 	 1137 	 587 	 34.0 	 42.0 	 0.10526315789473684 
514.0 	 1139 	 587 	 34.0 	 43.0 	 0.11688311688311688 
515.0 	 1141 	 587 	 43.0 	 35.0 	 0.10256410256410256 
516.0 	 1143 	 587 	 34.0 	 43.0 	 0.11688311688311688 
517.0 	 1145 	 587 	 34.0 	 43.0 	 0.11688311688311688 
518.0 	 1147 	 587 	 34.0 	 43.0 	 0.11688311688311688 
519.0 	 1150 	 587 	 34.0 	 42.0 	 0.10526315789473684 
520.0 	 1152 	 587 	 34.0 	 43.0 	 0.11688311688311688 
521.0 	 1154 	 587 	 34.0 	 43.0 	 0.11688311688311688 
522.0 	 1156 	 587 	 34.0 	 43.0 	 0.11688311688311688 
523.0 	 1158 	 587 	 34.0 	 43.0 	 0.11688311688311688 
524.0 	 1160 	 587 	 34.0 	 43.0 	 0.11688311688311688 
525.0 	 1162 	 587 	 34.0 	 43.0 	 0.11688311688311688 
526.0 	 1165 	 587 	 34.0 	 43.0 	 0.11688311688311688 
527.0 	 1167 	 587 	 34.0 	 43.0 	 0.11688311688311688 
528.0 	 1169 	 587 	 34.0 	 43.0 	 0.11688311688311688 
529.0 	 1171 	 587 	 34.0 	 43.0 	 0.11688311688311688 
530.0 	 1173 	 587 	 34.0 	 43.0 	 0.11688311688311688 
531.0 	 1175 	 587 	 34.0 	 43.0 	 0.11688311688311688 
532.0 	 1178 	 587 	 34.0 	 43.0 	 0.11688311688311688 
533.0 	 1180 	 587 	 34.0 	 42.0 	 0.10526315789473684 
534.0 	 1182 	 587 	 34.0 	 43.0 	 0.11688311688311688 
535.0 	 1184 	 587 	 34.0 	 43.0 	 0.11688311688311688 
536.0 	 1186 	 587 	 34.0 	 43.0 	 0.11688311688311688 
537.0 	 1188 	 587 	 34.0 	 43.0 	 0.11688311688311688 
538.0 	 1190 	 587 	 34.0 	 43.0 	 0.11688311688311688 
539.0 	 1193 	 587 	 34.0 	 42.0 	 0.10526315789473684 
540.0 	 1195 	 587 	 34.0 	 42.0 	 0.10526315789473684 
541.0 	 1197 	 587 	 33.0 	 43.0 	 0.13157894736842105 
542.0 	 1199 	 587 	 33.0 	 43.0 	 0.13157894736842105 
543.0 	 1201 	 587 	 33.0 	 43.0 	 0.13157894736842105 
544.0 	 1203 	 587 	 33.0 	 43.0 	 0.13157894736842105 
545.0 	 1206 	 587 	 33.0 	 44.0 	 0.14285714285714285 
546.0 	 1208 	 587 	 33.0 	 43.0 	 0.13157894736842105 
547.0 	 1210 	 587 	 33.0 	 43.0 	 0.13157894736842105 
548.0 	 1212 	 587 	 33.0 	 43.0 	 0.13157894736842105 
549.0 	 1214 	 587 	 33.0 	 43.0 	 0.13157894736842105 
550.0 	 1217 	 587 	 33.0 	 43.0 	 0.13157894736842105 
551.0 	 1219 	 587 	 33.0 	 42.0 	 0.12 
552.0 	 1221 	 587 	 33.0 	 42.0 	 0.12 
553.0 	 1223 	 587 	 34.0 	 42.0 	 0.10526315789473684 
554.0 	 1225 	 587 	 34.0 	 42.0 	 0.10526315789473684 
555.0 	 1227 	 587 	 34.0 	 42.0 	 0.10526315789473684 
556.0 	 1229 	 587 	 34.0 	 42.0 	 0.10526315789473684 
557.0 	 1231 	 587 	 34.0 	 42.0 	 0.10526315789473684 
558.0 	 1234 	 587 	 34.0 	 42.0 	 0.10526315789473684 
559.0 	 1236 	 587 	 34.0 	 42.0 	 0.10526315789473684 
560.0 	 1238 	 587 	 33.0 	 42.0 	 0.12 
561.0 	 1240 	 587 	 33.0 	 42.0 	 0.12 
562.0 	 1242 	 587 	 33.0 	 42.0 	 0.12 
563.0 	 1244 	 587 	 34.0 	 42.0 	 0.10526315789473684 
564.0 	 1246 	 587 	 33.0 	 43.0 	 0.13157894736842105 
565.0 	 1248 	 587 	 34.0 	 43.0 	 0.11688311688311688 
566.0 	 1251 	 587 	 34.0 	 42.0 	 0.10526315789473684 
567.0 	 1253 	 587 	 35.0 	 42.0 	 0.09090909090909091 
568.0 	 1255 	 587 	 35.0 	 42.0 	 0.09090909090909091 
569.0 	 1258 	 588 	 35.0 	 42.0 	 0.09090909090909091 
570.0 	 1260 	 588 	 35.0 	 42.0 	 0.09090909090909091 
571.0 	 1262 	 588 	 34.0 	 42.0 	 0.10526315789473684 
572.0 	 1264 	 588 	 34.0 	 42.0 	 0.10526315789473684 
573.0 	 1266 	 587 	 34.0 	 42.0 	 0.10526315789473684 
574.0 	 1268 	 587 	 35.0 	 42.0 	 0.09090909090909091 
575.0 	 1270 	 587 	 35.0 	 43.0 	 0.10256410256410256 
576.0 	 1273 	 587 	 35.0 	 42.0 	 0.09090909090909091 
577.0 	 1275 	 587 	 34.0 	 42.0 	 0.10526315789473684 
578.0 	 1277 	 587 	 34.0 	 43.0 	 0.11688311688311688 
579.0 	 1279 	 587 	 34.0 	 43.0 	 0.11688311688311688 
580.0 	 1281 	 588 	 35.0 	 42.0 	 0.09090909090909091 
581.0 	 1284 	 588 	 35.0 	 42.0 	 0.09090909090909091 
582.0 	 1286 	 588 	 35.0 	 42.0 	 0.09090909090909091 
583.0 	 1288 	 588 	 34.0 	 42.0 	 0.10526315789473684 
584.0 	 1290 	 588 	 34.0 	 42.0 	 0.10526315789473684 
585.0 	 1292 	 588 	 34.0 	 43.0 	 0.11688311688311688 
586.0 	 1294 	 588 	 34.0 	 43.0 	 0.11688311688311688 
587.0 	 1297 	 588 	 43.0 	 35.0 	 0.10256410256410256 
588.0 	 1299 	 588 	 35.0 	 42.0 	 0.09090909090909091 
589.0 	 1301 	 588 	 34.0 	 43.0 	 0.11688311688311688 
590.0 	 1303 	 588 	 34.0 	 43.0 	 0.11688311688311688 
591.0 	 1306 	 588 	 34.0 	 43.0 	 0.11688311688311688 
592.0 	 1308 	 588 	 34.0 	 43.0 	 0.11688311688311688 
593.0 	 1310 	 588 	 34.0 	 43.0 	 0.11688311688311688 
594.0 	 1312 	 588 	 34.0 	 43.0 	 0.11688311688311688 
595.0 	 1314 	 588 	 34.0 	 43.0 	 0.11688311688311688 
596.0 	 1316 	 588 	 43.0 	 35.0 	 0.10256410256410256 
597.0 	 1319 	 588 	 35.0 	 43.0 	 0.10256410256410256 
598.0 	 1321 	 588 	 35.0 	 42.0 	 0.09090909090909091 
599.0 	 1323 	 588 	 34.0 	 43.0 	 0.11688311688311688 
600.0 	 1326 	 588 	 34.0 	 43.0 	 0.11688311688311688 
601.0 	 1328 	 588 	 35.0 	 42.0 	 0.09090909090909091 
602.0 	 1330 	 588 	 35.0 	 42.0 	 0.09090909090909091 
603.0 	 1332 	 588 	 34.0 	 43.0 	 0.11688311688311688 
604.0 	 1334 	 588 	 34.0 	 43.0 	 0.11688311688311688 
605.0 	 1336 	 588 	 34.0 	 43.0 	 0.11688311688311688 
606.0 	 1339 	 588 	 34.0 	 44.0 	 0.1282051282051282 
607.0 	 1341 	 588 	 34.0 	 43.0 	 0.11688311688311688 
608.0 	 1343 	 588 	 34.0 	 43.0 	 0.11688311688311688 
609.0 	 1345 	 588 	 34.0 	 43.0 	 0.11688311688311688 
610.0 	 1348 	 588 	 34.0 	 44.0 	 0.1282051282051282 
611.0 	 1350 	 588 	 34.0 	 43.0 	 0.11688311688311688 
612.0 	 1352 	 588 	 34.0 	 43.0 	 0.11688311688311688 
613.0 	 1354 	 588 	 34.0 	 43.0 	 0.11688311688311688 
614.0 	 1356 	 588 	 34.0 	 43.0 	 0.11688311688311688 
615.0 	 1359 	 588 	 34.0 	 42.0 	 0.10526315789473684 
616.0 	 1361 	 588 	 34.0 	 42.0 	 0.10526315789473684 
617.0 	 1363 	 588 	 34.0 	 43.0 	 0.11688311688311688 
618.0 	 1365 	 588 	 34.0 	 44.0 	 0.1282051282051282 
619.0 	 1368 	 588 	 34.0 	 43.0 	 0.11688311688311688 
620.0 	 1370 	 588 	 34.0 	 43.0 	 0.11688311688311688 
621.0 	 1372 	 588 	 34.0 	 44.0 	 0.1282051282051282 
622.0 	 1375 	 588 	 34.0 	 43.0 	 0.11688311688311688 
623.0 	 1377 	 588 	 34.0 	 43.0 	 0.11688311688311688 
624.0 	 1379 	 588 	 34.0 	 43.0 	 0.11688311688311688 
625.0 	 1381 	 588 	 33.0 	 42.0 	 0.12 
626.0 	 1383 	 588 	 42.0 	 34.0 	 0.10526315789473684 
627.0 	 1385 	 588 	 33.0 	 42.0 	 0.12 
628.0 	 1388 	 588 	 34.0 	 43.0 	 0.11688311688311688 
629.0 	 1390 	 588 	 34.0 	 43.0 	 0.11688311688311688 
630.0 	 1392 	 588 	 34.0 	 43.0 	 0.11688311688311688 
631.0 	 1395 	 588 	 34.0 	 42.0 	 0.10526315789473684 
632.0 	 1397 	 588 	 34.0 	 43.0 	 0.11688311688311688 
633.0 	 1399 	 588 	 34.0 	 43.0 	 0.11688311688311688 
634.0 	 1402 	 588 	 34.0 	 42.0 	 0.10526315789473684 
635.0 	 1404 	 588 	 34.0 	 42.0 	 0.10526315789473684 
636.0 	 1406 	 588 	 34.0 	 43.0 	 0.11688311688311688 
637.0 	 1408 	 588 	 33.0 	 43.0 	 0.13157894736842105 
638.0 	 1411 	 588 	 34.0 	 42.0 	 0.10526315789473684 
639.0 	 1413 	 588 	 34.0 	 43.0 	 0.11688311688311688 
640.0 	 1416 	 588 	 34.0 	 42.0 	 0.10526315789473684 
641.0 	 1418 	 588 	 34.0 	 43.0 	 0.11688311688311688 
642.0 	 1420 	 588 	 33.0 	 43.0 	 0.13157894736842105 
643.0 	 1422 	 588 	 33.0 	 43.0 	 0.13157894736842105 
644.0 	 1425 	 588 	 33.0 	 42.0 	 0.12 
645.0 	 1427 	 588 	 34.0 	 42.0 	 0.10526315789473684 
646.0 	 1429 	 588 	 34.0 	 42.0 	 0.10526315789473684 
647.0 	 1431 	 588 	 34.0 	 43.0 	 0.11688311688311688 
648.0 	 1434 	 588 	 34.0 	 43.0 	 0.11688311688311688 
649.0 	 1436 	 588 	 34.0 	 43.0 	 0.11688311688311688 
650.0 	 1438 	 588 	 34.0 	 43.0 	 0.11688311688311688 
651.0 	 1441 	 588 	 34.0 	 43.0 	 0.11688311688311688 
652.0 	 1443 	 588 	 34.0 	 43.0 	 0.11688311688311688 
653.0 	 1445 	 588 	 34.0 	 43.0 	 0.11688311688311688 
654.0 	 1447 	 588 	 35.0 	 43.0 	 0.10256410256410256 
655.0 	 1450 	 588 	 35.0 	 42.0 	 0.09090909090909091 
656.0 	 1452 	 588 	 35.0 	 43.0 	 0.10256410256410256 
657.0 	 1454 	 588 	 35.0 	 43.0 	 0.10256410256410256 
658.0 	 1457 	 588 	 35.0 	 43.0 	 0.10256410256410256 
659.0 	 1459 	 588 	 35.0 	 43.0 	 0.10256410256410256 
660.0 	 1462 	 588 	 35.0 	 43.0 	 0.10256410256410256 
661.0 	 1464 	 589 	 34.0 	 42.0 	 0.10526315789473684 
662.0 	 1466 	 589 	 34.0 	 42.0 	 0.10526315789473684 
663.0 	 1468 	 589 	 34.0 	 43.0 	 0.11688311688311688 
664.0 	 1470 	 589 	 34.0 	 43.0 	 0.11688311688311688 
665.0 	 1473 	 589 	 42.0 	 35.0 	 0.09090909090909091 
666.0 	 1475 	 589 	 35.0 	 42.0 	 0.09090909090909091 
667.0 	 1477 	 589 	 35.0 	 43.0 	 0.10256410256410256 
668.0 	 1480 	 589 	 35.0 	 43.0 	 0.10256410256410256 
669.0 	 1482 	 589 	 35.0 	 43.0 	 0.10256410256410256 
670.0 	 1484 	 589 	 35.0 	 43.0 	 0.10256410256410256 
671.0 	 1487 	 589 	 36.0 	 43.0 	 0.08860759493670886 
672.0 	 1489 	 589 	 36.0 	 43.0 	 0.08860759493670886 
673.0 	 1491 	 589 	 36.0 	 42.0 	 0.07692307692307693 
674.0 	 1493 	 589 	 35.0 	 42.0 	 0.09090909090909091 
675.0 	 1495 	 589 	 35.0 	 42.0 	 0.09090909090909091 
676.0 	 1498 	 589 	 36.0 	 43.0 	 0.08860759493670886 
677.0 	 1500 	 589 	 36.0 	 43.0 	 0.08860759493670886 
678.0 	 1502 	 589 	 36.0 	 43.0 	 0.08860759493670886 
679.0 	 1504 	 589 	 36.0 	 42.0 	 0.07692307692307693 
680.0 	 1507 	 589 	 36.0 	 42.0 	 0.07692307692307693 
681.0 	 1509 	 589 	 36.0 	 42.0 	 0.07692307692307693 
682.0 	 1511 	 589 	 35.0 	 43.0 	 0.10256410256410256 
683.0 	 1513 	 589 	 35.0 	 42.0 	 0.09090909090909091 
684.0 	 1516 	 589 	 35.0 	 42.0 	 0.09090909090909091 
685.0 	 1518 	 589 	 35.0 	 42.0 	 0.09090909090909091 
686.0 	 1520 	 589 	 35.0 	 42.0 	 0.09090909090909091 
687.0 	 1522 	 589 	 35.0 	 42.0 	 0.09090909090909091 
688.0 	 1525 	 589 	 35.0 	 42.0 	 0.09090909090909091 
689.0 	 1527 	 589 	 36.0 	 42.0 	 0.07692307692307693 
690.0 	 1529 	 589 	 36.0 	 41.0 	 0.06493506493506493 
691.0 	 1531 	 589 	 36.0 	 42.0 	 0.07692307692307693 
692.0 	 1534 	 589 	 36.0 	 42.0 	 0.07692307692307693 
693.0 	 1536 	 589 	 36.0 	 42.0 	 0.07692307692307693 
694.0 	 1538 	 589 	 36.0 	 41.0 	 0.06493506493506493 
695.0 	 1540 	 589 	 36.0 	 42.0 	 0.07692307692307693 
696.0 	 1543 	 589 	 43.006980895996094 	 35.73373794555664 	 0.09236952694164695 
697.0 	 1545 	 589 	 36.0 	 42.0 	 0.07692307692307693 
698.0 	 1547 	 589 	 35.0 	 42.0 	 0.09090909090909091 
699.0 	 1549 	 589 	 35.0 	 42.0 	 0.09090909090909091 
700.0 	 1551 	 589 	 35.0 	 42.0 	 0.09090909090909091 
701.0 	 1554 	 589 	 35.0 	 42.0 	 0.09090909090909091 
702.0 	 1556 	 589 	 35.0 	 43.0 	 0.10256410256410256 
703.0 	 1558 	 589 	 35.0 	 42.0 	 0.09090909090909091 
704.0 	 1560 	 589 	 35.0 	 42.0 	 0.09090909090909091 
705.0 	 1563 	 589 	 35.0 	 41.0 	 0.07894736842105263 
706.0 	 1565 	 589 	 35.0 	 41.0 	 0.07894736842105263 
707.0 	 1567 	 589 	 35.0 	 40.0 	 0.06666666666666667 
708.0 	 1570 	 589 	 34.0 	 40.0 	 0.08108108108108109 
709.0 	 1571 	 589 	 35.0 	 41.0 	 0.07894736842105263 
710.0 	 1574 	 589 	 35.0 	 41.0 	 0.07894736842105263 
711.0 	 1576 	 589 	 35.0 	 41.0 	 0.07894736842105263 
712.0 	 1578 	 590 	 35.0 	 41.0 	 0.07894736842105263 
713.0 	 1580 	 590 	 35.0 	 42.0 	 0.09090909090909091 
714.0 	 1582 	 589 	 35.0 	 42.0 	 0.09090909090909091 
715.0 	 1584 	 590 	 35.0 	 41.0 	 0.07894736842105263 
716.0 	 1587 	 590 	 34.0 	 41.0 	 0.09333333333333334 
717.0 	 1589 	 590 	 34.0 	 42.0 	 0.10526315789473684 
718.0 	 1591 	 590 	 34.0 	 42.0 	 0.10526315789473684 
719.0 	 1593 	 590 	 34.0 	 42.0 	 0.10526315789473684 
720.0 	 1596 	 590 	 34.0 	 42.0 	 0.10526315789473684 
721.0 	 1598 	 590 	 33.0 	 41.0 	 0.10810810810810811 
722.0 	 1600 	 590 	 33.0 	 41.0 	 0.10810810810810811 
723.0 	 1602 	 589 	 34.0 	 41.0 	 0.09333333333333334 
724.0 	 1604 	 589 	 34.0 	 41.0 	 0.09333333333333334 
725.0 	 1606 	 590 	 34.0 	 41.0 	 0.09333333333333334 
726.0 	 1608 	 589 	 34.0 	 41.0 	 0.09333333333333334 
727.0 	 1610 	 590 	 35.0 	 41.0 	 0.07894736842105263 
728.0 	 1613 	 590 	 35.0 	 41.0 	 0.07894736842105263 
729.0 	 1615 	 590 	 34.0 	 41.0 	 0.09333333333333334 
730.0 	 1617 	 590 	 34.0 	 41.0 	 0.09333333333333334 
731.0 	 1619 	 590 	 34.0 	 41.0 	 0.09333333333333334 
732.0 	 1622 	 589 	 34.0 	 41.0 	 0.09333333333333334 
733.0 	 1624 	 589 	 34.0 	 42.0 	 0.10526315789473684 
734.0 	 1626 	 589 	 34.0 	 42.0 	 0.10526315789473684 
735.0 	 1628 	 590 	 35.0 	 42.0 	 0.09090909090909091 
736.0 	 1630 	 590 	 34.97360610961914 	 42.02968215942383 	 0.0916334381091799 
737.0 	 1632 	 590 	 34.0 	 41.0 	 0.09333333333333334 
738.0 	 1634 	 590 	 35.0 	 41.0 	 0.07894736842105263 
739.0 	 1636 	 590 	 34.0 	 41.0 	 0.09333333333333334 
740.0 	 1638 	 590 	 41.0 	 35.0 	 0.07894736842105263 
741.0 	 1640 	 590 	 33.0 	 41.0 	 0.10810810810810811 
742.0 	 1643 	 590 	 33.0 	 41.0 	 0.10810810810810811 
743.0 	 1644 	 590 	 41.74312210083008 	 34.01291275024414 	 0.10204083893491059 
744.0 	 1646 	 590 	 33.0 	 41.0 	 0.10810810810810811 
745.0 	 1648 	 590 	 33.0 	 42.0 	 0.12 
746.0 	 1650 	 590 	 33.0 	 41.0 	 0.10810810810810811 
747.0 	 1652 	 590 	 33.0 	 41.0 	 0.10810810810810811 
748.0 	 1654 	 590 	 33.0 	 40.0 	 0.0958904109589041 
749.0 	 1656 	 590 	 33.0 	 40.0 	 0.0958904109589041 
750.0 	 1658 	 590 	 33.0 	 41.0 	 0.10810810810810811 
751.0 	 1661 	 590 	 33.0 	 40.0 	 0.0958904109589041 
752.0 	 1663 	 590 	 34.0 	 40.0 	 0.08108108108108109 
753.0 	 1665 	 589 	 34.0 	 41.0 	 0.09333333333333334 
754.0 	 1667 	 590 	 34.0 	 40.0 	 0.08108108108108109 
755.0 	 1669 	 590 	 40.0 	 34.0 	 0.08108108108108109 
756.0 	 1671 	 590 	 34.0 	 41.0 	 0.09333333333333334 
757.0 	 1673 	 590 	 33.0 	 41.0 	 0.10810810810810811 
758.0 	 1675 	 590 	 33.0 	 41.0 	 0.10810810810810811 
759.0 	 1677 	 590 	 33.0 	 41.0 	 0.10810810810810811 
760.0 	 1679 	 590 	 33.0 	 41.0 	 0.10810810810810811 
761.0 	 1681 	 590 	 33.0 	 40.0 	 0.0958904109589041 
762.0 	 1683 	 590 	 34.0 	 40.0 	 0.08108108108108109 
763.0 	 1685 	 590 	 34.0 	 40.0 	 0.08108108108108109 
764.0 	 1687 	 590 	 34.0 	 41.0 	 0.09333333333333334 
765.0 	 1689 	 590 	 33.0 	 41.0 	 0.10810810810810811 
766.0 	 1691 	 590 	 33.0 	 41.0 	 0.10810810810810811 
767.0 	 1693 	 590 	 33.0 	 41.0 	 0.10810810810810811 
768.0 	 1695 	 590 	 33.0 	 41.0 	 0.10810810810810811 
769.0 	 1697 	 590 	 33.0 	 40.0 	 0.0958904109589041 
770.0 	 1699 	 590 	 33.0 	 41.0 	 0.10810810810810811 
771.0 	 1701 	 590 	 33.0 	 40.0 	 0.0958904109589041 
772.0 	 1703 	 590 	 33.0 	 40.0 	 0.0958904109589041 
773.0 	 1705 	 590 	 33.0 	 41.0 	 0.10810810810810811 
774.0 	 1707 	 590 	 33.0 	 41.0 	 0.10810810810810811 
775.0 	 1709 	 590 	 33.0 	 41.0 	 0.10810810810810811 
776.0 	 1711 	 590 	 33.0 	 41.0 	 0.10810810810810811 
777.0 	 1713 	 590 	 33.0 	 41.0 	 0.10810810810810811 
778.0 	 1715 	 590 	 33.0 	 41.0 	 0.10810810810810811 
779.0 	 1717 	 590 	 33.0 	 40.0 	 0.0958904109589041 
780.0 	 1719 	 590 	 33.0 	 39.0 	 0.08333333333333333 
781.0 	 1721 	 590 	 33.0 	 41.0 	 0.10810810810810811 
782.0 	 1723 	 590 	 33.0 	 40.0 	 0.0958904109589041 
783.0 	 1725 	 590 	 33.0 	 41.0 	 0.10810810810810811 
784.0 	 1727 	 590 	 33.0 	 41.0 	 0.10810810810810811 
785.0 	 1729 	 590 	 34.0 	 41.0 	 0.09333333333333334 
786.0 	 1731 	 590 	 34.0 	 41.0 	 0.09333333333333334 
787.0 	 1733 	 590 	 34.0 	 41.0 	 0.09333333333333334 
788.0 	 1735 	 590 	 34.0 	 41.0 	 0.09333333333333334 
789.0 	 1737 	 590 	 34.0 	 40.0 	 0.08108108108108109 
790.0 	 1739 	 590 	 34.0 	 40.0 	 0.08108108108108109 
791.0 	 1741 	 590 	 34.0 	 40.0 	 0.08108108108108109 
792.0 	 1742 	 590 	 33.0 	 40.0 	 0.0958904109589041 
793.0 	 1745 	 590 	 33.0 	 40.0 	 0.0958904109589041 
794.0 	 1747 	 590 	 33.0 	 40.0 	 0.0958904109589041 
795.0 	 1749 	 590 	 33.0 	 40.0 	 0.0958904109589041 
796.0 	 1751 	 590 	 33.0 	 40.0 	 0.0958904109589041 
797.0 	 1753 	 590 	 33.0 	 41.0 	 0.10810810810810811 
798.0 	 1755 	 590 	 33.0 	 41.0 	 0.10810810810810811 
799.0 	 1757 	 590 	 33.0 	 40.0 	 0.0958904109589041 
800.0 	 1759 	 590 	 33.0 	 40.0 	 0.0958904109589041 
801.0 	 1761 	 590 	 33.0 	 41.0 	 0.10810810810810811 
802.0 	 1763 	 590 	 33.0 	 41.0 	 0.10810810810810811 
803.0 	 1765 	 590 	 33.0 	 40.0 	 0.0958904109589041 
804.0 	 1767 	 590 	 33.0 	 40.0 	 0.0958904109589041 
805.0 	 1769 	 589 	 33.0 	 41.0 	 0.10810810810810811 
806.0 	 1771 	 589 	 33.0 	 41.0 	 0.10810810810810811 
807.0 	 1773 	 590 	 33.0 	 41.0 	 0.10810810810810811 
808.0 	 1775 	 590 	 33.0 	 40.0 	 0.0958904109589041 
809.0 	 1777 	 590 	 33.0 	 41.0 	 0.10810810810810811 
810.0 	 1779 	 589 	 33.0 	 40.0 	 0.0958904109589041 
811.0 	 1781 	 590 	 33.0 	 40.0 	 0.0958904109589041 
812.0 	 1783 	 590 	 33.0 	 41.0 	 0.10810810810810811 
813.0 	 1785 	 590 	 33.0 	 41.0 	 0.10810810810810811 
814.0 	 1787 	 590 	 33.0 	 41.0 	 0.10810810810810811 
815.0 	 1789 	 589 	 33.0 	 41.0 	 0.10810810810810811 
816.0 	 1791 	 590 	 33.0 	 41.0 	 0.10810810810810811 
817.0 	 1793 	 590 	 33.0 	 40.0 	 0.0958904109589041 
818.0 	 1795 	 590 	 33.0 	 41.0 	 0.10810810810810811 
819.0 	 1797 	 590 	 33.0 	 41.0 	 0.10810810810810811 
820.0 	 1800 	 590 	 33.0 	 41.0 	 0.10810810810810811 
821.0 	 1802 	 590 	 33.0 	 41.0 	 0.10810810810810811 
822.0 	 1804 	 590 	 33.0 	 41.0 	 0.10810810810810811 
823.0 	 1806 	 590 	 33.0 	 40.0 	 0.0958904109589041 
824.0 	 1808 	 590 	 33.0 	 41.0 	 0.10810810810810811 
825.0 	 1810 	 590 	 33.0 	 40.0 	 0.0958904109589041 
826.0 	 1811 	 590 	 33.0 	 40.0 	 0.0958904109589041 
827.0 	 1814 	 590 	 33.0 	 40.0 	 0.0958904109589041 
828.0 	 1816 	 590 	 33.0 	 41.0 	 0.10810810810810811 
829.0 	 1818 	 590 	 33.0 	 41.0 	 0.10810810810810811 
830.0 	 1820 	 590 	 33.0 	 42.0 	 0.12 
831.0 	 1822 	 590 	 33.0 	 42.0 	 0.12 
832.0 	 1824 	 590 	 33.0 	 42.0 	 0.12 
833.0 	 1827 	 590 	 34.0 	 42.0 	 0.10526315789473684 
834.0 	 1829 	 590 	 33.0 	 41.0 	 0.10810810810810811 
835.0 	 1831 	 590 	 34.0 	 41.0 	 0.09333333333333334 
836.0 	 1833 	 590 	 34.0 	 41.0 	 0.09333333333333334 
837.0 	 1835 	 590 	 34.0 	 41.0 	 0.09333333333333334 
838.0 	 1837 	 590 	 34.0 	 41.0 	 0.09333333333333334 
839.0 	 1839 	 590 	 34.0 	 41.0 	 0.09333333333333334 
840.0 	 1841 	 590 	 34.0 	 41.0 	 0.09333333333333334 
841.0 	 1844 	 590 	 34.0 	 41.0 	 0.09333333333333334 
842.0 	 1846 	 590 	 34.0 	 41.0 	 0.09333333333333334 
843.0 	 1848 	 590 	 34.0 	 41.0 	 0.09333333333333334 
844.0 	 1850 	 590 	 34.0 	 42.0 	 0.10526315789473684 
845.0 	 1852 	 590 	 34.0 	 42.0 	 0.10526315789473684 
846.0 	 1854 	 590 	 34.0 	 42.0 	 0.10526315789473684 
847.0 	 1856 	 590 	 34.0 	 41.0 	 0.09333333333333334 
848.0 	 1858 	 590 	 34.0 	 41.0 	 0.09333333333333334 
849.0 	 1860 	 590 	 33.0 	 41.0 	 0.10810810810810811 
850.0 	 1862 	 590 	 33.0 	 43.0 	 0.13157894736842105 
851.0 	 1865 	 590 	 33.0 	 43.0 	 0.13157894736842105 
852.0 	 1867 	 590 	 33.0 	 43.0 	 0.13157894736842105 
853.0 	 1869 	 590 	 33.0 	 42.0 	 0.12 
854.0 	 1871 	 590 	 33.0 	 42.0 	 0.12 
855.0 	 1873 	 590 	 34.0 	 42.0 	 0.10526315789473684 
856.0 	 1875 	 590 	 33.0 	 42.0 	 0.12 
857.0 	 1877 	 590 	 33.0 	 43.0 	 0.13157894736842105 
858.0 	 1879 	 590 	 33.0 	 43.0 	 0.13157894736842105 
859.0 	 1881 	 590 	 33.0 	 41.0 	 0.10810810810810811 
860.0 	 1883 	 590 	 33.0 	 41.0 	 0.10810810810810811 
861.0 	 1886 	 590 	 41.0 	 34.0 	 0.09333333333333334 
862.0 	 1888 	 590 	 34.0 	 42.0 	 0.10526315789473684 
863.0 	 1890 	 590 	 34.0 	 41.0 	 0.09333333333333334 
864.0 	 1892 	 590 	 33.0 	 42.0 	 0.12 
865.0 	 1894 	 590 	 33.0 	 41.0 	 0.10810810810810811 
866.0 	 1896 	 590 	 33.0 	 42.0 	 0.12 
867.0 	 1898 	 590 	 33.0 	 40.0 	 0.0958904109589041 
868.0 	 1899 	 590 	 33.0 	 38.0 	 0.07042253521126761 
869.0 	 1901 	 590 	 33.0 	 36.0 	 0.043478260869565216 
870.0 	 1902 	 590 	 33.0 	 34.0 	 0.014925373134328358 
871.0 	 1904 	 590 	 33.0 	 31.0 	 0.03125 
872.0 	 1905 	 590 	 33.0 	 29.0 	 0.06451612903225806 
873.0 	 1906 	 590 	 33.0 	 27.0 	 0.1 
874.0 	 1907 	 590 	 33.0 	 25.0 	 0.13793103448275862 
875.0 	 1908 	 590 	 33.0 	 23.0 	 0.17857142857142858 
876.0 	 1909 	 590 	 33.0 	 21.0 	 0.2222222222222222 
877.0 	 1911 	 590 	 32.0 	 19.0 	 0.2549019607843137 
