frame 	 x 	 y 	 width 	 height 	 deformation 
1.0 	 52 	 578 	 48.0 	 58.0 	 0.09433962264150944 
2.0 	 52 	 578 	 48.0 	 59.0 	 0.102803738317757 
3.0 	 52 	 578 	 48.0 	 57.0 	 0.08571428571428572 
4.0 	 53 	 578 	 49.0 	 59.0 	 0.09259259259259259 
5.0 	 52 	 578 	 49.0 	 59.0 	 0.09259259259259259 
6.0 	 52 	 578 	 48.0 	 57.0 	 0.08571428571428572 
7.0 	 52 	 578 	 49.0 	 59.0 	 0.09259259259259259 
8.0 	 53 	 578 	 49.0 	 58.0 	 0.08411214953271028 
9.0 	 53 	 578 	 49.0 	 56.0 	 0.06666666666666667 
10.0 	 53 	 578 	 49.0 	 58.0 	 0.08411214953271028 
11.0 	 53 	 578 	 49.0 	 58.0 	 0.08411214953271028 
12.0 	 53 	 578 	 57.0 	 49.0 	 0.07547169811320754 
13.0 	 53 	 578 	 48.0 	 57.0 	 0.08571428571428572 
14.0 	 53 	 578 	 48.0 	 59.0 	 0.102803738317757 
15.0 	 53 	 578 	 48.0 	 57.0 	 0.08571428571428572 
16.0 	 53 	 578 	 48.0 	 58.0 	 0.09433962264150944 
17.0 	 53 	 578 	 49.0 	 58.0 	 0.08411214953271028 
18.0 	 53 	 578 	 57.0 	 49.0 	 0.07547169811320754 
19.0 	 53 	 578 	 48.0 	 56.0 	 0.07692307692307693 
20.0 	 54 	 578 	 49.0 	 59.0 	 0.09259259259259259 
21.0 	 54 	 578 	 49.0 	 58.0 	 0.08411214953271028 
22.0 	 54 	 578 	 49.0 	 57.0 	 0.07547169811320754 
23.0 	 54 	 578 	 49.0 	 58.0 	 0.08411214953271028 
24.0 	 54 	 578 	 49.0 	 58.0 	 0.08411214953271028 
25.0 	 54 	 578 	 48.0 	 56.0 	 0.07692307692307693 
26.0 	 54 	 578 	 49.0 	 58.0 	 0.08411214953271028 
27.0 	 54 	 578 	 49.0 	 58.0 	 0.08411214953271028 
28.0 	 54 	 578 	 48.0 	 56.0 	 0.07692307692307693 
29.0 	 54 	 578 	 49.0 	 58.0 	 0.08411214953271028 
30.0 	 54 	 578 	 49.0 	 58.0 	 0.08411214953271028 
31.0 	 54 	 578 	 49.0 	 57.0 	 0.07547169811320754 
32.0 	 54 	 578 	 49.0 	 58.0 	 0.08411214953271028 
33.0 	 54 	 578 	 49.0 	 58.0 	 0.08411214953271028 
34.0 	 55 	 578 	 48.0 	 57.0 	 0.08571428571428572 
35.0 	 55 	 578 	 49.0 	 58.0 	 0.08411214953271028 
36.0 	 55 	 578 	 49.0 	 58.0 	 0.08411214953271028 
37.0 	 55 	 578 	 48.0 	 57.0 	 0.08571428571428572 
38.0 	 55 	 578 	 48.0 	 57.0 	 0.08571428571428572 
39.0 	 55 	 578 	 48.0 	 58.0 	 0.09433962264150944 
40.0 	 55 	 578 	 48.0 	 57.0 	 0.08571428571428572 
41.0 	 55 	 578 	 48.0 	 57.0 	 0.08571428571428572 
42.0 	 55 	 578 	 49.0 	 58.0 	 0.08411214953271028 
43.0 	 55 	 578 	 49.0 	 57.0 	 0.07547169811320754 
44.0 	 55 	 578 	 49.0 	 57.0 	 0.07547169811320754 
45.0 	 55 	 578 	 49.0 	 57.0 	 0.07547169811320754 
46.0 	 55 	 578 	 49.0 	 57.0 	 0.07547169811320754 
47.0 	 55 	 578 	 49.0 	 57.0 	 0.07547169811320754 
48.0 	 55 	 578 	 49.0 	 57.0 	 0.07547169811320754 
49.0 	 56 	 578 	 48.0 	 57.0 	 0.08571428571428572 
50.0 	 56 	 578 	 48.0 	 56.0 	 0.07692307692307693 
51.0 	 56 	 578 	 49.0 	 57.0 	 0.07547169811320754 
52.0 	 56 	 578 	 49.0 	 57.0 	 0.07547169811320754 
53.0 	 56 	 578 	 49.0 	 56.0 	 0.06666666666666667 
54.0 	 56 	 578 	 49.0 	 57.0 	 0.07547169811320754 
55.0 	 56 	 578 	 49.0 	 57.0 	 0.07547169811320754 
56.0 	 56 	 578 	 49.0 	 56.0 	 0.06666666666666667 
57.0 	 56 	 578 	 49.0 	 56.0 	 0.06666666666666667 
58.0 	 57 	 578 	 49.0 	 56.0 	 0.06666666666666667 
59.0 	 57 	 578 	 49.0 	 56.0 	 0.06666666666666667 
60.0 	 57 	 578 	 49.0 	 56.0 	 0.06666666666666667 
61.0 	 57 	 578 	 48.0 	 57.0 	 0.08571428571428572 
62.0 	 57 	 578 	 48.0 	 56.0 	 0.07692307692307693 
63.0 	 58 	 578 	 48.0 	 56.0 	 0.07692307692307693 
64.0 	 58 	 578 	 48.0 	 56.0 	 0.07692307692307693 
65.0 	 58 	 578 	 55.0 	 48.0 	 0.06796116504854369 
66.0 	 59 	 578 	 49.0 	 55.0 	 0.057692307692307696 
67.0 	 59 	 578 	 48.0 	 55.0 	 0.06796116504854369 
68.0 	 60 	 578 	 48.0 	 55.0 	 0.06796116504854369 
69.0 	 60 	 578 	 48.0 	 56.0 	 0.07692307692307693 
70.0 	 60 	 578 	 48.0 	 56.0 	 0.07692307692307693 
71.0 	 61 	 578 	 48.0 	 56.0 	 0.07692307692307693 
72.0 	 62 	 578 	 48.0 	 56.0 	 0.07692307692307693 
73.0 	 62 	 578 	 48.0 	 56.0 	 0.07692307692307693 
74.0 	 63 	 578 	 48.0 	 55.0 	 0.06796116504854369 
75.0 	 64 	 578 	 48.0 	 55.0 	 0.06796116504854369 
76.0 	 65 	 578 	 48.0 	 56.0 	 0.07692307692307693 
77.0 	 66 	 578 	 48.0 	 55.0 	 0.06796116504854369 
78.0 	 68 	 578 	 48.0 	 56.0 	 0.07692307692307693 
79.0 	 69 	 578 	 47.0 	 57.0 	 0.09615384615384616 
80.0 	 70 	 578 	 47.0 	 56.0 	 0.08737864077669903 
81.0 	 72 	 578 	 47.0 	 56.0 	 0.08737864077669903 
82.0 	 73 	 578 	 47.0 	 57.0 	 0.09615384615384616 
83.0 	 75 	 578 	 47.0 	 57.0 	 0.09615384615384616 
84.0 	 76 	 578 	 47.0 	 58.0 	 0.10476190476190476 
85.0 	 78 	 578 	 46.0 	 58.0 	 0.11538461538461539 
86.0 	 79 	 578 	 46.0 	 58.0 	 0.11538461538461539 
87.0 	 81 	 578 	 46.0 	 58.0 	 0.11538461538461539 
88.0 	 82 	 578 	 46.0 	 57.0 	 0.10679611650485436 
89.0 	 84 	 578 	 46.0 	 59.0 	 0.12380952380952381 
90.0 	 86 	 578 	 46.0 	 58.0 	 0.11538461538461539 
91.0 	 87 	 578 	 46.0 	 60.0 	 0.1320754716981132 
92.0 	 89 	 578 	 46.0 	 60.0 	 0.1320754716981132 
93.0 	 90 	 578 	 46.0 	 60.0 	 0.1320754716981132 
94.0 	 92 	 578 	 46.0 	 61.0 	 0.14018691588785046 
95.0 	 93 	 578 	 45.0 	 61.0 	 0.1509433962264151 
96.0 	 95 	 578 	 45.0 	 61.0 	 0.1509433962264151 
97.0 	 97 	 578 	 45.0 	 62.0 	 0.1588785046728972 
98.0 	 99 	 578 	 44.0 	 63.0 	 0.17757009345794392 
99.0 	 100 	 578 	 45.0 	 63.0 	 0.16666666666666666 
100.0 	 102 	 578 	 44.0 	 63.0 	 0.17757009345794392 
101.0 	 104 	 578 	 44.0 	 63.0 	 0.17757009345794392 
102.0 	 106 	 578 	 44.0 	 63.0 	 0.17757009345794392 
103.0 	 108 	 578 	 44.0 	 63.0 	 0.17757009345794392 
104.0 	 109 	 578 	 44.0 	 64.0 	 0.18518518518518517 
105.0 	 111 	 578 	 44.0 	 64.0 	 0.18518518518518517 
106.0 	 113 	 578 	 44.0 	 64.0 	 0.18518518518518517 
107.0 	 115 	 578 	 44.0 	 66.0 	 0.2 
108.0 	 117 	 578 	 44.0 	 65.0 	 0.1926605504587156 
109.0 	 119 	 578 	 42.0 	 65.0 	 0.21495327102803738 
110.0 	 121 	 578 	 42.0 	 67.0 	 0.22935779816513763 
111.0 	 123 	 578 	 42.0 	 66.0 	 0.2222222222222222 
112.0 	 125 	 578 	 42.0 	 66.0 	 0.2222222222222222 
113.0 	 127 	 578 	 42.0 	 66.0 	 0.2222222222222222 
114.0 	 128 	 578 	 42.0 	 65.0 	 0.21495327102803738 
115.0 	 130 	 578 	 42.0 	 65.0 	 0.21495327102803738 
116.0 	 132 	 578 	 42.0 	 66.0 	 0.2222222222222222 
117.0 	 134 	 578 	 42.0 	 67.0 	 0.22935779816513763 
118.0 	 136 	 578 	 42.0 	 67.0 	 0.22935779816513763 
119.0 	 138 	 578 	 42.0 	 68.0 	 0.23636363636363636 
120.0 	 140 	 578 	 42.0 	 68.0 	 0.23636363636363636 
121.0 	 143 	 578 	 42.0 	 68.0 	 0.23636363636363636 
122.0 	 144 	 578 	 42.0 	 70.0 	 0.25 
123.0 	 147 	 578 	 41.0 	 70.0 	 0.26126126126126126 
124.0 	 149 	 578 	 41.0 	 69.0 	 0.2545454545454545 
125.0 	 151 	 578 	 41.0 	 70.0 	 0.26126126126126126 
126.0 	 153 	 578 	 41.0 	 70.0 	 0.26126126126126126 
127.0 	 155 	 578 	 41.0 	 70.0 	 0.26126126126126126 
128.0 	 157 	 578 	 41.0 	 71.0 	 0.26785714285714285 
129.0 	 159 	 578 	 41.0 	 72.0 	 0.2743362831858407 
130.0 	 161 	 578 	 41.0 	 70.0 	 0.26126126126126126 
131.0 	 163 	 578 	 41.0 	 71.0 	 0.26785714285714285 
132.0 	 166 	 578 	 41.0 	 71.0 	 0.26785714285714285 
133.0 	 168 	 578 	 40.0 	 72.0 	 0.2857142857142857 
134.0 	 170 	 578 	 40.0 	 72.0 	 0.2857142857142857 
135.0 	 172 	 578 	 41.0 	 73.0 	 0.2807017543859649 
136.0 	 174 	 578 	 41.0 	 72.0 	 0.2743362831858407 
137.0 	 177 	 578 	 41.0 	 72.0 	 0.2743362831858407 
138.0 	 179 	 578 	 41.0 	 73.0 	 0.2807017543859649 
139.0 	 181 	 578 	 41.0 	 73.0 	 0.2807017543859649 
140.0 	 183 	 578 	 41.0 	 72.0 	 0.2743362831858407 
141.0 	 186 	 578 	 73.0 	 42.0 	 0.26956521739130435 
142.0 	 188 	 578 	 41.0 	 73.0 	 0.2807017543859649 
143.0 	 190 	 578 	 41.0 	 72.0 	 0.2743362831858407 
144.0 	 192 	 578 	 41.0 	 72.0 	 0.2743362831858407 
145.0 	 194 	 578 	 40.0 	 73.0 	 0.2920353982300885 
146.0 	 196 	 578 	 41.0 	 73.0 	 0.2807017543859649 
147.0 	 199 	 578 	 40.0 	 73.0 	 0.2920353982300885 
148.0 	 201 	 578 	 40.0 	 75.0 	 0.30434782608695654 
149.0 	 203 	 577 	 41.0 	 74.0 	 0.28695652173913044 
150.0 	 205 	 577 	 41.0 	 75.0 	 0.29310344827586204 
151.0 	 207 	 577 	 41.0 	 76.0 	 0.29914529914529914 
152.0 	 209 	 577 	 41.0 	 74.0 	 0.28695652173913044 
153.0 	 212 	 577 	 41.0 	 75.0 	 0.29310344827586204 
154.0 	 214 	 577 	 41.0 	 75.0 	 0.29310344827586204 
155.0 	 216 	 577 	 41.0 	 74.0 	 0.28695652173913044 
156.0 	 219 	 577 	 41.0 	 75.0 	 0.29310344827586204 
157.0 	 221 	 577 	 40.0 	 75.0 	 0.30434782608695654 
158.0 	 223 	 577 	 40.0 	 75.0 	 0.30434782608695654 
159.0 	 225 	 577 	 40.0 	 75.0 	 0.30434782608695654 
160.0 	 227 	 577 	 40.0 	 76.0 	 0.3103448275862069 
161.0 	 229 	 577 	 40.0 	 76.0 	 0.3103448275862069 
162.0 	 232 	 577 	 40.0 	 75.0 	 0.30434782608695654 
163.0 	 234 	 577 	 40.0 	 76.0 	 0.3103448275862069 
164.0 	 237 	 577 	 40.0 	 77.0 	 0.3162393162393162 
165.0 	 239 	 577 	 40.0 	 76.0 	 0.3103448275862069 
166.0 	 241 	 577 	 41.0 	 76.0 	 0.29914529914529914 
167.0 	 244 	 577 	 41.0 	 77.0 	 0.3050847457627119 
168.0 	 246 	 577 	 40.0 	 76.0 	 0.3103448275862069 
169.0 	 248 	 577 	 40.0 	 77.0 	 0.3162393162393162 
170.0 	 250 	 577 	 40.0 	 78.0 	 0.3220338983050847 
171.0 	 253 	 577 	 40.0 	 77.0 	 0.3162393162393162 
172.0 	 255 	 577 	 40.0 	 78.0 	 0.3220338983050847 
173.0 	 257 	 577 	 40.0 	 78.0 	 0.3220338983050847 
174.0 	 259 	 577 	 40.0 	 76.0 	 0.3103448275862069 
175.0 	 262 	 577 	 40.0 	 77.0 	 0.3162393162393162 
176.0 	 264 	 577 	 40.0 	 77.0 	 0.3162393162393162 
177.0 	 267 	 577 	 40.0 	 76.0 	 0.3103448275862069 
178.0 	 269 	 577 	 40.0 	 77.0 	 0.3162393162393162 
179.0 	 271 	 577 	 40.0 	 78.0 	 0.3220338983050847 
180.0 	 274 	 577 	 40.0 	 77.0 	 0.3162393162393162 
181.0 	 276 	 577 	 39.0 	 77.0 	 0.3275862068965517 
182.0 	 278 	 577 	 39.0 	 79.0 	 0.3389830508474576 
183.0 	 281 	 577 	 38.0 	 78.0 	 0.3448275862068966 
184.0 	 283 	 577 	 38.0 	 78.0 	 0.3448275862068966 
185.0 	 286 	 577 	 39.0 	 79.0 	 0.3389830508474576 
186.0 	 288 	 577 	 39.0 	 79.0 	 0.3389830508474576 
187.0 	 290 	 577 	 39.0 	 78.0 	 0.3333333333333333 
188.0 	 293 	 577 	 39.0 	 78.0 	 0.3333333333333333 
189.0 	 295 	 577 	 39.0 	 79.0 	 0.3389830508474576 
190.0 	 297 	 577 	 39.0 	 79.0 	 0.3389830508474576 
191.0 	 300 	 577 	 39.0 	 80.0 	 0.3445378151260504 
192.0 	 302 	 577 	 39.0 	 79.0 	 0.3389830508474576 
193.0 	 304 	 576 	 39.0 	 79.0 	 0.3389830508474576 
194.0 	 307 	 577 	 39.0 	 79.0 	 0.3389830508474576 
195.0 	 309 	 577 	 39.0 	 80.0 	 0.3445378151260504 
196.0 	 312 	 576 	 39.0 	 80.0 	 0.3445378151260504 
197.0 	 314 	 577 	 39.0 	 80.0 	 0.3445378151260504 
198.0 	 316 	 576 	 39.0 	 79.0 	 0.3389830508474576 
199.0 	 319 	 576 	 39.0 	 80.0 	 0.3445378151260504 
200.0 	 321 	 576 	 39.0 	 80.0 	 0.3445378151260504 
201.0 	 323 	 576 	 39.0 	 81.0 	 0.35 
202.0 	 325 	 576 	 39.0 	 80.0 	 0.3445378151260504 
203.0 	 328 	 576 	 39.0 	 81.0 	 0.35 
204.0 	 331 	 576 	 39.0 	 82.0 	 0.35537190082644626 
205.0 	 333 	 576 	 40.0 	 79.0 	 0.3277310924369748 
206.0 	 335 	 576 	 40.0 	 80.0 	 0.3333333333333333 
207.0 	 338 	 576 	 39.0 	 79.0 	 0.3389830508474576 
208.0 	 340 	 576 	 39.0 	 78.0 	 0.3333333333333333 
209.0 	 342 	 576 	 40.0 	 80.0 	 0.3333333333333333 
210.0 	 344 	 576 	 40.0 	 80.0 	 0.3333333333333333 
211.0 	 347 	 576 	 40.0 	 81.0 	 0.33884297520661155 
212.0 	 349 	 576 	 40.0 	 80.0 	 0.3333333333333333 
213.0 	 351 	 576 	 40.0 	 81.0 	 0.33884297520661155 
214.0 	 354 	 576 	 39.0 	 80.0 	 0.3445378151260504 
215.0 	 356 	 576 	 39.0 	 79.0 	 0.3389830508474576 
216.0 	 359 	 576 	 39.0 	 79.0 	 0.3389830508474576 
217.0 	 360 	 576 	 39.0 	 80.0 	 0.3445378151260504 
218.0 	 362 	 576 	 39.0 	 79.0 	 0.3389830508474576 
219.0 	 364 	 576 	 39.0 	 78.0 	 0.3333333333333333 
220.0 	 366 	 576 	 39.0 	 77.0 	 0.3275862068965517 
221.0 	 368 	 576 	 39.0 	 77.0 	 0.3275862068965517 
222.0 	 371 	 575 	 39.0 	 77.0 	 0.3275862068965517 
223.0 	 372 	 575 	 39.0 	 76.0 	 0.3217391304347826 
224.0 	 374 	 575 	 39.0 	 73.0 	 0.30357142857142855 
225.0 	 376 	 575 	 39.0 	 72.0 	 0.2972972972972973 
226.0 	 377 	 575 	 39.0 	 71.0 	 0.2909090909090909 
227.0 	 379 	 575 	 39.0 	 72.0 	 0.2972972972972973 
228.0 	 381 	 575 	 39.0 	 74.0 	 0.30973451327433627 
229.0 	 383 	 575 	 39.0 	 74.0 	 0.30973451327433627 
230.0 	 384 	 574 	 39.0 	 72.0 	 0.2972972972972973 
231.0 	 386 	 574 	 39.0 	 71.0 	 0.2909090909090909 
232.0 	 388 	 574 	 39.0 	 69.0 	 0.2777777777777778 
233.0 	 389 	 574 	 39.0 	 67.0 	 0.2641509433962264 
234.0 	 391 	 574 	 38.47306442260742 	 67.38042449951172 	 0.2730884014429856 
235.0 	 392 	 574 	 38.30026626586914 	 64.68628692626953 	 0.25620840626807706 
236.0 	 393 	 574 	 36.663272857666016 	 62.945980072021484 	 0.26385808989961995 
237.0 	 394 	 574 	 36.804988861083984 	 61.341651916503906 	 0.25000002915049285 
238.0 	 395 	 574 	 35.63818359375 	 59.82123947143555 	 0.25333335464610834 
239.0 	 397 	 573 	 36.0 	 57.0 	 0.22580645161290322 
240.0 	 399 	 573 	 36.0 	 55.0 	 0.2087912087912088 
241.0 	 400 	 573 	 35.0 	 55.0 	 0.2222222222222222 
242.0 	 402 	 573 	 34.0 	 56.0 	 0.24444444444444444 
243.0 	 403 	 573 	 34.0 	 53.0 	 0.21839080459770116 
244.0 	 404 	 573 	 31.770811080932617 	 53.93193054199219 	 0.2585812197066476 
245.0 	 405 	 572 	 30.986347198486328 	 50.99019241333008 	 0.2440191463261072 
246.0 	 407 	 572 	 29.889629364013672 	 50.159610748291016 	 0.25321891070845487 
247.0 	 408 	 572 	 31.0 	 46.0 	 0.19480519480519481 
248.0 	 409 	 572 	 26.65248680114746 	 47.75690460205078 	 0.2836257279211696 
249.0 	 411 	 572 	 26.070907592773438 	 44.376014709472656 	 0.2598425384456517 
250.0 	 414 	 572 	 27.0 	 42.0 	 0.21739130434782608 
251.0 	 416 	 571 	 22.667200088500977 	 41.71232604980469 	 0.29582581767360827 
252.0 	 465 	 572 	 24.0 	 32.0 	 0.14285714285714285 
253.0 	 466 	 573 	 31.375938415527344 	 28.937942504882812 	 0.04042180462341159 
254.0 	 468 	 573 	 28.0 	 37.0 	 0.13846153846153847 
255.0 	 468 	 573 	 29.0 	 39.0 	 0.14705882352941177 
256.0 	 469 	 574 	 29.0 	 42.0 	 0.18309859154929578 
257.0 	 471 	 574 	 30.0 	 43.0 	 0.1780821917808219 
258.0 	 472 	 574 	 30.0 	 45.0 	 0.2 
259.0 	 474 	 574 	 31.0 	 48.0 	 0.21518987341772153 
260.0 	 475 	 574 	 30.0 	 51.0 	 0.25925925925925924 
261.0 	 476 	 574 	 31.0 	 51.0 	 0.24390243902439024 
262.0 	 477 	 574 	 32.0 	 54.0 	 0.2558139534883721 
263.0 	 479 	 574 	 32.0 	 57.0 	 0.2808988764044944 
264.0 	 481 	 574 	 33.13289260864258 	 59.439788818359375 	 0.28417558835066326 
265.0 	 482 	 574 	 33.051414489746094 	 59.84785461425781 	 0.28844618889856055 
266.0 	 483 	 574 	 34.0 	 62.0 	 0.2916666666666667 
267.0 	 484 	 574 	 34.0 	 62.0 	 0.2916666666666667 
268.0 	 486 	 574 	 65.0 	 34.0 	 0.31313131313131315 
269.0 	 487 	 575 	 71.0 	 35.0 	 0.33962264150943394 
270.0 	 489 	 574 	 69.86367797851562 	 35.056602478027344 	 0.33174783129659147 
271.0 	 491 	 574 	 35.0 	 72.0 	 0.34579439252336447 
272.0 	 492 	 574 	 35.0 	 75.0 	 0.36363636363636365 
273.0 	 494 	 574 	 35.0 	 75.0 	 0.36363636363636365 
274.0 	 496 	 574 	 35.0 	 76.0 	 0.36936936936936937 
275.0 	 498 	 574 	 78.0 	 37.0 	 0.3565217391304348 
276.0 	 500 	 574 	 79.0 	 37.0 	 0.3620689655172414 
277.0 	 502 	 574 	 37.0 	 80.0 	 0.36752136752136755 
278.0 	 504 	 574 	 37.0 	 80.0 	 0.36752136752136755 
279.0 	 505 	 574 	 37.0 	 81.0 	 0.3728813559322034 
280.0 	 507 	 574 	 37.0 	 80.0 	 0.36752136752136755 
281.0 	 510 	 574 	 38.0 	 82.0 	 0.36666666666666664 
282.0 	 512 	 574 	 37.84236145019531 	 80.88804626464844 	 0.3625497936285746 
283.0 	 514 	 574 	 37.5812873840332 	 79.61096954345703 	 0.35863872973645894 
284.0 	 516 	 574 	 38.0 	 80.0 	 0.3559322033898305 
285.0 	 518 	 574 	 38.0 	 80.0 	 0.3559322033898305 
286.0 	 520 	 574 	 38.0 	 78.0 	 0.3448275862068966 
287.0 	 522 	 574 	 39.0 	 80.0 	 0.3445378151260504 
288.0 	 524 	 574 	 39.0 	 79.0 	 0.3389830508474576 
289.0 	 526 	 574 	 38.0 	 79.0 	 0.3504273504273504 
290.0 	 529 	 574 	 38.0 	 78.0 	 0.3448275862068966 
291.0 	 531 	 574 	 38.0 	 78.0 	 0.3448275862068966 
292.0 	 533 	 574 	 38.0 	 78.0 	 0.3448275862068966 
293.0 	 535 	 574 	 38.0 	 78.0 	 0.3448275862068966 
294.0 	 537 	 574 	 38.0 	 81.0 	 0.36134453781512604 
295.0 	 540 	 574 	 38.0 	 80.0 	 0.3559322033898305 
296.0 	 543 	 574 	 38.0 	 80.0 	 0.3559322033898305 
297.0 	 545 	 574 	 38.0 	 82.0 	 0.36666666666666664 
298.0 	 547 	 574 	 38.0 	 81.0 	 0.36134453781512604 
299.0 	 549 	 574 	 38.0 	 82.0 	 0.36666666666666664 
300.0 	 551 	 574 	 39.0 	 83.0 	 0.36065573770491804 
301.0 	 553 	 574 	 38.0 	 82.0 	 0.36666666666666664 
302.0 	 556 	 574 	 39.0 	 81.0 	 0.35 
303.0 	 558 	 574 	 39.0 	 82.0 	 0.35537190082644626 
304.0 	 560 	 574 	 39.0 	 84.0 	 0.36585365853658536 
305.0 	 562 	 573 	 40.0 	 83.0 	 0.34959349593495936 
306.0 	 564 	 574 	 40.0 	 83.0 	 0.34959349593495936 
307.0 	 567 	 574 	 40.0 	 84.0 	 0.3548387096774194 
308.0 	 569 	 574 	 40.0 	 83.0 	 0.34959349593495936 
309.0 	 571 	 574 	 40.0 	 84.0 	 0.3548387096774194 
310.0 	 573 	 574 	 40.0 	 85.0 	 0.36 
311.0 	 575 	 574 	 40.0 	 83.0 	 0.34959349593495936 
312.0 	 577 	 574 	 40.0 	 84.0 	 0.3548387096774194 
313.0 	 579 	 574 	 39.0 	 84.0 	 0.36585365853658536 
314.0 	 581 	 573 	 39.0 	 85.0 	 0.3709677419354839 
315.0 	 584 	 574 	 39.0 	 85.0 	 0.3709677419354839 
316.0 	 586 	 574 	 39.0 	 84.0 	 0.36585365853658536 
317.0 	 588 	 574 	 40.0 	 84.0 	 0.3548387096774194 
318.0 	 591 	 574 	 40.0 	 83.0 	 0.34959349593495936 
319.0 	 593 	 574 	 41.0 	 83.0 	 0.3387096774193548 
320.0 	 595 	 574 	 40.0 	 82.0 	 0.3442622950819672 
321.0 	 597 	 574 	 82.0 	 41.0 	 0.3333333333333333 
322.0 	 599 	 574 	 41.0 	 84.0 	 0.344 
323.0 	 602 	 574 	 41.0 	 83.0 	 0.3387096774193548 
324.0 	 604 	 573 	 41.0 	 82.0 	 0.3333333333333333 
325.0 	 606 	 573 	 40.0 	 83.0 	 0.34959349593495936 
326.0 	 609 	 573 	 40.0 	 82.0 	 0.3442622950819672 
327.0 	 611 	 573 	 40.0 	 83.0 	 0.34959349593495936 
328.0 	 613 	 573 	 40.0 	 84.0 	 0.3548387096774194 
329.0 	 615 	 573 	 40.0 	 84.0 	 0.3548387096774194 
330.0 	 617 	 573 	 40.0 	 85.0 	 0.36 
331.0 	 619 	 573 	 40.0 	 85.0 	 0.36 
332.0 	 622 	 573 	 40.0 	 85.0 	 0.36 
333.0 	 624 	 573 	 40.0 	 85.0 	 0.36 
334.0 	 626 	 573 	 40.0 	 86.0 	 0.36507936507936506 
335.0 	 628 	 573 	 40.0 	 86.0 	 0.36507936507936506 
336.0 	 631 	 573 	 40.0 	 85.0 	 0.36 
337.0 	 633 	 573 	 40.0 	 85.0 	 0.36 
338.0 	 635 	 573 	 40.0 	 85.0 	 0.36 
339.0 	 638 	 573 	 40.0 	 85.0 	 0.36 
340.0 	 640 	 573 	 40.0 	 84.0 	 0.3548387096774194 
341.0 	 642 	 573 	 40.0 	 84.0 	 0.3548387096774194 
342.0 	 644 	 573 	 40.0 	 85.0 	 0.36 
343.0 	 647 	 573 	 40.0 	 85.0 	 0.36 
344.0 	 649 	 573 	 40.0 	 85.0 	 0.36 
345.0 	 651 	 573 	 40.0 	 85.0 	 0.36 
346.0 	 653 	 573 	 40.0 	 84.0 	 0.3548387096774194 
347.0 	 656 	 573 	 40.0 	 84.0 	 0.3548387096774194 
348.0 	 658 	 573 	 40.0 	 84.0 	 0.3548387096774194 
349.0 	 660 	 573 	 40.0 	 84.0 	 0.3548387096774194 
350.0 	 663 	 573 	 40.0 	 85.0 	 0.36 
351.0 	 665 	 573 	 40.0 	 85.0 	 0.36 
352.0 	 667 	 573 	 40.0 	 85.0 	 0.36 
353.0 	 669 	 573 	 40.0 	 85.0 	 0.36 
354.0 	 672 	 573 	 40.0 	 85.0 	 0.36 
355.0 	 673 	 573 	 40.0 	 85.0 	 0.36 
356.0 	 676 	 573 	 40.0 	 85.0 	 0.36 
357.0 	 678 	 573 	 40.0 	 84.0 	 0.3548387096774194 
358.0 	 681 	 573 	 40.0 	 85.0 	 0.36 
359.0 	 683 	 573 	 40.0 	 84.0 	 0.3548387096774194 
360.0 	 685 	 573 	 39.0 	 85.0 	 0.3709677419354839 
361.0 	 688 	 573 	 39.0 	 85.0 	 0.3709677419354839 
362.0 	 690 	 572 	 39.0 	 85.0 	 0.3709677419354839 
363.0 	 692 	 573 	 39.0 	 85.0 	 0.3709677419354839 
364.0 	 694 	 572 	 40.0 	 85.0 	 0.36 
365.0 	 696 	 572 	 40.0 	 85.0 	 0.36 
366.0 	 699 	 572 	 40.0 	 85.0 	 0.36 
367.0 	 701 	 572 	 39.0 	 85.0 	 0.3709677419354839 
368.0 	 704 	 572 	 40.0 	 86.0 	 0.36507936507936506 
369.0 	 706 	 572 	 85.44054412841797 	 39.75481414794922 	 0.3649155256987889 
370.0 	 708 	 572 	 39.0 	 85.0 	 0.3709677419354839 
371.0 	 710 	 572 	 39.0 	 85.0 	 0.3709677419354839 
372.0 	 713 	 572 	 39.0 	 85.0 	 0.3709677419354839 
373.0 	 715 	 572 	 39.0 	 85.0 	 0.3709677419354839 
374.0 	 717 	 572 	 39.0 	 85.0 	 0.3709677419354839 
375.0 	 719 	 572 	 39.0 	 85.0 	 0.3709677419354839 
376.0 	 722 	 572 	 38.0 	 85.0 	 0.3821138211382114 
377.0 	 724 	 572 	 38.0 	 85.0 	 0.3821138211382114 
378.0 	 727 	 572 	 39.0 	 85.0 	 0.3709677419354839 
379.0 	 729 	 572 	 39.0 	 84.0 	 0.36585365853658536 
380.0 	 731 	 572 	 39.0 	 84.0 	 0.36585365853658536 
381.0 	 733 	 572 	 39.0 	 84.0 	 0.36585365853658536 
382.0 	 736 	 572 	 39.0 	 84.0 	 0.36585365853658536 
383.0 	 738 	 572 	 39.0 	 84.0 	 0.36585365853658536 
384.0 	 740 	 572 	 39.0 	 85.0 	 0.3709677419354839 
385.0 	 743 	 572 	 39.0 	 85.0 	 0.3709677419354839 
386.0 	 745 	 572 	 39.0 	 84.0 	 0.36585365853658536 
387.0 	 747 	 572 	 39.0 	 84.0 	 0.36585365853658536 
388.0 	 750 	 572 	 39.0 	 85.0 	 0.3709677419354839 
389.0 	 752 	 572 	 39.0 	 84.0 	 0.36585365853658536 
390.0 	 755 	 572 	 39.0 	 85.0 	 0.3709677419354839 
391.0 	 757 	 572 	 39.0 	 84.0 	 0.36585365853658536 
392.0 	 760 	 572 	 39.0 	 84.0 	 0.36585365853658536 
393.0 	 762 	 572 	 39.0 	 85.0 	 0.3709677419354839 
394.0 	 764 	 572 	 39.0 	 85.0 	 0.3709677419354839 
395.0 	 766 	 572 	 39.0 	 85.0 	 0.3709677419354839 
396.0 	 769 	 572 	 39.0 	 85.0 	 0.3709677419354839 
397.0 	 771 	 571 	 39.0 	 85.0 	 0.3709677419354839 
398.0 	 773 	 572 	 39.0 	 84.0 	 0.36585365853658536 
399.0 	 775 	 572 	 39.0 	 85.0 	 0.3709677419354839 
400.0 	 778 	 572 	 39.0 	 85.0 	 0.3709677419354839 
401.0 	 780 	 571 	 39.0 	 84.0 	 0.36585365853658536 
402.0 	 783 	 572 	 39.0 	 85.0 	 0.3709677419354839 
403.0 	 785 	 572 	 39.0 	 86.0 	 0.376 
404.0 	 787 	 572 	 39.0 	 85.0 	 0.3709677419354839 
405.0 	 790 	 572 	 39.0 	 85.0 	 0.3709677419354839 
406.0 	 792 	 571 	 39.0 	 86.0 	 0.376 
407.0 	 795 	 571 	 39.0 	 85.0 	 0.3709677419354839 
408.0 	 797 	 571 	 39.0 	 85.0 	 0.3709677419354839 
409.0 	 799 	 571 	 38.0 	 85.0 	 0.3821138211382114 
410.0 	 802 	 571 	 38.0 	 85.0 	 0.3821138211382114 
411.0 	 804 	 571 	 38.0 	 85.0 	 0.3821138211382114 
412.0 	 807 	 571 	 38.0 	 85.0 	 0.3821138211382114 
413.0 	 809 	 571 	 38.0 	 85.0 	 0.3821138211382114 
414.0 	 811 	 571 	 38.0 	 85.0 	 0.3821138211382114 
415.0 	 814 	 571 	 38.0 	 85.0 	 0.3821138211382114 
416.0 	 816 	 571 	 38.0 	 86.0 	 0.3870967741935484 
417.0 	 819 	 571 	 37.61663818359375 	 85.22383880615234 	 0.38755304268748914 
418.0 	 821 	 571 	 39.0 	 86.0 	 0.376 
419.0 	 824 	 571 	 38.3814697265625 	 85.80950927734375 	 0.3818960115395295 
420.0 	 826 	 571 	 38.0 	 86.0 	 0.3870967741935484 
421.0 	 828 	 571 	 38.0 	 85.0 	 0.3821138211382114 
422.0 	 831 	 571 	 38.0 	 85.0 	 0.3821138211382114 
423.0 	 833 	 571 	 38.57834243774414 	 85.8233871459961 	 0.37977803738210286 
424.0 	 835 	 571 	 39.0 	 85.0 	 0.3709677419354839 
425.0 	 838 	 571 	 39.0 	 85.0 	 0.3709677419354839 
426.0 	 840 	 571 	 39.0 	 85.0 	 0.3709677419354839 
427.0 	 843 	 571 	 39.0 	 85.0 	 0.3709677419354839 
428.0 	 845 	 571 	 39.0 	 85.0 	 0.3709677419354839 
429.0 	 848 	 571 	 39.0 	 85.0 	 0.3709677419354839 
430.0 	 851 	 571 	 38.0 	 85.0 	 0.3821138211382114 
431.0 	 853 	 571 	 39.0 	 86.0 	 0.376 
432.0 	 855 	 571 	 38.662601470947266 	 85.42383575439453 	 0.37684403976019193 
433.0 	 857 	 571 	 37.0 	 85.0 	 0.39344262295081966 
434.0 	 859 	 571 	 37.0 	 85.0 	 0.39344262295081966 
435.0 	 862 	 571 	 37.0 	 84.0 	 0.3884297520661157 
436.0 	 865 	 570 	 37.0 	 84.0 	 0.3884297520661157 
437.0 	 867 	 571 	 38.0 	 85.0 	 0.3821138211382114 
438.0 	 869 	 571 	 38.0 	 85.0 	 0.3821138211382114 
439.0 	 871 	 571 	 38.0 	 84.0 	 0.3770491803278688 
440.0 	 873 	 571 	 38.0 	 86.0 	 0.3870967741935484 
441.0 	 875 	 571 	 38.0 	 86.0 	 0.3870967741935484 
442.0 	 878 	 570 	 38.0 	 85.0 	 0.3821138211382114 
443.0 	 880 	 571 	 39.0 	 85.0 	 0.3709677419354839 
444.0 	 882 	 571 	 38.0 	 86.0 	 0.3870967741935484 
445.0 	 884 	 570 	 39.0 	 84.0 	 0.36585365853658536 
446.0 	 887 	 570 	 39.0 	 85.0 	 0.3709677419354839 
447.0 	 889 	 570 	 39.0 	 86.0 	 0.376 
448.0 	 892 	 570 	 39.0 	 85.0 	 0.3709677419354839 
449.0 	 894 	 570 	 39.0 	 85.0 	 0.3709677419354839 
450.0 	 896 	 570 	 39.0 	 86.0 	 0.376 
451.0 	 899 	 570 	 39.0 	 85.0 	 0.3709677419354839 
452.0 	 901 	 570 	 39.0 	 86.0 	 0.376 
453.0 	 903 	 570 	 38.0 	 87.0 	 0.392 
454.0 	 906 	 570 	 38.0 	 86.0 	 0.3870967741935484 
455.0 	 908 	 570 	 38.0 	 86.0 	 0.3870967741935484 
456.0 	 911 	 570 	 38.0 	 85.0 	 0.3821138211382114 
457.0 	 913 	 570 	 38.0 	 85.0 	 0.3821138211382114 
458.0 	 915 	 570 	 38.0 	 85.0 	 0.3821138211382114 
459.0 	 918 	 570 	 38.0 	 86.0 	 0.3870967741935484 
460.0 	 920 	 570 	 38.0 	 85.0 	 0.3821138211382114 
461.0 	 923 	 570 	 38.0 	 85.0 	 0.3821138211382114 
462.0 	 925 	 570 	 38.0 	 86.0 	 0.3870967741935484 
463.0 	 927 	 570 	 38.0 	 85.0 	 0.3821138211382114 
464.0 	 930 	 570 	 38.0 	 86.0 	 0.3870967741935484 
465.0 	 932 	 570 	 38.0 	 86.0 	 0.3870967741935484 
466.0 	 935 	 570 	 38.03483200073242 	 85.78598022460938 	 0.3856471893995859 
467.0 	 937 	 570 	 37.0 	 86.0 	 0.3983739837398374 
468.0 	 940 	 570 	 37.0 	 87.0 	 0.4032258064516129 
469.0 	 942 	 570 	 37.0 	 86.0 	 0.3983739837398374 
470.0 	 945 	 570 	 37.0 	 85.0 	 0.39344262295081966 
471.0 	 947 	 570 	 37.0 	 85.0 	 0.39344262295081966 
472.0 	 949 	 570 	 38.0 	 86.0 	 0.3870967741935484 
473.0 	 952 	 570 	 38.0 	 86.0 	 0.3870967741935484 
474.0 	 954 	 570 	 38.0 	 86.0 	 0.3870967741935484 
475.0 	 957 	 570 	 38.0 	 85.0 	 0.3821138211382114 
476.0 	 959 	 570 	 38.0 	 86.0 	 0.3870967741935484 
477.0 	 962 	 570 	 38.0 	 86.0 	 0.3870967741935484 
478.0 	 964 	 570 	 38.0 	 86.0 	 0.3870967741935484 
479.0 	 966 	 570 	 38.0 	 86.0 	 0.3870967741935484 
480.0 	 969 	 570 	 38.0 	 85.0 	 0.3821138211382114 
481.0 	 971 	 570 	 38.0 	 85.0 	 0.3821138211382114 
482.0 	 974 	 570 	 38.0 	 85.0 	 0.3821138211382114 
483.0 	 976 	 569 	 38.0 	 86.0 	 0.3870967741935484 
484.0 	 979 	 569 	 38.0 	 86.0 	 0.3870967741935484 
485.0 	 981 	 569 	 37.0 	 86.0 	 0.3983739837398374 
486.0 	 983 	 569 	 37.0 	 86.0 	 0.3983739837398374 
487.0 	 986 	 569 	 37.0 	 86.0 	 0.3983739837398374 
488.0 	 988 	 569 	 37.0 	 86.0 	 0.3983739837398374 
489.0 	 991 	 569 	 38.0 	 86.0 	 0.3870967741935484 
490.0 	 993 	 569 	 37.0 	 86.0 	 0.3983739837398374 
491.0 	 996 	 569 	 37.0 	 87.0 	 0.4032258064516129 
492.0 	 998 	 569 	 37.0 	 87.0 	 0.4032258064516129 
493.0 	 1000 	 569 	 37.0 	 87.0 	 0.4032258064516129 
494.0 	 1003 	 569 	 37.0 	 87.0 	 0.4032258064516129 
495.0 	 1006 	 569 	 37.0 	 86.0 	 0.3983739837398374 
496.0 	 1008 	 569 	 37.0 	 87.0 	 0.4032258064516129 
497.0 	 1010 	 569 	 37.0 	 87.0 	 0.4032258064516129 
498.0 	 1013 	 569 	 37.0 	 87.0 	 0.4032258064516129 
499.0 	 1015 	 569 	 37.0 	 87.0 	 0.4032258064516129 
500.0 	 1018 	 569 	 37.0 	 88.0 	 0.408 
501.0 	 1020 	 569 	 37.0 	 87.0 	 0.4032258064516129 
502.0 	 1023 	 569 	 37.0 	 88.0 	 0.408 
503.0 	 1025 	 569 	 37.0 	 88.0 	 0.408 
504.0 	 1028 	 569 	 37.0 	 88.0 	 0.408 
505.0 	 1030 	 569 	 37.0 	 88.0 	 0.408 
506.0 	 1033 	 569 	 38.0 	 89.0 	 0.4015748031496063 
507.0 	 1035 	 569 	 38.0 	 89.0 	 0.4015748031496063 
508.0 	 1038 	 569 	 38.0 	 88.0 	 0.3968253968253968 
509.0 	 1040 	 569 	 38.0 	 88.0 	 0.3968253968253968 
510.0 	 1042 	 569 	 87.55453491210938 	 39.10886764526367 	 0.38247565033555697 
511.0 	 1045 	 569 	 88.49408721923828 	 39.10886764526367 	 0.38702253898756034 
512.0 	 1047 	 569 	 39.0 	 88.0 	 0.3858267716535433 
513.0 	 1050 	 569 	 89.0 	 38.0 	 0.4015748031496063 
514.0 	 1052 	 569 	 90.32376098632812 	 39.11118698120117 	 0.39566264605734147 
515.0 	 1055 	 569 	 38.0 	 90.0 	 0.40625 
516.0 	 1057 	 569 	 38.0 	 89.0 	 0.4015748031496063 
517.0 	 1059 	 569 	 37.0 	 89.0 	 0.4126984126984127 
518.0 	 1061 	 569 	 37.0 	 90.0 	 0.41732283464566927 
519.0 	 1063 	 569 	 37.0 	 94.0 	 0.4351145038167939 
520.0 	 1065 	 569 	 37.0 	 96.0 	 0.44360902255639095 
521.0 	 1068 	 569 	 37.0 	 95.0 	 0.4393939393939394 
522.0 	 1070 	 569 	 38.0 	 94.0 	 0.42424242424242425 
523.0 	 1073 	 569 	 94.0 	 38.0 	 0.42424242424242425 
524.0 	 1075 	 569 	 37.0 	 95.0 	 0.4393939393939394 
525.0 	 1077 	 569 	 37.0 	 94.0 	 0.4351145038167939 
526.0 	 1080 	 569 	 37.0 	 95.0 	 0.4393939393939394 
527.0 	 1082 	 569 	 38.0 	 95.0 	 0.42857142857142855 
528.0 	 1085 	 569 	 38.0 	 95.0 	 0.42857142857142855 
529.0 	 1086 	 569 	 38.0 	 95.0 	 0.42857142857142855 
530.0 	 1089 	 569 	 38.0 	 96.0 	 0.43283582089552236 
531.0 	 1091 	 569 	 38.0 	 96.0 	 0.43283582089552236 
532.0 	 1093 	 569 	 38.0 	 95.0 	 0.42857142857142855 
533.0 	 1096 	 569 	 38.0 	 96.0 	 0.43283582089552236 
534.0 	 1098 	 569 	 38.0 	 96.0 	 0.43283582089552236 
535.0 	 1101 	 569 	 38.0 	 96.0 	 0.43283582089552236 
536.0 	 1103 	 569 	 38.0 	 96.0 	 0.43283582089552236 
537.0 	 1106 	 569 	 38.0 	 96.0 	 0.43283582089552236 
538.0 	 1108 	 569 	 38.0 	 95.0 	 0.42857142857142855 
539.0 	 1110 	 569 	 38.0 	 96.0 	 0.43283582089552236 
540.0 	 1112 	 569 	 38.0 	 96.0 	 0.43283582089552236 
541.0 	 1114 	 569 	 37.915828704833984 	 95.05564880371094 	 0.4297148619349971 
542.0 	 1117 	 569 	 38.0 	 95.0 	 0.42857142857142855 
543.0 	 1119 	 569 	 38.0 	 96.0 	 0.43283582089552236 
544.0 	 1121 	 568 	 37.934425354003906 	 94.07267761230469 	 0.42526690607420287 
545.0 	 1124 	 568 	 37.886024475097656 	 95.07561492919922 	 0.43012097857943066 
546.0 	 1126 	 569 	 38.0 	 95.0 	 0.42857142857142855 
547.0 	 1128 	 569 	 38.0 	 95.0 	 0.42857142857142855 
548.0 	 1130 	 569 	 38.28676223754883 	 94.13140106201172 	 0.4217294473276252 
549.0 	 1132 	 569 	 38.0 	 96.0 	 0.43283582089552236 
550.0 	 1135 	 569 	 38.0 	 95.0 	 0.42857142857142855 
551.0 	 1137 	 569 	 38.0 	 94.0 	 0.42424242424242425 
552.0 	 1139 	 569 	 39.0 	 95.0 	 0.417910447761194 
553.0 	 1141 	 569 	 38.0 	 95.0 	 0.42857142857142855 
554.0 	 1144 	 569 	 38.0 	 93.0 	 0.4198473282442748 
555.0 	 1146 	 569 	 38.0 	 96.0 	 0.43283582089552236 
556.0 	 1148 	 569 	 38.0 	 95.0 	 0.42857142857142855 
557.0 	 1151 	 568 	 38.261322021484375 	 94.08287811279297 	 0.4217907247516072 
558.0 	 1153 	 569 	 38.77902603149414 	 96.00594329833984 	 0.4245793692826757 
559.0 	 1155 	 569 	 38.808963775634766 	 96.00323486328125 	 0.42425145250272855 
560.0 	 1158 	 568 	 39.47358322143555 	 94.88145446777344 	 0.4123989111186718 
561.0 	 1160 	 569 	 39.76299285888672 	 95.07600402832031 	 0.4102152377750406 
562.0 	 1162 	 569 	 39.03137969970703 	 96.74798583984375 	 0.4250764165142944 
563.0 	 1164 	 568 	 38.861671447753906 	 94.25358581542969 	 0.4161199512852222 
564.0 	 1167 	 568 	 39.805484771728516 	 96.02401733398438 	 0.41389044125702756 
565.0 	 1169 	 568 	 38.0 	 95.0 	 0.42857142857142855 
566.0 	 1171 	 568 	 38.0 	 95.0 	 0.42857142857142855 
567.0 	 1173 	 568 	 38.0 	 94.0 	 0.42424242424242425 
568.0 	 1176 	 568 	 38.0 	 95.0 	 0.42857142857142855 
569.0 	 1178 	 568 	 38.0 	 94.0 	 0.42424242424242425 
570.0 	 1180 	 568 	 38.0 	 94.0 	 0.42424242424242425 
571.0 	 1182 	 568 	 38.0 	 94.0 	 0.42424242424242425 
572.0 	 1185 	 568 	 38.0 	 94.0 	 0.42424242424242425 
573.0 	 1187 	 568 	 38.0 	 93.0 	 0.4198473282442748 
574.0 	 1190 	 568 	 38.0 	 96.0 	 0.43283582089552236 
575.0 	 1192 	 568 	 38.0 	 94.0 	 0.42424242424242425 
576.0 	 1194 	 568 	 38.0 	 94.0 	 0.42424242424242425 
577.0 	 1196 	 568 	 38.0 	 95.0 	 0.42857142857142855 
578.0 	 1198 	 568 	 38.0 	 95.0 	 0.42857142857142855 
579.0 	 1200 	 568 	 38.0 	 93.0 	 0.4198473282442748 
580.0 	 1202 	 568 	 38.0 	 94.0 	 0.42424242424242425 
581.0 	 1204 	 568 	 38.0 	 96.0 	 0.43283582089552236 
582.0 	 1206 	 568 	 38.0 	 94.0 	 0.42424242424242425 
583.0 	 1208 	 568 	 39.0 	 95.0 	 0.417910447761194 
584.0 	 1211 	 568 	 39.0 	 94.0 	 0.41353383458646614 
585.0 	 1213 	 568 	 39.0 	 93.0 	 0.4090909090909091 
586.0 	 1215 	 568 	 38.986427307128906 	 93.87931823730469 	 0.4131455455674107 
587.0 	 1218 	 568 	 39.0 	 94.0 	 0.41353383458646614 
588.0 	 1220 	 568 	 38.0 	 94.0 	 0.42424242424242425 
589.0 	 1221 	 567 	 94.12883758544922 	 38.861671447753906 	 0.4155722580466025 
590.0 	 1224 	 567 	 39.0 	 95.0 	 0.417910447761194 
591.0 	 1226 	 567 	 39.0 	 94.0 	 0.41353383458646614 
592.0 	 1228 	 567 	 39.0 	 94.0 	 0.41353383458646614 
593.0 	 1231 	 567 	 39.0 	 95.0 	 0.417910447761194 
594.0 	 1233 	 567 	 39.0 	 94.0 	 0.41353383458646614 
595.0 	 1235 	 567 	 39.0 	 95.0 	 0.417910447761194 
596.0 	 1237 	 567 	 39.0 	 95.0 	 0.417910447761194 
597.0 	 1239 	 567 	 39.0 	 94.0 	 0.41353383458646614 
598.0 	 1241 	 567 	 39.0 	 94.0 	 0.41353383458646614 
599.0 	 1244 	 567 	 39.0 	 94.0 	 0.41353383458646614 
600.0 	 1246 	 567 	 39.0 	 94.0 	 0.41353383458646614 
601.0 	 1248 	 567 	 37.0 	 93.0 	 0.4307692307692308 
602.0 	 1250 	 568 	 37.0 	 93.0 	 0.4307692307692308 
603.0 	 1253 	 567 	 37.0 	 94.0 	 0.4351145038167939 
604.0 	 1255 	 567 	 37.0 	 94.0 	 0.4351145038167939 
605.0 	 1257 	 567 	 37.0 	 94.0 	 0.4351145038167939 
606.0 	 1259 	 567 	 38.0 	 95.0 	 0.42857142857142855 
607.0 	 1261 	 567 	 38.0 	 93.0 	 0.4198473282442748 
608.0 	 1263 	 567 	 38.0 	 92.0 	 0.4153846153846154 
609.0 	 1266 	 567 	 39.0 	 94.0 	 0.41353383458646614 
610.0 	 1268 	 567 	 39.0 	 94.0 	 0.41353383458646614 
611.0 	 1270 	 567 	 39.0 	 93.0 	 0.4090909090909091 
612.0 	 1272 	 567 	 39.0 	 94.0 	 0.41353383458646614 
613.0 	 1275 	 567 	 38.0 	 94.0 	 0.42424242424242425 
614.0 	 1277 	 567 	 38.0 	 93.0 	 0.4198473282442748 
615.0 	 1279 	 567 	 38.0 	 94.0 	 0.42424242424242425 
616.0 	 1281 	 567 	 38.0 	 94.0 	 0.42424242424242425 
617.0 	 1284 	 567 	 38.0 	 93.0 	 0.4198473282442748 
618.0 	 1286 	 567 	 38.0 	 94.0 	 0.42424242424242425 
619.0 	 1288 	 567 	 38.0 	 94.0 	 0.42424242424242425 
620.0 	 1291 	 567 	 38.0 	 94.0 	 0.42424242424242425 
621.0 	 1293 	 567 	 38.0 	 93.0 	 0.4198473282442748 
622.0 	 1295 	 567 	 38.0 	 94.0 	 0.42424242424242425 
623.0 	 1297 	 567 	 38.0 	 94.0 	 0.42424242424242425 
624.0 	 1299 	 567 	 38.0 	 92.0 	 0.4153846153846154 
625.0 	 1301 	 567 	 38.0 	 93.0 	 0.4198473282442748 
626.0 	 1303 	 567 	 38.0 	 94.0 	 0.42424242424242425 
627.0 	 1305 	 567 	 38.0 	 93.0 	 0.4198473282442748 
628.0 	 1308 	 567 	 38.0 	 94.0 	 0.42424242424242425 
629.0 	 1310 	 567 	 38.0 	 94.0 	 0.42424242424242425 
630.0 	 1312 	 567 	 38.0 	 93.0 	 0.4198473282442748 
631.0 	 1315 	 567 	 38.0 	 94.0 	 0.42424242424242425 
632.0 	 1317 	 567 	 38.0 	 93.0 	 0.4198473282442748 
633.0 	 1319 	 567 	 38.0 	 93.0 	 0.4198473282442748 
634.0 	 1322 	 567 	 38.0 	 93.0 	 0.4198473282442748 
635.0 	 1323 	 567 	 38.0 	 93.0 	 0.4198473282442748 
636.0 	 1326 	 567 	 38.0 	 94.0 	 0.42424242424242425 
637.0 	 1328 	 567 	 37.0 	 93.0 	 0.4307692307692308 
638.0 	 1330 	 567 	 37.0 	 94.0 	 0.4351145038167939 
639.0 	 1332 	 567 	 37.0 	 94.0 	 0.4351145038167939 
640.0 	 1335 	 567 	 38.0 	 93.0 	 0.4198473282442748 
641.0 	 1337 	 567 	 38.0 	 94.0 	 0.42424242424242425 
642.0 	 1339 	 567 	 38.0 	 92.0 	 0.4153846153846154 
643.0 	 1342 	 566 	 37.0 	 92.0 	 0.4263565891472868 
644.0 	 1344 	 567 	 37.0 	 93.0 	 0.4307692307692308 
645.0 	 1346 	 567 	 39.0 	 93.0 	 0.4090909090909091 
646.0 	 1348 	 567 	 38.0 	 93.0 	 0.4198473282442748 
647.0 	 1350 	 567 	 38.0 	 93.0 	 0.4198473282442748 
648.0 	 1352 	 567 	 38.0 	 94.0 	 0.42424242424242425 
649.0 	 1355 	 567 	 37.0 	 93.0 	 0.4307692307692308 
650.0 	 1357 	 567 	 37.0 	 93.0 	 0.4307692307692308 
651.0 	 1359 	 566 	 37.0 	 95.0 	 0.4393939393939394 
652.0 	 1362 	 566 	 37.0 	 94.0 	 0.4351145038167939 
653.0 	 1364 	 566 	 37.0 	 94.0 	 0.4351145038167939 
654.0 	 1366 	 566 	 37.0 	 96.0 	 0.44360902255639095 
655.0 	 1368 	 566 	 37.0 	 95.0 	 0.4393939393939394 
656.0 	 1371 	 566 	 37.0 	 94.0 	 0.4351145038167939 
657.0 	 1373 	 566 	 37.0 	 96.0 	 0.44360902255639095 
658.0 	 1375 	 566 	 37.0 	 96.0 	 0.44360902255639095 
659.0 	 1378 	 566 	 37.0 	 94.0 	 0.4351145038167939 
660.0 	 1380 	 566 	 37.0 	 96.0 	 0.44360902255639095 
661.0 	 1382 	 566 	 36.759986877441406 	 94.24884796142578 	 0.43881667335406915 
662.0 	 1385 	 566 	 36.0 	 93.0 	 0.4418604651162791 
663.0 	 1387 	 566 	 36.0 	 95.0 	 0.45038167938931295 
664.0 	 1389 	 566 	 36.0 	 96.0 	 0.45454545454545453 
665.0 	 1392 	 566 	 36.0 	 94.0 	 0.4461538461538462 
666.0 	 1394 	 566 	 37.0 	 95.0 	 0.4393939393939394 
667.0 	 1396 	 566 	 37.0 	 96.0 	 0.44360902255639095 
668.0 	 1398 	 566 	 37.0 	 94.0 	 0.4351145038167939 
669.0 	 1401 	 566 	 93.0 	 37.0 	 0.4307692307692308 
670.0 	 1403 	 566 	 36.0 	 96.0 	 0.45454545454545453 
671.0 	 1405 	 566 	 97.0 	 37.0 	 0.44776119402985076 
672.0 	 1408 	 566 	 37.0 	 98.0 	 0.45185185185185184 
673.0 	 1410 	 566 	 36.0 	 99.0 	 0.4666666666666667 
674.0 	 1412 	 566 	 36.0 	 98.0 	 0.4626865671641791 
675.0 	 1415 	 566 	 36.0 	 97.0 	 0.45864661654135336 
676.0 	 1418 	 566 	 37.241024017333984 	 97.24931335449219 	 0.4461903398401995 
677.0 	 1420 	 566 	 37.204376220703125 	 96.91407775878906 	 0.4452012364175928 
678.0 	 1422 	 566 	 37.07747268676758 	 96.0722427368164 	 0.44307094357934657 
679.0 	 1424 	 566 	 37.442264556884766 	 97.0725326538086 	 0.44329894802222897 
680.0 	 1427 	 566 	 37.58209228515625 	 97.0675048828125 	 0.44177935804331536 
681.0 	 1429 	 566 	 36.865570068359375 	 95.06450653076172 	 0.44113471289222356 
682.0 	 1431 	 566 	 37.51671600341797 	 96.9181900024414 	 0.44186049415197576 
683.0 	 1433 	 566 	 37.489349365234375 	 96.99823760986328 	 0.4424861028672323 
684.0 	 1436 	 565 	 37.0 	 95.0 	 0.4393939393939394 
685.0 	 1438 	 566 	 36.55433654785156 	 95.18110656738281 	 0.44503414292422444 
686.0 	 1440 	 566 	 37.0 	 96.0 	 0.44360902255639095 
687.0 	 1443 	 566 	 37.0 	 95.0 	 0.4393939393939394 
688.0 	 1445 	 565 	 38.0 	 95.0 	 0.42857142857142855 
689.0 	 1447 	 565 	 38.0 	 96.0 	 0.43283582089552236 
690.0 	 1450 	 565 	 38.0 	 96.0 	 0.43283582089552236 
691.0 	 1452 	 565 	 38.0 	 95.0 	 0.42857142857142855 
692.0 	 1454 	 566 	 39.0 	 96.0 	 0.4222222222222222 
693.0 	 1457 	 565 	 38.0 	 96.0 	 0.43283582089552236 
694.0 	 1459 	 565 	 37.0 	 94.0 	 0.4351145038167939 
695.0 	 1462 	 565 	 95.78034973144531 	 38.95134353637695 	 0.4217938987978319 
696.0 	 1464 	 565 	 39.0 	 95.0 	 0.417910447761194 
697.0 	 1466 	 565 	 37.0 	 95.0 	 0.4393939393939394 
698.0 	 1468 	 565 	 38.59151077270508 	 96.16654968261719 	 0.4272474590045065 
699.0 	 1470 	 565 	 38.0 	 95.0 	 0.42857142857142855 
700.0 	 1473 	 565 	 38.0 	 94.0 	 0.42424242424242425 
701.0 	 1475 	 565 	 39.0 	 95.0 	 0.417910447761194 
702.0 	 1477 	 565 	 39.0 	 96.0 	 0.4222222222222222 
703.0 	 1480 	 565 	 38.0 	 96.0 	 0.43283582089552236 
704.0 	 1482 	 565 	 38.0 	 95.0 	 0.42857142857142855 
705.0 	 1485 	 565 	 39.9009895324707 	 97.91166687011719 	 0.42093867756370407 
706.0 	 1487 	 565 	 39.0 	 96.0 	 0.4222222222222222 
707.0 	 1489 	 565 	 39.0 	 97.0 	 0.4264705882352941 
708.0 	 1491 	 565 	 39.0 	 97.0 	 0.4264705882352941 
709.0 	 1493 	 565 	 37.80124282836914 	 98.12105560302734 	 0.44378158308662785 
710.0 	 1495 	 565 	 37.69953536987305 	 97.2436752319336 	 0.4412533212787169 
711.0 	 1498 	 565 	 39.0 	 99.0 	 0.43478260869565216 
712.0 	 1501 	 565 	 39.0 	 98.0 	 0.4306569343065693 
713.0 	 1504 	 565 	 38.0 	 95.0 	 0.42857142857142855 
714.0 	 1506 	 565 	 39.0 	 97.0 	 0.4264705882352941 
715.0 	 1509 	 565 	 39.571311950683594 	 96.17001342773438 	 0.4169599885610784 
716.0 	 1511 	 565 	 38.0 	 94.0 	 0.42424242424242425 
717.0 	 1514 	 565 	 39.0 	 96.0 	 0.4222222222222222 
718.0 	 1516 	 565 	 39.0 	 96.0 	 0.4222222222222222 
719.0 	 1518 	 565 	 39.0 	 92.0 	 0.40458015267175573 
720.0 	 1521 	 565 	 38.0 	 94.0 	 0.42424242424242425 
721.0 	 1523 	 565 	 37.0 	 93.0 	 0.4307692307692308 
722.0 	 1526 	 565 	 38.0 	 93.0 	 0.4198473282442748 
723.0 	 1529 	 565 	 38.0 	 92.0 	 0.4153846153846154 
724.0 	 1531 	 565 	 39.0 	 93.0 	 0.4090909090909091 
725.0 	 1533 	 565 	 38.0 	 93.0 	 0.4198473282442748 
726.0 	 1536 	 565 	 38.0 	 93.0 	 0.4198473282442748 
727.0 	 1538 	 565 	 38.0 	 95.0 	 0.42857142857142855 
728.0 	 1541 	 565 	 38.0 	 93.0 	 0.4198473282442748 
729.0 	 1543 	 565 	 92.0 	 39.0 	 0.40458015267175573 
730.0 	 1546 	 565 	 38.0 	 94.0 	 0.42424242424242425 
731.0 	 1548 	 565 	 38.0 	 93.0 	 0.4198473282442748 
732.0 	 1551 	 565 	 38.0 	 92.0 	 0.4153846153846154 
733.0 	 1553 	 565 	 37.0 	 93.0 	 0.4307692307692308 
734.0 	 1556 	 565 	 38.0 	 93.0 	 0.4198473282442748 
735.0 	 1558 	 565 	 37.0 	 92.0 	 0.4263565891472868 
736.0 	 1561 	 565 	 37.0 	 93.0 	 0.4307692307692308 
737.0 	 1563 	 565 	 37.0 	 93.0 	 0.4307692307692308 
738.0 	 1566 	 565 	 37.0 	 91.0 	 0.421875 
739.0 	 1568 	 565 	 37.0 	 90.0 	 0.41732283464566927 
740.0 	 1571 	 565 	 38.0 	 91.0 	 0.4108527131782946 
741.0 	 1573 	 565 	 36.0 	 90.0 	 0.42857142857142855 
742.0 	 1575 	 565 	 35.0 	 91.0 	 0.4444444444444444 
743.0 	 1578 	 565 	 37.0 	 93.0 	 0.4307692307692308 
744.0 	 1581 	 565 	 37.0 	 93.0 	 0.4307692307692308 
745.0 	 1583 	 565 	 37.0 	 91.0 	 0.421875 
746.0 	 1585 	 565 	 36.816375732421875 	 93.13548278808594 	 0.43338439093409575 
747.0 	 1588 	 565 	 35.0 	 92.0 	 0.44881889763779526 
748.0 	 1590 	 565 	 36.0 	 90.0 	 0.42857142857142855 
749.0 	 1592 	 565 	 36.40724182128906 	 92.9773941040039 	 0.437224650965348 
750.0 	 1595 	 565 	 35.87565231323242 	 92.18048858642578 	 0.4396886855844931 
751.0 	 1598 	 565 	 35.80219650268555 	 91.12810516357422 	 0.4358762874948342 
752.0 	 1600 	 564 	 36.0 	 93.0 	 0.4418604651162791 
753.0 	 1603 	 564 	 36.0 	 91.0 	 0.4330708661417323 
754.0 	 1605 	 564 	 35.68744659423828 	 90.97933959960938 	 0.43651453286857517 
755.0 	 1607 	 564 	 35.58766555786133 	 90.93148040771484 	 0.43743430630579566 
756.0 	 1609 	 564 	 35.0 	 92.0 	 0.44881889763779526 
757.0 	 1612 	 564 	 34.0 	 90.0 	 0.45161290322580644 
758.0 	 1615 	 564 	 34.0 	 89.0 	 0.44715447154471544 
759.0 	 1617 	 564 	 34.0 	 91.0 	 0.456 
760.0 	 1619 	 564 	 34.0 	 90.0 	 0.45161290322580644 
761.0 	 1622 	 564 	 35.0 	 89.0 	 0.43548387096774194 
762.0 	 1624 	 564 	 35.0 	 90.0 	 0.44 
763.0 	 1626 	 564 	 35.0 	 91.0 	 0.4444444444444444 
764.0 	 1629 	 564 	 35.779815673828125 	 87.24091339111328 	 0.41831241050538204 
765.0 	 1631 	 564 	 35.0 	 89.0 	 0.43548387096774194 
766.0 	 1633 	 564 	 35.85374069213867 	 91.06451416015625 	 0.43501049972890693 
767.0 	 1636 	 564 	 35.0 	 88.0 	 0.43089430894308944 
768.0 	 1638 	 564 	 35.0 	 90.0 	 0.44 
769.0 	 1640 	 564 	 34.0 	 88.0 	 0.4426229508196721 
770.0 	 1642 	 564 	 35.0 	 87.0 	 0.4262295081967213 
771.0 	 1644 	 564 	 34.97360610961914 	 89.04464721679688 	 0.43599260316030064 
772.0 	 1647 	 564 	 35.979759216308594 	 89.98502349853516 	 0.4287330404441888 
773.0 	 1649 	 564 	 34.26836013793945 	 87.40534210205078 	 0.4367170636371654 
774.0 	 1652 	 564 	 33.0 	 87.0 	 0.45 
775.0 	 1654 	 564 	 33.0 	 88.0 	 0.45454545454545453 
776.0 	 1656 	 564 	 33.0 	 88.0 	 0.45454545454545453 
777.0 	 1659 	 564 	 33.0 	 88.0 	 0.45454545454545453 
778.0 	 1661 	 564 	 33.0 	 89.0 	 0.45901639344262296 
779.0 	 1664 	 564 	 34.0 	 90.0 	 0.45161290322580644 
780.0 	 1666 	 563 	 34.0 	 88.0 	 0.4426229508196721 
781.0 	 1669 	 564 	 33.0 	 89.0 	 0.45901639344262296 
782.0 	 1672 	 563 	 34.0 	 88.0 	 0.4426229508196721 
783.0 	 1675 	 563 	 34.0 	 88.0 	 0.4426229508196721 
784.0 	 1677 	 563 	 34.0 	 90.0 	 0.45161290322580644 
785.0 	 1679 	 563 	 35.0 	 91.0 	 0.4444444444444444 
786.0 	 1682 	 563 	 33.0 	 88.0 	 0.45454545454545453 
787.0 	 1684 	 563 	 34.0 	 89.0 	 0.44715447154471544 
788.0 	 1686 	 563 	 34.0 	 90.0 	 0.45161290322580644 
789.0 	 1689 	 563 	 33.79951477050781 	 89.27389526367188 	 0.45074220725466074 
790.0 	 1692 	 563 	 33.716468811035156 	 88.60952758789062 	 0.4487440151138431 
791.0 	 1694 	 563 	 35.0 	 91.0 	 0.4444444444444444 
792.0 	 1696 	 563 	 33.93076705932617 	 88.85681915283203 	 0.4473257744362042 
793.0 	 1699 	 563 	 33.0 	 88.0 	 0.45454545454545453 
794.0 	 1701 	 563 	 33.0 	 88.0 	 0.45454545454545453 
795.0 	 1704 	 563 	 33.0 	 89.0 	 0.45901639344262296 
796.0 	 1706 	 563 	 33.0 	 86.0 	 0.44537815126050423 
797.0 	 1708 	 563 	 34.0 	 88.0 	 0.4426229508196721 
798.0 	 1710 	 563 	 34.0 	 89.0 	 0.44715447154471544 
799.0 	 1713 	 563 	 33.0 	 87.0 	 0.45 
800.0 	 1715 	 563 	 89.0 	 34.0 	 0.44715447154471544 
801.0 	 1718 	 563 	 33.0 	 89.0 	 0.45901639344262296 
802.0 	 1721 	 563 	 86.81057739257812 	 33.004661560058594 	 0.44907406021857665 
803.0 	 1723 	 563 	 86.9913330078125 	 32.80901336669922 	 0.4522718112327671 
804.0 	 1725 	 563 	 34.0 	 89.0 	 0.44715447154471544 
805.0 	 1728 	 563 	 32.0 	 83.0 	 0.4434782608695652 
806.0 	 1731 	 563 	 32.0 	 85.0 	 0.452991452991453 
807.0 	 1733 	 563 	 34.0 	 87.0 	 0.4380165289256198 
808.0 	 1736 	 563 	 33.0 	 85.0 	 0.4406779661016949 
809.0 	 1738 	 563 	 33.0 	 84.0 	 0.4358974358974359 
810.0 	 1740 	 563 	 34.0 	 86.0 	 0.43333333333333335 
811.0 	 1743 	 563 	 34.12994384765625 	 84.4428482055664 	 0.42432082003539795 
812.0 	 1746 	 562 	 32.860382080078125 	 82.55008697509766 	 0.4305476383712099 
813.0 	 1748 	 563 	 32.860382080078125 	 84.94476318359375 	 0.44212314315253537 
814.0 	 1750 	 563 	 33.0 	 86.0 	 0.44537815126050423 
815.0 	 1754 	 562 	 33.0 	 80.0 	 0.415929203539823 
816.0 	 1755 	 563 	 34.0 	 84.0 	 0.423728813559322 
817.0 	 1758 	 563 	 33.0 	 84.0 	 0.4358974358974359 
818.0 	 1759 	 563 	 32.0 	 85.0 	 0.452991452991453 
819.0 	 1761 	 563 	 33.0 	 88.0 	 0.45454545454545453 
820.0 	 1765 	 563 	 33.0 	 87.0 	 0.45 
821.0 	 1768 	 563 	 32.0 	 83.0 	 0.4434782608695652 
822.0 	 1770 	 562 	 32.0 	 84.0 	 0.4482758620689655 
823.0 	 1771 	 563 	 32.0 	 86.0 	 0.4576271186440678 
824.0 	 1774 	 562 	 32.0 	 83.0 	 0.4434782608695652 
825.0 	 1777 	 562 	 32.0 	 83.0 	 0.4434782608695652 
826.0 	 1780 	 562 	 33.0 	 85.0 	 0.4406779661016949 
827.0 	 1782 	 562 	 33.0 	 84.0 	 0.4358974358974359 
828.0 	 1784 	 562 	 32.0 	 83.0 	 0.4434782608695652 
829.0 	 1787 	 562 	 30.0 	 86.0 	 0.4827586206896552 
830.0 	 1789 	 562 	 29.0 	 86.0 	 0.4956521739130435 
831.0 	 1793 	 562 	 29.0 	 85.0 	 0.49122807017543857 
832.0 	 1795 	 562 	 30.0 	 88.0 	 0.4915254237288136 
833.0 	 1797 	 562 	 30.0 	 89.0 	 0.4957983193277311 
834.0 	 1800 	 562 	 30.0 	 84.0 	 0.47368421052631576 
835.0 	 1802 	 562 	 31.85145378112793 	 86.50115203857422 	 0.46175323203867097 
836.0 	 1805 	 562 	 32.0 	 87.0 	 0.46218487394957986 
837.0 	 1807 	 562 	 31.0 	 86.0 	 0.4700854700854701 
838.0 	 1810 	 562 	 31.0 	 87.0 	 0.4745762711864407 
839.0 	 1812 	 562 	 88.0 	 31.0 	 0.4789915966386555 
840.0 	 1816 	 562 	 29.911636352539062 	 84.5195541381836 	 0.4772118296721888 
841.0 	 1818 	 563 	 27.0 	 84.0 	 0.5135135135135135 
842.0 	 1820 	 563 	 28.69712257385254 	 85.82857513427734 	 0.4988526916118424 
843.0 	 1823 	 563 	 27.0 	 83.0 	 0.509090909090909 
844.0 	 1826 	 562 	 27.0 	 82.0 	 0.5045871559633027 
845.0 	 1828 	 563 	 29.058990478515625 	 85.80223083496094 	 0.4940156452070363 
846.0 	 1831 	 563 	 29.0 	 83.0 	 0.48214285714285715 
847.0 	 1834 	 562 	 30.790233612060547 	 81.19209289550781 	 0.4500876241398757 
848.0 	 1838 	 562 	 30.805368423461914 	 82.92231750488281 	 0.4582608769007901 
849.0 	 1840 	 562 	 30.886953353881836 	 80.45767211914062 	 0.4452008218148725 
850.0 	 1844 	 562 	 31.636194229125977 	 79.24405670166016 	 0.42936286735364665 
851.0 	 1845 	 562 	 32.124996185302734 	 83.103271484375 	 0.4424111924099261 
852.0 	 1847 	 562 	 32.55715560913086 	 80.14068603515625 	 0.42222219815189777 
853.0 	 1850 	 562 	 32.95117950439453 	 80.04450225830078 	 0.416770995309431 
854.0 	 1851 	 562 	 33.0 	 84.0 	 0.4358974358974359 
855.0 	 1854 	 562 	 84.14669036865234 	 32.48135757446289 	 0.44299234794180015 
856.0 	 1858 	 561 	 31.0 	 81.0 	 0.44642857142857145 
857.0 	 1859 	 561 	 33.0 	 84.0 	 0.4358974358974359 
858.0 	 1861 	 561 	 33.0 	 84.0 	 0.4358974358974359 
859.0 	 1863 	 561 	 32.0 	 83.0 	 0.4434782608695652 
860.0 	 1866 	 561 	 32.0 	 83.0 	 0.4434782608695652 
861.0 	 1867 	 561 	 33.0 	 83.0 	 0.43103448275862066 
862.0 	 1870 	 561 	 32.0 	 81.0 	 0.4336283185840708 
863.0 	 1873 	 561 	 32.0 	 81.0 	 0.4336283185840708 
864.0 	 1874 	 561 	 33.0 	 84.0 	 0.4358974358974359 
865.0 	 1877 	 561 	 83.0 	 33.0 	 0.43103448275862066 
866.0 	 1879 	 561 	 85.0 	 32.0 	 0.452991452991453 
867.0 	 1881 	 561 	 33.0 	 84.0 	 0.4358974358974359 
868.0 	 1883 	 561 	 32.0 	 82.0 	 0.43859649122807015 
869.0 	 1886 	 561 	 32.0 	 78.0 	 0.41818181818181815 
870.0 	 1886 	 561 	 33.0 	 78.0 	 0.40540540540540543 
871.0 	 1888 	 561 	 32.0 	 75.0 	 0.40186915887850466 
872.0 	 1889 	 561 	 32.0 	 72.0 	 0.38461538461538464 
873.0 	 1890 	 561 	 33.0 	 71.0 	 0.36538461538461536 
874.0 	 1891 	 561 	 34.0 	 69.0 	 0.33980582524271846 
875.0 	 1893 	 561 	 33.0 	 65.0 	 0.32653061224489793 
876.0 	 1894 	 561 	 31.39119529724121 	 63.031524658203125 	 0.33509233133606164 
877.0 	 1894 	 561 	 30.0 	 59.0 	 0.3258426966292135 
878.0 	 1896 	 561 	 29.0 	 54.0 	 0.30120481927710846 
879.0 	 1897 	 560 	 29.0 	 51.0 	 0.275 
880.0 	 1897 	 561 	 52.0 	 32.0 	 0.23809523809523808 
881.0 	 1898 	 562 	 30.0 	 49.0 	 0.24050632911392406 
882.0 	 1899 	 561 	 44.0 	 29.0 	 0.2054794520547945 
883.0 	 1900 	 561 	 32.0 	 44.0 	 0.15789473684210525 
884.0 	 1901 	 561 	 33.0 	 44.0 	 0.14285714285714285 
885.0 	 1902 	 560 	 41.0 	 31.0 	 0.1388888888888889 
886.0 	 1901 	 561 	 32.0 	 40.0 	 0.1111111111111111 
887.0 	 1902 	 561 	 30.0 	 39.0 	 0.13043478260869565 
888.0 	 1904 	 561 	 26.0 	 36.0 	 0.16129032258064516 
889.0 	 1904 	 561 	 26.0 	 35.0 	 0.14754098360655737 
890.0 	 1905 	 561 	 25.0 	 33.0 	 0.13793103448275862 
891.0 	 1907 	 561 	 22.0 	 28.0 	 0.12 
