frame 	 x 	 y 	 width 	 height 	 deformation 
1.0 	 97 	 570 	 49.0 	 58.0 	 0.08411214953271028 
2.0 	 98 	 569 	 48.0 	 58.0 	 0.09433962264150944 
3.0 	 97 	 569 	 48.0 	 57.0 	 0.08571428571428572 
4.0 	 98 	 570 	 49.0 	 58.0 	 0.08411214953271028 
5.0 	 98 	 570 	 49.0 	 58.0 	 0.08411214953271028 
6.0 	 98 	 570 	 49.0 	 57.0 	 0.07547169811320754 
7.0 	 98 	 570 	 49.0 	 58.0 	 0.08411214953271028 
8.0 	 98 	 570 	 49.0 	 58.0 	 0.08411214953271028 
9.0 	 98 	 570 	 49.0 	 57.0 	 0.07547169811320754 
10.0 	 98 	 570 	 49.0 	 57.0 	 0.07547169811320754 
11.0 	 98 	 570 	 49.0 	 58.0 	 0.08411214953271028 
12.0 	 98 	 570 	 49.0 	 57.0 	 0.07547169811320754 
13.0 	 98 	 570 	 48.0 	 57.0 	 0.08571428571428572 
14.0 	 99 	 570 	 49.0 	 58.0 	 0.08411214953271028 
15.0 	 99 	 570 	 49.0 	 57.0 	 0.07547169811320754 
16.0 	 99 	 570 	 49.0 	 57.0 	 0.07547169811320754 
17.0 	 99 	 570 	 49.0 	 59.0 	 0.09259259259259259 
18.0 	 99 	 570 	 49.0 	 57.0 	 0.07547169811320754 
19.0 	 99 	 570 	 49.0 	 56.0 	 0.06666666666666667 
20.0 	 99 	 570 	 50.0 	 58.0 	 0.07407407407407407 
21.0 	 99 	 570 	 50.0 	 58.0 	 0.07407407407407407 
22.0 	 99 	 570 	 49.0 	 57.0 	 0.07547169811320754 
23.0 	 99 	 570 	 49.0 	 58.0 	 0.08411214953271028 
24.0 	 99 	 570 	 49.0 	 58.0 	 0.08411214953271028 
25.0 	 100 	 570 	 48.0 	 57.0 	 0.08571428571428572 
26.0 	 99 	 570 	 49.0 	 58.0 	 0.08411214953271028 
27.0 	 100 	 570 	 49.0 	 58.0 	 0.08411214953271028 
28.0 	 100 	 570 	 48.0 	 57.0 	 0.08571428571428572 
29.0 	 100 	 570 	 49.0 	 57.0 	 0.07547169811320754 
30.0 	 100 	 570 	 49.0 	 57.0 	 0.07547169811320754 
31.0 	 100 	 570 	 57.0 	 49.0 	 0.07547169811320754 
32.0 	 100 	 570 	 49.0 	 57.0 	 0.07547169811320754 
33.0 	 100 	 570 	 49.0 	 57.0 	 0.07547169811320754 
34.0 	 100 	 570 	 48.0 	 57.0 	 0.08571428571428572 
35.0 	 100 	 570 	 48.0 	 57.0 	 0.08571428571428572 
36.0 	 101 	 570 	 50.0 	 58.0 	 0.07407407407407407 
37.0 	 101 	 570 	 48.0 	 56.0 	 0.07692307692307693 
38.0 	 101 	 570 	 48.0 	 56.0 	 0.07692307692307693 
39.0 	 101 	 570 	 49.0 	 58.0 	 0.08411214953271028 
40.0 	 101 	 570 	 49.0 	 57.0 	 0.07547169811320754 
41.0 	 101 	 570 	 48.0 	 57.0 	 0.08571428571428572 
42.0 	 101 	 570 	 49.0 	 58.0 	 0.08411214953271028 
43.0 	 101 	 570 	 49.0 	 57.0 	 0.07547169811320754 
44.0 	 101 	 570 	 49.0 	 56.0 	 0.06666666666666667 
45.0 	 101 	 570 	 49.0 	 57.0 	 0.07547169811320754 
46.0 	 101 	 570 	 49.0 	 57.0 	 0.07547169811320754 
47.0 	 101 	 570 	 49.0 	 55.0 	 0.057692307692307696 
48.0 	 102 	 570 	 49.0 	 57.0 	 0.07547169811320754 
49.0 	 101 	 570 	 48.0 	 57.0 	 0.08571428571428572 
50.0 	 101 	 570 	 49.0 	 55.0 	 0.057692307692307696 
51.0 	 102 	 570 	 49.0 	 56.0 	 0.06666666666666667 
52.0 	 102 	 570 	 49.0 	 56.0 	 0.06666666666666667 
53.0 	 102 	 570 	 48.0 	 56.0 	 0.07692307692307693 
54.0 	 102 	 570 	 48.0 	 56.0 	 0.07692307692307693 
55.0 	 102 	 570 	 50.0 	 57.0 	 0.06542056074766354 
56.0 	 102 	 570 	 48.0 	 56.0 	 0.07692307692307693 
57.0 	 102 	 570 	 49.0 	 56.0 	 0.06666666666666667 
58.0 	 102 	 570 	 49.0 	 57.0 	 0.07547169811320754 
59.0 	 102 	 570 	 49.0 	 56.0 	 0.06666666666666667 
60.0 	 102 	 570 	 48.0 	 56.0 	 0.07692307692307693 
61.0 	 102 	 570 	 49.0 	 57.0 	 0.07547169811320754 
62.0 	 102 	 570 	 50.0 	 57.0 	 0.06542056074766354 
63.0 	 102 	 570 	 49.0 	 55.0 	 0.057692307692307696 
64.0 	 103 	 570 	 50.0 	 56.0 	 0.05660377358490566 
65.0 	 103 	 570 	 50.0 	 56.0 	 0.05660377358490566 
66.0 	 103 	 570 	 49.0 	 55.0 	 0.057692307692307696 
67.0 	 103 	 570 	 49.0 	 57.0 	 0.07547169811320754 
68.0 	 103 	 570 	 49.0 	 57.0 	 0.07547169811320754 
69.0 	 104 	 570 	 49.0 	 56.0 	 0.06666666666666667 
70.0 	 104 	 570 	 49.0 	 57.0 	 0.07547169811320754 
71.0 	 104 	 570 	 49.0 	 57.0 	 0.07547169811320754 
72.0 	 105 	 570 	 49.0 	 57.0 	 0.07547169811320754 
73.0 	 105 	 570 	 49.0 	 56.0 	 0.06666666666666667 
74.0 	 105 	 570 	 50.0 	 57.0 	 0.06542056074766354 
75.0 	 106 	 570 	 49.0 	 56.0 	 0.06666666666666667 
76.0 	 106 	 570 	 50.0 	 57.0 	 0.06542056074766354 
77.0 	 107 	 570 	 50.0 	 57.0 	 0.06542056074766354 
78.0 	 107 	 570 	 49.0 	 57.0 	 0.07547169811320754 
79.0 	 108 	 570 	 49.0 	 57.0 	 0.07547169811320754 
80.0 	 109 	 570 	 49.0 	 57.0 	 0.07547169811320754 
81.0 	 109 	 570 	 49.0 	 56.0 	 0.06666666666666667 
82.0 	 110 	 570 	 49.0 	 56.0 	 0.06666666666666667 
83.0 	 111 	 570 	 49.0 	 57.0 	 0.07547169811320754 
84.0 	 112 	 570 	 49.0 	 57.0 	 0.07547169811320754 
85.0 	 114 	 570 	 48.0 	 56.0 	 0.07692307692307693 
86.0 	 115 	 570 	 48.0 	 57.0 	 0.08571428571428572 
87.0 	 116 	 570 	 48.0 	 56.0 	 0.07692307692307693 
88.0 	 118 	 570 	 48.0 	 57.0 	 0.08571428571428572 
89.0 	 119 	 570 	 48.0 	 57.0 	 0.08571428571428572 
90.0 	 120 	 570 	 48.0 	 58.0 	 0.09433962264150944 
91.0 	 121 	 570 	 48.0 	 57.0 	 0.08571428571428572 
92.0 	 123 	 570 	 48.0 	 58.0 	 0.09433962264150944 
93.0 	 124 	 570 	 48.0 	 58.0 	 0.09433962264150944 
94.0 	 126 	 570 	 48.0 	 58.0 	 0.09433962264150944 
95.0 	 127 	 570 	 48.0 	 58.0 	 0.09433962264150944 
96.0 	 129 	 570 	 48.0 	 58.0 	 0.09433962264150944 
97.0 	 130 	 570 	 47.0 	 57.0 	 0.09615384615384616 
98.0 	 132 	 570 	 47.0 	 57.0 	 0.09615384615384616 
99.0 	 133 	 570 	 48.0 	 58.0 	 0.09433962264150944 
100.0 	 135 	 570 	 46.0 	 57.0 	 0.10679611650485436 
101.0 	 136 	 570 	 46.0 	 58.0 	 0.11538461538461539 
102.0 	 138 	 570 	 46.0 	 60.0 	 0.1320754716981132 
103.0 	 139 	 570 	 46.0 	 59.0 	 0.12380952380952381 
104.0 	 141 	 570 	 46.0 	 60.0 	 0.1320754716981132 
105.0 	 143 	 570 	 46.0 	 60.0 	 0.1320754716981132 
106.0 	 144 	 570 	 46.0 	 60.0 	 0.1320754716981132 
107.0 	 146 	 570 	 46.0 	 61.0 	 0.14018691588785046 
108.0 	 148 	 570 	 46.0 	 61.0 	 0.14018691588785046 
109.0 	 150 	 570 	 45.0 	 61.0 	 0.1509433962264151 
110.0 	 151 	 570 	 45.0 	 62.0 	 0.1588785046728972 
111.0 	 153 	 570 	 45.0 	 62.0 	 0.1588785046728972 
112.0 	 154 	 570 	 45.0 	 62.0 	 0.1588785046728972 
113.0 	 156 	 570 	 45.0 	 63.0 	 0.16666666666666666 
114.0 	 158 	 570 	 45.0 	 64.0 	 0.1743119266055046 
115.0 	 160 	 570 	 45.0 	 64.0 	 0.1743119266055046 
116.0 	 162 	 570 	 45.0 	 64.0 	 0.1743119266055046 
117.0 	 163 	 570 	 45.0 	 64.0 	 0.1743119266055046 
118.0 	 165 	 570 	 45.0 	 65.0 	 0.18181818181818182 
119.0 	 167 	 570 	 45.0 	 65.0 	 0.18181818181818182 
120.0 	 169 	 570 	 45.0 	 65.0 	 0.18181818181818182 
121.0 	 170 	 570 	 44.0 	 65.0 	 0.1926605504587156 
122.0 	 172 	 570 	 44.0 	 65.0 	 0.1926605504587156 
123.0 	 174 	 570 	 43.0 	 66.0 	 0.21100917431192662 
124.0 	 176 	 570 	 43.0 	 66.0 	 0.21100917431192662 
125.0 	 178 	 570 	 43.0 	 66.0 	 0.21100917431192662 
126.0 	 180 	 570 	 43.0 	 66.0 	 0.21100917431192662 
127.0 	 182 	 570 	 43.0 	 66.0 	 0.21100917431192662 
128.0 	 183 	 570 	 43.0 	 66.0 	 0.21100917431192662 
129.0 	 185 	 571 	 43.0 	 67.0 	 0.21818181818181817 
130.0 	 187 	 570 	 44.0 	 66.0 	 0.2 
131.0 	 188 	 570 	 44.0 	 66.0 	 0.2 
132.0 	 190 	 570 	 44.0 	 68.0 	 0.21428571428571427 
133.0 	 193 	 570 	 43.0 	 66.0 	 0.21100917431192662 
134.0 	 194 	 570 	 43.0 	 67.0 	 0.21818181818181817 
135.0 	 196 	 570 	 43.0 	 67.0 	 0.21818181818181817 
136.0 	 198 	 570 	 43.0 	 68.0 	 0.22522522522522523 
137.0 	 200 	 570 	 43.0 	 68.0 	 0.22522522522522523 
138.0 	 202 	 570 	 43.0 	 68.0 	 0.22522522522522523 
139.0 	 203 	 570 	 43.0 	 68.0 	 0.22522522522522523 
140.0 	 205 	 570 	 43.0 	 68.0 	 0.22522522522522523 
141.0 	 207 	 570 	 43.0 	 69.0 	 0.23214285714285715 
142.0 	 209 	 570 	 43.0 	 69.0 	 0.23214285714285715 
143.0 	 211 	 570 	 43.0 	 69.0 	 0.23214285714285715 
144.0 	 213 	 570 	 43.0 	 69.0 	 0.23214285714285715 
145.0 	 215 	 570 	 43.0 	 68.0 	 0.22522522522522523 
146.0 	 217 	 570 	 43.0 	 68.0 	 0.22522522522522523 
147.0 	 219 	 570 	 43.0 	 69.0 	 0.23214285714285715 
148.0 	 221 	 570 	 43.0 	 70.0 	 0.23893805309734514 
149.0 	 223 	 570 	 43.0 	 70.0 	 0.23893805309734514 
150.0 	 225 	 570 	 43.0 	 70.0 	 0.23893805309734514 
151.0 	 227 	 570 	 43.0 	 70.0 	 0.23893805309734514 
152.0 	 229 	 570 	 43.0 	 70.0 	 0.23893805309734514 
153.0 	 231 	 570 	 43.0 	 70.0 	 0.23893805309734514 
154.0 	 233 	 570 	 43.0 	 71.0 	 0.24561403508771928 
155.0 	 235 	 570 	 43.0 	 70.0 	 0.23893805309734514 
156.0 	 237 	 570 	 42.0 	 70.0 	 0.25 
157.0 	 239 	 570 	 42.0 	 70.0 	 0.25 
158.0 	 240 	 570 	 42.0 	 70.0 	 0.25 
159.0 	 243 	 570 	 42.0 	 69.0 	 0.24324324324324326 
160.0 	 245 	 570 	 42.0 	 71.0 	 0.25663716814159293 
161.0 	 247 	 570 	 42.0 	 71.0 	 0.25663716814159293 
162.0 	 249 	 570 	 42.0 	 71.0 	 0.25663716814159293 
163.0 	 251 	 570 	 42.0 	 72.0 	 0.2631578947368421 
164.0 	 252 	 570 	 42.0 	 71.0 	 0.25663716814159293 
165.0 	 255 	 570 	 42.0 	 70.0 	 0.25 
166.0 	 257 	 570 	 42.0 	 71.0 	 0.25663716814159293 
167.0 	 259 	 570 	 42.0 	 73.0 	 0.26956521739130435 
168.0 	 261 	 570 	 42.0 	 72.0 	 0.2631578947368421 
169.0 	 263 	 570 	 42.0 	 72.0 	 0.2631578947368421 
170.0 	 265 	 570 	 42.0 	 71.0 	 0.25663716814159293 
171.0 	 267 	 570 	 42.0 	 71.0 	 0.25663716814159293 
172.0 	 269 	 570 	 42.0 	 71.0 	 0.25663716814159293 
173.0 	 271 	 570 	 42.0 	 71.0 	 0.25663716814159293 
174.0 	 273 	 570 	 42.0 	 71.0 	 0.25663716814159293 
175.0 	 275 	 570 	 42.0 	 72.0 	 0.2631578947368421 
176.0 	 277 	 570 	 41.0 	 72.0 	 0.2743362831858407 
177.0 	 279 	 570 	 41.0 	 72.0 	 0.2743362831858407 
178.0 	 282 	 570 	 41.0 	 71.0 	 0.26785714285714285 
179.0 	 284 	 570 	 41.0 	 72.0 	 0.2743362831858407 
180.0 	 286 	 570 	 41.0 	 72.0 	 0.2743362831858407 
181.0 	 288 	 570 	 41.0 	 72.0 	 0.2743362831858407 
182.0 	 290 	 570 	 42.0 	 74.0 	 0.27586206896551724 
183.0 	 292 	 570 	 42.0 	 73.0 	 0.26956521739130435 
184.0 	 294 	 570 	 42.0 	 72.0 	 0.2631578947368421 
185.0 	 296 	 570 	 42.0 	 73.0 	 0.26956521739130435 
186.0 	 298 	 570 	 41.95246505737305 	 74.0589370727539 	 0.27675272797209943 
187.0 	 300 	 570 	 42.0 	 73.0 	 0.26956521739130435 
188.0 	 303 	 570 	 42.0 	 74.0 	 0.27586206896551724 
189.0 	 305 	 570 	 42.0 	 75.0 	 0.28205128205128205 
190.0 	 307 	 570 	 42.0 	 74.0 	 0.27586206896551724 
191.0 	 309 	 570 	 42.0 	 74.0 	 0.27586206896551724 
192.0 	 311 	 570 	 42.0 	 74.0 	 0.27586206896551724 
193.0 	 313 	 570 	 41.0 	 74.0 	 0.28695652173913044 
194.0 	 315 	 570 	 41.0 	 74.0 	 0.28695652173913044 
195.0 	 317 	 570 	 41.0 	 75.0 	 0.29310344827586204 
196.0 	 320 	 570 	 41.0 	 74.0 	 0.28695652173913044 
197.0 	 322 	 570 	 41.0 	 74.0 	 0.28695652173913044 
198.0 	 324 	 570 	 40.0 	 76.0 	 0.3103448275862069 
199.0 	 326 	 570 	 41.0 	 74.0 	 0.28695652173913044 
200.0 	 329 	 570 	 42.0 	 74.0 	 0.27586206896551724 
201.0 	 331 	 570 	 42.0 	 75.0 	 0.28205128205128205 
202.0 	 333 	 570 	 42.0 	 75.0 	 0.28205128205128205 
203.0 	 335 	 570 	 42.0 	 73.0 	 0.26956521739130435 
204.0 	 337 	 570 	 42.0 	 74.0 	 0.27586206896551724 
205.0 	 339 	 570 	 41.0 	 74.0 	 0.28695652173913044 
206.0 	 341 	 570 	 41.0 	 74.0 	 0.28695652173913044 
207.0 	 344 	 570 	 75.0 	 41.0 	 0.29310344827586204 
208.0 	 346 	 570 	 41.0 	 75.0 	 0.29310344827586204 
209.0 	 348 	 570 	 41.0 	 75.0 	 0.29310344827586204 
210.0 	 350 	 570 	 41.0 	 76.0 	 0.29914529914529914 
211.0 	 353 	 570 	 41.0 	 75.0 	 0.29310344827586204 
212.0 	 355 	 570 	 42.0 	 75.0 	 0.28205128205128205 
213.0 	 357 	 570 	 41.0 	 76.0 	 0.29914529914529914 
214.0 	 359 	 570 	 41.0 	 76.0 	 0.29914529914529914 
215.0 	 362 	 570 	 41.0 	 75.0 	 0.29310344827586204 
216.0 	 364 	 570 	 40.0 	 76.0 	 0.3103448275862069 
217.0 	 366 	 570 	 40.0 	 76.0 	 0.3103448275862069 
218.0 	 368 	 570 	 41.0 	 76.0 	 0.29914529914529914 
219.0 	 370 	 570 	 41.0 	 76.0 	 0.29914529914529914 
220.0 	 372 	 570 	 41.0 	 76.0 	 0.29914529914529914 
221.0 	 375 	 570 	 41.0 	 74.0 	 0.28695652173913044 
222.0 	 377 	 570 	 41.0 	 75.0 	 0.29310344827586204 
223.0 	 380 	 570 	 41.0 	 75.0 	 0.29310344827586204 
224.0 	 382 	 570 	 41.0 	 75.0 	 0.29310344827586204 
225.0 	 384 	 570 	 41.0 	 74.0 	 0.28695652173913044 
226.0 	 386 	 570 	 41.0 	 76.0 	 0.29914529914529914 
227.0 	 388 	 570 	 41.0 	 74.0 	 0.28695652173913044 
228.0 	 390 	 570 	 41.0 	 73.0 	 0.2807017543859649 
229.0 	 392 	 570 	 40.0 	 73.0 	 0.2920353982300885 
230.0 	 394 	 570 	 40.0 	 74.0 	 0.2982456140350877 
231.0 	 396 	 569 	 40.0 	 73.0 	 0.2920353982300885 
232.0 	 398 	 569 	 40.0 	 73.0 	 0.2920353982300885 
233.0 	 400 	 569 	 40.0 	 73.0 	 0.2920353982300885 
234.0 	 402 	 569 	 40.0 	 73.0 	 0.2920353982300885 
235.0 	 405 	 569 	 40.37894058227539 	 72.97180938720703 	 0.28753994846709585 
236.0 	 406 	 569 	 40.0 	 72.0 	 0.2857142857142857 
237.0 	 408 	 569 	 40.0 	 73.0 	 0.2920353982300885 
238.0 	 410 	 569 	 40.0 	 74.0 	 0.2982456140350877 
239.0 	 413 	 569 	 40.0 	 74.0 	 0.2982456140350877 
240.0 	 416 	 569 	 39.0 	 75.0 	 0.3157894736842105 
241.0 	 418 	 569 	 38.0 	 74.0 	 0.32142857142857145 
242.0 	 421 	 569 	 38.0 	 75.0 	 0.3274336283185841 
243.0 	 424 	 568 	 37.0 	 74.0 	 0.3333333333333333 
244.0 	 426 	 568 	 36.0 	 75.0 	 0.35135135135135137 
245.0 	 429 	 568 	 36.0 	 76.0 	 0.35714285714285715 
246.0 	 432 	 568 	 35.0 	 76.0 	 0.36936936936936937 
247.0 	 434 	 568 	 35.0 	 76.0 	 0.36936936936936937 
248.0 	 438 	 568 	 77.0 	 35.0 	 0.375 
249.0 	 441 	 568 	 33.0 	 77.0 	 0.4 
250.0 	 444 	 568 	 76.97817993164062 	 32.49079132080078 	 0.4063926800613619 
251.0 	 447 	 568 	 32.0 	 78.0 	 0.41818181818181815 
252.0 	 450 	 568 	 77.497314453125 	 33.05331802368164 	 0.40202390012348094 
253.0 	 453 	 568 	 31.0 	 75.0 	 0.41509433962264153 
254.0 	 456 	 568 	 33.0 	 77.0 	 0.4 
255.0 	 459 	 569 	 34.0 	 78.0 	 0.39285714285714285 
256.0 	 462 	 569 	 34.0 	 79.0 	 0.39823008849557523 
257.0 	 464 	 569 	 34.0 	 78.0 	 0.39285714285714285 
258.0 	 467 	 569 	 34.0 	 76.0 	 0.38181818181818183 
259.0 	 470 	 569 	 34.0 	 76.0 	 0.38181818181818183 
260.0 	 472 	 569 	 35.0 	 77.0 	 0.375 
261.0 	 474 	 570 	 36.0 	 78.0 	 0.3684210526315789 
262.0 	 476 	 570 	 36.0 	 77.0 	 0.36283185840707965 
263.0 	 478 	 570 	 37.0 	 77.0 	 0.3508771929824561 
264.0 	 481 	 570 	 36.0 	 76.0 	 0.35714285714285715 
265.0 	 483 	 570 	 36.0 	 75.0 	 0.35135135135135137 
266.0 	 485 	 570 	 36.0 	 77.0 	 0.36283185840707965 
267.0 	 487 	 570 	 36.0 	 78.0 	 0.3684210526315789 
268.0 	 490 	 570 	 36.0 	 78.0 	 0.3684210526315789 
269.0 	 492 	 570 	 37.0 	 77.0 	 0.3508771929824561 
270.0 	 495 	 570 	 37.0 	 77.0 	 0.3508771929824561 
271.0 	 497 	 570 	 76.99238586425781 	 37.99696350097656 	 0.3391220367672681 
272.0 	 499 	 570 	 37.0 	 77.0 	 0.3508771929824561 
273.0 	 501 	 570 	 37.0 	 77.0 	 0.3508771929824561 
274.0 	 504 	 570 	 37.0 	 78.0 	 0.3565217391304348 
275.0 	 506 	 570 	 79.0 	 38.0 	 0.3504273504273504 
276.0 	 508 	 570 	 39.0 	 79.0 	 0.3389830508474576 
277.0 	 510 	 570 	 37.0 	 78.0 	 0.3565217391304348 
278.0 	 512 	 570 	 38.0 	 79.0 	 0.3504273504273504 
279.0 	 515 	 570 	 38.0 	 78.0 	 0.3448275862068966 
280.0 	 518 	 570 	 38.0 	 78.0 	 0.3448275862068966 
281.0 	 520 	 570 	 38.0 	 79.0 	 0.3504273504273504 
282.0 	 522 	 570 	 38.0 	 79.0 	 0.3504273504273504 
283.0 	 525 	 570 	 38.0 	 77.0 	 0.3391304347826087 
284.0 	 527 	 570 	 39.0 	 78.0 	 0.3333333333333333 
285.0 	 529 	 570 	 40.0 	 78.0 	 0.3220338983050847 
286.0 	 532 	 570 	 39.0 	 76.0 	 0.3217391304347826 
287.0 	 534 	 570 	 39.0 	 77.0 	 0.3275862068965517 
288.0 	 537 	 570 	 39.0 	 79.0 	 0.3389830508474576 
289.0 	 539 	 569 	 38.0 	 79.0 	 0.3504273504273504 
290.0 	 542 	 569 	 38.0 	 80.0 	 0.3559322033898305 
291.0 	 544 	 570 	 39.0 	 80.0 	 0.3445378151260504 
292.0 	 547 	 570 	 39.0 	 80.0 	 0.3445378151260504 
293.0 	 550 	 570 	 39.0 	 80.0 	 0.3445378151260504 
294.0 	 552 	 570 	 40.0 	 81.0 	 0.33884297520661155 
295.0 	 554 	 570 	 81.56488800048828 	 39.519920349121094 	 0.34723569557933587 
296.0 	 557 	 570 	 39.0 	 81.0 	 0.35 
297.0 	 559 	 570 	 40.0 	 81.0 	 0.33884297520661155 
298.0 	 561 	 570 	 40.0 	 81.0 	 0.33884297520661155 
299.0 	 564 	 570 	 40.0 	 81.0 	 0.33884297520661155 
300.0 	 566 	 570 	 40.0 	 82.0 	 0.3442622950819672 
301.0 	 568 	 570 	 40.0 	 82.0 	 0.3442622950819672 
302.0 	 571 	 570 	 40.0 	 82.0 	 0.3442622950819672 
303.0 	 574 	 570 	 40.0 	 81.0 	 0.33884297520661155 
304.0 	 576 	 570 	 40.0 	 82.0 	 0.3442622950819672 
305.0 	 578 	 570 	 40.0 	 81.0 	 0.33884297520661155 
306.0 	 581 	 570 	 40.0 	 82.0 	 0.3442622950819672 
307.0 	 583 	 570 	 40.0 	 82.0 	 0.3442622950819672 
308.0 	 585 	 570 	 40.0 	 82.0 	 0.3442622950819672 
309.0 	 588 	 570 	 40.0 	 82.0 	 0.3442622950819672 
310.0 	 590 	 570 	 40.0 	 82.0 	 0.3442622950819672 
311.0 	 592 	 570 	 40.0 	 81.0 	 0.33884297520661155 
312.0 	 595 	 570 	 40.0 	 81.0 	 0.33884297520661155 
313.0 	 597 	 570 	 40.0 	 82.0 	 0.3442622950819672 
314.0 	 600 	 570 	 40.0 	 82.0 	 0.3442622950819672 
315.0 	 603 	 570 	 39.0 	 81.0 	 0.35 
316.0 	 605 	 570 	 40.0 	 81.0 	 0.33884297520661155 
317.0 	 608 	 570 	 39.0 	 80.0 	 0.3445378151260504 
318.0 	 610 	 570 	 39.0 	 81.0 	 0.35 
319.0 	 612 	 570 	 40.0 	 82.0 	 0.3442622950819672 
320.0 	 614 	 570 	 40.0 	 83.0 	 0.34959349593495936 
321.0 	 617 	 570 	 41.0 	 82.0 	 0.3333333333333333 
322.0 	 619 	 570 	 40.0 	 83.0 	 0.34959349593495936 
323.0 	 622 	 570 	 40.0 	 83.0 	 0.34959349593495936 
324.0 	 624 	 570 	 40.0 	 83.0 	 0.34959349593495936 
325.0 	 626 	 570 	 39.0 	 84.0 	 0.36585365853658536 
326.0 	 629 	 570 	 39.0 	 84.0 	 0.36585365853658536 
327.0 	 631 	 570 	 41.0 	 83.0 	 0.3387096774193548 
328.0 	 634 	 570 	 41.0 	 84.0 	 0.344 
329.0 	 637 	 570 	 41.0 	 83.0 	 0.3387096774193548 
330.0 	 639 	 570 	 41.0 	 83.0 	 0.3387096774193548 
331.0 	 641 	 570 	 41.0 	 84.0 	 0.344 
332.0 	 644 	 570 	 41.0 	 84.0 	 0.344 
333.0 	 646 	 570 	 41.0 	 83.0 	 0.3387096774193548 
334.0 	 649 	 570 	 41.0 	 83.0 	 0.3387096774193548 
335.0 	 651 	 570 	 41.0 	 85.0 	 0.3492063492063492 
336.0 	 654 	 570 	 41.0 	 84.0 	 0.344 
337.0 	 656 	 570 	 40.0 	 82.0 	 0.3442622950819672 
338.0 	 658 	 570 	 40.0 	 83.0 	 0.34959349593495936 
339.0 	 660 	 570 	 40.0 	 83.0 	 0.34959349593495936 
340.0 	 663 	 570 	 40.0 	 82.0 	 0.3442622950819672 
341.0 	 665 	 570 	 40.0 	 84.0 	 0.3548387096774194 
342.0 	 668 	 570 	 40.0 	 83.0 	 0.34959349593495936 
343.0 	 670 	 570 	 41.0 	 83.0 	 0.3387096774193548 
344.0 	 672 	 570 	 41.0 	 84.0 	 0.344 
345.0 	 674 	 570 	 41.0 	 84.0 	 0.344 
346.0 	 677 	 570 	 41.0 	 84.0 	 0.344 
347.0 	 679 	 570 	 41.0 	 84.0 	 0.344 
348.0 	 681 	 570 	 41.0 	 84.0 	 0.344 
349.0 	 683 	 570 	 41.0 	 84.0 	 0.344 
350.0 	 686 	 570 	 41.0 	 84.0 	 0.344 
351.0 	 688 	 570 	 41.0 	 84.0 	 0.344 
352.0 	 690 	 569 	 83.0 	 40.0 	 0.34959349593495936 
353.0 	 693 	 569 	 84.0 	 40.0 	 0.3548387096774194 
354.0 	 695 	 569 	 40.0 	 84.0 	 0.3548387096774194 
355.0 	 698 	 569 	 40.0 	 84.0 	 0.3548387096774194 
356.0 	 700 	 570 	 40.0 	 84.0 	 0.3548387096774194 
357.0 	 702 	 569 	 40.0 	 84.0 	 0.3548387096774194 
358.0 	 704 	 570 	 41.0 	 83.0 	 0.3387096774193548 
359.0 	 707 	 570 	 84.35650634765625 	 40.75331115722656 	 0.3485193732996048 
360.0 	 709 	 570 	 40.0 	 84.0 	 0.3548387096774194 
361.0 	 711 	 570 	 39.0 	 83.0 	 0.36065573770491804 
362.0 	 714 	 570 	 39.0 	 84.0 	 0.36585365853658536 
363.0 	 716 	 570 	 39.0 	 84.0 	 0.36585365853658536 
364.0 	 718 	 569 	 39.0 	 83.0 	 0.36065573770491804 
365.0 	 721 	 570 	 39.0 	 83.0 	 0.36065573770491804 
366.0 	 723 	 570 	 39.0 	 83.0 	 0.36065573770491804 
367.0 	 725 	 570 	 39.0 	 84.0 	 0.36585365853658536 
368.0 	 728 	 570 	 39.0 	 83.0 	 0.36065573770491804 
369.0 	 730 	 570 	 39.0 	 84.0 	 0.36585365853658536 
370.0 	 732 	 569 	 39.0 	 84.0 	 0.36585365853658536 
371.0 	 735 	 569 	 39.0 	 84.0 	 0.36585365853658536 
372.0 	 738 	 570 	 39.0 	 83.0 	 0.36065573770491804 
373.0 	 739 	 570 	 40.0 	 84.0 	 0.3548387096774194 
374.0 	 742 	 570 	 40.0 	 83.0 	 0.34959349593495936 
375.0 	 744 	 570 	 40.0 	 83.0 	 0.34959349593495936 
376.0 	 746 	 570 	 40.0 	 84.0 	 0.3548387096774194 
377.0 	 749 	 569 	 40.0 	 83.0 	 0.34959349593495936 
378.0 	 751 	 570 	 40.0 	 83.0 	 0.34959349593495936 
379.0 	 754 	 569 	 39.0 	 83.0 	 0.36065573770491804 
380.0 	 756 	 569 	 39.0 	 83.0 	 0.36065573770491804 
381.0 	 759 	 569 	 39.0 	 82.0 	 0.35537190082644626 
382.0 	 761 	 570 	 39.0 	 83.0 	 0.36065573770491804 
383.0 	 763 	 569 	 39.0 	 83.0 	 0.36065573770491804 
384.0 	 765 	 570 	 39.0 	 84.0 	 0.36585365853658536 
385.0 	 767 	 569 	 39.0 	 83.0 	 0.36065573770491804 
386.0 	 770 	 569 	 39.0 	 83.0 	 0.36065573770491804 
387.0 	 772 	 569 	 39.0 	 84.0 	 0.36585365853658536 
388.0 	 774 	 569 	 39.0 	 83.0 	 0.36065573770491804 
389.0 	 777 	 569 	 39.0 	 83.0 	 0.36065573770491804 
390.0 	 779 	 570 	 39.0 	 82.0 	 0.35537190082644626 
391.0 	 781 	 570 	 39.0 	 82.0 	 0.35537190082644626 
392.0 	 783 	 570 	 39.0 	 83.0 	 0.36065573770491804 
393.0 	 786 	 570 	 39.0 	 83.0 	 0.36065573770491804 
394.0 	 788 	 570 	 39.0 	 83.0 	 0.36065573770491804 
395.0 	 790 	 570 	 39.0 	 83.0 	 0.36065573770491804 
396.0 	 793 	 569 	 40.0 	 83.0 	 0.34959349593495936 
397.0 	 795 	 570 	 39.0 	 83.0 	 0.36065573770491804 
398.0 	 797 	 570 	 39.0 	 82.0 	 0.35537190082644626 
399.0 	 800 	 569 	 39.0 	 83.0 	 0.36065573770491804 
400.0 	 802 	 569 	 39.0 	 83.0 	 0.36065573770491804 
401.0 	 805 	 570 	 39.0 	 83.0 	 0.36065573770491804 
402.0 	 807 	 569 	 39.0 	 82.0 	 0.35537190082644626 
403.0 	 809 	 570 	 39.0 	 83.0 	 0.36065573770491804 
404.0 	 812 	 570 	 38.0 	 83.0 	 0.371900826446281 
405.0 	 814 	 569 	 38.0 	 83.0 	 0.371900826446281 
406.0 	 817 	 570 	 38.0 	 83.0 	 0.371900826446281 
407.0 	 819 	 570 	 38.0 	 83.0 	 0.371900826446281 
408.0 	 822 	 570 	 38.0 	 83.0 	 0.371900826446281 
409.0 	 823 	 570 	 38.0 	 82.0 	 0.36666666666666664 
410.0 	 826 	 570 	 38.0 	 83.0 	 0.371900826446281 
411.0 	 828 	 570 	 38.0 	 83.0 	 0.371900826446281 
412.0 	 830 	 570 	 39.0 	 83.0 	 0.36065573770491804 
413.0 	 833 	 570 	 39.0 	 84.0 	 0.36585365853658536 
414.0 	 835 	 570 	 39.0 	 84.0 	 0.36585365853658536 
415.0 	 838 	 570 	 39.0 	 83.0 	 0.36065573770491804 
416.0 	 840 	 570 	 39.0 	 83.0 	 0.36065573770491804 
417.0 	 842 	 569 	 39.0 	 83.0 	 0.36065573770491804 
418.0 	 845 	 570 	 39.0 	 83.0 	 0.36065573770491804 
419.0 	 847 	 570 	 39.0 	 84.0 	 0.36585365853658536 
420.0 	 849 	 570 	 39.0 	 83.0 	 0.36065573770491804 
421.0 	 851 	 569 	 38.0 	 83.0 	 0.371900826446281 
422.0 	 854 	 569 	 39.0 	 84.0 	 0.36585365853658536 
423.0 	 856 	 569 	 38.0 	 83.0 	 0.371900826446281 
424.0 	 859 	 569 	 39.0 	 82.0 	 0.35537190082644626 
425.0 	 861 	 570 	 39.0 	 83.0 	 0.36065573770491804 
426.0 	 863 	 569 	 39.0 	 83.0 	 0.36065573770491804 
427.0 	 866 	 570 	 39.0 	 82.0 	 0.35537190082644626 
428.0 	 868 	 569 	 39.0 	 84.0 	 0.36585365853658536 
429.0 	 870 	 569 	 39.0 	 83.0 	 0.36065573770491804 
430.0 	 872 	 569 	 39.0 	 83.0 	 0.36065573770491804 
431.0 	 874 	 569 	 39.0 	 84.0 	 0.36585365853658536 
432.0 	 876 	 570 	 39.0 	 83.0 	 0.36065573770491804 
433.0 	 878 	 569 	 39.0 	 83.0 	 0.36065573770491804 
434.0 	 881 	 569 	 39.0 	 83.0 	 0.36065573770491804 
435.0 	 883 	 569 	 39.0 	 84.0 	 0.36585365853658536 
436.0 	 885 	 570 	 40.0 	 84.0 	 0.3548387096774194 
437.0 	 887 	 570 	 40.0 	 84.0 	 0.3548387096774194 
438.0 	 889 	 570 	 40.0 	 84.0 	 0.3548387096774194 
439.0 	 892 	 570 	 40.0 	 84.0 	 0.3548387096774194 
440.0 	 894 	 570 	 40.0 	 83.0 	 0.34959349593495936 
441.0 	 896 	 570 	 40.0 	 84.0 	 0.3548387096774194 
442.0 	 899 	 569 	 40.0 	 83.0 	 0.34959349593495936 
443.0 	 901 	 570 	 40.0 	 84.0 	 0.3548387096774194 
444.0 	 903 	 570 	 40.0 	 84.0 	 0.3548387096774194 
445.0 	 905 	 569 	 39.0 	 83.0 	 0.36065573770491804 
446.0 	 907 	 570 	 39.0 	 84.0 	 0.36585365853658536 
447.0 	 909 	 569 	 39.0 	 84.0 	 0.36585365853658536 
448.0 	 911 	 569 	 39.0 	 83.0 	 0.36065573770491804 
449.0 	 914 	 569 	 39.0 	 83.0 	 0.36065573770491804 
450.0 	 916 	 570 	 40.0 	 84.0 	 0.3548387096774194 
451.0 	 918 	 570 	 40.0 	 83.0 	 0.34959349593495936 
452.0 	 921 	 570 	 40.0 	 83.0 	 0.34959349593495936 
453.0 	 923 	 570 	 40.0 	 84.0 	 0.3548387096774194 
454.0 	 925 	 570 	 39.0 	 84.0 	 0.36585365853658536 
455.0 	 927 	 570 	 40.0 	 83.0 	 0.34959349593495936 
456.0 	 929 	 570 	 39.0 	 84.0 	 0.36585365853658536 
457.0 	 931 	 569 	 38.0 	 84.0 	 0.3770491803278688 
458.0 	 934 	 570 	 38.0 	 83.0 	 0.371900826446281 
459.0 	 936 	 570 	 38.0 	 84.0 	 0.3770491803278688 
460.0 	 938 	 570 	 38.0 	 84.0 	 0.3770491803278688 
461.0 	 940 	 570 	 38.0 	 84.0 	 0.3770491803278688 
462.0 	 943 	 570 	 38.0 	 84.0 	 0.3770491803278688 
463.0 	 945 	 570 	 38.0 	 84.0 	 0.3770491803278688 
464.0 	 947 	 570 	 38.0 	 84.0 	 0.3770491803278688 
465.0 	 949 	 570 	 38.0 	 84.0 	 0.3770491803278688 
466.0 	 951 	 570 	 38.0 	 83.0 	 0.371900826446281 
467.0 	 954 	 570 	 38.0 	 83.0 	 0.371900826446281 
468.0 	 956 	 570 	 38.0 	 84.0 	 0.3770491803278688 
469.0 	 958 	 570 	 38.0 	 84.0 	 0.3770491803278688 
470.0 	 960 	 570 	 38.0 	 83.0 	 0.371900826446281 
471.0 	 962 	 570 	 38.0 	 83.0 	 0.371900826446281 
472.0 	 964 	 570 	 38.0 	 83.0 	 0.371900826446281 
473.0 	 967 	 570 	 38.0 	 84.0 	 0.3770491803278688 
474.0 	 969 	 570 	 38.0 	 83.0 	 0.371900826446281 
475.0 	 971 	 570 	 38.0 	 84.0 	 0.3770491803278688 
476.0 	 973 	 569 	 38.0 	 84.0 	 0.3770491803278688 
477.0 	 976 	 569 	 38.0 	 83.0 	 0.371900826446281 
478.0 	 978 	 570 	 38.0 	 84.0 	 0.3770491803278688 
479.0 	 980 	 569 	 38.0 	 84.0 	 0.3770491803278688 
480.0 	 982 	 569 	 38.0 	 84.0 	 0.3770491803278688 
481.0 	 984 	 569 	 38.0 	 84.0 	 0.3770491803278688 
482.0 	 986 	 569 	 38.0 	 84.0 	 0.3770491803278688 
483.0 	 989 	 569 	 38.0 	 83.0 	 0.371900826446281 
484.0 	 991 	 569 	 38.0 	 84.0 	 0.3770491803278688 
485.0 	 993 	 569 	 37.0 	 84.0 	 0.3884297520661157 
486.0 	 996 	 569 	 37.0 	 84.0 	 0.3884297520661157 
487.0 	 998 	 569 	 37.0 	 84.0 	 0.3884297520661157 
488.0 	 1000 	 569 	 37.0 	 85.0 	 0.39344262295081966 
489.0 	 1002 	 569 	 37.0 	 84.0 	 0.3884297520661157 
490.0 	 1004 	 569 	 37.0 	 84.0 	 0.3884297520661157 
491.0 	 1007 	 569 	 38.0 	 84.0 	 0.3770491803278688 
492.0 	 1009 	 569 	 38.0 	 84.0 	 0.3770491803278688 
493.0 	 1011 	 569 	 39.0 	 85.0 	 0.3709677419354839 
494.0 	 1013 	 569 	 39.0 	 85.0 	 0.3709677419354839 
495.0 	 1016 	 570 	 39.0 	 85.0 	 0.3709677419354839 
496.0 	 1018 	 570 	 39.0 	 85.0 	 0.3709677419354839 
497.0 	 1021 	 570 	 39.0 	 86.0 	 0.376 
498.0 	 1023 	 570 	 39.0 	 85.0 	 0.3709677419354839 
499.0 	 1025 	 569 	 39.0 	 85.0 	 0.3709677419354839 
500.0 	 1027 	 570 	 38.0 	 85.0 	 0.3821138211382114 
501.0 	 1029 	 570 	 38.0 	 84.0 	 0.3770491803278688 
502.0 	 1032 	 570 	 38.0 	 85.0 	 0.3821138211382114 
503.0 	 1034 	 570 	 38.0 	 85.0 	 0.3821138211382114 
504.0 	 1036 	 570 	 38.0 	 84.0 	 0.3770491803278688 
505.0 	 1038 	 570 	 39.0 	 84.0 	 0.36585365853658536 
506.0 	 1041 	 570 	 38.0 	 85.0 	 0.3821138211382114 
507.0 	 1043 	 570 	 38.0 	 85.0 	 0.3821138211382114 
508.0 	 1045 	 570 	 38.0 	 85.0 	 0.3821138211382114 
509.0 	 1047 	 570 	 38.0 	 86.0 	 0.3870967741935484 
510.0 	 1049 	 570 	 38.0 	 86.0 	 0.3870967741935484 
511.0 	 1052 	 570 	 38.0 	 85.0 	 0.3821138211382114 
512.0 	 1054 	 570 	 38.0 	 85.0 	 0.3821138211382114 
513.0 	 1056 	 570 	 38.0 	 85.0 	 0.3821138211382114 
514.0 	 1058 	 570 	 38.0 	 85.0 	 0.3821138211382114 
515.0 	 1061 	 570 	 38.0 	 86.0 	 0.3870967741935484 
516.0 	 1063 	 570 	 38.0 	 86.0 	 0.3870967741935484 
517.0 	 1065 	 570 	 38.0 	 89.0 	 0.4015748031496063 
518.0 	 1067 	 570 	 38.0 	 89.0 	 0.4015748031496063 
519.0 	 1069 	 570 	 38.0 	 87.0 	 0.392 
520.0 	 1072 	 570 	 38.0 	 91.0 	 0.4108527131782946 
521.0 	 1074 	 570 	 38.0 	 90.0 	 0.40625 
522.0 	 1076 	 570 	 38.0 	 92.0 	 0.4153846153846154 
523.0 	 1079 	 570 	 38.0 	 91.0 	 0.4108527131782946 
524.0 	 1081 	 570 	 38.0 	 90.0 	 0.40625 
525.0 	 1084 	 570 	 38.0 	 89.0 	 0.4015748031496063 
526.0 	 1086 	 570 	 38.0 	 91.0 	 0.4108527131782946 
527.0 	 1088 	 570 	 38.0 	 90.0 	 0.40625 
528.0 	 1091 	 570 	 38.0 	 90.0 	 0.40625 
529.0 	 1092 	 570 	 38.0 	 93.0 	 0.4198473282442748 
530.0 	 1094 	 570 	 38.0 	 94.0 	 0.42424242424242425 
531.0 	 1097 	 570 	 38.0 	 93.0 	 0.4198473282442748 
532.0 	 1099 	 570 	 38.0 	 94.0 	 0.42424242424242425 
533.0 	 1102 	 570 	 38.0 	 94.0 	 0.42424242424242425 
534.0 	 1104 	 570 	 38.0 	 93.0 	 0.4198473282442748 
535.0 	 1106 	 570 	 38.0 	 93.0 	 0.4198473282442748 
536.0 	 1108 	 570 	 38.0 	 94.0 	 0.42424242424242425 
537.0 	 1110 	 570 	 94.0 	 39.0 	 0.41353383458646614 
538.0 	 1113 	 570 	 38.0 	 93.0 	 0.4198473282442748 
539.0 	 1115 	 570 	 38.0 	 94.0 	 0.42424242424242425 
540.0 	 1117 	 570 	 38.0 	 94.0 	 0.42424242424242425 
541.0 	 1119 	 570 	 39.0 	 93.0 	 0.4090909090909091 
542.0 	 1122 	 570 	 38.901405334472656 	 94.13240814208984 	 0.4151651475987165 
543.0 	 1125 	 570 	 39.0 	 92.0 	 0.40458015267175573 
544.0 	 1127 	 570 	 39.0 	 93.0 	 0.4090909090909091 
545.0 	 1129 	 570 	 39.0 	 93.0 	 0.4090909090909091 
546.0 	 1132 	 570 	 39.0 	 94.0 	 0.41353383458646614 
547.0 	 1134 	 570 	 39.0 	 93.0 	 0.4090909090909091 
548.0 	 1136 	 570 	 39.0 	 94.0 	 0.41353383458646614 
549.0 	 1138 	 570 	 39.0 	 95.0 	 0.417910447761194 
550.0 	 1141 	 570 	 94.0 	 39.0 	 0.41353383458646614 
551.0 	 1144 	 570 	 94.0 	 39.0 	 0.41353383458646614 
552.0 	 1146 	 570 	 38.0 	 95.0 	 0.42857142857142855 
553.0 	 1148 	 570 	 38.0 	 94.0 	 0.42424242424242425 
554.0 	 1151 	 570 	 39.0 	 93.0 	 0.4090909090909091 
555.0 	 1153 	 570 	 40.0 	 93.0 	 0.39849624060150374 
556.0 	 1156 	 570 	 40.0 	 93.0 	 0.39849624060150374 
557.0 	 1158 	 570 	 40.0 	 95.0 	 0.4074074074074074 
558.0 	 1160 	 570 	 40.0 	 96.0 	 0.4117647058823529 
559.0 	 1163 	 570 	 40.0 	 94.0 	 0.40298507462686567 
560.0 	 1165 	 570 	 40.0 	 94.0 	 0.40298507462686567 
561.0 	 1167 	 570 	 40.0 	 95.0 	 0.4074074074074074 
562.0 	 1170 	 570 	 40.0 	 95.0 	 0.4074074074074074 
563.0 	 1172 	 570 	 39.0 	 96.0 	 0.4222222222222222 
564.0 	 1175 	 570 	 40.0 	 95.0 	 0.4074074074074074 
565.0 	 1177 	 570 	 39.0 	 95.0 	 0.417910447761194 
566.0 	 1179 	 570 	 39.0 	 94.0 	 0.41353383458646614 
567.0 	 1182 	 570 	 39.0 	 96.0 	 0.4222222222222222 
568.0 	 1184 	 570 	 40.0 	 97.0 	 0.41605839416058393 
569.0 	 1187 	 570 	 40.0 	 95.0 	 0.4074074074074074 
570.0 	 1190 	 570 	 40.0 	 95.0 	 0.4074074074074074 
571.0 	 1192 	 570 	 39.0 	 96.0 	 0.4222222222222222 
572.0 	 1194 	 570 	 40.0 	 96.0 	 0.4117647058823529 
573.0 	 1197 	 570 	 40.0 	 94.0 	 0.40298507462686567 
574.0 	 1199 	 570 	 39.0 	 96.0 	 0.4222222222222222 
575.0 	 1202 	 570 	 39.0 	 95.0 	 0.417910447761194 
576.0 	 1204 	 570 	 39.0 	 97.0 	 0.4264705882352941 
577.0 	 1206 	 570 	 39.0 	 95.0 	 0.417910447761194 
578.0 	 1209 	 570 	 39.0 	 95.0 	 0.417910447761194 
579.0 	 1211 	 570 	 39.0 	 95.0 	 0.417910447761194 
580.0 	 1213 	 570 	 39.0 	 96.0 	 0.4222222222222222 
581.0 	 1216 	 570 	 39.0 	 96.0 	 0.4222222222222222 
582.0 	 1218 	 570 	 39.0 	 97.0 	 0.4264705882352941 
583.0 	 1221 	 570 	 39.0 	 97.0 	 0.4264705882352941 
584.0 	 1223 	 570 	 39.0 	 97.0 	 0.4264705882352941 
585.0 	 1226 	 570 	 39.0 	 95.0 	 0.417910447761194 
586.0 	 1228 	 570 	 39.0 	 95.0 	 0.417910447761194 
587.0 	 1230 	 570 	 40.0 	 96.0 	 0.4117647058823529 
588.0 	 1233 	 570 	 40.0 	 96.0 	 0.4117647058823529 
589.0 	 1235 	 570 	 40.0 	 96.0 	 0.4117647058823529 
590.0 	 1237 	 570 	 40.0 	 98.0 	 0.42028985507246375 
591.0 	 1240 	 570 	 40.0 	 96.0 	 0.4117647058823529 
592.0 	 1243 	 570 	 40.0 	 97.0 	 0.41605839416058393 
593.0 	 1245 	 570 	 40.0 	 97.0 	 0.41605839416058393 
594.0 	 1248 	 570 	 40.0 	 96.0 	 0.4117647058823529 
595.0 	 1250 	 570 	 40.0 	 96.0 	 0.4117647058823529 
596.0 	 1253 	 570 	 40.0 	 97.0 	 0.41605839416058393 
597.0 	 1255 	 570 	 40.0 	 96.0 	 0.4117647058823529 
598.0 	 1258 	 570 	 40.0 	 97.0 	 0.41605839416058393 
599.0 	 1260 	 570 	 40.0 	 96.0 	 0.4117647058823529 
600.0 	 1263 	 570 	 40.0 	 97.0 	 0.41605839416058393 
601.0 	 1265 	 570 	 39.0 	 95.0 	 0.417910447761194 
602.0 	 1268 	 570 	 40.0 	 97.0 	 0.41605839416058393 
603.0 	 1271 	 570 	 40.0 	 96.0 	 0.4117647058823529 
604.0 	 1273 	 570 	 40.0 	 94.0 	 0.40298507462686567 
605.0 	 1275 	 570 	 40.0 	 96.0 	 0.4117647058823529 
606.0 	 1278 	 570 	 40.0 	 96.0 	 0.4117647058823529 
607.0 	 1281 	 569 	 39.0 	 95.0 	 0.417910447761194 
608.0 	 1284 	 570 	 40.0 	 96.0 	 0.4117647058823529 
609.0 	 1286 	 570 	 40.0 	 96.0 	 0.4117647058823529 
610.0 	 1289 	 570 	 39.0 	 94.0 	 0.41353383458646614 
611.0 	 1291 	 570 	 39.0 	 95.0 	 0.417910447761194 
612.0 	 1294 	 570 	 40.0 	 96.0 	 0.4117647058823529 
613.0 	 1296 	 570 	 40.0 	 95.0 	 0.4074074074074074 
614.0 	 1299 	 570 	 40.0 	 95.0 	 0.4074074074074074 
615.0 	 1301 	 570 	 41.0 	 97.0 	 0.4057971014492754 
616.0 	 1304 	 570 	 41.0 	 96.0 	 0.40145985401459855 
617.0 	 1306 	 570 	 40.0 	 96.0 	 0.4117647058823529 
618.0 	 1309 	 570 	 41.0 	 96.0 	 0.40145985401459855 
619.0 	 1312 	 570 	 41.0 	 95.0 	 0.39705882352941174 
620.0 	 1314 	 570 	 40.0 	 95.0 	 0.4074074074074074 
621.0 	 1316 	 570 	 41.0 	 96.0 	 0.40145985401459855 
622.0 	 1319 	 570 	 41.0 	 96.0 	 0.40145985401459855 
623.0 	 1321 	 570 	 95.6057357788086 	 41.10322952270508 	 0.39867543533737837 
624.0 	 1324 	 570 	 41.0 	 96.0 	 0.40145985401459855 
625.0 	 1326 	 570 	 39.0 	 97.0 	 0.4264705882352941 
626.0 	 1328 	 570 	 39.0 	 95.0 	 0.417910447761194 
627.0 	 1331 	 570 	 40.0 	 97.0 	 0.41605839416058393 
628.0 	 1333 	 570 	 99.0 	 40.0 	 0.4244604316546763 
629.0 	 1335 	 570 	 39.0 	 96.0 	 0.4222222222222222 
630.0 	 1338 	 570 	 97.0 	 39.0 	 0.4264705882352941 
631.0 	 1340 	 570 	 39.0 	 98.0 	 0.4306569343065693 
632.0 	 1343 	 570 	 39.0 	 98.0 	 0.4306569343065693 
633.0 	 1345 	 570 	 39.0 	 96.0 	 0.4222222222222222 
634.0 	 1347 	 570 	 39.0 	 98.0 	 0.4306569343065693 
635.0 	 1350 	 570 	 39.0 	 97.0 	 0.4264705882352941 
636.0 	 1353 	 570 	 39.0 	 97.0 	 0.4264705882352941 
637.0 	 1354 	 570 	 38.0 	 97.0 	 0.43703703703703706 
638.0 	 1357 	 570 	 38.0 	 97.0 	 0.43703703703703706 
639.0 	 1359 	 570 	 38.0 	 95.0 	 0.42857142857142855 
640.0 	 1362 	 570 	 39.0 	 98.0 	 0.4306569343065693 
641.0 	 1364 	 570 	 38.0 	 96.0 	 0.43283582089552236 
642.0 	 1367 	 570 	 38.0 	 96.0 	 0.43283582089552236 
643.0 	 1369 	 570 	 38.0 	 97.0 	 0.43703703703703706 
644.0 	 1372 	 570 	 38.0 	 97.0 	 0.43703703703703706 
645.0 	 1374 	 570 	 38.0 	 97.0 	 0.43703703703703706 
646.0 	 1377 	 570 	 38.0 	 97.0 	 0.43703703703703706 
647.0 	 1379 	 570 	 39.8002815246582 	 98.17736053466797 	 0.4230908583356527 
648.0 	 1381 	 570 	 39.0 	 97.0 	 0.4264705882352941 
649.0 	 1384 	 570 	 37.934425354003906 	 97.0087890625 	 0.437772021097425 
650.0 	 1386 	 570 	 38.0 	 98.0 	 0.4411764705882353 
651.0 	 1388 	 570 	 38.0 	 96.0 	 0.43283582089552236 
652.0 	 1391 	 570 	 38.0 	 97.0 	 0.43703703703703706 
653.0 	 1393 	 570 	 39.0 	 98.0 	 0.4306569343065693 
654.0 	 1396 	 570 	 38.82432556152344 	 98.31703186035156 	 0.4338057272965174 
655.0 	 1398 	 570 	 38.78224563598633 	 97.16321563720703 	 0.42944405392026613 
656.0 	 1400 	 570 	 38.0 	 97.0 	 0.43703703703703706 
657.0 	 1402 	 570 	 38.0 	 97.0 	 0.43703703703703706 
658.0 	 1405 	 570 	 38.0 	 100.0 	 0.4492753623188406 
659.0 	 1408 	 570 	 38.0 	 101.0 	 0.45323741007194246 
660.0 	 1410 	 570 	 38.0 	 101.0 	 0.45323741007194246 
661.0 	 1413 	 570 	 38.0 	 100.0 	 0.4492753623188406 
662.0 	 1415 	 570 	 38.0 	 99.0 	 0.44525547445255476 
663.0 	 1417 	 570 	 38.0 	 99.0 	 0.44525547445255476 
664.0 	 1420 	 570 	 38.0 	 99.0 	 0.44525547445255476 
665.0 	 1422 	 570 	 38.0 	 98.0 	 0.4411764705882353 
666.0 	 1424 	 570 	 38.0 	 99.0 	 0.44525547445255476 
667.0 	 1427 	 570 	 37.0 	 100.0 	 0.45985401459854014 
668.0 	 1429 	 570 	 37.0 	 98.0 	 0.45185185185185184 
669.0 	 1431 	 570 	 37.0 	 99.0 	 0.45588235294117646 
670.0 	 1433 	 570 	 38.0 	 98.0 	 0.4411764705882353 
671.0 	 1436 	 569 	 38.0 	 97.0 	 0.43703703703703706 
672.0 	 1438 	 570 	 38.0 	 98.0 	 0.4411764705882353 
673.0 	 1440 	 570 	 38.0 	 97.0 	 0.43703703703703706 
674.0 	 1443 	 570 	 38.0 	 98.0 	 0.4411764705882353 
675.0 	 1445 	 570 	 38.0 	 98.0 	 0.4411764705882353 
676.0 	 1447 	 570 	 38.0 	 98.0 	 0.4411764705882353 
677.0 	 1450 	 570 	 38.0 	 97.0 	 0.43703703703703706 
678.0 	 1452 	 570 	 38.0 	 97.0 	 0.43703703703703706 
679.0 	 1454 	 570 	 38.0 	 97.0 	 0.43703703703703706 
680.0 	 1457 	 570 	 38.0 	 96.0 	 0.43283582089552236 
681.0 	 1460 	 570 	 38.0 	 96.0 	 0.43283582089552236 
682.0 	 1462 	 570 	 38.0 	 98.0 	 0.4411764705882353 
683.0 	 1464 	 570 	 38.0 	 97.0 	 0.43703703703703706 
684.0 	 1466 	 570 	 38.0 	 96.0 	 0.43283582089552236 
685.0 	 1469 	 570 	 39.0 	 96.0 	 0.4222222222222222 
686.0 	 1471 	 570 	 39.893585205078125 	 98.1966323852539 	 0.4222098291795124 
687.0 	 1473 	 570 	 39.805484771728516 	 97.02107238769531 	 0.4181614213189761 
688.0 	 1475 	 570 	 40.0 	 98.0 	 0.42028985507246375 
689.0 	 1477 	 570 	 40.0 	 99.0 	 0.4244604316546763 
690.0 	 1479 	 570 	 40.0 	 96.0 	 0.4117647058823529 
691.0 	 1482 	 570 	 40.0 	 97.0 	 0.41605839416058393 
692.0 	 1484 	 570 	 40.0 	 98.0 	 0.42028985507246375 
693.0 	 1486 	 570 	 40.0 	 96.0 	 0.4117647058823529 
694.0 	 1489 	 570 	 40.0 	 97.0 	 0.41605839416058393 
695.0 	 1491 	 570 	 40.0 	 97.0 	 0.41605839416058393 
696.0 	 1493 	 570 	 39.0 	 98.0 	 0.4306569343065693 
697.0 	 1495 	 570 	 39.0 	 99.0 	 0.43478260869565216 
698.0 	 1497 	 570 	 39.0 	 101.0 	 0.44285714285714284 
699.0 	 1500 	 570 	 39.0 	 102.0 	 0.44680851063829785 
700.0 	 1503 	 570 	 39.0 	 97.0 	 0.4264705882352941 
701.0 	 1505 	 570 	 40.0 	 97.0 	 0.41605839416058393 
702.0 	 1507 	 570 	 40.0 	 98.0 	 0.42028985507246375 
703.0 	 1510 	 570 	 40.0 	 96.0 	 0.4117647058823529 
704.0 	 1512 	 570 	 40.0 	 97.0 	 0.41605839416058393 
705.0 	 1514 	 570 	 40.0 	 97.0 	 0.41605839416058393 
706.0 	 1516 	 570 	 40.0 	 97.0 	 0.41605839416058393 
707.0 	 1519 	 570 	 40.0 	 96.0 	 0.4117647058823529 
708.0 	 1521 	 570 	 40.0 	 97.0 	 0.41605839416058393 
709.0 	 1523 	 570 	 39.0 	 94.0 	 0.41353383458646614 
710.0 	 1526 	 570 	 39.0 	 95.0 	 0.417910447761194 
711.0 	 1528 	 570 	 39.0 	 96.0 	 0.4222222222222222 
712.0 	 1531 	 570 	 40.0 	 94.0 	 0.40298507462686567 
713.0 	 1533 	 570 	 40.0 	 93.0 	 0.39849624060150374 
714.0 	 1535 	 570 	 40.0 	 95.0 	 0.4074074074074074 
715.0 	 1537 	 570 	 39.0 	 94.0 	 0.41353383458646614 
716.0 	 1540 	 570 	 40.0 	 94.0 	 0.40298507462686567 
717.0 	 1542 	 570 	 40.0 	 96.0 	 0.4117647058823529 
718.0 	 1544 	 570 	 40.0 	 95.0 	 0.4074074074074074 
719.0 	 1547 	 570 	 39.0 	 94.0 	 0.41353383458646614 
720.0 	 1549 	 570 	 40.0 	 96.0 	 0.4117647058823529 
721.0 	 1551 	 570 	 39.0 	 95.0 	 0.417910447761194 
722.0 	 1554 	 570 	 39.0 	 92.0 	 0.40458015267175573 
723.0 	 1556 	 570 	 39.0 	 95.0 	 0.417910447761194 
724.0 	 1559 	 570 	 39.0 	 94.0 	 0.41353383458646614 
725.0 	 1561 	 570 	 39.0 	 93.0 	 0.4090909090909091 
726.0 	 1563 	 570 	 39.0 	 95.0 	 0.417910447761194 
727.0 	 1565 	 570 	 39.0 	 96.0 	 0.4222222222222222 
728.0 	 1567 	 570 	 39.0 	 92.0 	 0.40458015267175573 
729.0 	 1570 	 570 	 39.0 	 95.0 	 0.417910447761194 
730.0 	 1572 	 570 	 39.0 	 96.0 	 0.4222222222222222 
731.0 	 1574 	 570 	 39.0 	 94.0 	 0.41353383458646614 
732.0 	 1577 	 570 	 39.0 	 94.0 	 0.41353383458646614 
733.0 	 1580 	 570 	 38.0 	 93.0 	 0.4198473282442748 
734.0 	 1582 	 570 	 38.0 	 94.0 	 0.42424242424242425 
735.0 	 1584 	 570 	 37.0 	 92.0 	 0.4263565891472868 
736.0 	 1586 	 570 	 38.0 	 94.0 	 0.42424242424242425 
737.0 	 1589 	 570 	 38.0 	 95.0 	 0.42857142857142855 
738.0 	 1591 	 570 	 91.0 	 37.0 	 0.421875 
739.0 	 1593 	 570 	 37.164913177490234 	 94.0771484375 	 0.4336432585687861 
740.0 	 1596 	 570 	 37.0 	 93.0 	 0.4307692307692308 
741.0 	 1598 	 570 	 90.0 	 37.0 	 0.41732283464566927 
742.0 	 1600 	 570 	 37.0 	 93.0 	 0.4307692307692308 
743.0 	 1602 	 570 	 37.0 	 93.0 	 0.4307692307692308 
744.0 	 1605 	 570 	 37.0 	 91.0 	 0.421875 
745.0 	 1607 	 570 	 35.0 	 93.0 	 0.453125 
746.0 	 1609 	 570 	 35.0 	 94.0 	 0.4573643410852713 
747.0 	 1611 	 570 	 36.0 	 92.0 	 0.4375 
748.0 	 1613 	 570 	 35.0 	 94.0 	 0.4573643410852713 
749.0 	 1615 	 570 	 36.0 	 95.0 	 0.45038167938931295 
750.0 	 1618 	 570 	 36.0 	 94.0 	 0.4461538461538462 
751.0 	 1620 	 570 	 36.0 	 94.0 	 0.4461538461538462 
752.0 	 1622 	 570 	 36.0 	 95.0 	 0.45038167938931295 
753.0 	 1624 	 570 	 36.0 	 93.0 	 0.4418604651162791 
754.0 	 1627 	 570 	 36.0 	 91.0 	 0.4330708661417323 
755.0 	 1629 	 570 	 37.0 	 93.0 	 0.4307692307692308 
756.0 	 1631 	 570 	 37.0 	 93.0 	 0.4307692307692308 
757.0 	 1634 	 570 	 34.0 	 90.0 	 0.45161290322580644 
758.0 	 1636 	 570 	 36.0 	 91.0 	 0.4330708661417323 
759.0 	 1638 	 570 	 36.0 	 91.0 	 0.4330708661417323 
760.0 	 1640 	 570 	 35.0 	 89.0 	 0.43548387096774194 
761.0 	 1642 	 570 	 36.0 	 90.0 	 0.42857142857142855 
762.0 	 1644 	 570 	 36.0 	 90.0 	 0.42857142857142855 
763.0 	 1647 	 570 	 35.0 	 88.0 	 0.43089430894308944 
764.0 	 1649 	 570 	 37.0 	 90.0 	 0.41732283464566927 
765.0 	 1651 	 570 	 37.0 	 91.0 	 0.421875 
766.0 	 1654 	 570 	 37.0 	 89.0 	 0.4126984126984127 
767.0 	 1656 	 569 	 37.0 	 91.0 	 0.421875 
768.0 	 1658 	 570 	 37.0 	 92.0 	 0.4263565891472868 
769.0 	 1661 	 570 	 35.0 	 90.0 	 0.44 
770.0 	 1663 	 569 	 35.0 	 88.0 	 0.43089430894308944 
771.0 	 1665 	 570 	 36.0 	 92.0 	 0.4375 
772.0 	 1667 	 570 	 35.0 	 90.0 	 0.44 
773.0 	 1669 	 570 	 35.0 	 89.0 	 0.43548387096774194 
774.0 	 1672 	 569 	 36.0 	 91.0 	 0.4330708661417323 
775.0 	 1674 	 570 	 36.0 	 90.0 	 0.42857142857142855 
776.0 	 1677 	 569 	 35.0 	 89.0 	 0.43548387096774194 
777.0 	 1678 	 569 	 36.0 	 91.0 	 0.4330708661417323 
778.0 	 1681 	 570 	 35.0 	 90.0 	 0.44 
779.0 	 1683 	 570 	 35.0 	 89.0 	 0.43548387096774194 
780.0 	 1685 	 570 	 35.585548400878906 	 91.43019104003906 	 0.4396671064938104 
781.0 	 1687 	 570 	 34.0 	 92.0 	 0.4603174603174603 
782.0 	 1690 	 570 	 34.0 	 91.0 	 0.456 
783.0 	 1692 	 570 	 34.0 	 93.0 	 0.4645669291338583 
784.0 	 1694 	 570 	 35.0 	 93.0 	 0.453125 
785.0 	 1697 	 570 	 34.0 	 92.0 	 0.4603174603174603 
786.0 	 1699 	 570 	 34.0 	 93.0 	 0.4645669291338583 
787.0 	 1701 	 570 	 93.0 	 36.0 	 0.4418604651162791 
788.0 	 1704 	 570 	 35.0 	 91.0 	 0.4444444444444444 
789.0 	 1706 	 570 	 35.0 	 91.0 	 0.4444444444444444 
790.0 	 1708 	 570 	 36.0 	 93.0 	 0.4418604651162791 
791.0 	 1710 	 569 	 36.0 	 91.0 	 0.4330708661417323 
792.0 	 1713 	 570 	 36.0 	 90.0 	 0.42857142857142855 
793.0 	 1715 	 570 	 34.0 	 90.0 	 0.45161290322580644 
794.0 	 1717 	 570 	 35.0 	 90.0 	 0.44 
795.0 	 1719 	 570 	 35.0 	 88.0 	 0.43089430894308944 
796.0 	 1721 	 570 	 35.0 	 90.0 	 0.44 
797.0 	 1723 	 570 	 35.0 	 89.0 	 0.43548387096774194 
798.0 	 1726 	 569 	 35.0 	 88.0 	 0.43089430894308944 
799.0 	 1728 	 570 	 35.0 	 90.0 	 0.44 
800.0 	 1730 	 570 	 35.0 	 91.0 	 0.4444444444444444 
801.0 	 1733 	 570 	 89.85057830810547 	 35.00794982910156 	 0.43923814654244 
802.0 	 1735 	 570 	 88.72897338867188 	 34.939605712890625 	 0.43494772937923765 
803.0 	 1737 	 570 	 88.8586654663086 	 35.79261016845703 	 0.4257161030051366 
804.0 	 1739 	 570 	 36.0 	 89.0 	 0.424 
805.0 	 1742 	 570 	 35.0 	 88.0 	 0.43089430894308944 
806.0 	 1743 	 570 	 36.0 	 90.0 	 0.42857142857142855 
807.0 	 1746 	 569 	 36.0 	 89.0 	 0.424 
808.0 	 1748 	 570 	 35.0 	 87.0 	 0.4262295081967213 
809.0 	 1750 	 570 	 35.75533676147461 	 89.1386489868164 	 0.42742900633285513 
810.0 	 1752 	 570 	 35.7358283996582 	 88.4087142944336 	 0.4242867608330411 
811.0 	 1755 	 570 	 35.587181091308594 	 88.27767944335938 	 0.4253869751647884 
812.0 	 1756 	 570 	 36.0 	 89.0 	 0.424 
813.0 	 1759 	 570 	 36.0 	 88.0 	 0.41935483870967744 
814.0 	 1761 	 570 	 35.8902473449707 	 87.24091339111328 	 0.417040379861327 
815.0 	 1763 	 570 	 36.0 	 88.0 	 0.41935483870967744 
816.0 	 1766 	 570 	 36.0 	 89.0 	 0.424 
817.0 	 1767 	 570 	 34.0 	 89.0 	 0.44715447154471544 
818.0 	 1770 	 570 	 34.0 	 88.0 	 0.4426229508196721 
819.0 	 1772 	 570 	 34.0 	 89.0 	 0.44715447154471544 
820.0 	 1774 	 570 	 34.0 	 90.0 	 0.45161290322580644 
821.0 	 1777 	 570 	 87.73069763183594 	 33.76516342163086 	 0.4441759064241408 
822.0 	 1779 	 570 	 34.0 	 89.0 	 0.44715447154471544 
823.0 	 1781 	 570 	 33.0 	 91.0 	 0.46774193548387094 
824.0 	 1784 	 570 	 33.0 	 89.0 	 0.45901639344262296 
825.0 	 1786 	 570 	 33.0 	 90.0 	 0.4634146341463415 
826.0 	 1788 	 570 	 34.0 	 91.0 	 0.456 
827.0 	 1791 	 570 	 34.0 	 89.0 	 0.44715447154471544 
828.0 	 1792 	 570 	 36.07228088378906 	 90.69308471679688 	 0.4308811288811156 
829.0 	 1795 	 570 	 34.0 	 91.0 	 0.456 
830.0 	 1797 	 570 	 34.0 	 89.0 	 0.44715447154471544 
831.0 	 1799 	 570 	 34.0 	 90.0 	 0.45161290322580644 
832.0 	 1801 	 570 	 34.0 	 91.0 	 0.456 
833.0 	 1804 	 570 	 34.0 	 90.0 	 0.45161290322580644 
834.0 	 1806 	 570 	 34.0 	 91.0 	 0.456 
835.0 	 1808 	 570 	 35.0 	 93.0 	 0.453125 
836.0 	 1811 	 570 	 33.0 	 90.0 	 0.4634146341463415 
837.0 	 1813 	 570 	 33.0 	 90.0 	 0.4634146341463415 
838.0 	 1815 	 570 	 34.0 	 92.0 	 0.4603174603174603 
839.0 	 1818 	 570 	 34.0 	 91.0 	 0.456 
840.0 	 1821 	 570 	 34.0 	 90.0 	 0.45161290322580644 
841.0 	 1824 	 570 	 34.0 	 89.0 	 0.44715447154471544 
842.0 	 1826 	 570 	 34.0 	 91.0 	 0.456 
843.0 	 1829 	 570 	 33.823158264160156 	 88.96794128417969 	 0.44909430099459596 
844.0 	 1831 	 570 	 34.0 	 92.0 	 0.4603174603174603 
845.0 	 1833 	 570 	 34.8564567565918 	 91.0362777709961 	 0.44625149517340224 
846.0 	 1836 	 570 	 35.21392059326172 	 89.37831115722656 	 0.43473328796642713 
847.0 	 1838 	 570 	 35.0 	 91.0 	 0.4444444444444444 
848.0 	 1840 	 570 	 35.0 	 91.0 	 0.4444444444444444 
849.0 	 1843 	 570 	 35.0 	 88.0 	 0.43089430894308944 
850.0 	 1845 	 570 	 35.0 	 90.0 	 0.44 
851.0 	 1848 	 570 	 36.907859802246094 	 87.8023452758789 	 0.4081020109120167 
852.0 	 1851 	 570 	 36.92737579345703 	 86.11238098144531 	 0.3997488818022521 
853.0 	 1853 	 570 	 36.0 	 90.0 	 0.42857142857142855 
854.0 	 1855 	 570 	 36.0 	 92.0 	 0.4375 
855.0 	 1857 	 570 	 35.0 	 90.0 	 0.44 
856.0 	 1860 	 570 	 36.0 	 88.0 	 0.41935483870967744 
857.0 	 1861 	 570 	 36.0 	 90.0 	 0.42857142857142855 
858.0 	 1864 	 570 	 36.0 	 90.0 	 0.42857142857142855 
859.0 	 1867 	 570 	 36.0 	 88.0 	 0.41935483870967744 
860.0 	 1869 	 570 	 36.0 	 91.0 	 0.4330708661417323 
861.0 	 1871 	 570 	 36.0 	 91.0 	 0.4330708661417323 
862.0 	 1874 	 570 	 35.0 	 90.0 	 0.44 
863.0 	 1876 	 570 	 35.0 	 92.0 	 0.44881889763779526 
864.0 	 1878 	 570 	 36.0 	 89.0 	 0.424 
865.0 	 1879 	 570 	 34.0 	 84.0 	 0.423728813559322 
866.0 	 1881 	 570 	 35.0 	 83.0 	 0.4067796610169492 
867.0 	 1882 	 570 	 35.0 	 81.0 	 0.39655172413793105 
868.0 	 1885 	 569 	 34.18330001831055 	 76.91242980957031 	 0.3846154110284836 
869.0 	 1886 	 569 	 35.0 	 76.0 	 0.36936936936936937 
870.0 	 1886 	 570 	 36.0 	 74.0 	 0.34545454545454546 
871.0 	 1888 	 570 	 35.0 	 71.0 	 0.33962264150943394 
872.0 	 1889 	 570 	 35.0 	 69.0 	 0.3269230769230769 
873.0 	 1890 	 570 	 35.0 	 69.0 	 0.3269230769230769 
874.0 	 1891 	 570 	 35.0 	 65.0 	 0.3 
875.0 	 1892 	 570 	 35.0 	 61.0 	 0.2708333333333333 
876.0 	 1892 	 570 	 37.0 	 60.0 	 0.23711340206185566 
877.0 	 1893 	 569 	 34.0 	 57.0 	 0.25274725274725274 
878.0 	 1894 	 570 	 33.0 	 55.0 	 0.25 
879.0 	 1895 	 570 	 35.0 	 53.0 	 0.20454545454545456 
880.0 	 1897 	 570 	 35.0 	 51.0 	 0.18604651162790697 
881.0 	 1898 	 570 	 33.0 	 48.0 	 0.18518518518518517 
882.0 	 1898 	 570 	 34.0 	 47.0 	 0.16049382716049382 
883.0 	 1900 	 570 	 34.0 	 44.0 	 0.1282051282051282 
884.0 	 1901 	 570 	 32.0 	 41.0 	 0.1232876712328767 
885.0 	 1902 	 570 	 32.0 	 39.0 	 0.09859154929577464 
886.0 	 1902 	 570 	 31.0 	 38.0 	 0.10144927536231885 
887.0 	 1904 	 570 	 28.0 	 35.0 	 0.1111111111111111 
888.0 	 1905 	 570 	 29.0 	 32.0 	 0.04918032786885246 
889.0 	 1905 	 570 	 27.0 	 30.0 	 0.05263157894736842 
890.0 	 1907 	 570 	 26.0 	 26.0 	 0.0 
892.0 	 1909 	 570 	 26.0 	 23.0 	 0.061224489795918366 
