frame 	 x 	 y 	 width 	 height 	 deformation 
1.0 	 55 	 568 	 48.0 	 61.0 	 0.11926605504587157 
2.0 	 55 	 568 	 50.0 	 61.0 	 0.0990990990990991 
3.0 	 55 	 568 	 49.0 	 60.0 	 0.10091743119266056 
4.0 	 56 	 568 	 49.0 	 61.0 	 0.10909090909090909 
5.0 	 56 	 568 	 49.0 	 62.0 	 0.11711711711711711 
6.0 	 56 	 568 	 49.0 	 60.0 	 0.10091743119266056 
7.0 	 56 	 568 	 49.0 	 60.0 	 0.10091743119266056 
8.0 	 56 	 568 	 62.0 	 50.0 	 0.10714285714285714 
9.0 	 56 	 568 	 49.0 	 61.0 	 0.10909090909090909 
10.0 	 57 	 568 	 49.0 	 59.0 	 0.09259259259259259 
11.0 	 56 	 568 	 49.0 	 61.0 	 0.10909090909090909 
12.0 	 56 	 568 	 49.0 	 61.0 	 0.10909090909090909 
13.0 	 57 	 568 	 49.0 	 60.0 	 0.10091743119266056 
14.0 	 57 	 568 	 49.0 	 62.0 	 0.11711711711711711 
15.0 	 57 	 568 	 49.0 	 62.0 	 0.11711711711711711 
16.0 	 57 	 568 	 49.0 	 60.0 	 0.10091743119266056 
17.0 	 57 	 568 	 50.0 	 62.0 	 0.10714285714285714 
18.0 	 57 	 568 	 50.0 	 62.0 	 0.10714285714285714 
19.0 	 57 	 568 	 49.0 	 59.0 	 0.09259259259259259 
20.0 	 57 	 568 	 49.0 	 61.0 	 0.10909090909090909 
21.0 	 57 	 569 	 49.0 	 61.0 	 0.10909090909090909 
22.0 	 58 	 569 	 49.0 	 60.0 	 0.10091743119266056 
23.0 	 58 	 568 	 49.0 	 60.0 	 0.10091743119266056 
24.0 	 58 	 568 	 49.0 	 61.0 	 0.10909090909090909 
25.0 	 58 	 568 	 49.0 	 60.0 	 0.10091743119266056 
26.0 	 58 	 568 	 49.0 	 60.0 	 0.10091743119266056 
27.0 	 58 	 568 	 49.0 	 61.0 	 0.10909090909090909 
28.0 	 58 	 568 	 49.0 	 59.0 	 0.09259259259259259 
29.0 	 58 	 569 	 49.0 	 59.0 	 0.09259259259259259 
30.0 	 58 	 568 	 50.0 	 61.0 	 0.0990990990990991 
31.0 	 59 	 569 	 49.0 	 60.0 	 0.10091743119266056 
32.0 	 59 	 568 	 49.0 	 60.0 	 0.10091743119266056 
33.0 	 59 	 568 	 50.0 	 60.0 	 0.09090909090909091 
34.0 	 59 	 568 	 50.0 	 60.0 	 0.09090909090909091 
35.0 	 59 	 568 	 50.0 	 58.0 	 0.07407407407407407 
36.0 	 59 	 568 	 50.0 	 60.0 	 0.09090909090909091 
37.0 	 59 	 569 	 49.0 	 60.0 	 0.10091743119266056 
38.0 	 59 	 568 	 49.0 	 58.0 	 0.08411214953271028 
39.0 	 59 	 568 	 49.0 	 59.0 	 0.09259259259259259 
40.0 	 59 	 568 	 49.0 	 59.0 	 0.09259259259259259 
41.0 	 60 	 568 	 49.0 	 58.0 	 0.08411214953271028 
42.0 	 59 	 568 	 50.0 	 60.0 	 0.09090909090909091 
43.0 	 60 	 568 	 50.0 	 60.0 	 0.09090909090909091 
44.0 	 60 	 568 	 49.0 	 58.0 	 0.08411214953271028 
45.0 	 60 	 568 	 49.0 	 59.0 	 0.09259259259259259 
46.0 	 60 	 568 	 49.0 	 60.0 	 0.10091743119266056 
47.0 	 60 	 568 	 49.0 	 59.0 	 0.09259259259259259 
48.0 	 60 	 568 	 50.0 	 59.0 	 0.08256880733944955 
49.0 	 60 	 569 	 49.0 	 59.0 	 0.09259259259259259 
50.0 	 60 	 569 	 49.0 	 59.0 	 0.09259259259259259 
51.0 	 60 	 568 	 49.0 	 59.0 	 0.09259259259259259 
52.0 	 60 	 568 	 49.0 	 60.0 	 0.10091743119266056 
53.0 	 60 	 569 	 49.0 	 59.0 	 0.09259259259259259 
54.0 	 60 	 569 	 49.0 	 59.0 	 0.09259259259259259 
55.0 	 60 	 568 	 50.0 	 60.0 	 0.09090909090909091 
56.0 	 61 	 568 	 49.0 	 59.0 	 0.09259259259259259 
57.0 	 61 	 568 	 49.0 	 59.0 	 0.09259259259259259 
58.0 	 61 	 568 	 49.0 	 60.0 	 0.10091743119266056 
59.0 	 61 	 569 	 49.0 	 59.0 	 0.09259259259259259 
60.0 	 61 	 569 	 49.0 	 59.0 	 0.09259259259259259 
61.0 	 61 	 569 	 49.0 	 59.0 	 0.09259259259259259 
62.0 	 61 	 569 	 49.0 	 59.0 	 0.09259259259259259 
63.0 	 61 	 569 	 49.0 	 58.0 	 0.08411214953271028 
64.0 	 61 	 569 	 50.0 	 59.0 	 0.08256880733944955 
65.0 	 61 	 569 	 49.0 	 59.0 	 0.09259259259259259 
66.0 	 61 	 569 	 50.0 	 59.0 	 0.08256880733944955 
67.0 	 61 	 569 	 50.0 	 59.0 	 0.08256880733944955 
68.0 	 61 	 569 	 49.0 	 59.0 	 0.09259259259259259 
69.0 	 62 	 569 	 49.0 	 58.0 	 0.08411214953271028 
70.0 	 61 	 569 	 50.0 	 59.0 	 0.08256880733944955 
71.0 	 61 	 568 	 50.0 	 59.0 	 0.08256880733944955 
72.0 	 61 	 568 	 49.0 	 59.0 	 0.09259259259259259 
73.0 	 62 	 569 	 49.0 	 59.0 	 0.09259259259259259 
74.0 	 62 	 569 	 49.0 	 59.0 	 0.09259259259259259 
75.0 	 62 	 569 	 49.0 	 58.0 	 0.08411214953271028 
76.0 	 62 	 569 	 49.0 	 58.0 	 0.08411214953271028 
77.0 	 62 	 569 	 49.0 	 58.0 	 0.08411214953271028 
78.0 	 62 	 569 	 49.0 	 58.0 	 0.08411214953271028 
79.0 	 62 	 569 	 49.0 	 58.0 	 0.08411214953271028 
80.0 	 62 	 569 	 49.0 	 58.0 	 0.08411214953271028 
81.0 	 62 	 569 	 49.0 	 58.0 	 0.08411214953271028 
82.0 	 62 	 568 	 49.0 	 58.0 	 0.08411214953271028 
83.0 	 62 	 568 	 49.0 	 58.0 	 0.08411214953271028 
84.0 	 62 	 568 	 49.0 	 57.0 	 0.07547169811320754 
85.0 	 62 	 569 	 49.0 	 58.0 	 0.08411214953271028 
86.0 	 62 	 569 	 49.0 	 58.0 	 0.08411214953271028 
87.0 	 62 	 569 	 49.0 	 58.0 	 0.08411214953271028 
88.0 	 63 	 569 	 49.0 	 57.0 	 0.07547169811320754 
89.0 	 63 	 569 	 49.0 	 58.0 	 0.08411214953271028 
90.0 	 63 	 569 	 49.0 	 57.0 	 0.07547169811320754 
91.0 	 64 	 569 	 49.0 	 57.0 	 0.07547169811320754 
92.0 	 64 	 569 	 49.0 	 58.0 	 0.08411214953271028 
93.0 	 64 	 568 	 58.0 	 50.0 	 0.07407407407407407 
94.0 	 65 	 569 	 49.0 	 57.0 	 0.07547169811320754 
95.0 	 65 	 569 	 49.0 	 58.0 	 0.08411214953271028 
96.0 	 66 	 569 	 49.0 	 57.0 	 0.07547169811320754 
97.0 	 66 	 569 	 49.0 	 56.0 	 0.06666666666666667 
98.0 	 67 	 569 	 50.0 	 57.0 	 0.06542056074766354 
99.0 	 68 	 569 	 50.0 	 57.0 	 0.06542056074766354 
100.0 	 68 	 569 	 50.0 	 58.0 	 0.07407407407407407 
101.0 	 69 	 569 	 50.0 	 58.0 	 0.07407407407407407 
102.0 	 70 	 569 	 50.0 	 57.0 	 0.06542056074766354 
103.0 	 71 	 569 	 49.0 	 57.0 	 0.07547169811320754 
104.0 	 71 	 569 	 49.0 	 57.0 	 0.07547169811320754 
105.0 	 72 	 569 	 49.0 	 58.0 	 0.08411214953271028 
106.0 	 74 	 569 	 57.0 	 49.0 	 0.07547169811320754 
107.0 	 75 	 569 	 49.0 	 59.0 	 0.09259259259259259 
108.0 	 76 	 569 	 49.0 	 59.0 	 0.09259259259259259 
109.0 	 78 	 569 	 48.0 	 59.0 	 0.102803738317757 
110.0 	 79 	 569 	 49.0 	 59.0 	 0.09259259259259259 
111.0 	 80 	 569 	 49.0 	 59.0 	 0.09259259259259259 
112.0 	 82 	 569 	 48.0 	 58.0 	 0.09433962264150944 
113.0 	 83 	 569 	 48.0 	 59.0 	 0.102803738317757 
114.0 	 84 	 569 	 49.0 	 59.0 	 0.09259259259259259 
115.0 	 86 	 569 	 48.0 	 59.0 	 0.102803738317757 
116.0 	 87 	 569 	 48.0 	 60.0 	 0.1111111111111111 
117.0 	 89 	 569 	 48.0 	 60.0 	 0.1111111111111111 
118.0 	 90 	 569 	 47.0 	 60.0 	 0.12149532710280374 
119.0 	 91 	 569 	 47.0 	 60.0 	 0.12149532710280374 
120.0 	 93 	 569 	 47.0 	 61.0 	 0.12962962962962962 
121.0 	 95 	 569 	 47.0 	 60.0 	 0.12149532710280374 
122.0 	 97 	 569 	 47.0 	 60.0 	 0.12149532710280374 
123.0 	 98 	 569 	 47.0 	 61.0 	 0.12962962962962962 
124.0 	 99 	 569 	 47.0 	 61.0 	 0.12962962962962962 
125.0 	 101 	 569 	 61.0 	 47.0 	 0.12962962962962962 
126.0 	 103 	 569 	 47.0 	 63.0 	 0.14545454545454545 
127.0 	 104 	 569 	 47.0 	 63.0 	 0.14545454545454545 
128.0 	 106 	 569 	 46.0 	 63.0 	 0.1559633027522936 
129.0 	 108 	 569 	 46.0 	 63.0 	 0.1559633027522936 
130.0 	 109 	 569 	 46.0 	 64.0 	 0.16363636363636364 
131.0 	 111 	 569 	 45.0 	 63.0 	 0.16666666666666666 
132.0 	 113 	 569 	 45.0 	 65.0 	 0.18181818181818182 
133.0 	 115 	 569 	 44.0 	 65.0 	 0.1926605504587156 
134.0 	 117 	 569 	 44.0 	 64.0 	 0.18518518518518517 
135.0 	 119 	 569 	 44.0 	 65.0 	 0.1926605504587156 
136.0 	 120 	 569 	 44.0 	 66.0 	 0.2 
137.0 	 122 	 569 	 44.0 	 65.0 	 0.1926605504587156 
138.0 	 124 	 569 	 44.0 	 66.0 	 0.2 
139.0 	 126 	 569 	 44.0 	 66.0 	 0.2 
140.0 	 127 	 569 	 44.0 	 65.0 	 0.1926605504587156 
141.0 	 130 	 569 	 44.0 	 66.0 	 0.2 
142.0 	 131 	 569 	 44.0 	 66.0 	 0.2 
143.0 	 133 	 569 	 44.0 	 66.0 	 0.2 
144.0 	 135 	 569 	 45.0 	 67.0 	 0.19642857142857142 
145.0 	 137 	 569 	 42.0 	 67.0 	 0.22935779816513763 
146.0 	 139 	 569 	 67.0 	 43.0 	 0.21818181818181817 
147.0 	 141 	 569 	 42.0 	 67.0 	 0.22935779816513763 
148.0 	 143 	 569 	 43.0 	 69.0 	 0.23214285714285715 
149.0 	 145 	 569 	 43.0 	 69.0 	 0.23214285714285715 
150.0 	 147 	 569 	 43.0 	 68.0 	 0.22522522522522523 
151.0 	 149 	 569 	 43.0 	 69.0 	 0.23214285714285715 
152.0 	 151 	 569 	 43.0 	 69.0 	 0.23214285714285715 
153.0 	 153 	 569 	 43.0 	 69.0 	 0.23214285714285715 
154.0 	 155 	 569 	 43.0 	 70.0 	 0.23893805309734514 
155.0 	 157 	 569 	 43.0 	 70.0 	 0.23893805309734514 
156.0 	 159 	 569 	 43.0 	 69.0 	 0.23214285714285715 
157.0 	 162 	 569 	 42.0 	 69.0 	 0.24324324324324326 
158.0 	 164 	 569 	 42.0 	 69.0 	 0.24324324324324326 
159.0 	 166 	 569 	 42.0 	 69.0 	 0.24324324324324326 
160.0 	 168 	 569 	 42.0 	 70.0 	 0.25 
161.0 	 170 	 569 	 42.0 	 72.0 	 0.2631578947368421 
162.0 	 173 	 569 	 42.0 	 71.0 	 0.25663716814159293 
163.0 	 175 	 569 	 42.0 	 71.0 	 0.25663716814159293 
164.0 	 176 	 569 	 42.0 	 72.0 	 0.2631578947368421 
165.0 	 179 	 569 	 72.0 	 43.0 	 0.25217391304347825 
166.0 	 181 	 569 	 42.0 	 72.0 	 0.2631578947368421 
167.0 	 183 	 569 	 43.0 	 73.0 	 0.25862068965517243 
168.0 	 186 	 569 	 42.0 	 72.0 	 0.2631578947368421 
169.0 	 188 	 569 	 42.0 	 71.0 	 0.25663716814159293 
170.0 	 190 	 569 	 42.0 	 72.0 	 0.2631578947368421 
171.0 	 192 	 569 	 42.0 	 72.0 	 0.2631578947368421 
172.0 	 195 	 569 	 42.0 	 72.0 	 0.2631578947368421 
173.0 	 197 	 569 	 42.0 	 72.0 	 0.2631578947368421 
174.0 	 199 	 569 	 42.0 	 73.0 	 0.26956521739130435 
175.0 	 201 	 569 	 42.0 	 74.0 	 0.27586206896551724 
176.0 	 203 	 569 	 42.0 	 74.0 	 0.27586206896551724 
177.0 	 205 	 569 	 42.0 	 75.0 	 0.28205128205128205 
178.0 	 208 	 569 	 42.0 	 74.0 	 0.27586206896551724 
179.0 	 210 	 569 	 42.0 	 75.0 	 0.28205128205128205 
180.0 	 212 	 569 	 42.0 	 75.0 	 0.28205128205128205 
181.0 	 215 	 569 	 42.0 	 73.0 	 0.26956521739130435 
182.0 	 217 	 569 	 42.0 	 74.0 	 0.27586206896551724 
183.0 	 219 	 569 	 42.0 	 74.0 	 0.27586206896551724 
184.0 	 221 	 569 	 42.0 	 74.0 	 0.27586206896551724 
185.0 	 223 	 569 	 42.0 	 75.0 	 0.28205128205128205 
186.0 	 226 	 569 	 42.0 	 76.0 	 0.288135593220339 
187.0 	 228 	 569 	 42.0 	 75.0 	 0.28205128205128205 
188.0 	 230 	 569 	 42.0 	 75.0 	 0.28205128205128205 
189.0 	 233 	 569 	 42.0 	 76.0 	 0.288135593220339 
190.0 	 235 	 569 	 42.0 	 75.0 	 0.28205128205128205 
191.0 	 238 	 569 	 42.0 	 75.0 	 0.28205128205128205 
192.0 	 240 	 569 	 42.0 	 76.0 	 0.288135593220339 
193.0 	 242 	 569 	 42.0 	 76.0 	 0.288135593220339 
194.0 	 244 	 569 	 42.0 	 75.0 	 0.28205128205128205 
195.0 	 247 	 569 	 42.0 	 75.0 	 0.28205128205128205 
196.0 	 249 	 569 	 42.0 	 76.0 	 0.288135593220339 
197.0 	 252 	 569 	 42.0 	 77.0 	 0.29411764705882354 
198.0 	 254 	 569 	 42.0 	 76.0 	 0.288135593220339 
199.0 	 256 	 569 	 42.0 	 78.0 	 0.3 
200.0 	 259 	 569 	 42.0 	 77.0 	 0.29411764705882354 
201.0 	 261 	 569 	 42.0 	 77.0 	 0.29411764705882354 
202.0 	 263 	 569 	 42.0 	 77.0 	 0.29411764705882354 
203.0 	 265 	 569 	 42.0 	 76.0 	 0.288135593220339 
204.0 	 268 	 569 	 42.0 	 76.0 	 0.288135593220339 
205.0 	 270 	 569 	 42.0 	 77.0 	 0.29411764705882354 
206.0 	 272 	 569 	 42.0 	 77.0 	 0.29411764705882354 
207.0 	 275 	 569 	 42.0 	 78.0 	 0.3 
208.0 	 277 	 569 	 41.0 	 78.0 	 0.31092436974789917 
209.0 	 280 	 569 	 41.0 	 77.0 	 0.3050847457627119 
210.0 	 282 	 569 	 41.0 	 77.0 	 0.3050847457627119 
211.0 	 284 	 569 	 41.0 	 78.0 	 0.31092436974789917 
212.0 	 287 	 569 	 41.0 	 77.0 	 0.3050847457627119 
213.0 	 289 	 569 	 41.0 	 78.0 	 0.31092436974789917 
214.0 	 291 	 569 	 41.0 	 78.0 	 0.31092436974789917 
215.0 	 293 	 569 	 41.0 	 78.0 	 0.31092436974789917 
216.0 	 296 	 569 	 40.9613037109375 	 79.05574798583984 	 0.31740859933093357 
217.0 	 298 	 569 	 40.0 	 78.0 	 0.3220338983050847 
218.0 	 301 	 569 	 40.0 	 79.0 	 0.3277310924369748 
219.0 	 303 	 569 	 40.0 	 79.0 	 0.3277310924369748 
220.0 	 305 	 569 	 40.0 	 79.0 	 0.3277310924369748 
221.0 	 307 	 569 	 40.0 	 79.0 	 0.3277310924369748 
222.0 	 310 	 569 	 40.0 	 79.0 	 0.3277310924369748 
223.0 	 312 	 569 	 40.0 	 79.0 	 0.3277310924369748 
224.0 	 315 	 569 	 40.0 	 78.0 	 0.3220338983050847 
225.0 	 317 	 569 	 40.0 	 79.0 	 0.3277310924369748 
226.0 	 319 	 569 	 40.0 	 79.0 	 0.3277310924369748 
227.0 	 322 	 569 	 40.0 	 80.0 	 0.3333333333333333 
228.0 	 324 	 569 	 40.0 	 79.0 	 0.3277310924369748 
229.0 	 326 	 569 	 40.0 	 79.0 	 0.3277310924369748 
230.0 	 328 	 569 	 40.0 	 80.0 	 0.3333333333333333 
231.0 	 331 	 569 	 40.0 	 79.0 	 0.3277310924369748 
232.0 	 333 	 569 	 40.0 	 79.0 	 0.3277310924369748 
233.0 	 336 	 569 	 40.0 	 78.0 	 0.3220338983050847 
234.0 	 338 	 569 	 40.0 	 79.0 	 0.3277310924369748 
235.0 	 340 	 569 	 40.0 	 79.0 	 0.3277310924369748 
236.0 	 343 	 569 	 40.0 	 80.0 	 0.3333333333333333 
237.0 	 345 	 569 	 40.0 	 80.0 	 0.3333333333333333 
238.0 	 347 	 569 	 40.0 	 80.0 	 0.3333333333333333 
239.0 	 349 	 569 	 40.0 	 80.0 	 0.3333333333333333 
240.0 	 351 	 569 	 40.0 	 80.0 	 0.3333333333333333 
241.0 	 354 	 569 	 40.0 	 79.0 	 0.3277310924369748 
242.0 	 356 	 569 	 40.0 	 80.0 	 0.3333333333333333 
243.0 	 359 	 569 	 40.0 	 80.0 	 0.3333333333333333 
244.0 	 361 	 569 	 40.0 	 80.0 	 0.3333333333333333 
245.0 	 363 	 569 	 40.0 	 79.0 	 0.3277310924369748 
246.0 	 366 	 569 	 41.0 	 79.0 	 0.31666666666666665 
247.0 	 368 	 569 	 40.0 	 79.0 	 0.3277310924369748 
248.0 	 370 	 569 	 40.0 	 79.0 	 0.3277310924369748 
249.0 	 372 	 569 	 40.0 	 79.0 	 0.3277310924369748 
250.0 	 374 	 569 	 40.70067596435547 	 79.32596588134766 	 0.32180597009992035 
251.0 	 376 	 569 	 40.65724563598633 	 79.27293395996094 	 0.3219847452415516 
252.0 	 378 	 569 	 40.0 	 77.0 	 0.3162393162393162 
253.0 	 380 	 569 	 39.0 	 77.0 	 0.3275862068965517 
254.0 	 382 	 569 	 39.0 	 78.0 	 0.3333333333333333 
255.0 	 385 	 569 	 39.0 	 77.0 	 0.3275862068965517 
256.0 	 387 	 568 	 39.4937744140625 	 78.19490814208984 	 0.3288432913637386 
257.0 	 389 	 568 	 39.52823257446289 	 78.26383209228516 	 0.32884727530170443 
258.0 	 391 	 568 	 39.34086227416992 	 77.39118194580078 	 0.3259629343929638 
259.0 	 393 	 568 	 38.61569595336914 	 77.10107421875 	 0.33258254795858055 
260.0 	 395 	 568 	 38.505699157714844 	 77.3292465209961 	 0.3351626500604174 
261.0 	 397 	 568 	 38.36794662475586 	 77.52427673339844 	 0.3378684865474841 
262.0 	 399 	 568 	 38.2628288269043 	 76.68334197998047 	 0.33424787344699397 
263.0 	 402 	 568 	 38.17551040649414 	 77.78572845458984 	 0.34158153566767985 
264.0 	 404 	 568 	 38.05075454711914 	 75.97675323486328 	 0.33260394290347595 
265.0 	 406 	 568 	 38.0 	 74.0 	 0.32142857142857145 
266.0 	 408 	 568 	 38.0 	 75.0 	 0.3274336283185841 
267.0 	 411 	 568 	 38.0 	 77.0 	 0.3391304347826087 
268.0 	 413 	 567 	 38.0 	 76.0 	 0.3333333333333333 
269.0 	 415 	 568 	 37.75950241088867 	 79.76165008544922 	 0.3574007468644369 
270.0 	 418 	 568 	 37.70655822753906 	 79.50626373291016 	 0.3566137629505708 
271.0 	 420 	 567 	 35.0 	 79.0 	 0.38596491228070173 
272.0 	 423 	 567 	 80.0 	 36.0 	 0.3793103448275862 
273.0 	 426 	 568 	 35.0 	 79.0 	 0.38596491228070173 
274.0 	 429 	 567 	 34.0 	 79.0 	 0.39823008849557523 
275.0 	 432 	 567 	 34.0 	 80.0 	 0.40350877192982454 
276.0 	 435 	 568 	 80.31029510498047 	 33.416561126708984 	 0.41233650108763636 
277.0 	 437 	 568 	 79.58650207519531 	 32.3581657409668 	 0.4218900038346434 
278.0 	 440 	 568 	 81.38872528076172 	 32.590721130371094 	 0.42812985750406607 
279.0 	 442 	 568 	 80.4556655883789 	 33.693058013916016 	 0.4096638674418147 
280.0 	 445 	 568 	 34.0 	 80.0 	 0.40350877192982454 
281.0 	 448 	 568 	 35.0 	 80.0 	 0.391304347826087 
282.0 	 451 	 568 	 35.0 	 80.0 	 0.391304347826087 
283.0 	 454 	 568 	 35.0 	 79.0 	 0.38596491228070173 
284.0 	 456 	 568 	 35.0 	 79.0 	 0.38596491228070173 
285.0 	 458 	 568 	 35.0 	 81.0 	 0.39655172413793105 
286.0 	 461 	 568 	 36.0 	 81.0 	 0.38461538461538464 
287.0 	 464 	 569 	 36.0 	 79.0 	 0.3739130434782609 
288.0 	 466 	 569 	 36.0 	 80.0 	 0.3793103448275862 
289.0 	 467 	 569 	 36.0 	 77.0 	 0.36283185840707965 
290.0 	 470 	 569 	 36.0 	 77.0 	 0.36283185840707965 
291.0 	 472 	 569 	 36.81871032714844 	 79.33345794677734 	 0.36602629336513864 
292.0 	 474 	 569 	 36.452415466308594 	 80.42147827148438 	 0.3762094459163014 
293.0 	 476 	 569 	 36.66093063354492 	 78.76730346679688 	 0.3647839990053809 
294.0 	 478 	 569 	 37.58183670043945 	 79.56044006347656 	 0.3583557066048763 
295.0 	 481 	 569 	 37.70655822753906 	 78.88609313964844 	 0.35319151275170735 
296.0 	 483 	 569 	 38.0 	 78.0 	 0.3448275862068966 
297.0 	 485 	 569 	 38.0 	 79.0 	 0.3504273504273504 
298.0 	 487 	 569 	 38.0 	 79.0 	 0.3504273504273504 
299.0 	 490 	 569 	 38.0 	 79.0 	 0.3504273504273504 
300.0 	 492 	 569 	 38.0 	 80.0 	 0.3559322033898305 
301.0 	 494 	 569 	 38.0 	 80.0 	 0.3559322033898305 
302.0 	 496 	 569 	 37.0 	 79.0 	 0.3620689655172414 
303.0 	 498 	 569 	 38.0 	 80.0 	 0.3559322033898305 
304.0 	 501 	 569 	 38.0 	 80.0 	 0.3559322033898305 
305.0 	 503 	 569 	 38.0 	 80.0 	 0.3559322033898305 
306.0 	 505 	 569 	 38.0 	 81.0 	 0.36134453781512604 
307.0 	 507 	 569 	 38.0 	 83.0 	 0.371900826446281 
308.0 	 509 	 569 	 39.0 	 83.0 	 0.36065573770491804 
309.0 	 512 	 569 	 39.0 	 81.0 	 0.35 
310.0 	 514 	 569 	 40.0 	 82.0 	 0.3442622950819672 
311.0 	 516 	 569 	 39.0 	 82.0 	 0.35537190082644626 
312.0 	 518 	 569 	 39.0 	 81.0 	 0.35 
313.0 	 520 	 569 	 39.0 	 81.0 	 0.35 
314.0 	 522 	 569 	 39.0 	 81.0 	 0.35 
315.0 	 525 	 569 	 40.0 	 80.0 	 0.3333333333333333 
316.0 	 527 	 569 	 40.0 	 81.0 	 0.33884297520661155 
317.0 	 529 	 569 	 40.0 	 81.0 	 0.33884297520661155 
318.0 	 532 	 569 	 40.0 	 80.0 	 0.3333333333333333 
319.0 	 534 	 569 	 81.42999267578125 	 40.77046585083008 	 0.33272810360279326 
320.0 	 536 	 569 	 40.0 	 82.0 	 0.3442622950819672 
321.0 	 539 	 569 	 40.0 	 81.0 	 0.33884297520661155 
322.0 	 541 	 569 	 40.0 	 82.0 	 0.3442622950819672 
323.0 	 543 	 569 	 40.0 	 84.0 	 0.3548387096774194 
324.0 	 546 	 569 	 40.0 	 83.0 	 0.34959349593495936 
325.0 	 548 	 569 	 39.0 	 82.0 	 0.35537190082644626 
326.0 	 550 	 569 	 39.0 	 82.0 	 0.35537190082644626 
327.0 	 553 	 569 	 40.0 	 81.0 	 0.33884297520661155 
328.0 	 555 	 569 	 40.0 	 83.0 	 0.34959349593495936 
329.0 	 557 	 569 	 40.0 	 83.0 	 0.34959349593495936 
330.0 	 559 	 569 	 39.0 	 82.0 	 0.35537190082644626 
331.0 	 562 	 569 	 39.0 	 83.0 	 0.36065573770491804 
332.0 	 564 	 569 	 83.0 	 40.0 	 0.34959349593495936 
333.0 	 567 	 569 	 40.0 	 84.0 	 0.3548387096774194 
334.0 	 569 	 569 	 40.0 	 83.0 	 0.34959349593495936 
335.0 	 571 	 569 	 41.0 	 84.0 	 0.344 
336.0 	 573 	 569 	 84.36743927001953 	 40.77607727050781 	 0.348330965954555 
337.0 	 576 	 569 	 40.0 	 83.0 	 0.34959349593495936 
338.0 	 578 	 569 	 40.0 	 83.0 	 0.34959349593495936 
339.0 	 580 	 569 	 40.0 	 83.0 	 0.34959349593495936 
340.0 	 582 	 569 	 40.0 	 83.0 	 0.34959349593495936 
341.0 	 584 	 569 	 40.0 	 83.0 	 0.34959349593495936 
342.0 	 587 	 569 	 41.0 	 85.0 	 0.3492063492063492 
343.0 	 589 	 569 	 41.0 	 84.0 	 0.344 
344.0 	 592 	 569 	 41.0 	 84.0 	 0.344 
345.0 	 594 	 569 	 41.0 	 84.0 	 0.344 
346.0 	 596 	 569 	 41.0 	 83.0 	 0.3387096774193548 
347.0 	 598 	 569 	 41.0 	 83.0 	 0.3387096774193548 
348.0 	 600 	 569 	 41.0 	 84.0 	 0.344 
349.0 	 602 	 569 	 40.0 	 83.0 	 0.34959349593495936 
350.0 	 605 	 569 	 40.0 	 84.0 	 0.3548387096774194 
351.0 	 607 	 569 	 40.0 	 83.0 	 0.34959349593495936 
352.0 	 610 	 569 	 40.0 	 84.0 	 0.3548387096774194 
353.0 	 612 	 569 	 40.0 	 84.0 	 0.3548387096774194 
354.0 	 614 	 569 	 40.0 	 83.0 	 0.34959349593495936 
355.0 	 617 	 569 	 40.0 	 84.0 	 0.3548387096774194 
356.0 	 619 	 569 	 40.0 	 86.0 	 0.36507936507936506 
357.0 	 621 	 569 	 40.0 	 86.0 	 0.36507936507936506 
358.0 	 623 	 569 	 40.0 	 85.0 	 0.36 
359.0 	 625 	 569 	 40.0 	 85.0 	 0.36 
360.0 	 628 	 569 	 41.0 	 85.0 	 0.3492063492063492 
361.0 	 630 	 569 	 41.0 	 85.0 	 0.3492063492063492 
362.0 	 632 	 569 	 40.0 	 85.0 	 0.36 
363.0 	 635 	 569 	 40.0 	 85.0 	 0.36 
364.0 	 637 	 569 	 40.0 	 85.0 	 0.36 
365.0 	 640 	 569 	 40.0 	 84.0 	 0.3548387096774194 
366.0 	 642 	 569 	 40.0 	 85.0 	 0.36 
367.0 	 644 	 569 	 40.0 	 85.0 	 0.36 
368.0 	 646 	 569 	 41.0 	 85.0 	 0.3492063492063492 
369.0 	 648 	 569 	 41.0 	 86.0 	 0.3543307086614173 
370.0 	 651 	 569 	 41.0 	 86.0 	 0.3543307086614173 
371.0 	 653 	 569 	 41.0 	 85.0 	 0.3492063492063492 
372.0 	 656 	 569 	 41.0 	 85.0 	 0.3492063492063492 
373.0 	 658 	 569 	 40.0 	 85.0 	 0.36 
374.0 	 661 	 569 	 40.0 	 85.0 	 0.36 
375.0 	 663 	 569 	 41.0 	 86.0 	 0.3543307086614173 
376.0 	 665 	 569 	 41.0 	 86.0 	 0.3543307086614173 
377.0 	 668 	 569 	 41.0 	 85.0 	 0.3492063492063492 
378.0 	 670 	 569 	 42.0 	 85.0 	 0.33858267716535434 
379.0 	 672 	 569 	 42.0 	 84.0 	 0.3333333333333333 
380.0 	 675 	 569 	 42.0 	 85.0 	 0.33858267716535434 
381.0 	 677 	 569 	 42.0 	 86.0 	 0.34375 
382.0 	 680 	 569 	 42.0 	 86.0 	 0.34375 
383.0 	 682 	 569 	 42.0 	 86.0 	 0.34375 
384.0 	 684 	 569 	 42.0 	 86.0 	 0.34375 
385.0 	 686 	 569 	 40.0 	 86.0 	 0.36507936507936506 
386.0 	 688 	 569 	 40.0 	 85.0 	 0.36 
387.0 	 690 	 569 	 40.0 	 85.0 	 0.36 
388.0 	 693 	 569 	 40.0 	 86.0 	 0.36507936507936506 
389.0 	 695 	 569 	 40.0 	 86.0 	 0.36507936507936506 
390.0 	 698 	 569 	 40.0 	 86.0 	 0.36507936507936506 
391.0 	 700 	 569 	 40.0 	 87.0 	 0.3700787401574803 
392.0 	 702 	 569 	 40.0 	 85.0 	 0.36 
393.0 	 705 	 569 	 40.0 	 85.0 	 0.36 
394.0 	 707 	 569 	 40.0 	 85.0 	 0.36 
395.0 	 709 	 569 	 40.0 	 85.0 	 0.36 
396.0 	 712 	 569 	 40.0 	 86.0 	 0.36507936507936506 
397.0 	 713 	 569 	 40.0 	 85.0 	 0.36 
398.0 	 716 	 569 	 39.0 	 85.0 	 0.3709677419354839 
399.0 	 718 	 569 	 39.0 	 85.0 	 0.3709677419354839 
400.0 	 721 	 569 	 40.0 	 86.0 	 0.36507936507936506 
401.0 	 723 	 569 	 39.0 	 86.0 	 0.376 
402.0 	 726 	 569 	 39.0 	 85.0 	 0.3709677419354839 
403.0 	 728 	 569 	 39.0 	 85.0 	 0.3709677419354839 
404.0 	 730 	 569 	 39.0 	 85.0 	 0.3709677419354839 
405.0 	 732 	 569 	 39.0 	 84.0 	 0.36585365853658536 
406.0 	 734 	 569 	 39.0 	 86.0 	 0.376 
407.0 	 736 	 569 	 39.0 	 86.0 	 0.376 
408.0 	 739 	 569 	 39.0 	 85.0 	 0.3709677419354839 
409.0 	 741 	 569 	 40.0 	 85.0 	 0.36 
410.0 	 743 	 569 	 40.0 	 85.0 	 0.36 
411.0 	 746 	 569 	 40.0 	 85.0 	 0.36 
412.0 	 748 	 569 	 40.0 	 85.0 	 0.36 
413.0 	 750 	 569 	 40.0 	 85.0 	 0.36 
414.0 	 752 	 569 	 40.0 	 84.0 	 0.3548387096774194 
415.0 	 755 	 569 	 40.0 	 85.0 	 0.36 
416.0 	 757 	 569 	 40.0 	 86.0 	 0.36507936507936506 
417.0 	 759 	 569 	 40.0 	 85.0 	 0.36 
418.0 	 761 	 569 	 40.0 	 85.0 	 0.36 
419.0 	 763 	 569 	 40.0 	 86.0 	 0.36507936507936506 
420.0 	 766 	 569 	 40.0 	 85.0 	 0.36 
421.0 	 768 	 569 	 39.0 	 85.0 	 0.3709677419354839 
422.0 	 770 	 569 	 40.0 	 86.0 	 0.36507936507936506 
423.0 	 772 	 569 	 40.0 	 85.0 	 0.36 
424.0 	 775 	 569 	 40.0 	 85.0 	 0.36 
425.0 	 777 	 569 	 40.0 	 86.0 	 0.36507936507936506 
426.0 	 778 	 569 	 40.0 	 86.0 	 0.36507936507936506 
427.0 	 781 	 569 	 40.0 	 85.0 	 0.36 
428.0 	 783 	 569 	 40.0 	 86.0 	 0.36507936507936506 
429.0 	 785 	 569 	 40.0 	 86.0 	 0.36507936507936506 
430.0 	 787 	 569 	 40.0 	 85.0 	 0.36 
431.0 	 790 	 569 	 40.0 	 86.0 	 0.36507936507936506 
432.0 	 792 	 569 	 40.0 	 86.0 	 0.36507936507936506 
433.0 	 794 	 569 	 85.0 	 39.0 	 0.3709677419354839 
434.0 	 796 	 569 	 85.0 	 39.0 	 0.3709677419354839 
435.0 	 799 	 569 	 39.0 	 86.0 	 0.376 
436.0 	 801 	 569 	 38.0 	 85.0 	 0.3821138211382114 
437.0 	 803 	 569 	 84.0 	 39.0 	 0.36585365853658536 
438.0 	 805 	 569 	 39.0 	 84.0 	 0.36585365853658536 
439.0 	 808 	 569 	 38.0 	 85.0 	 0.3821138211382114 
440.0 	 810 	 569 	 38.0 	 85.0 	 0.3821138211382114 
441.0 	 812 	 569 	 38.0 	 85.0 	 0.3821138211382114 
442.0 	 815 	 569 	 37.0 	 85.0 	 0.39344262295081966 
443.0 	 817 	 569 	 38.0 	 85.0 	 0.3821138211382114 
444.0 	 819 	 569 	 38.0 	 85.0 	 0.3821138211382114 
445.0 	 821 	 569 	 38.0 	 86.0 	 0.3870967741935484 
446.0 	 824 	 569 	 38.0 	 85.0 	 0.3821138211382114 
447.0 	 826 	 569 	 39.0 	 87.0 	 0.38095238095238093 
448.0 	 828 	 569 	 39.0 	 85.0 	 0.3709677419354839 
449.0 	 831 	 569 	 39.0 	 84.0 	 0.36585365853658536 
450.0 	 833 	 569 	 39.0 	 86.0 	 0.376 
451.0 	 835 	 569 	 39.0 	 86.0 	 0.376 
452.0 	 838 	 569 	 39.0 	 85.0 	 0.3709677419354839 
453.0 	 840 	 569 	 39.0 	 86.0 	 0.376 
454.0 	 843 	 569 	 39.0 	 85.0 	 0.3709677419354839 
455.0 	 845 	 569 	 39.0 	 85.0 	 0.3709677419354839 
456.0 	 847 	 569 	 39.0 	 86.0 	 0.376 
457.0 	 850 	 569 	 38.0 	 85.0 	 0.3821138211382114 
458.0 	 852 	 569 	 38.0 	 85.0 	 0.3821138211382114 
459.0 	 854 	 569 	 38.0 	 86.0 	 0.3870967741935484 
460.0 	 857 	 569 	 38.0 	 85.0 	 0.3821138211382114 
461.0 	 859 	 569 	 38.0 	 84.0 	 0.3770491803278688 
462.0 	 861 	 569 	 38.0 	 85.0 	 0.3821138211382114 
463.0 	 864 	 569 	 38.0 	 85.0 	 0.3821138211382114 
464.0 	 866 	 569 	 38.0 	 85.0 	 0.3821138211382114 
465.0 	 869 	 569 	 38.0 	 85.0 	 0.3821138211382114 
466.0 	 871 	 569 	 38.0 	 85.0 	 0.3821138211382114 
467.0 	 873 	 569 	 38.0 	 84.0 	 0.3770491803278688 
468.0 	 875 	 569 	 38.0 	 84.0 	 0.3770491803278688 
469.0 	 877 	 569 	 39.0 	 86.0 	 0.376 
470.0 	 880 	 569 	 39.0 	 85.0 	 0.3709677419354839 
471.0 	 882 	 569 	 39.0 	 85.0 	 0.3709677419354839 
472.0 	 884 	 569 	 40.0 	 86.0 	 0.36507936507936506 
473.0 	 887 	 569 	 40.0 	 86.0 	 0.36507936507936506 
474.0 	 889 	 569 	 40.0 	 85.0 	 0.36 
475.0 	 891 	 569 	 40.0 	 85.0 	 0.36 
476.0 	 893 	 569 	 40.0 	 85.0 	 0.36 
477.0 	 896 	 569 	 40.0 	 84.0 	 0.3548387096774194 
478.0 	 898 	 569 	 39.0 	 85.0 	 0.3709677419354839 
479.0 	 901 	 569 	 39.0 	 86.0 	 0.376 
480.0 	 903 	 569 	 39.0 	 85.0 	 0.3709677419354839 
481.0 	 905 	 569 	 39.0 	 85.0 	 0.3709677419354839 
482.0 	 908 	 569 	 38.0 	 86.0 	 0.3870967741935484 
483.0 	 910 	 569 	 38.0 	 86.0 	 0.3870967741935484 
484.0 	 912 	 569 	 85.0 	 39.0 	 0.3709677419354839 
485.0 	 915 	 569 	 39.0 	 85.0 	 0.3709677419354839 
486.0 	 917 	 569 	 39.0 	 85.0 	 0.3709677419354839 
487.0 	 920 	 569 	 39.0 	 86.0 	 0.376 
488.0 	 922 	 569 	 39.0 	 86.0 	 0.376 
489.0 	 924 	 569 	 85.0 	 40.0 	 0.36 
490.0 	 927 	 569 	 40.0 	 86.0 	 0.36507936507936506 
491.0 	 929 	 569 	 40.0 	 86.0 	 0.36507936507936506 
492.0 	 932 	 569 	 39.0 	 87.0 	 0.38095238095238093 
493.0 	 934 	 569 	 38.0 	 86.0 	 0.3870967741935484 
494.0 	 936 	 569 	 38.0 	 87.0 	 0.392 
495.0 	 939 	 569 	 38.0 	 86.0 	 0.3870967741935484 
496.0 	 941 	 569 	 38.0 	 86.0 	 0.3870967741935484 
497.0 	 943 	 569 	 38.0 	 86.0 	 0.3870967741935484 
498.0 	 946 	 569 	 38.0 	 87.0 	 0.392 
499.0 	 948 	 569 	 38.0 	 86.0 	 0.3870967741935484 
500.0 	 951 	 569 	 38.0 	 86.0 	 0.3870967741935484 
501.0 	 954 	 569 	 38.0 	 85.0 	 0.3821138211382114 
502.0 	 956 	 569 	 38.0 	 86.0 	 0.3870967741935484 
503.0 	 958 	 569 	 38.0 	 87.0 	 0.392 
504.0 	 960 	 569 	 38.0 	 87.0 	 0.392 
505.0 	 963 	 569 	 38.0 	 87.0 	 0.392 
506.0 	 965 	 569 	 38.0 	 87.0 	 0.392 
507.0 	 967 	 569 	 38.0 	 87.0 	 0.392 
508.0 	 970 	 569 	 38.0 	 86.0 	 0.3870967741935484 
509.0 	 973 	 569 	 38.0 	 87.0 	 0.392 
510.0 	 975 	 569 	 38.0 	 87.0 	 0.392 
511.0 	 978 	 569 	 38.0 	 87.0 	 0.392 
512.0 	 980 	 569 	 38.0 	 87.0 	 0.392 
513.0 	 983 	 569 	 38.0 	 87.0 	 0.392 
514.0 	 985 	 569 	 38.0 	 86.0 	 0.3870967741935484 
515.0 	 987 	 569 	 38.0 	 87.0 	 0.392 
516.0 	 990 	 569 	 38.0 	 87.0 	 0.392 
517.0 	 992 	 569 	 39.0 	 87.0 	 0.38095238095238093 
518.0 	 994 	 569 	 38.0 	 87.0 	 0.392 
519.0 	 997 	 569 	 38.0 	 87.0 	 0.392 
520.0 	 999 	 569 	 39.0 	 87.0 	 0.38095238095238093 
521.0 	 1002 	 569 	 39.0 	 88.0 	 0.3858267716535433 
522.0 	 1003 	 569 	 97.08047485351562 	 38.86072540283203 	 0.42827155667963196 
523.0 	 1006 	 569 	 39.0 	 88.0 	 0.3858267716535433 
524.0 	 1009 	 569 	 39.0 	 87.0 	 0.38095238095238093 
525.0 	 1011 	 569 	 39.0 	 87.0 	 0.38095238095238093 
526.0 	 1014 	 569 	 39.0 	 88.0 	 0.3858267716535433 
527.0 	 1015 	 569 	 39.0 	 97.0 	 0.4264705882352941 
528.0 	 1019 	 569 	 39.0 	 88.0 	 0.3858267716535433 
529.0 	 1021 	 569 	 88.63927459716797 	 38.901405334472656 	 0.38997651015624085 
530.0 	 1022 	 569 	 99.07821655273438 	 38.908294677734375 	 0.4360565488499277 
531.0 	 1024 	 569 	 99.16718292236328 	 38.91975402832031 	 0.4363007118881908 
532.0 	 1028 	 569 	 38.0 	 87.0 	 0.392 
533.0 	 1029 	 569 	 38.0 	 98.0 	 0.4411764705882353 
534.0 	 1031 	 569 	 38.0 	 97.0 	 0.43703703703703706 
535.0 	 1034 	 569 	 38.0 	 96.0 	 0.43283582089552236 
536.0 	 1036 	 569 	 38.0 	 97.0 	 0.43703703703703706 
537.0 	 1038 	 569 	 38.0 	 98.0 	 0.4411764705882353 
538.0 	 1041 	 569 	 38.0 	 98.0 	 0.4411764705882353 
539.0 	 1043 	 569 	 39.0 	 97.0 	 0.4264705882352941 
540.0 	 1046 	 569 	 38.0 	 97.0 	 0.43703703703703706 
541.0 	 1047 	 569 	 38.0 	 98.0 	 0.4411764705882353 
542.0 	 1050 	 569 	 38.0 	 97.0 	 0.43703703703703706 
543.0 	 1052 	 569 	 38.0 	 98.0 	 0.4411764705882353 
544.0 	 1054 	 570 	 39.0 	 97.0 	 0.4264705882352941 
545.0 	 1057 	 570 	 39.0 	 96.0 	 0.4222222222222222 
546.0 	 1059 	 569 	 38.0 	 97.0 	 0.43703703703703706 
547.0 	 1062 	 570 	 38.0 	 97.0 	 0.43703703703703706 
548.0 	 1064 	 570 	 38.0 	 97.0 	 0.43703703703703706 
549.0 	 1067 	 570 	 38.0 	 98.0 	 0.4411764705882353 
550.0 	 1069 	 570 	 38.0 	 97.0 	 0.43703703703703706 
551.0 	 1072 	 570 	 38.0 	 97.0 	 0.43703703703703706 
552.0 	 1074 	 570 	 39.507381439208984 	 98.03992462158203 	 0.42554481697012475 
553.0 	 1076 	 569 	 39.0 	 98.0 	 0.4306569343065693 
554.0 	 1078 	 569 	 97.0 	 39.0 	 0.4264705882352941 
555.0 	 1081 	 569 	 38.0 	 97.0 	 0.43703703703703706 
556.0 	 1083 	 570 	 98.0 	 39.0 	 0.4306569343065693 
557.0 	 1086 	 569 	 38.0 	 97.0 	 0.43703703703703706 
558.0 	 1089 	 570 	 38.0 	 97.0 	 0.43703703703703706 
559.0 	 1091 	 569 	 98.0 	 39.0 	 0.4306569343065693 
560.0 	 1093 	 569 	 39.0 	 97.0 	 0.4264705882352941 
561.0 	 1096 	 569 	 38.0 	 98.0 	 0.4411764705882353 
562.0 	 1098 	 570 	 98.0 	 39.0 	 0.4306569343065693 
563.0 	 1100 	 570 	 38.0 	 97.0 	 0.43703703703703706 
564.0 	 1103 	 569 	 39.0 	 98.0 	 0.4306569343065693 
565.0 	 1104 	 570 	 39.0 	 97.0 	 0.4264705882352941 
566.0 	 1107 	 570 	 39.0 	 98.0 	 0.4306569343065693 
567.0 	 1109 	 569 	 39.0 	 98.0 	 0.4306569343065693 
568.0 	 1112 	 570 	 39.57680130004883 	 98.23246002197266 	 0.4256292948618457 
569.0 	 1114 	 570 	 39.0 	 99.0 	 0.43478260869565216 
570.0 	 1117 	 570 	 38.0 	 98.0 	 0.4411764705882353 
571.0 	 1119 	 570 	 38.0 	 99.0 	 0.44525547445255476 
572.0 	 1121 	 570 	 99.0 	 39.0 	 0.43478260869565216 
573.0 	 1124 	 570 	 97.0 	 39.0 	 0.4264705882352941 
574.0 	 1126 	 570 	 99.0 	 39.0 	 0.43478260869565216 
575.0 	 1128 	 570 	 39.0 	 99.0 	 0.43478260869565216 
576.0 	 1130 	 570 	 38.0 	 98.0 	 0.4411764705882353 
577.0 	 1133 	 570 	 39.0 	 98.0 	 0.4306569343065693 
578.0 	 1135 	 570 	 39.0 	 98.0 	 0.4306569343065693 
579.0 	 1137 	 570 	 39.0 	 98.0 	 0.4306569343065693 
580.0 	 1140 	 570 	 39.0 	 98.0 	 0.4306569343065693 
581.0 	 1142 	 570 	 39.0 	 99.0 	 0.43478260869565216 
582.0 	 1145 	 570 	 98.03992462158203 	 38.924560546875 	 0.4316108953499817 
583.0 	 1147 	 570 	 39.0 	 96.0 	 0.4222222222222222 
584.0 	 1149 	 570 	 39.0 	 98.0 	 0.4306569343065693 
585.0 	 1152 	 570 	 39.63161849975586 	 97.0457763671875 	 0.4200706190173205 
586.0 	 1154 	 570 	 39.0 	 96.0 	 0.4222222222222222 
587.0 	 1156 	 570 	 39.78849792480469 	 97.99437713623047 	 0.42244639753410357 
588.0 	 1158 	 570 	 39.7317008972168 	 97.12698364257812 	 0.41937625616058205 
589.0 	 1161 	 570 	 39.0 	 97.0 	 0.4264705882352941 
590.0 	 1163 	 570 	 39.0 	 99.0 	 0.43478260869565216 
591.0 	 1166 	 570 	 39.0 	 97.0 	 0.4264705882352941 
592.0 	 1168 	 570 	 39.0 	 98.0 	 0.4306569343065693 
593.0 	 1170 	 570 	 39.0 	 99.0 	 0.43478260869565216 
594.0 	 1172 	 570 	 40.0 	 99.0 	 0.4244604316546763 
595.0 	 1175 	 570 	 40.0 	 98.0 	 0.42028985507246375 
596.0 	 1177 	 570 	 40.0 	 98.0 	 0.42028985507246375 
597.0 	 1179 	 570 	 40.0 	 98.0 	 0.42028985507246375 
598.0 	 1181 	 570 	 40.0 	 98.0 	 0.42028985507246375 
599.0 	 1183 	 570 	 40.0 	 99.0 	 0.4244604316546763 
600.0 	 1186 	 570 	 40.0 	 98.0 	 0.42028985507246375 
601.0 	 1188 	 570 	 99.00532531738281 	 39.98969650268555 	 0.42458807547146615 
602.0 	 1190 	 570 	 40.0 	 99.0 	 0.4244604316546763 
603.0 	 1193 	 570 	 98.9682846069336 	 39.99727249145508 	 0.4243570374328553 
604.0 	 1195 	 570 	 40.0 	 98.0 	 0.42028985507246375 
605.0 	 1197 	 570 	 40.0 	 97.0 	 0.41605839416058393 
606.0 	 1199 	 570 	 40.0 	 97.0 	 0.41605839416058393 
607.0 	 1201 	 570 	 40.0 	 98.0 	 0.42028985507246375 
608.0 	 1203 	 570 	 40.0 	 97.0 	 0.41605839416058393 
609.0 	 1206 	 570 	 40.0 	 98.0 	 0.42028985507246375 
610.0 	 1208 	 570 	 40.0 	 98.0 	 0.42028985507246375 
611.0 	 1210 	 570 	 40.0 	 97.0 	 0.41605839416058393 
612.0 	 1213 	 570 	 40.0 	 98.0 	 0.42028985507246375 
613.0 	 1214 	 570 	 40.0 	 97.0 	 0.41605839416058393 
614.0 	 1217 	 570 	 40.0 	 97.0 	 0.41605839416058393 
615.0 	 1220 	 570 	 40.0 	 96.0 	 0.4117647058823529 
616.0 	 1221 	 570 	 40.0 	 97.0 	 0.41605839416058393 
617.0 	 1224 	 570 	 40.0 	 97.0 	 0.41605839416058393 
618.0 	 1226 	 570 	 40.0 	 97.0 	 0.41605839416058393 
619.0 	 1228 	 570 	 40.0 	 97.0 	 0.41605839416058393 
620.0 	 1231 	 570 	 40.0 	 97.0 	 0.41605839416058393 
621.0 	 1233 	 570 	 40.0 	 98.0 	 0.42028985507246375 
622.0 	 1235 	 570 	 41.0 	 98.0 	 0.41007194244604317 
623.0 	 1238 	 570 	 41.0 	 97.0 	 0.4057971014492754 
624.0 	 1240 	 570 	 40.0 	 97.0 	 0.41605839416058393 
625.0 	 1242 	 570 	 40.0 	 98.0 	 0.42028985507246375 
626.0 	 1244 	 570 	 40.0 	 99.0 	 0.4244604316546763 
627.0 	 1247 	 570 	 40.0 	 98.0 	 0.42028985507246375 
628.0 	 1249 	 570 	 40.0 	 97.0 	 0.41605839416058393 
629.0 	 1252 	 570 	 40.0 	 96.0 	 0.4117647058823529 
630.0 	 1254 	 570 	 40.0 	 98.0 	 0.42028985507246375 
631.0 	 1256 	 570 	 40.0 	 96.0 	 0.4117647058823529 
632.0 	 1258 	 570 	 40.0 	 96.0 	 0.4117647058823529 
633.0 	 1261 	 570 	 41.0 	 96.0 	 0.40145985401459855 
634.0 	 1263 	 570 	 40.0 	 97.0 	 0.41605839416058393 
635.0 	 1265 	 570 	 40.0 	 97.0 	 0.41605839416058393 
636.0 	 1267 	 570 	 41.0 	 97.0 	 0.4057971014492754 
637.0 	 1269 	 570 	 39.0 	 98.0 	 0.4306569343065693 
638.0 	 1272 	 570 	 39.0 	 98.0 	 0.4306569343065693 
639.0 	 1274 	 570 	 39.0 	 98.0 	 0.4306569343065693 
640.0 	 1277 	 570 	 40.0 	 97.0 	 0.41605839416058393 
641.0 	 1280 	 570 	 40.0 	 98.0 	 0.42028985507246375 
642.0 	 1282 	 570 	 40.0 	 99.0 	 0.4244604316546763 
643.0 	 1284 	 570 	 39.0 	 97.0 	 0.4264705882352941 
644.0 	 1286 	 570 	 40.0 	 97.0 	 0.41605839416058393 
645.0 	 1289 	 570 	 40.0 	 98.0 	 0.42028985507246375 
646.0 	 1291 	 570 	 40.0 	 98.0 	 0.42028985507246375 
647.0 	 1293 	 570 	 40.0 	 96.0 	 0.4117647058823529 
648.0 	 1296 	 570 	 41.0 	 97.0 	 0.4057971014492754 
649.0 	 1297 	 570 	 41.0 	 98.0 	 0.41007194244604317 
650.0 	 1300 	 570 	 41.0 	 97.0 	 0.4057971014492754 
651.0 	 1303 	 570 	 41.0 	 97.0 	 0.4057971014492754 
652.0 	 1305 	 570 	 41.0 	 100.0 	 0.41843971631205673 
653.0 	 1307 	 570 	 41.0 	 97.0 	 0.4057971014492754 
654.0 	 1309 	 570 	 41.0 	 98.0 	 0.41007194244604317 
655.0 	 1311 	 570 	 41.0 	 98.0 	 0.41007194244604317 
656.0 	 1314 	 570 	 40.0 	 97.0 	 0.41605839416058393 
657.0 	 1317 	 570 	 40.0 	 97.0 	 0.41605839416058393 
658.0 	 1319 	 570 	 40.0 	 98.0 	 0.42028985507246375 
659.0 	 1321 	 570 	 40.0 	 97.0 	 0.41605839416058393 
660.0 	 1324 	 570 	 40.0 	 98.0 	 0.42028985507246375 
661.0 	 1325 	 570 	 40.0 	 98.0 	 0.42028985507246375 
662.0 	 1328 	 570 	 40.0 	 97.0 	 0.41605839416058393 
663.0 	 1330 	 570 	 40.0 	 96.0 	 0.4117647058823529 
664.0 	 1332 	 570 	 40.0 	 98.0 	 0.42028985507246375 
665.0 	 1334 	 570 	 40.0 	 99.0 	 0.4244604316546763 
666.0 	 1337 	 570 	 40.0 	 96.0 	 0.4117647058823529 
667.0 	 1339 	 570 	 40.0 	 98.0 	 0.42028985507246375 
668.0 	 1341 	 570 	 40.0 	 97.0 	 0.41605839416058393 
669.0 	 1344 	 570 	 39.0 	 97.0 	 0.4264705882352941 
670.0 	 1346 	 570 	 39.0 	 98.0 	 0.4306569343065693 
671.0 	 1349 	 570 	 39.0 	 99.0 	 0.43478260869565216 
672.0 	 1351 	 570 	 39.0 	 97.0 	 0.4264705882352941 
673.0 	 1353 	 570 	 39.0 	 96.0 	 0.4222222222222222 
674.0 	 1355 	 570 	 39.0 	 98.0 	 0.4306569343065693 
675.0 	 1358 	 570 	 39.0 	 97.0 	 0.4264705882352941 
676.0 	 1361 	 570 	 39.0 	 97.0 	 0.4264705882352941 
677.0 	 1362 	 570 	 39.0 	 99.0 	 0.43478260869565216 
678.0 	 1365 	 570 	 39.0 	 99.0 	 0.43478260869565216 
679.0 	 1367 	 570 	 39.0 	 98.0 	 0.4306569343065693 
680.0 	 1369 	 570 	 39.0 	 99.0 	 0.43478260869565216 
681.0 	 1372 	 570 	 39.0 	 98.0 	 0.4306569343065693 
682.0 	 1374 	 570 	 39.0 	 97.0 	 0.4264705882352941 
683.0 	 1376 	 570 	 39.0 	 99.0 	 0.43478260869565216 
684.0 	 1379 	 570 	 39.0 	 99.0 	 0.43478260869565216 
685.0 	 1381 	 570 	 39.0 	 97.0 	 0.4264705882352941 
686.0 	 1383 	 570 	 39.0 	 99.0 	 0.43478260869565216 
687.0 	 1386 	 570 	 39.0 	 98.0 	 0.4306569343065693 
688.0 	 1388 	 570 	 39.0 	 98.0 	 0.4306569343065693 
689.0 	 1391 	 570 	 39.0 	 99.0 	 0.43478260869565216 
690.0 	 1393 	 570 	 39.0 	 98.0 	 0.4306569343065693 
691.0 	 1396 	 570 	 39.0 	 97.0 	 0.4264705882352941 
692.0 	 1398 	 570 	 39.0 	 99.0 	 0.43478260869565216 
693.0 	 1399 	 570 	 39.0 	 99.0 	 0.43478260869565216 
694.0 	 1402 	 570 	 39.0 	 101.0 	 0.44285714285714284 
695.0 	 1405 	 570 	 39.0 	 102.0 	 0.44680851063829785 
696.0 	 1407 	 570 	 39.0 	 104.0 	 0.45454545454545453 
697.0 	 1410 	 570 	 39.0 	 101.0 	 0.44285714285714284 
698.0 	 1413 	 570 	 39.0 	 100.0 	 0.43884892086330934 
699.0 	 1414 	 570 	 39.0 	 101.0 	 0.44285714285714284 
700.0 	 1417 	 570 	 39.0 	 100.0 	 0.43884892086330934 
701.0 	 1419 	 570 	 39.0 	 99.0 	 0.43478260869565216 
702.0 	 1421 	 570 	 39.0 	 101.0 	 0.44285714285714284 
703.0 	 1423 	 570 	 39.0 	 100.0 	 0.43884892086330934 
704.0 	 1426 	 570 	 39.813533782958984 	 99.12277221679688 	 0.4268807782606665 
705.0 	 1428 	 570 	 40.0 	 101.0 	 0.4326241134751773 
706.0 	 1430 	 570 	 40.0 	 101.0 	 0.4326241134751773 
707.0 	 1433 	 570 	 39.86183166503906 	 98.90718078613281 	 0.4254937617421599 
708.0 	 1435 	 570 	 40.0 	 100.0 	 0.42857142857142855 
709.0 	 1437 	 570 	 39.0 	 100.0 	 0.43884892086330934 
710.0 	 1439 	 570 	 38.0 	 98.0 	 0.4411764705882353 
711.0 	 1442 	 570 	 39.0 	 100.0 	 0.43884892086330934 
712.0 	 1444 	 570 	 39.0 	 101.0 	 0.44285714285714284 
713.0 	 1446 	 570 	 39.0 	 99.0 	 0.43478260869565216 
714.0 	 1449 	 570 	 39.0 	 99.0 	 0.43478260869565216 
715.0 	 1451 	 570 	 39.0 	 99.0 	 0.43478260869565216 
716.0 	 1454 	 570 	 39.0 	 100.0 	 0.43884892086330934 
717.0 	 1456 	 570 	 39.0 	 98.0 	 0.4306569343065693 
718.0 	 1459 	 570 	 39.0 	 100.0 	 0.43884892086330934 
719.0 	 1461 	 570 	 39.0 	 99.0 	 0.43478260869565216 
720.0 	 1464 	 570 	 39.0 	 98.0 	 0.4306569343065693 
721.0 	 1465 	 570 	 40.0 	 99.0 	 0.4244604316546763 
722.0 	 1468 	 570 	 40.0 	 98.0 	 0.42028985507246375 
723.0 	 1470 	 570 	 40.0 	 98.0 	 0.42028985507246375 
724.0 	 1472 	 571 	 41.0 	 99.0 	 0.4142857142857143 
725.0 	 1475 	 571 	 41.0 	 99.0 	 0.4142857142857143 
726.0 	 1477 	 570 	 40.0 	 99.0 	 0.4244604316546763 
727.0 	 1479 	 570 	 40.45822525024414 	 100.07848358154297 	 0.4242326352089277 
728.0 	 1481 	 570 	 40.9670524597168 	 100.95706939697266 	 0.4226907741436083 
729.0 	 1484 	 570 	 41.0 	 99.0 	 0.4142857142857143 
730.0 	 1486 	 570 	 41.0 	 99.0 	 0.4142857142857143 
731.0 	 1488 	 570 	 41.0 	 101.0 	 0.4225352112676056 
732.0 	 1490 	 570 	 41.0 	 101.0 	 0.4225352112676056 
733.0 	 1492 	 570 	 39.0 	 99.0 	 0.43478260869565216 
734.0 	 1494 	 570 	 41.0 	 101.0 	 0.4225352112676056 
735.0 	 1496 	 570 	 41.0 	 101.0 	 0.4225352112676056 
736.0 	 1499 	 570 	 41.0 	 102.0 	 0.42657342657342656 
737.0 	 1501 	 571 	 41.0 	 103.0 	 0.4305555555555556 
738.0 	 1504 	 570 	 41.0 	 100.0 	 0.41843971631205673 
739.0 	 1507 	 570 	 41.0 	 99.0 	 0.4142857142857143 
740.0 	 1509 	 570 	 41.0 	 100.0 	 0.41843971631205673 
741.0 	 1512 	 570 	 41.0 	 99.0 	 0.4142857142857143 
742.0 	 1514 	 570 	 40.0 	 98.0 	 0.42028985507246375 
743.0 	 1516 	 570 	 41.0 	 99.0 	 0.4142857142857143 
744.0 	 1518 	 571 	 41.0 	 100.0 	 0.41843971631205673 
745.0 	 1520 	 570 	 39.0 	 97.0 	 0.4264705882352941 
746.0 	 1522 	 570 	 39.0 	 98.0 	 0.4306569343065693 
747.0 	 1525 	 570 	 39.0 	 98.0 	 0.4306569343065693 
748.0 	 1527 	 570 	 39.0 	 97.0 	 0.4264705882352941 
749.0 	 1530 	 570 	 39.0 	 98.0 	 0.4306569343065693 
750.0 	 1532 	 570 	 40.0 	 97.0 	 0.41605839416058393 
751.0 	 1535 	 570 	 40.0 	 98.0 	 0.42028985507246375 
752.0 	 1537 	 570 	 39.0 	 97.0 	 0.4264705882352941 
753.0 	 1539 	 570 	 40.0 	 98.0 	 0.42028985507246375 
754.0 	 1541 	 570 	 40.0 	 97.0 	 0.41605839416058393 
755.0 	 1544 	 570 	 40.0 	 97.0 	 0.41605839416058393 
756.0 	 1546 	 570 	 40.0 	 97.0 	 0.41605839416058393 
757.0 	 1549 	 570 	 39.0 	 97.0 	 0.4264705882352941 
758.0 	 1551 	 570 	 38.0 	 97.0 	 0.43703703703703706 
759.0 	 1553 	 570 	 39.0 	 98.0 	 0.4306569343065693 
760.0 	 1556 	 570 	 39.0 	 97.0 	 0.4264705882352941 
761.0 	 1559 	 570 	 39.0 	 96.0 	 0.4222222222222222 
762.0 	 1561 	 570 	 39.0 	 97.0 	 0.4264705882352941 
763.0 	 1563 	 570 	 39.0 	 97.0 	 0.4264705882352941 
764.0 	 1565 	 570 	 39.0 	 96.0 	 0.4222222222222222 
765.0 	 1568 	 570 	 39.0 	 96.0 	 0.4222222222222222 
766.0 	 1570 	 570 	 39.0 	 97.0 	 0.4264705882352941 
767.0 	 1572 	 571 	 39.0 	 98.0 	 0.4306569343065693 
768.0 	 1575 	 571 	 39.0 	 97.0 	 0.4264705882352941 
769.0 	 1577 	 570 	 37.0 	 97.0 	 0.44776119402985076 
770.0 	 1579 	 570 	 37.0 	 97.0 	 0.44776119402985076 
771.0 	 1582 	 570 	 37.0 	 96.0 	 0.44360902255639095 
772.0 	 1584 	 571 	 37.0 	 97.0 	 0.44776119402985076 
773.0 	 1586 	 571 	 37.0 	 98.0 	 0.45185185185185184 
774.0 	 1589 	 570 	 37.0 	 97.0 	 0.44776119402985076 
775.0 	 1591 	 571 	 37.0 	 98.0 	 0.45185185185185184 
776.0 	 1594 	 571 	 37.0 	 97.0 	 0.44776119402985076 
777.0 	 1596 	 571 	 38.0 	 96.0 	 0.43283582089552236 
778.0 	 1599 	 570 	 37.0 	 96.0 	 0.44360902255639095 
779.0 	 1601 	 571 	 37.0 	 97.0 	 0.44776119402985076 
780.0 	 1603 	 570 	 37.0 	 96.0 	 0.44360902255639095 
781.0 	 1606 	 570 	 37.0 	 94.0 	 0.4351145038167939 
782.0 	 1608 	 570 	 37.0 	 96.0 	 0.44360902255639095 
783.0 	 1610 	 571 	 37.0 	 96.0 	 0.44360902255639095 
784.0 	 1613 	 570 	 37.0 	 95.0 	 0.4393939393939394 
785.0 	 1615 	 571 	 37.0 	 97.0 	 0.44776119402985076 
786.0 	 1618 	 571 	 37.0 	 98.0 	 0.45185185185185184 
787.0 	 1620 	 570 	 37.0 	 96.0 	 0.44360902255639095 
788.0 	 1622 	 571 	 37.0 	 96.0 	 0.44360902255639095 
789.0 	 1624 	 570 	 37.0 	 96.0 	 0.44360902255639095 
790.0 	 1627 	 570 	 37.0 	 95.0 	 0.4393939393939394 
791.0 	 1629 	 570 	 37.0 	 96.0 	 0.44360902255639095 
792.0 	 1632 	 570 	 38.0 	 97.0 	 0.43703703703703706 
793.0 	 1634 	 570 	 36.0 	 92.0 	 0.4375 
794.0 	 1637 	 570 	 36.0 	 94.0 	 0.4461538461538462 
795.0 	 1639 	 570 	 37.0 	 95.0 	 0.4393939393939394 
796.0 	 1641 	 570 	 36.0 	 93.0 	 0.4418604651162791 
797.0 	 1644 	 570 	 36.0 	 93.0 	 0.4418604651162791 
798.0 	 1645 	 570 	 37.0 	 95.0 	 0.4393939393939394 
799.0 	 1648 	 570 	 37.0 	 93.0 	 0.4307692307692308 
800.0 	 1650 	 570 	 37.0 	 92.0 	 0.4263565891472868 
801.0 	 1653 	 570 	 37.0 	 94.0 	 0.4351145038167939 
802.0 	 1655 	 570 	 37.0 	 95.0 	 0.4393939393939394 
803.0 	 1658 	 570 	 37.0 	 92.0 	 0.4263565891472868 
804.0 	 1660 	 570 	 37.0 	 94.0 	 0.4351145038167939 
805.0 	 1662 	 570 	 36.0 	 94.0 	 0.4461538461538462 
806.0 	 1665 	 570 	 37.0 	 93.0 	 0.4307692307692308 
807.0 	 1667 	 570 	 38.0 	 94.0 	 0.42424242424242425 
808.0 	 1670 	 570 	 38.0 	 94.0 	 0.42424242424242425 
809.0 	 1672 	 570 	 38.0 	 91.0 	 0.4108527131782946 
810.0 	 1675 	 570 	 38.0 	 94.0 	 0.42424242424242425 
811.0 	 1677 	 570 	 38.0 	 95.0 	 0.42857142857142855 
812.0 	 1679 	 570 	 37.0 	 94.0 	 0.4351145038167939 
813.0 	 1682 	 570 	 37.0 	 94.0 	 0.4351145038167939 
814.0 	 1684 	 570 	 95.07892608642578 	 37.78980255126953 	 0.4311708565479803 
815.0 	 1687 	 570 	 37.0 	 95.0 	 0.4393939393939394 
816.0 	 1689 	 570 	 37.0 	 93.0 	 0.4307692307692308 
817.0 	 1691 	 570 	 36.0 	 96.0 	 0.45454545454545453 
818.0 	 1694 	 570 	 36.0 	 95.0 	 0.45038167938931295 
819.0 	 1697 	 570 	 36.0 	 94.0 	 0.4461538461538462 
820.0 	 1698 	 570 	 37.0 	 96.0 	 0.44360902255639095 
821.0 	 1701 	 570 	 37.0 	 96.0 	 0.44360902255639095 
822.0 	 1704 	 570 	 36.0 	 94.0 	 0.4461538461538462 
823.0 	 1706 	 570 	 36.0 	 95.0 	 0.45038167938931295 
824.0 	 1708 	 570 	 36.0 	 96.0 	 0.45454545454545453 
825.0 	 1711 	 570 	 36.0 	 94.0 	 0.4461538461538462 
826.0 	 1713 	 570 	 37.0 	 96.0 	 0.44360902255639095 
827.0 	 1715 	 570 	 37.0 	 95.0 	 0.4393939393939394 
828.0 	 1718 	 570 	 37.0 	 94.0 	 0.4351145038167939 
829.0 	 1720 	 570 	 35.0 	 94.0 	 0.4573643410852713 
830.0 	 1722 	 570 	 35.792564392089844 	 95.2891616821289 	 0.45388933356242167 
831.0 	 1725 	 570 	 36.0 	 93.0 	 0.4418604651162791 
832.0 	 1727 	 570 	 36.0 	 94.0 	 0.4461538461538462 
833.0 	 1729 	 570 	 37.0 	 96.0 	 0.44360902255639095 
834.0 	 1732 	 570 	 37.0 	 95.0 	 0.4393939393939394 
835.0 	 1735 	 570 	 37.0 	 94.0 	 0.4351145038167939 
836.0 	 1737 	 570 	 37.0 	 96.0 	 0.44360902255639095 
837.0 	 1740 	 570 	 37.0 	 94.0 	 0.4351145038167939 
838.0 	 1742 	 570 	 37.0 	 92.0 	 0.4263565891472868 
839.0 	 1744 	 570 	 37.0 	 94.0 	 0.4351145038167939 
840.0 	 1747 	 570 	 37.0 	 94.0 	 0.4351145038167939 
841.0 	 1749 	 570 	 36.0 	 88.0 	 0.41935483870967744 
842.0 	 1751 	 570 	 37.0 	 92.0 	 0.4263565891472868 
843.0 	 1754 	 570 	 36.0 	 93.0 	 0.4418604651162791 
844.0 	 1757 	 570 	 37.0 	 90.0 	 0.41732283464566927 
845.0 	 1759 	 570 	 37.0 	 92.0 	 0.4263565891472868 
846.0 	 1761 	 570 	 36.0 	 93.0 	 0.4418604651162791 
847.0 	 1764 	 570 	 37.0 	 90.0 	 0.41732283464566927 
848.0 	 1766 	 570 	 37.0 	 92.0 	 0.4263565891472868 
849.0 	 1768 	 570 	 37.0 	 94.0 	 0.4351145038167939 
850.0 	 1771 	 570 	 37.0 	 93.0 	 0.4307692307692308 
851.0 	 1774 	 570 	 37.0 	 93.0 	 0.4307692307692308 
852.0 	 1776 	 570 	 37.0 	 95.0 	 0.4393939393939394 
853.0 	 1778 	 570 	 34.0 	 95.0 	 0.4728682170542636 
854.0 	 1781 	 570 	 35.0 	 94.0 	 0.4573643410852713 
855.0 	 1782 	 570 	 35.52976989746094 	 95.97242736816406 	 0.45963230065740496 
856.0 	 1785 	 570 	 35.55558395385742 	 94.98136138916016 	 0.4552410605223452 
857.0 	 1788 	 570 	 36.0 	 93.0 	 0.4418604651162791 
858.0 	 1791 	 570 	 36.943031311035156 	 95.13108825683594 	 0.44057122724864145 
859.0 	 1793 	 570 	 36.0 	 94.0 	 0.4461538461538462 
860.0 	 1796 	 570 	 36.0 	 92.0 	 0.4375 
861.0 	 1797 	 570 	 36.0 	 94.0 	 0.4461538461538462 
862.0 	 1800 	 570 	 36.0 	 94.0 	 0.4461538461538462 
863.0 	 1802 	 570 	 36.0 	 94.0 	 0.4461538461538462 
864.0 	 1804 	 570 	 36.0 	 96.0 	 0.45454545454545453 
865.0 	 1807 	 570 	 34.0 	 95.0 	 0.4728682170542636 
866.0 	 1810 	 570 	 35.0 	 92.0 	 0.44881889763779526 
867.0 	 1812 	 570 	 35.0 	 93.0 	 0.453125 
868.0 	 1815 	 571 	 35.0 	 94.0 	 0.4573643410852713 
869.0 	 1818 	 571 	 35.0 	 93.0 	 0.453125 
870.0 	 1821 	 571 	 35.0 	 92.0 	 0.44881889763779526 
871.0 	 1823 	 570 	 35.0 	 94.0 	 0.4573643410852713 
872.0 	 1826 	 571 	 35.0 	 95.0 	 0.46153846153846156 
873.0 	 1829 	 570 	 35.0 	 91.0 	 0.4444444444444444 
874.0 	 1831 	 570 	 36.0 	 94.0 	 0.4461538461538462 
875.0 	 1834 	 570 	 36.0 	 93.0 	 0.4418604651162791 
876.0 	 1837 	 571 	 37.0 	 93.0 	 0.4307692307692308 
877.0 	 1838 	 570 	 35.0 	 94.0 	 0.4573643410852713 
878.0 	 1841 	 570 	 36.0 	 94.0 	 0.4461538461538462 
879.0 	 1843 	 570 	 36.0 	 93.0 	 0.4418604651162791 
880.0 	 1845 	 570 	 36.0 	 95.0 	 0.45038167938931295 
881.0 	 1848 	 571 	 36.0 	 95.0 	 0.45038167938931295 
882.0 	 1851 	 570 	 37.0 	 93.0 	 0.4307692307692308 
883.0 	 1853 	 570 	 37.0 	 94.0 	 0.4351145038167939 
884.0 	 1855 	 570 	 38.0 	 94.0 	 0.42424242424242425 
885.0 	 1857 	 570 	 38.0 	 93.0 	 0.4198473282442748 
886.0 	 1860 	 570 	 38.0 	 92.0 	 0.4153846153846154 
887.0 	 1862 	 570 	 93.87651824951172 	 38.04146957397461 	 0.42325576365103096 
888.0 	 1865 	 570 	 38.0 	 93.0 	 0.4198473282442748 
889.0 	 1867 	 570 	 37.0 	 92.0 	 0.4263565891472868 
890.0 	 1869 	 570 	 38.0 	 93.0 	 0.4198473282442748 
891.0 	 1872 	 570 	 38.0 	 94.0 	 0.42424242424242425 
892.0 	 1874 	 570 	 38.0 	 92.0 	 0.4153846153846154 
893.0 	 1876 	 570 	 38.0 	 92.0 	 0.4153846153846154 
894.0 	 1878 	 570 	 38.0 	 89.0 	 0.4015748031496063 
895.0 	 1880 	 570 	 38.0 	 87.0 	 0.392 
896.0 	 1881 	 570 	 38.0 	 85.0 	 0.3821138211382114 
897.0 	 1883 	 570 	 38.0 	 82.0 	 0.36666666666666664 
898.0 	 1885 	 570 	 38.0 	 79.0 	 0.3504273504273504 
899.0 	 1885 	 570 	 38.0 	 78.0 	 0.3448275862068966 
900.0 	 1886 	 570 	 38.0 	 76.0 	 0.3333333333333333 
901.0 	 1888 	 570 	 36.0 	 74.0 	 0.34545454545454546 
902.0 	 1889 	 570 	 36.0 	 71.0 	 0.32710280373831774 
903.0 	 1890 	 570 	 37.0 	 69.0 	 0.3018867924528302 
904.0 	 1891 	 570 	 36.0 	 67.0 	 0.30097087378640774 
905.0 	 1892 	 570 	 36.0 	 64.0 	 0.28 
906.0 	 1893 	 570 	 37.0 	 62.0 	 0.25252525252525254 
907.0 	 1894 	 570 	 36.0 	 59.0 	 0.24210526315789474 
908.0 	 1895 	 570 	 35.0 	 57.0 	 0.2391304347826087 
909.0 	 1895 	 570 	 36.0 	 56.0 	 0.21739130434782608 
910.0 	 1896 	 570 	 35.0 	 56.0 	 0.23076923076923078 
911.0 	 1897 	 570 	 34.0 	 53.0 	 0.21839080459770116 
912.0 	 1898 	 570 	 34.0 	 51.0 	 0.2 
913.0 	 1899 	 570 	 32.0 	 47.0 	 0.189873417721519 
914.0 	 1900 	 570 	 32.0 	 45.0 	 0.16883116883116883 
915.0 	 1901 	 570 	 32.0 	 43.0 	 0.14666666666666667 
916.0 	 1901 	 570 	 32.0 	 42.0 	 0.13513513513513514 
917.0 	 1902 	 570 	 28.0 	 39.0 	 0.16417910447761194 
918.0 	 1903 	 570 	 28.0 	 36.0 	 0.125 
919.0 	 1904 	 570 	 28.0 	 35.0 	 0.1111111111111111 
920.0 	 1905 	 570 	 27.0 	 32.0 	 0.0847457627118644 
921.0 	 1907 	 569 	 24.0 	 29.0 	 0.09433962264150944 
922.0 	 1907 	 570 	 24.0 	 28.0 	 0.07692307692307693 
