frame 	 x 	 y 	 width 	 height 	 deformation 
1.0 	 140 	 567 	 41.0 	 40.0 	 0.012345679012345678 
2.0 	 140 	 567 	 40.0 	 40.0 	 0.0 
3.0 	 140 	 567 	 40.0 	 39.0 	 0.012658227848101266 
4.0 	 141 	 567 	 41.0 	 41.0 	 0.0 
5.0 	 141 	 567 	 40.0 	 40.0 	 0.0 
6.0 	 141 	 567 	 39.0 	 38.0 	 0.012987012987012988 
7.0 	 141 	 567 	 41.0 	 41.0 	 0.0 
8.0 	 141 	 567 	 41.0 	 41.0 	 0.0 
9.0 	 141 	 567 	 40.56001281738281 	 39.29251480102539 	 0.015872985541727908 
10.0 	 141 	 567 	 40.0 	 41.0 	 0.012345679012345678 
11.0 	 141 	 567 	 40.0 	 41.0 	 0.012345679012345678 
12.0 	 141 	 567 	 40.28840255737305 	 39.56412124633789 	 0.009070236938478545 
13.0 	 141 	 567 	 40.0 	 40.0 	 0.0 
14.0 	 141 	 567 	 40.0 	 42.0 	 0.024390243902439025 
15.0 	 141 	 567 	 40.0 	 40.0 	 0.0 
16.0 	 141 	 567 	 40.0 	 40.0 	 0.0 
17.0 	 141 	 567 	 40.0 	 41.0 	 0.012345679012345678 
18.0 	 141 	 567 	 40.0 	 39.0 	 0.012658227848101266 
19.0 	 141 	 567 	 40.0 	 40.0 	 0.0 
20.0 	 141 	 567 	 40.0 	 42.0 	 0.024390243902439025 
21.0 	 142 	 567 	 40.0 	 40.0 	 0.0 
22.0 	 141 	 567 	 40.0 	 40.0 	 0.0 
23.0 	 141 	 567 	 40.0 	 41.0 	 0.012345679012345678 
24.0 	 142 	 567 	 40.0 	 39.0 	 0.012658227848101266 
25.0 	 142 	 567 	 40.0 	 39.0 	 0.012658227848101266 
26.0 	 142 	 567 	 40.0 	 41.0 	 0.012345679012345678 
27.0 	 142 	 567 	 40.0 	 39.0 	 0.012658227848101266 
28.0 	 142 	 567 	 40.0 	 39.0 	 0.012658227848101266 
29.0 	 142 	 567 	 40.0 	 41.0 	 0.012345679012345678 
30.0 	 142 	 567 	 40.0 	 40.0 	 0.0 
31.0 	 142 	 567 	 40.0 	 39.0 	 0.012658227848101266 
32.0 	 142 	 567 	 40.0 	 41.0 	 0.012345679012345678 
33.0 	 142 	 567 	 40.0 	 40.0 	 0.0 
34.0 	 142 	 567 	 40.0 	 38.0 	 0.02564102564102564 
35.0 	 142 	 567 	 40.0 	 40.0 	 0.0 
36.0 	 142 	 567 	 40.0 	 40.0 	 0.0 
37.0 	 142 	 567 	 40.0 	 39.0 	 0.012658227848101266 
38.0 	 142 	 567 	 40.0 	 41.0 	 0.012345679012345678 
39.0 	 142 	 567 	 40.0 	 41.0 	 0.012345679012345678 
40.0 	 142 	 567 	 40.0 	 39.0 	 0.012658227848101266 
41.0 	 142 	 567 	 41.0 	 41.0 	 0.0 
42.0 	 142 	 567 	 41.0 	 41.0 	 0.0 
43.0 	 142 	 567 	 40.0 	 39.0 	 0.012658227848101266 
44.0 	 142 	 567 	 40.0 	 40.0 	 0.0 
45.0 	 142 	 567 	 40.0 	 41.0 	 0.012345679012345678 
46.0 	 142 	 567 	 41.0 	 39.0 	 0.025 
47.0 	 142 	 567 	 41.0 	 40.0 	 0.012345679012345678 
48.0 	 142 	 567 	 41.0 	 40.0 	 0.012345679012345678 
49.0 	 142 	 567 	 40.0 	 40.0 	 0.0 
50.0 	 142 	 567 	 40.0 	 41.0 	 0.012345679012345678 
51.0 	 142 	 567 	 40.0 	 42.0 	 0.024390243902439025 
52.0 	 142 	 567 	 40.0 	 40.0 	 0.0 
53.0 	 143 	 567 	 40.0 	 40.0 	 0.0 
54.0 	 142 	 567 	 40.0 	 42.0 	 0.024390243902439025 
55.0 	 143 	 567 	 40.0 	 40.0 	 0.0 
56.0 	 143 	 567 	 40.0 	 40.0 	 0.0 
57.0 	 143 	 567 	 40.0 	 41.0 	 0.012345679012345678 
58.0 	 142 	 567 	 40.0 	 41.0 	 0.012345679012345678 
59.0 	 143 	 567 	 41.0 	 40.0 	 0.012345679012345678 
60.0 	 143 	 567 	 41.0 	 41.0 	 0.0 
61.0 	 143 	 567 	 40.0 	 40.0 	 0.0 
62.0 	 143 	 567 	 40.0 	 39.0 	 0.012658227848101266 
63.0 	 143 	 567 	 40.0 	 41.0 	 0.012345679012345678 
64.0 	 143 	 567 	 40.0 	 40.0 	 0.0 
65.0 	 144 	 567 	 41.0 	 39.0 	 0.025 
66.0 	 144 	 567 	 40.0 	 40.0 	 0.0 
67.0 	 144 	 567 	 41.0 	 39.0 	 0.025 
68.0 	 145 	 567 	 41.0 	 39.0 	 0.025 
69.0 	 145 	 567 	 41.0 	 41.0 	 0.0 
70.0 	 146 	 567 	 41.0 	 40.0 	 0.012345679012345678 
71.0 	 146 	 567 	 41.0 	 38.0 	 0.0379746835443038 
72.0 	 147 	 567 	 42.0 	 39.0 	 0.037037037037037035 
73.0 	 148 	 567 	 41.0 	 40.0 	 0.012345679012345678 
74.0 	 149 	 567 	 40.0 	 38.0 	 0.02564102564102564 
75.0 	 150 	 567 	 40.0 	 41.0 	 0.012345679012345678 
76.0 	 151 	 567 	 41.0 	 42.0 	 0.012048192771084338 
77.0 	 153 	 567 	 40.0 	 39.0 	 0.012658227848101266 
78.0 	 154 	 567 	 40.0 	 40.0 	 0.0 
79.0 	 156 	 567 	 41.0 	 41.0 	 0.0 
80.0 	 158 	 567 	 40.0 	 39.0 	 0.012658227848101266 
81.0 	 159 	 567 	 40.0 	 40.0 	 0.0 
82.0 	 161 	 567 	 40.0 	 41.0 	 0.012345679012345678 
83.0 	 163 	 567 	 40.0 	 39.0 	 0.012658227848101266 
84.0 	 164 	 567 	 40.0 	 39.0 	 0.012658227848101266 
85.0 	 166 	 567 	 39.0 	 40.0 	 0.012658227848101266 
86.0 	 168 	 567 	 38.0 	 39.0 	 0.012987012987012988 
87.0 	 170 	 567 	 38.0 	 39.0 	 0.012987012987012988 
88.0 	 172 	 567 	 40.0 	 40.0 	 0.0 
89.0 	 173 	 567 	 39.0 	 40.0 	 0.012658227848101266 
90.0 	 175 	 567 	 39.0 	 39.0 	 0.0 
91.0 	 177 	 567 	 39.0 	 41.0 	 0.025 
92.0 	 179 	 567 	 39.0 	 41.0 	 0.025 
93.0 	 180 	 567 	 39.0 	 39.0 	 0.0 
94.0 	 182 	 567 	 39.0 	 42.0 	 0.037037037037037035 
95.0 	 184 	 567 	 39.0 	 42.0 	 0.037037037037037035 
96.0 	 186 	 567 	 39.0 	 40.0 	 0.012658227848101266 
97.0 	 188 	 567 	 39.0 	 41.0 	 0.025 
98.0 	 189 	 567 	 39.0 	 42.0 	 0.037037037037037035 
99.0 	 191 	 567 	 41.0 	 39.0 	 0.025 
100.0 	 193 	 567 	 39.0 	 42.0 	 0.037037037037037035 
101.0 	 195 	 567 	 39.0 	 42.0 	 0.037037037037037035 
102.0 	 197 	 567 	 39.0 	 40.0 	 0.012658227848101266 
103.0 	 199 	 567 	 39.0 	 42.0 	 0.037037037037037035 
104.0 	 200 	 567 	 38.0 	 43.0 	 0.06172839506172839 
105.0 	 202 	 567 	 39.0 	 41.0 	 0.025 
106.0 	 204 	 567 	 39.0 	 42.0 	 0.037037037037037035 
107.0 	 206 	 567 	 39.0 	 44.0 	 0.060240963855421686 
108.0 	 208 	 567 	 39.0 	 42.0 	 0.037037037037037035 
109.0 	 210 	 567 	 38.0 	 42.0 	 0.05 
110.0 	 212 	 567 	 39.0 	 43.0 	 0.04878048780487805 
111.0 	 214 	 567 	 39.0 	 42.0 	 0.037037037037037035 
112.0 	 216 	 567 	 39.0 	 42.0 	 0.037037037037037035 
113.0 	 218 	 567 	 39.0 	 43.0 	 0.04878048780487805 
114.0 	 220 	 567 	 38.0 	 43.0 	 0.06172839506172839 
115.0 	 222 	 567 	 37.0 	 42.0 	 0.06329113924050633 
116.0 	 224 	 567 	 39.0 	 44.0 	 0.060240963855421686 
117.0 	 226 	 567 	 43.0 	 39.0 	 0.04878048780487805 
118.0 	 228 	 567 	 39.0 	 42.0 	 0.037037037037037035 
119.0 	 230 	 567 	 39.0 	 44.0 	 0.060240963855421686 
120.0 	 232 	 567 	 39.0 	 44.0 	 0.060240963855421686 
121.0 	 234 	 567 	 37.0 	 42.0 	 0.06329113924050633 
122.0 	 236 	 566 	 39.0 	 44.0 	 0.060240963855421686 
123.0 	 238 	 567 	 39.0 	 44.0 	 0.060240963855421686 
124.0 	 240 	 566 	 39.0 	 43.0 	 0.04878048780487805 
125.0 	 242 	 566 	 38.0 	 45.0 	 0.08433734939759036 
126.0 	 244 	 567 	 38.0 	 46.0 	 0.09523809523809523 
127.0 	 246 	 566 	 37.0 	 43.0 	 0.075 
128.0 	 248 	 566 	 45.0 	 38.0 	 0.08433734939759036 
129.0 	 250 	 566 	 39.0 	 45.0 	 0.07142857142857142 
130.0 	 253 	 566 	 37.0 	 44.0 	 0.08641975308641975 
131.0 	 255 	 566 	 37.0 	 44.0 	 0.08641975308641975 
132.0 	 257 	 567 	 38.0 	 46.0 	 0.09523809523809523 
133.0 	 259 	 566 	 39.0 	 44.0 	 0.060240963855421686 
134.0 	 261 	 566 	 38.0 	 44.0 	 0.07317073170731707 
135.0 	 263 	 566 	 39.0 	 45.0 	 0.07142857142857142 
136.0 	 265 	 566 	 39.0 	 43.0 	 0.04878048780487805 
137.0 	 267 	 566 	 39.0 	 43.0 	 0.04878048780487805 
138.0 	 269 	 567 	 39.0 	 45.0 	 0.07142857142857142 
139.0 	 271 	 566 	 39.0 	 45.0 	 0.07142857142857142 
140.0 	 274 	 567 	 39.0 	 44.0 	 0.060240963855421686 
141.0 	 276 	 566 	 39.0 	 46.0 	 0.08235294117647059 
142.0 	 278 	 567 	 39.0 	 44.0 	 0.060240963855421686 
143.0 	 280 	 567 	 43.0 	 38.0 	 0.06172839506172839 
144.0 	 282 	 567 	 39.0 	 44.0 	 0.060240963855421686 
145.0 	 284 	 567 	 37.0 	 45.0 	 0.0975609756097561 
146.0 	 286 	 567 	 37.0 	 43.0 	 0.075 
147.0 	 288 	 566 	 38.0 	 45.0 	 0.08433734939759036 
148.0 	 290 	 567 	 37.0 	 45.0 	 0.0975609756097561 
149.0 	 293 	 567 	 37.0 	 44.0 	 0.08641975308641975 
150.0 	 295 	 567 	 37.0 	 45.0 	 0.0975609756097561 
151.0 	 297 	 567 	 37.0 	 46.0 	 0.10843373493975904 
152.0 	 300 	 566 	 37.0 	 45.0 	 0.0975609756097561 
153.0 	 301 	 566 	 37.0 	 45.0 	 0.0975609756097561 
154.0 	 303 	 566 	 37.0 	 47.0 	 0.11904761904761904 
155.0 	 306 	 567 	 38.0 	 45.0 	 0.08433734939759036 
156.0 	 308 	 567 	 37.0 	 46.0 	 0.10843373493975904 
157.0 	 310 	 567 	 37.0 	 45.0 	 0.0975609756097561 
158.0 	 313 	 567 	 37.0 	 44.0 	 0.08641975308641975 
159.0 	 315 	 567 	 37.73886489868164 	 45.72328567504883 	 0.09566516943885539 
160.0 	 317 	 567 	 37.0 	 46.0 	 0.10843373493975904 
161.0 	 319 	 567 	 37.0 	 45.0 	 0.0975609756097561 
162.0 	 321 	 567 	 37.0 	 45.0 	 0.0975609756097561 
163.0 	 323 	 567 	 37.0 	 47.0 	 0.11904761904761904 
164.0 	 326 	 567 	 37.0 	 46.0 	 0.10843373493975904 
165.0 	 328 	 566 	 37.0 	 46.0 	 0.10843373493975904 
166.0 	 330 	 566 	 37.0 	 47.0 	 0.11904761904761904 
167.0 	 332 	 566 	 37.0 	 46.0 	 0.10843373493975904 
168.0 	 335 	 566 	 37.0 	 46.0 	 0.10843373493975904 
169.0 	 337 	 566 	 37.0 	 46.0 	 0.10843373493975904 
170.0 	 339 	 566 	 37.0 	 44.0 	 0.08641975308641975 
171.0 	 342 	 566 	 37.0 	 45.0 	 0.0975609756097561 
172.0 	 344 	 566 	 37.0 	 46.0 	 0.10843373493975904 
173.0 	 346 	 566 	 37.0 	 45.0 	 0.0975609756097561 
174.0 	 348 	 566 	 37.0 	 45.0 	 0.0975609756097561 
175.0 	 350 	 566 	 37.0 	 47.0 	 0.11904761904761904 
176.0 	 352 	 566 	 37.0 	 45.0 	 0.0975609756097561 
177.0 	 355 	 566 	 37.0 	 44.0 	 0.08641975308641975 
178.0 	 357 	 567 	 36.0 	 46.0 	 0.12195121951219512 
179.0 	 359 	 566 	 37.0 	 46.0 	 0.10843373493975904 
180.0 	 362 	 566 	 36.0 	 45.0 	 0.1111111111111111 
181.0 	 364 	 566 	 37.0 	 46.0 	 0.10843373493975904 
182.0 	 366 	 566 	 37.0 	 46.0 	 0.10843373493975904 
183.0 	 369 	 566 	 36.0 	 45.0 	 0.1111111111111111 
184.0 	 371 	 566 	 37.0 	 46.0 	 0.10843373493975904 
185.0 	 373 	 566 	 37.0 	 46.0 	 0.10843373493975904 
186.0 	 376 	 566 	 37.0 	 45.0 	 0.0975609756097561 
187.0 	 378 	 566 	 37.0 	 46.0 	 0.10843373493975904 
188.0 	 380 	 566 	 37.0 	 47.0 	 0.11904761904761904 
189.0 	 382 	 566 	 36.0 	 45.0 	 0.1111111111111111 
190.0 	 385 	 566 	 36.0 	 46.0 	 0.12195121951219512 
191.0 	 387 	 566 	 37.0 	 47.0 	 0.11904761904761904 
192.0 	 389 	 566 	 36.0 	 45.0 	 0.1111111111111111 
193.0 	 392 	 566 	 36.0 	 45.0 	 0.1111111111111111 
194.0 	 394 	 566 	 36.0 	 45.0 	 0.1111111111111111 
195.0 	 396 	 566 	 37.0 	 45.0 	 0.0975609756097561 
196.0 	 399 	 566 	 36.0 	 46.0 	 0.12195121951219512 
197.0 	 401 	 566 	 37.0 	 47.0 	 0.11904761904761904 
198.0 	 404 	 566 	 36.0 	 45.0 	 0.1111111111111111 
199.0 	 406 	 566 	 36.0 	 45.0 	 0.1111111111111111 
200.0 	 409 	 566 	 37.0 	 46.0 	 0.10843373493975904 
201.0 	 411 	 566 	 36.0 	 46.0 	 0.12195121951219512 
202.0 	 413 	 566 	 37.0 	 45.0 	 0.0975609756097561 
203.0 	 415 	 566 	 37.0 	 47.0 	 0.11904761904761904 
204.0 	 418 	 566 	 36.0 	 46.0 	 0.12195121951219512 
205.0 	 421 	 566 	 36.0 	 46.0 	 0.12195121951219512 
206.0 	 423 	 567 	 37.0 	 47.0 	 0.11904761904761904 
207.0 	 425 	 567 	 36.0 	 47.0 	 0.13253012048192772 
208.0 	 428 	 567 	 36.0 	 46.0 	 0.12195121951219512 
209.0 	 430 	 566 	 37.0 	 47.0 	 0.11904761904761904 
210.0 	 433 	 566 	 37.0 	 47.0 	 0.11904761904761904 
211.0 	 435 	 566 	 36.0 	 45.0 	 0.1111111111111111 
212.0 	 437 	 566 	 36.0 	 47.0 	 0.13253012048192772 
213.0 	 440 	 566 	 36.0 	 48.0 	 0.14285714285714285 
214.0 	 442 	 566 	 36.0 	 45.0 	 0.1111111111111111 
215.0 	 445 	 566 	 36.0 	 47.0 	 0.13253012048192772 
216.0 	 447 	 567 	 37.0 	 48.0 	 0.12941176470588237 
217.0 	 450 	 566 	 37.0 	 46.0 	 0.10843373493975904 
218.0 	 453 	 567 	 36.0 	 46.0 	 0.12195121951219512 
219.0 	 455 	 567 	 36.0 	 48.0 	 0.14285714285714285 
220.0 	 457 	 567 	 35.0 	 47.0 	 0.14634146341463414 
221.0 	 460 	 566 	 36.0 	 47.0 	 0.13253012048192772 
222.0 	 462 	 567 	 37.0 	 47.0 	 0.11904761904761904 
223.0 	 464 	 566 	 37.0 	 46.0 	 0.10843373493975904 
224.0 	 466 	 566 	 36.0 	 46.0 	 0.12195121951219512 
225.0 	 469 	 566 	 37.0 	 48.0 	 0.12941176470588237 
226.0 	 471 	 566 	 35.0 	 47.0 	 0.14634146341463414 
227.0 	 473 	 566 	 35.0 	 46.0 	 0.13580246913580246 
228.0 	 476 	 566 	 37.0 	 48.0 	 0.12941176470588237 
229.0 	 479 	 566 	 35.0 	 47.0 	 0.14634146341463414 
230.0 	 481 	 566 	 35.0 	 45.0 	 0.125 
231.0 	 484 	 566 	 36.0 	 47.0 	 0.13253012048192772 
232.0 	 486 	 566 	 36.0 	 46.0 	 0.12195121951219512 
233.0 	 488 	 566 	 35.0 	 45.0 	 0.125 
234.0 	 490 	 566 	 36.0 	 47.0 	 0.13253012048192772 
235.0 	 493 	 566 	 37.0 	 48.0 	 0.12941176470588237 
236.0 	 495 	 566 	 36.0 	 45.0 	 0.1111111111111111 
237.0 	 498 	 566 	 36.0 	 46.0 	 0.12195121951219512 
238.0 	 500 	 566 	 36.0 	 47.0 	 0.13253012048192772 
239.0 	 503 	 566 	 36.0 	 46.0 	 0.12195121951219512 
240.0 	 506 	 566 	 36.0 	 46.0 	 0.12195121951219512 
241.0 	 508 	 566 	 36.0 	 47.0 	 0.13253012048192772 
242.0 	 511 	 566 	 36.0 	 46.0 	 0.12195121951219512 
243.0 	 513 	 566 	 36.0 	 45.0 	 0.1111111111111111 
244.0 	 515 	 566 	 37.0 	 48.0 	 0.12941176470588237 
245.0 	 518 	 566 	 36.0 	 47.0 	 0.13253012048192772 
246.0 	 521 	 566 	 36.0 	 46.0 	 0.12195121951219512 
247.0 	 523 	 566 	 37.0 	 48.0 	 0.12941176470588237 
248.0 	 525 	 566 	 37.0 	 47.0 	 0.11904761904761904 
249.0 	 528 	 566 	 37.41339874267578 	 46.66724395751953 	 0.11005916365125804 
250.0 	 530 	 566 	 37.0 	 47.0 	 0.11904761904761904 
251.0 	 532 	 566 	 36.0 	 46.0 	 0.12195121951219512 
252.0 	 535 	 566 	 36.0 	 45.0 	 0.1111111111111111 
253.0 	 537 	 566 	 36.0 	 46.0 	 0.12195121951219512 
254.0 	 540 	 566 	 36.0 	 46.0 	 0.12195121951219512 
255.0 	 542 	 566 	 36.0 	 44.0 	 0.1 
256.0 	 544 	 566 	 36.0 	 46.0 	 0.12195121951219512 
257.0 	 547 	 566 	 36.0 	 46.0 	 0.12195121951219512 
258.0 	 550 	 566 	 36.0 	 46.0 	 0.12195121951219512 
259.0 	 552 	 566 	 36.0 	 47.0 	 0.13253012048192772 
260.0 	 554 	 566 	 36.0 	 47.0 	 0.13253012048192772 
261.0 	 557 	 566 	 46.0 	 36.0 	 0.12195121951219512 
262.0 	 559 	 566 	 36.0 	 47.0 	 0.13253012048192772 
263.0 	 562 	 566 	 36.0 	 48.0 	 0.14285714285714285 
264.0 	 564 	 566 	 47.0 	 36.0 	 0.13253012048192772 
265.0 	 566 	 566 	 36.0 	 47.0 	 0.13253012048192772 
266.0 	 569 	 566 	 36.0 	 48.0 	 0.14285714285714285 
267.0 	 571 	 566 	 36.0 	 46.0 	 0.12195121951219512 
268.0 	 574 	 566 	 36.0 	 45.0 	 0.1111111111111111 
269.0 	 576 	 566 	 36.0 	 46.0 	 0.12195121951219512 
270.0 	 579 	 566 	 36.0 	 46.0 	 0.12195121951219512 
271.0 	 581 	 566 	 36.0 	 46.0 	 0.12195121951219512 
272.0 	 584 	 566 	 36.0 	 47.0 	 0.13253012048192772 
273.0 	 586 	 566 	 36.0 	 47.0 	 0.13253012048192772 
274.0 	 588 	 566 	 36.0 	 47.0 	 0.13253012048192772 
275.0 	 590 	 566 	 36.0 	 47.0 	 0.13253012048192772 
276.0 	 593 	 566 	 36.0 	 48.0 	 0.14285714285714285 
277.0 	 595 	 566 	 38.0 	 47.0 	 0.10588235294117647 
278.0 	 597 	 566 	 38.0 	 47.0 	 0.10588235294117647 
279.0 	 600 	 566 	 38.0 	 47.0 	 0.10588235294117647 
280.0 	 602 	 566 	 37.0 	 47.0 	 0.11904761904761904 
281.0 	 604 	 566 	 37.0 	 47.0 	 0.11904761904761904 
282.0 	 606 	 566 	 37.0 	 47.0 	 0.11904761904761904 
283.0 	 609 	 566 	 37.0 	 46.0 	 0.10843373493975904 
284.0 	 611 	 565 	 37.0 	 48.0 	 0.12941176470588237 
285.0 	 613 	 566 	 37.0 	 47.0 	 0.11904761904761904 
286.0 	 616 	 566 	 37.0 	 47.0 	 0.11904761904761904 
287.0 	 618 	 566 	 37.0 	 47.0 	 0.11904761904761904 
288.0 	 620 	 566 	 36.0 	 48.0 	 0.14285714285714285 
289.0 	 622 	 566 	 37.0 	 47.0 	 0.11904761904761904 
290.0 	 624 	 566 	 37.0 	 48.0 	 0.12941176470588237 
291.0 	 627 	 566 	 37.0 	 48.0 	 0.12941176470588237 
292.0 	 629 	 566 	 36.0 	 47.0 	 0.13253012048192772 
293.0 	 631 	 566 	 37.0 	 48.0 	 0.12941176470588237 
294.0 	 634 	 566 	 37.0 	 47.0 	 0.11904761904761904 
295.0 	 636 	 566 	 37.0 	 47.0 	 0.11904761904761904 
296.0 	 638 	 566 	 37.0 	 47.0 	 0.11904761904761904 
297.0 	 641 	 566 	 37.0 	 46.0 	 0.10843373493975904 
298.0 	 643 	 566 	 37.0 	 47.0 	 0.11904761904761904 
299.0 	 645 	 566 	 37.0 	 47.0 	 0.11904761904761904 
300.0 	 647 	 566 	 36.0 	 47.0 	 0.13253012048192772 
301.0 	 649 	 566 	 37.0 	 46.0 	 0.10843373493975904 
302.0 	 651 	 566 	 48.0 	 37.0 	 0.12941176470588237 
303.0 	 653 	 566 	 37.0 	 47.0 	 0.11904761904761904 
304.0 	 656 	 566 	 36.0 	 48.0 	 0.14285714285714285 
305.0 	 658 	 566 	 36.0 	 47.0 	 0.13253012048192772 
306.0 	 660 	 566 	 36.0 	 47.0 	 0.13253012048192772 
307.0 	 663 	 566 	 36.0 	 46.0 	 0.12195121951219512 
308.0 	 665 	 566 	 36.0 	 47.0 	 0.13253012048192772 
309.0 	 667 	 566 	 36.0 	 48.0 	 0.14285714285714285 
310.0 	 669 	 566 	 36.0 	 46.0 	 0.12195121951219512 
311.0 	 671 	 566 	 36.0 	 47.0 	 0.13253012048192772 
312.0 	 673 	 566 	 36.0 	 47.0 	 0.13253012048192772 
313.0 	 675 	 566 	 37.0 	 46.0 	 0.10843373493975904 
314.0 	 678 	 566 	 37.0 	 45.0 	 0.0975609756097561 
315.0 	 679 	 566 	 37.0 	 47.0 	 0.11904761904761904 
316.0 	 682 	 566 	 36.0 	 46.0 	 0.12195121951219512 
317.0 	 684 	 566 	 37.0 	 46.0 	 0.10843373493975904 
318.0 	 686 	 566 	 36.0 	 47.0 	 0.13253012048192772 
319.0 	 688 	 566 	 36.0 	 47.0 	 0.13253012048192772 
320.0 	 690 	 565 	 37.0 	 46.0 	 0.10843373493975904 
321.0 	 692 	 565 	 37.0 	 47.0 	 0.11904761904761904 
322.0 	 694 	 565 	 37.0 	 47.0 	 0.11904761904761904 
323.0 	 697 	 565 	 37.0 	 46.0 	 0.10843373493975904 
324.0 	 699 	 566 	 37.0 	 48.0 	 0.12941176470588237 
325.0 	 701 	 566 	 37.0 	 47.0 	 0.11904761904761904 
326.0 	 703 	 565 	 37.0 	 46.0 	 0.10843373493975904 
327.0 	 705 	 565 	 37.0 	 47.0 	 0.11904761904761904 
328.0 	 707 	 565 	 37.0 	 47.0 	 0.11904761904761904 
329.0 	 709 	 566 	 37.0 	 46.0 	 0.10843373493975904 
330.0 	 712 	 565 	 37.0 	 46.0 	 0.10843373493975904 
331.0 	 714 	 565 	 37.0 	 47.0 	 0.11904761904761904 
332.0 	 716 	 565 	 37.0 	 47.0 	 0.11904761904761904 
333.0 	 718 	 565 	 37.0 	 47.0 	 0.11904761904761904 
334.0 	 720 	 565 	 37.0 	 48.0 	 0.12941176470588237 
335.0 	 722 	 566 	 36.0 	 46.0 	 0.12195121951219512 
336.0 	 724 	 565 	 37.0 	 46.0 	 0.10843373493975904 
337.0 	 726 	 566 	 36.0 	 47.0 	 0.13253012048192772 
338.0 	 728 	 566 	 37.0 	 46.0 	 0.10843373493975904 
339.0 	 731 	 566 	 37.0 	 46.0 	 0.10843373493975904 
340.0 	 733 	 566 	 36.0 	 47.0 	 0.13253012048192772 
341.0 	 735 	 566 	 36.0 	 47.0 	 0.13253012048192772 
342.0 	 737 	 566 	 36.0 	 45.0 	 0.1111111111111111 
343.0 	 739 	 566 	 35.626304626464844 	 47.327327728271484 	 0.1410549817971721 
344.0 	 741 	 566 	 36.0 	 47.0 	 0.13253012048192772 
345.0 	 744 	 566 	 35.0 	 45.0 	 0.125 
346.0 	 746 	 566 	 36.0 	 46.0 	 0.12195121951219512 
347.0 	 748 	 566 	 36.0 	 46.0 	 0.12195121951219512 
348.0 	 750 	 566 	 36.0 	 45.0 	 0.1111111111111111 
349.0 	 752 	 566 	 46.304080963134766 	 35.5750846862793 	 0.13103450910570247 
350.0 	 754 	 566 	 47.24222946166992 	 35.61152267456055 	 0.14037634370481905 
351.0 	 756 	 566 	 45.39212417602539 	 36.58382034301758 	 0.10744986086694797 
352.0 	 758 	 566 	 46.151058197021484 	 36.55474090576172 	 0.11602955772586002 
353.0 	 760 	 566 	 36.0 	 47.0 	 0.13253012048192772 
354.0 	 763 	 566 	 35.0 	 45.0 	 0.125 
355.0 	 765 	 566 	 35.0 	 45.0 	 0.125 
356.0 	 767 	 566 	 36.0 	 46.0 	 0.12195121951219512 
357.0 	 769 	 566 	 36.0 	 44.0 	 0.1 
358.0 	 771 	 566 	 45.51594924926758 	 36.475830078125 	 0.11025640918274804 
359.0 	 773 	 566 	 36.0 	 46.0 	 0.12195121951219512 
360.0 	 776 	 566 	 35.0 	 45.0 	 0.125 
361.0 	 778 	 566 	 36.0 	 45.0 	 0.1111111111111111 
362.0 	 780 	 566 	 37.0 	 46.0 	 0.10843373493975904 
363.0 	 782 	 566 	 37.0 	 46.0 	 0.10843373493975904 
364.0 	 784 	 566 	 37.0 	 44.0 	 0.08641975308641975 
365.0 	 786 	 566 	 37.0 	 45.0 	 0.0975609756097561 
366.0 	 788 	 566 	 37.0 	 45.0 	 0.0975609756097561 
367.0 	 791 	 565 	 36.0 	 45.0 	 0.1111111111111111 
368.0 	 793 	 565 	 36.0 	 46.0 	 0.12195121951219512 
369.0 	 795 	 565 	 37.0 	 46.0 	 0.10843373493975904 
370.0 	 797 	 565 	 36.0 	 44.0 	 0.1 
371.0 	 799 	 565 	 36.0 	 45.0 	 0.1111111111111111 
372.0 	 801 	 565 	 36.0 	 46.0 	 0.12195121951219512 
373.0 	 803 	 566 	 35.0 	 45.0 	 0.125 
374.0 	 806 	 566 	 36.0 	 46.0 	 0.12195121951219512 
375.0 	 808 	 566 	 36.0 	 46.0 	 0.12195121951219512 
376.0 	 810 	 566 	 36.0 	 45.0 	 0.1111111111111111 
377.0 	 813 	 566 	 36.0 	 46.0 	 0.12195121951219512 
378.0 	 815 	 566 	 36.0 	 47.0 	 0.13253012048192772 
379.0 	 817 	 566 	 35.0 	 46.0 	 0.13580246913580246 
380.0 	 819 	 566 	 34.0 	 45.0 	 0.13924050632911392 
381.0 	 821 	 566 	 35.0 	 47.0 	 0.14634146341463414 
382.0 	 824 	 566 	 35.0 	 46.0 	 0.13580246913580246 
383.0 	 826 	 566 	 35.0 	 46.0 	 0.13580246913580246 
384.0 	 828 	 566 	 35.0 	 46.0 	 0.13580246913580246 
385.0 	 830 	 566 	 35.0 	 45.0 	 0.125 
386.0 	 833 	 566 	 46.0 	 35.0 	 0.13580246913580246 
387.0 	 835 	 566 	 46.0 	 36.0 	 0.12195121951219512 
388.0 	 837 	 566 	 46.0 	 35.0 	 0.13580246913580246 
389.0 	 840 	 566 	 36.0 	 46.0 	 0.12195121951219512 
390.0 	 842 	 566 	 33.0 	 46.0 	 0.16455696202531644 
391.0 	 844 	 566 	 34.0 	 46.0 	 0.15 
392.0 	 846 	 566 	 33.0 	 46.0 	 0.16455696202531644 
393.0 	 848 	 566 	 33.0 	 46.0 	 0.16455696202531644 
394.0 	 850 	 566 	 47.1638298034668 	 33.644222259521484 	 0.167305202870217 
395.0 	 853 	 566 	 45.0 	 34.0 	 0.13924050632911392 
396.0 	 855 	 566 	 47.1638298034668 	 34.36663818359375 	 0.15696207731696143 
397.0 	 857 	 566 	 33.0 	 46.0 	 0.16455696202531644 
398.0 	 859 	 566 	 33.0 	 46.0 	 0.16455696202531644 
399.0 	 861 	 566 	 33.0 	 46.0 	 0.16455696202531644 
400.0 	 863 	 566 	 46.3409309387207 	 34.347591400146484 	 0.14863749131761084 
401.0 	 865 	 566 	 34.0 	 45.0 	 0.13924050632911392 
402.0 	 868 	 566 	 35.0 	 46.0 	 0.13580246913580246 
403.0 	 870 	 566 	 46.42840576171875 	 33.67030334472656 	 0.15927975068908545 
404.0 	 872 	 566 	 33.0 	 45.0 	 0.15384615384615385 
405.0 	 874 	 566 	 33.0 	 46.0 	 0.16455696202531644 
406.0 	 876 	 566 	 34.45695877075195 	 46.6417350769043 	 0.15024627066178678 
407.0 	 879 	 566 	 46.419620513916016 	 33.607547760009766 	 0.16009654009063123 
408.0 	 881 	 566 	 46.0 	 35.0 	 0.13580246913580246 
409.0 	 883 	 566 	 46.596580505371094 	 34.43281555175781 	 0.150115458654503 
410.0 	 885 	 566 	 45.0 	 35.0 	 0.125 
411.0 	 887 	 566 	 46.0 	 34.0 	 0.15 
412.0 	 890 	 566 	 33.0 	 46.0 	 0.16455696202531644 
413.0 	 892 	 566 	 32.69266891479492 	 46.42745590209961 	 0.17359410161562203 
414.0 	 894 	 566 	 33.0 	 46.0 	 0.16455696202531644 
415.0 	 896 	 566 	 46.39970397949219 	 33.51426315307617 	 0.16124141109201232 
416.0 	 899 	 566 	 46.520694732666016 	 33.51426315307617 	 0.1625093824395811 
417.0 	 901 	 566 	 33.0 	 46.0 	 0.16455696202531644 
418.0 	 903 	 566 	 34.0 	 46.0 	 0.15 
419.0 	 905 	 566 	 47.0 	 33.0 	 0.175 
420.0 	 907 	 566 	 33.0 	 47.0 	 0.175 
421.0 	 909 	 566 	 33.0 	 47.0 	 0.175 
422.0 	 911 	 566 	 33.0 	 46.0 	 0.16455696202531644 
423.0 	 914 	 566 	 33.0 	 46.0 	 0.16455696202531644 
424.0 	 916 	 566 	 33.0 	 47.0 	 0.175 
425.0 	 918 	 566 	 33.0 	 47.0 	 0.175 
426.0 	 921 	 566 	 33.0 	 46.0 	 0.16455696202531644 
427.0 	 923 	 565 	 33.0 	 47.0 	 0.175 
428.0 	 925 	 565 	 33.0 	 47.0 	 0.175 
429.0 	 928 	 565 	 33.0 	 46.0 	 0.16455696202531644 
430.0 	 930 	 565 	 33.0 	 46.0 	 0.16455696202531644 
431.0 	 932 	 565 	 33.0 	 46.0 	 0.16455696202531644 
432.0 	 934 	 565 	 35.38811492919922 	 46.762855529785156 	 0.1384614270170432 
433.0 	 936 	 565 	 34.0 	 46.0 	 0.15 
434.0 	 938 	 565 	 34.0 	 46.0 	 0.15 
435.0 	 940 	 565 	 33.0 	 45.0 	 0.15384615384615385 
436.0 	 943 	 565 	 35.0 	 46.0 	 0.13580246913580246 
437.0 	 945 	 565 	 34.0 	 46.0 	 0.15 
438.0 	 947 	 565 	 35.0 	 45.0 	 0.125 
439.0 	 950 	 565 	 33.0 	 46.0 	 0.16455696202531644 
440.0 	 952 	 565 	 46.0 	 33.0 	 0.16455696202531644 
441.0 	 954 	 565 	 46.043182373046875 	 33.93286895751953 	 0.15142424780977964 
442.0 	 956 	 565 	 47.04214096069336 	 33.93644714355469 	 0.16184147098572543 
443.0 	 959 	 565 	 46.965274810791016 	 33.93644714355469 	 0.1610451218156856 
444.0 	 961 	 565 	 46.16980743408203 	 33.24225997924805 	 0.16279071778282367 
445.0 	 963 	 565 	 34.0 	 46.0 	 0.15 
446.0 	 965 	 565 	 47.0 	 34.0 	 0.16049382716049382 
447.0 	 967 	 565 	 46.0 	 34.0 	 0.15 
448.0 	 970 	 565 	 46.0 	 34.0 	 0.15 
449.0 	 972 	 565 	 33.0 	 46.0 	 0.16455696202531644 
450.0 	 974 	 565 	 33.0 	 46.0 	 0.16455696202531644 
451.0 	 976 	 566 	 45.0 	 34.0 	 0.13924050632911392 
452.0 	 978 	 566 	 34.0 	 46.0 	 0.15 
453.0 	 981 	 565 	 46.20767593383789 	 33.747928619384766 	 0.1558333200539965 
454.0 	 983 	 565 	 45.0 	 34.0 	 0.13924050632911392 
455.0 	 986 	 565 	 32.9161376953125 	 46.73806381225586 	 0.1735241312491227 
456.0 	 988 	 565 	 33.45854568481445 	 46.41262435913086 	 0.16218716549649942 
457.0 	 990 	 565 	 33.43681716918945 	 46.46564483642578 	 0.16305915162314663 
458.0 	 992 	 566 	 33.93159103393555 	 47.56802749633789 	 0.16731902195759385 
459.0 	 994 	 566 	 33.65723419189453 	 47.641571044921875 	 0.1720115912194795 
460.0 	 996 	 565 	 46.0 	 34.0 	 0.15 
461.0 	 999 	 565 	 34.3868293762207 	 46.501319885253906 	 0.14976842244062927 
462.0 	 1001 	 565 	 34.30356979370117 	 47.41719055175781 	 0.16046865817965106 
463.0 	 1003 	 565 	 34.0 	 46.0 	 0.15 
464.0 	 1005 	 565 	 34.0 	 46.0 	 0.15 
465.0 	 1008 	 565 	 34.0 	 46.0 	 0.15 
466.0 	 1009 	 565 	 32.59671401977539 	 46.41805648803711 	 0.1749209974215536 
467.0 	 1012 	 565 	 33.7330322265625 	 47.282196044921875 	 0.16724218529577842 
468.0 	 1014 	 565 	 33.0 	 47.0 	 0.175 
469.0 	 1016 	 565 	 34.0 	 46.0 	 0.15 
470.0 	 1019 	 565 	 33.2342414855957 	 48.06029510498047 	 0.1823745388211418 
471.0 	 1021 	 566 	 32.0 	 47.0 	 0.189873417721519 
472.0 	 1023 	 566 	 33.185081481933594 	 47.68391799926758 	 0.17928794235551768 
473.0 	 1025 	 566 	 34.0 	 46.0 	 0.15 
474.0 	 1028 	 566 	 32.09745407104492 	 47.8072624206543 	 0.19660677165710694 
475.0 	 1030 	 566 	 32.48699951171875 	 47.327327728271484 	 0.1859356425060127 
476.0 	 1032 	 565 	 32.65774917602539 	 47.29127883911133 	 0.18303574197694283 
477.0 	 1034 	 566 	 33.0190315246582 	 47.92729187011719 	 0.18417464463149694 
478.0 	 1036 	 566 	 32.26171112060547 	 47.760643005371094 	 0.19368252851404705 
479.0 	 1039 	 566 	 32.48699951171875 	 46.51872253417969 	 0.17760388309987468 
480.0 	 1041 	 566 	 32.19519805908203 	 47.49456787109375 	 0.1919866325798602 
481.0 	 1044 	 566 	 32.20406723022461 	 48.10459518432617 	 0.19799268816137838 
482.0 	 1046 	 566 	 33.57315444946289 	 46.402896881103516 	 0.16041980340603748 
483.0 	 1048 	 566 	 31.414880752563477 	 47.36213302612305 	 0.20243534895040882 
484.0 	 1050 	 566 	 31.778045654296875 	 47.8028678894043 	 0.20136514550448745 
485.0 	 1052 	 566 	 32.908599853515625 	 47.0438346862793 	 0.1767955524322165 
486.0 	 1055 	 566 	 32.49716567993164 	 47.40848922729492 	 0.18661161797216833 
487.0 	 1057 	 566 	 32.68773651123047 	 48.037723541259766 	 0.1901505054297399 
488.0 	 1059 	 565 	 46.0 	 35.0 	 0.13580246913580246 
489.0 	 1062 	 565 	 35.0 	 46.0 	 0.13580246913580246 
490.0 	 1064 	 566 	 35.0 	 47.0 	 0.14634146341463414 
491.0 	 1066 	 565 	 35.0 	 46.0 	 0.13580246913580246 
492.0 	 1068 	 565 	 35.0 	 46.0 	 0.13580246913580246 
493.0 	 1070 	 565 	 32.73672866821289 	 48.15979766845703 	 0.19065180791641673 
494.0 	 1072 	 565 	 32.338218688964844 	 47.419498443603516 	 0.1890886587133819 
495.0 	 1075 	 565 	 32.37306213378906 	 46.7610969543457 	 0.1818182563175042 
496.0 	 1077 	 565 	 32.399940490722656 	 47.108150482177734 	 0.1849901036671631 
497.0 	 1079 	 565 	 32.42344284057617 	 47.0870246887207 	 0.18442328794936974 
498.0 	 1082 	 565 	 32.30659866333008 	 47.0870246887207 	 0.1861664123811379 
499.0 	 1084 	 565 	 32.46687316894531 	 47.70642852783203 	 0.1900826713676342 
500.0 	 1086 	 565 	 32.37306594848633 	 48.1254768371582 	 0.1956856651507117 
501.0 	 1088 	 565 	 33.0 	 46.0 	 0.16455696202531644 
502.0 	 1091 	 565 	 32.6372184753418 	 47.66228103637695 	 0.18711277968603562 
503.0 	 1093 	 565 	 32.6372184753418 	 47.86128616333008 	 0.18912236638833865 
504.0 	 1095 	 565 	 35.0 	 47.0 	 0.14634146341463414 
505.0 	 1097 	 565 	 34.52336502075195 	 47.49456787109375 	 0.15815081401096132 
506.0 	 1100 	 565 	 35.0 	 47.0 	 0.14634146341463414 
507.0 	 1102 	 565 	 34.0 	 47.0 	 0.16049382716049382 
508.0 	 1105 	 565 	 34.52854919433594 	 48.09334182739258 	 0.16417915960661408 
509.0 	 1107 	 565 	 34.72291564941406 	 48.15975570678711 	 0.16211881009030388 
510.0 	 1109 	 565 	 35.0 	 46.0 	 0.13580246913580246 
511.0 	 1111 	 565 	 35.0 	 47.0 	 0.14634146341463414 
512.0 	 1114 	 565 	 35.0 	 47.0 	 0.14634146341463414 
513.0 	 1116 	 565 	 35.0 	 47.0 	 0.14634146341463414 
514.0 	 1118 	 565 	 35.0 	 46.0 	 0.13580246913580246 
515.0 	 1121 	 565 	 35.0 	 47.0 	 0.14634146341463414 
516.0 	 1123 	 565 	 35.0 	 47.0 	 0.14634146341463414 
517.0 	 1125 	 565 	 35.0 	 47.0 	 0.14634146341463414 
518.0 	 1127 	 565 	 35.0 	 47.0 	 0.14634146341463414 
519.0 	 1129 	 565 	 35.0 	 46.0 	 0.13580246913580246 
520.0 	 1132 	 565 	 35.0 	 47.0 	 0.14634146341463414 
521.0 	 1134 	 565 	 35.0 	 47.0 	 0.14634146341463414 
522.0 	 1137 	 565 	 35.0 	 47.0 	 0.14634146341463414 
523.0 	 1139 	 565 	 35.0 	 47.0 	 0.14634146341463414 
524.0 	 1141 	 565 	 35.0 	 47.0 	 0.14634146341463414 
525.0 	 1143 	 565 	 35.0 	 47.0 	 0.14634146341463414 
526.0 	 1146 	 565 	 35.0 	 47.0 	 0.14634146341463414 
527.0 	 1148 	 565 	 35.0 	 47.0 	 0.14634146341463414 
528.0 	 1150 	 565 	 33.326019287109375 	 48.558876037597656 	 0.18602767567918096 
529.0 	 1152 	 565 	 48.020511627197266 	 34.83980941772461 	 0.1590713388900204 
530.0 	 1154 	 565 	 35.0 	 48.0 	 0.1566265060240964 
531.0 	 1157 	 565 	 35.0 	 47.0 	 0.14634146341463414 
532.0 	 1159 	 565 	 34.0 	 48.0 	 0.17073170731707318 
533.0 	 1161 	 565 	 34.0 	 48.0 	 0.17073170731707318 
534.0 	 1163 	 565 	 34.0 	 48.0 	 0.17073170731707318 
535.0 	 1166 	 565 	 34.0 	 47.0 	 0.16049382716049382 
536.0 	 1168 	 565 	 34.47859573364258 	 48.143890380859375 	 0.16539437736452056 
537.0 	 1171 	 564 	 34.229278564453125 	 48.25930404663086 	 0.17008445336400435 
538.0 	 1173 	 564 	 35.0 	 47.0 	 0.14634146341463414 
539.0 	 1175 	 564 	 36.0 	 48.0 	 0.14285714285714285 
540.0 	 1177 	 564 	 35.0 	 48.0 	 0.1566265060240964 
541.0 	 1179 	 564 	 34.89906692504883 	 47.56574249267578 	 0.15360098030984395 
542.0 	 1181 	 564 	 34.0 	 48.0 	 0.17073170731707318 
543.0 	 1183 	 564 	 34.0 	 47.0 	 0.16049382716049382 
544.0 	 1186 	 564 	 34.0 	 47.0 	 0.16049382716049382 
545.0 	 1188 	 564 	 34.0 	 47.0 	 0.16049382716049382 
546.0 	 1190 	 564 	 34.0 	 47.0 	 0.16049382716049382 
547.0 	 1193 	 564 	 34.0 	 48.0 	 0.17073170731707318 
548.0 	 1195 	 564 	 34.0 	 47.0 	 0.16049382716049382 
549.0 	 1197 	 564 	 34.0 	 46.0 	 0.15 
550.0 	 1200 	 564 	 34.0 	 47.0 	 0.16049382716049382 
551.0 	 1202 	 564 	 34.0 	 47.0 	 0.16049382716049382 
552.0 	 1205 	 564 	 34.0 	 47.0 	 0.16049382716049382 
553.0 	 1207 	 564 	 34.0 	 47.0 	 0.16049382716049382 
554.0 	 1209 	 564 	 34.0 	 48.0 	 0.17073170731707318 
555.0 	 1211 	 564 	 34.0 	 48.0 	 0.17073170731707318 
556.0 	 1214 	 564 	 34.0 	 47.0 	 0.16049382716049382 
557.0 	 1216 	 564 	 34.0 	 48.0 	 0.17073170731707318 
558.0 	 1218 	 564 	 34.0 	 47.0 	 0.16049382716049382 
559.0 	 1221 	 564 	 34.0 	 45.0 	 0.13924050632911392 
560.0 	 1223 	 564 	 35.0 	 47.0 	 0.14634146341463414 
561.0 	 1225 	 564 	 34.0 	 48.0 	 0.17073170731707318 
562.0 	 1227 	 564 	 34.0 	 46.0 	 0.15 
563.0 	 1229 	 564 	 35.0 	 46.0 	 0.13580246913580246 
564.0 	 1232 	 564 	 35.0 	 47.0 	 0.14634146341463414 
565.0 	 1234 	 564 	 35.0 	 45.0 	 0.125 
566.0 	 1236 	 564 	 35.0 	 46.0 	 0.13580246913580246 
567.0 	 1238 	 564 	 35.0 	 47.0 	 0.14634146341463414 
568.0 	 1241 	 564 	 35.0 	 46.0 	 0.13580246913580246 
569.0 	 1243 	 564 	 35.0 	 46.0 	 0.13580246913580246 
570.0 	 1246 	 564 	 35.0 	 47.0 	 0.14634146341463414 
571.0 	 1248 	 564 	 34.0 	 46.0 	 0.15 
572.0 	 1250 	 564 	 34.0 	 46.0 	 0.15 
573.0 	 1252 	 564 	 35.0 	 46.0 	 0.13580246913580246 
574.0 	 1255 	 564 	 34.0 	 47.0 	 0.16049382716049382 
575.0 	 1257 	 564 	 34.0 	 46.0 	 0.15 
576.0 	 1260 	 564 	 35.0 	 47.0 	 0.14634146341463414 
577.0 	 1262 	 564 	 34.0 	 47.0 	 0.16049382716049382 
578.0 	 1264 	 564 	 34.0 	 46.0 	 0.15 
579.0 	 1266 	 564 	 35.0 	 46.0 	 0.13580246913580246 
580.0 	 1268 	 564 	 35.0 	 47.0 	 0.14634146341463414 
581.0 	 1271 	 564 	 34.0 	 45.0 	 0.13924050632911392 
582.0 	 1273 	 564 	 34.0 	 47.0 	 0.16049382716049382 
583.0 	 1275 	 564 	 34.0 	 48.0 	 0.17073170731707318 
584.0 	 1277 	 564 	 34.0 	 46.0 	 0.15 
585.0 	 1279 	 564 	 34.0 	 47.0 	 0.16049382716049382 
586.0 	 1282 	 564 	 35.0 	 48.0 	 0.1566265060240964 
587.0 	 1284 	 564 	 46.0 	 35.0 	 0.13580246913580246 
588.0 	 1287 	 564 	 34.0 	 47.0 	 0.16049382716049382 
589.0 	 1289 	 564 	 34.0 	 48.0 	 0.17073170731707318 
590.0 	 1291 	 564 	 34.0 	 46.0 	 0.15 
591.0 	 1293 	 564 	 34.0 	 45.0 	 0.13924050632911392 
592.0 	 1295 	 564 	 47.0 	 36.0 	 0.13253012048192772 
593.0 	 1298 	 564 	 35.0 	 47.0 	 0.14634146341463414 
594.0 	 1300 	 564 	 35.0 	 46.0 	 0.13580246913580246 
595.0 	 1302 	 564 	 35.0 	 48.0 	 0.1566265060240964 
596.0 	 1304 	 564 	 35.0 	 47.0 	 0.14634146341463414 
597.0 	 1307 	 564 	 34.0 	 45.0 	 0.13924050632911392 
598.0 	 1309 	 564 	 35.0 	 47.0 	 0.14634146341463414 
599.0 	 1311 	 564 	 36.0 	 48.0 	 0.14285714285714285 
600.0 	 1313 	 564 	 36.0 	 46.0 	 0.12195121951219512 
601.0 	 1316 	 564 	 36.0 	 47.0 	 0.13253012048192772 
602.0 	 1318 	 564 	 36.0 	 48.0 	 0.14285714285714285 
603.0 	 1320 	 564 	 36.0 	 47.0 	 0.13253012048192772 
604.0 	 1322 	 564 	 36.0 	 48.0 	 0.14285714285714285 
605.0 	 1324 	 564 	 36.0 	 49.0 	 0.15294117647058825 
606.0 	 1326 	 564 	 35.0 	 47.0 	 0.14634146341463414 
607.0 	 1329 	 564 	 35.0 	 46.0 	 0.13580246913580246 
608.0 	 1331 	 564 	 36.0 	 48.0 	 0.14285714285714285 
609.0 	 1333 	 564 	 36.0 	 46.0 	 0.12195121951219512 
610.0 	 1335 	 564 	 36.0 	 46.0 	 0.12195121951219512 
611.0 	 1338 	 564 	 36.0 	 47.0 	 0.13253012048192772 
612.0 	 1340 	 564 	 36.0 	 47.0 	 0.13253012048192772 
613.0 	 1342 	 564 	 34.0 	 47.0 	 0.16049382716049382 
614.0 	 1344 	 564 	 35.0 	 47.0 	 0.14634146341463414 
615.0 	 1346 	 564 	 35.0 	 47.0 	 0.14634146341463414 
616.0 	 1348 	 564 	 35.0 	 46.0 	 0.13580246913580246 
617.0 	 1350 	 564 	 36.0 	 47.0 	 0.13253012048192772 
618.0 	 1352 	 564 	 36.0 	 48.0 	 0.14285714285714285 
619.0 	 1355 	 564 	 46.0 	 35.0 	 0.13580246913580246 
620.0 	 1357 	 564 	 36.0 	 47.0 	 0.13253012048192772 
621.0 	 1359 	 564 	 36.0 	 48.0 	 0.14285714285714285 
622.0 	 1361 	 564 	 35.0 	 46.0 	 0.13580246913580246 
623.0 	 1363 	 564 	 35.0 	 47.0 	 0.14634146341463414 
624.0 	 1365 	 564 	 36.0 	 47.0 	 0.13253012048192772 
625.0 	 1368 	 564 	 34.0 	 47.0 	 0.16049382716049382 
626.0 	 1370 	 564 	 34.0 	 47.0 	 0.16049382716049382 
627.0 	 1372 	 564 	 36.0 	 48.0 	 0.14285714285714285 
628.0 	 1374 	 564 	 34.0 	 47.0 	 0.16049382716049382 
629.0 	 1376 	 564 	 34.0 	 46.0 	 0.15 
630.0 	 1378 	 564 	 36.0 	 47.0 	 0.13253012048192772 
631.0 	 1380 	 564 	 36.0 	 47.0 	 0.13253012048192772 
632.0 	 1382 	 564 	 45.0 	 36.0 	 0.1111111111111111 
633.0 	 1384 	 564 	 36.0 	 46.0 	 0.12195121951219512 
634.0 	 1386 	 564 	 36.0 	 46.0 	 0.12195121951219512 
635.0 	 1388 	 564 	 35.0 	 45.0 	 0.125 
636.0 	 1390 	 564 	 36.0 	 46.0 	 0.12195121951219512 
637.0 	 1392 	 564 	 34.0 	 45.0 	 0.13924050632911392 
638.0 	 1394 	 564 	 35.0 	 45.0 	 0.125 
639.0 	 1396 	 564 	 35.0 	 45.0 	 0.125 
640.0 	 1398 	 564 	 35.779815673828125 	 47.154266357421875 	 0.1371504983838586 
641.0 	 1400 	 564 	 35.40978240966797 	 45.384368896484375 	 0.12345678895765388 
642.0 	 1402 	 564 	 35.0 	 46.0 	 0.13580246913580246 
643.0 	 1404 	 564 	 36.0 	 47.0 	 0.13253012048192772 
644.0 	 1406 	 564 	 36.0 	 45.0 	 0.1111111111111111 
645.0 	 1408 	 563 	 35.0 	 45.0 	 0.125 
646.0 	 1410 	 563 	 36.0 	 47.0 	 0.13253012048192772 
647.0 	 1412 	 563 	 36.0 	 47.0 	 0.13253012048192772 
648.0 	 1414 	 563 	 35.0 	 45.0 	 0.125 
649.0 	 1416 	 564 	 36.0 	 46.0 	 0.12195121951219512 
650.0 	 1418 	 564 	 36.0 	 46.0 	 0.12195121951219512 
651.0 	 1420 	 564 	 36.0 	 45.0 	 0.1111111111111111 
652.0 	 1422 	 563 	 36.0 	 45.0 	 0.1111111111111111 
653.0 	 1424 	 564 	 35.62232971191406 	 45.174686431884766 	 0.11822660261326799 
654.0 	 1426 	 564 	 35.0 	 46.0 	 0.13580246913580246 
655.0 	 1429 	 564 	 35.0 	 48.0 	 0.1566265060240964 
656.0 	 1431 	 564 	 35.0 	 50.0 	 0.17647058823529413 
657.0 	 1433 	 564 	 35.0 	 49.0 	 0.16666666666666666 
658.0 	 1435 	 563 	 35.0 	 49.0 	 0.16666666666666666 
659.0 	 1437 	 564 	 36.0 	 48.0 	 0.14285714285714285 
660.0 	 1439 	 563 	 36.0 	 47.0 	 0.13253012048192772 
661.0 	 1441 	 564 	 35.0 	 46.0 	 0.13580246913580246 
662.0 	 1443 	 564 	 36.0 	 47.0 	 0.13253012048192772 
663.0 	 1444 	 563 	 35.0 	 46.0 	 0.13580246913580246 
664.0 	 1446 	 563 	 35.0 	 45.0 	 0.125 
665.0 	 1448 	 563 	 36.0 	 46.0 	 0.12195121951219512 
666.0 	 1450 	 563 	 36.0 	 46.0 	 0.12195121951219512 
667.0 	 1452 	 563 	 35.0 	 45.0 	 0.125 
668.0 	 1454 	 564 	 35.0 	 46.0 	 0.13580246913580246 
669.0 	 1456 	 564 	 36.0 	 46.0 	 0.12195121951219512 
670.0 	 1458 	 563 	 35.0 	 46.0 	 0.13580246913580246 
671.0 	 1460 	 563 	 35.0 	 46.0 	 0.13580246913580246 
672.0 	 1462 	 563 	 37.0 	 46.0 	 0.10843373493975904 
673.0 	 1464 	 564 	 35.0 	 46.0 	 0.13580246913580246 
674.0 	 1466 	 563 	 35.0 	 46.0 	 0.13580246913580246 
675.0 	 1468 	 563 	 35.0 	 48.0 	 0.1566265060240964 
676.0 	 1470 	 564 	 35.0 	 49.0 	 0.16666666666666666 
677.0 	 1472 	 563 	 35.0 	 48.0 	 0.1566265060240964 
678.0 	 1475 	 564 	 36.385894775390625 	 46.49678039550781 	 0.1219903387441251 
679.0 	 1477 	 564 	 36.0 	 45.0 	 0.1111111111111111 
680.0 	 1479 	 563 	 36.0 	 43.0 	 0.08860759493670886 
681.0 	 1481 	 563 	 36.0 	 45.0 	 0.1111111111111111 
682.0 	 1483 	 564 	 37.0 	 46.0 	 0.10843373493975904 
683.0 	 1485 	 564 	 36.692230224609375 	 44.31566619873047 	 0.09410731929492053 
684.0 	 1488 	 564 	 37.37046432495117 	 45.42588424682617 	 0.09729197073095126 
685.0 	 1489 	 564 	 37.0 	 45.0 	 0.0975609756097561 
686.0 	 1491 	 563 	 37.0 	 44.0 	 0.08641975308641975 
687.0 	 1493 	 563 	 37.0 	 44.0 	 0.08641975308641975 
688.0 	 1495 	 564 	 37.0 	 45.0 	 0.0975609756097561 
689.0 	 1497 	 564 	 37.0 	 44.0 	 0.08641975308641975 
690.0 	 1499 	 563 	 37.0 	 44.0 	 0.08641975308641975 
691.0 	 1502 	 563 	 37.0 	 45.0 	 0.0975609756097561 
692.0 	 1504 	 563 	 37.0 	 45.0 	 0.0975609756097561 
693.0 	 1506 	 563 	 37.0 	 43.0 	 0.075 
694.0 	 1507 	 563 	 37.0 	 45.0 	 0.0975609756097561 
695.0 	 1509 	 563 	 37.0 	 45.0 	 0.0975609756097561 
696.0 	 1511 	 563 	 37.0 	 42.0 	 0.06329113924050633 
697.0 	 1514 	 563 	 37.0 	 46.0 	 0.10843373493975904 
698.0 	 1516 	 563 	 38.0 	 45.0 	 0.08433734939759036 
699.0 	 1518 	 563 	 36.0 	 43.0 	 0.08860759493670886 
700.0 	 1520 	 563 	 37.0 	 45.0 	 0.0975609756097561 
701.0 	 1522 	 563 	 37.0 	 46.0 	 0.10843373493975904 
702.0 	 1524 	 563 	 36.0 	 44.0 	 0.1 
703.0 	 1526 	 563 	 36.0 	 44.0 	 0.1 
704.0 	 1528 	 563 	 36.0 	 45.0 	 0.1111111111111111 
705.0 	 1530 	 563 	 36.0 	 44.0 	 0.1 
706.0 	 1532 	 563 	 36.0 	 43.0 	 0.08860759493670886 
707.0 	 1534 	 563 	 37.0 	 45.0 	 0.0975609756097561 
708.0 	 1537 	 563 	 37.0 	 43.0 	 0.075 
709.0 	 1539 	 564 	 36.0 	 42.0 	 0.07692307692307693 
710.0 	 1540 	 564 	 37.0 	 45.0 	 0.0975609756097561 
711.0 	 1542 	 564 	 37.0 	 43.0 	 0.075 
712.0 	 1545 	 564 	 37.0 	 42.0 	 0.06329113924050633 
713.0 	 1547 	 564 	 37.0 	 44.0 	 0.08641975308641975 
714.0 	 1549 	 564 	 37.0 	 45.0 	 0.0975609756097561 
715.0 	 1551 	 563 	 36.0 	 43.0 	 0.08860759493670886 
716.0 	 1553 	 564 	 37.0 	 45.0 	 0.0975609756097561 
717.0 	 1555 	 564 	 37.0 	 45.0 	 0.0975609756097561 
718.0 	 1557 	 563 	 37.0 	 43.0 	 0.075 
719.0 	 1559 	 563 	 37.0 	 44.0 	 0.08641975308641975 
720.0 	 1561 	 564 	 37.0 	 45.0 	 0.0975609756097561 
721.0 	 1564 	 564 	 36.0 	 43.0 	 0.08860759493670886 
722.0 	 1566 	 564 	 36.0 	 44.0 	 0.1 
723.0 	 1568 	 564 	 37.0 	 44.0 	 0.08641975308641975 
724.0 	 1570 	 563 	 36.0 	 42.0 	 0.07692307692307693 
725.0 	 1572 	 563 	 43.3416633605957 	 36.47760009765625 	 0.0859950714344737 
726.0 	 1574 	 563 	 36.0 	 42.0 	 0.07692307692307693 
727.0 	 1576 	 563 	 36.0 	 42.0 	 0.07692307692307693 
728.0 	 1579 	 563 	 35.0 	 41.0 	 0.07894736842105263 
729.0 	 1581 	 563 	 36.0 	 44.0 	 0.1 
730.0 	 1583 	 563 	 36.0 	 44.0 	 0.1 
731.0 	 1585 	 563 	 43.0 	 35.0 	 0.10256410256410256 
732.0 	 1587 	 563 	 36.0 	 44.0 	 0.1 
733.0 	 1589 	 563 	 44.0 	 36.0 	 0.1 
734.0 	 1592 	 563 	 34.0 	 43.0 	 0.11688311688311688 
735.0 	 1593 	 563 	 36.054649353027344 	 44.60047912597656 	 0.10595519384950039 
736.0 	 1596 	 563 	 36.213035583496094 	 44.6224479675293 	 0.10403120034192621 
737.0 	 1598 	 563 	 34.0 	 43.0 	 0.11688311688311688 
738.0 	 1600 	 563 	 34.0 	 43.0 	 0.11688311688311688 
739.0 	 1602 	 563 	 35.0 	 45.0 	 0.125 
740.0 	 1604 	 563 	 34.0 	 43.0 	 0.11688311688311688 
741.0 	 1606 	 563 	 34.0 	 44.0 	 0.1282051282051282 
742.0 	 1608 	 563 	 35.0 	 44.0 	 0.11392405063291139 
743.0 	 1611 	 563 	 34.0 	 42.0 	 0.10526315789473684 
744.0 	 1613 	 563 	 34.0 	 42.0 	 0.10526315789473684 
745.0 	 1615 	 563 	 34.0 	 43.0 	 0.11688311688311688 
746.0 	 1617 	 563 	 33.0 	 43.0 	 0.13157894736842105 
747.0 	 1619 	 563 	 32.0 	 42.0 	 0.13513513513513514 
748.0 	 1622 	 563 	 34.0 	 45.0 	 0.13924050632911392 
749.0 	 1624 	 563 	 34.0 	 44.0 	 0.1282051282051282 
750.0 	 1626 	 563 	 34.0 	 42.0 	 0.10526315789473684 
751.0 	 1628 	 563 	 34.0 	 44.0 	 0.1282051282051282 
752.0 	 1630 	 563 	 34.0 	 44.0 	 0.1282051282051282 
753.0 	 1632 	 563 	 32.0 	 42.0 	 0.13513513513513514 
754.0 	 1634 	 563 	 34.0 	 43.0 	 0.11688311688311688 
755.0 	 1636 	 563 	 34.0 	 45.0 	 0.13924050632911392 
756.0 	 1639 	 563 	 33.0 	 43.0 	 0.13157894736842105 
757.0 	 1641 	 563 	 34.0 	 42.0 	 0.10526315789473684 
758.0 	 1643 	 563 	 34.0 	 43.0 	 0.11688311688311688 
759.0 	 1645 	 563 	 33.0 	 43.0 	 0.13157894736842105 
760.0 	 1647 	 563 	 42.43456268310547 	 34.058589935302734 	 0.10949964096246495 
761.0 	 1650 	 563 	 34.0 	 44.0 	 0.1282051282051282 
762.0 	 1652 	 563 	 32.0 	 42.0 	 0.13513513513513514 
763.0 	 1654 	 563 	 32.0 	 40.0 	 0.1111111111111111 
764.0 	 1656 	 563 	 43.0 	 33.0 	 0.13157894736842105 
765.0 	 1658 	 563 	 42.0 	 33.0 	 0.12 
766.0 	 1660 	 563 	 32.0 	 40.0 	 0.1111111111111111 
767.0 	 1663 	 563 	 33.0 	 42.0 	 0.12 
768.0 	 1665 	 563 	 33.0 	 43.0 	 0.13157894736842105 
769.0 	 1667 	 563 	 32.0 	 41.0 	 0.1232876712328767 
770.0 	 1669 	 564 	 33.0 	 43.0 	 0.13157894736842105 
771.0 	 1671 	 563 	 34.0 	 44.0 	 0.1282051282051282 
772.0 	 1673 	 563 	 33.0 	 42.0 	 0.12 
773.0 	 1676 	 563 	 33.0 	 41.0 	 0.10810810810810811 
774.0 	 1677 	 563 	 34.0 	 43.0 	 0.11688311688311688 
775.0 	 1680 	 563 	 32.0 	 42.0 	 0.13513513513513514 
776.0 	 1682 	 563 	 32.0 	 41.0 	 0.1232876712328767 
777.0 	 1684 	 563 	 33.0 	 42.0 	 0.12 
778.0 	 1687 	 563 	 32.0 	 42.0 	 0.13513513513513514 
779.0 	 1689 	 563 	 32.0 	 41.0 	 0.1232876712328767 
780.0 	 1691 	 563 	 33.0 	 43.0 	 0.13157894736842105 
781.0 	 1693 	 563 	 32.0 	 44.0 	 0.15789473684210525 
782.0 	 1696 	 563 	 31.0 	 42.0 	 0.1506849315068493 
783.0 	 1697 	 563 	 33.0 	 43.0 	 0.13157894736842105 
784.0 	 1700 	 563 	 33.0 	 44.0 	 0.14285714285714285 
785.0 	 1702 	 563 	 32.0 	 43.0 	 0.14666666666666667 
786.0 	 1704 	 563 	 44.0 	 33.0 	 0.14285714285714285 
787.0 	 1706 	 563 	 33.0 	 45.0 	 0.15384615384615385 
788.0 	 1708 	 563 	 33.0 	 43.0 	 0.13157894736842105 
789.0 	 1711 	 563 	 33.0 	 43.0 	 0.13157894736842105 
790.0 	 1713 	 563 	 33.0 	 44.0 	 0.14285714285714285 
791.0 	 1715 	 563 	 32.0 	 43.0 	 0.14666666666666667 
792.0 	 1717 	 563 	 41.0 	 32.0 	 0.1232876712328767 
793.0 	 1720 	 563 	 32.0 	 42.0 	 0.13513513513513514 
794.0 	 1722 	 563 	 32.0 	 42.0 	 0.13513513513513514 
795.0 	 1724 	 563 	 30.0 	 42.0 	 0.16666666666666666 
796.0 	 1726 	 563 	 32.0 	 43.0 	 0.14666666666666667 
797.0 	 1729 	 563 	 32.0 	 44.0 	 0.15789473684210525 
798.0 	 1731 	 563 	 30.0 	 41.0 	 0.15492957746478872 
799.0 	 1733 	 563 	 32.0 	 43.0 	 0.14666666666666667 
800.0 	 1735 	 563 	 32.0 	 44.0 	 0.15789473684210525 
801.0 	 1737 	 563 	 32.0 	 42.0 	 0.13513513513513514 
802.0 	 1739 	 563 	 32.0 	 43.0 	 0.14666666666666667 
803.0 	 1741 	 563 	 32.0 	 43.0 	 0.14666666666666667 
804.0 	 1743 	 563 	 32.0 	 42.0 	 0.13513513513513514 
805.0 	 1746 	 563 	 32.0 	 42.0 	 0.13513513513513514 
806.0 	 1748 	 563 	 33.0 	 44.0 	 0.14285714285714285 
807.0 	 1750 	 563 	 32.0 	 42.0 	 0.13513513513513514 
808.0 	 1752 	 563 	 33.0 	 40.0 	 0.0958904109589041 
809.0 	 1754 	 563 	 33.0 	 42.0 	 0.12 
810.0 	 1757 	 563 	 42.2301025390625 	 33.49714279174805 	 0.11532123886409668 
811.0 	 1759 	 563 	 31.0 	 42.0 	 0.1506849315068493 
812.0 	 1761 	 563 	 33.0 	 44.0 	 0.14285714285714285 
813.0 	 1763 	 563 	 33.0 	 43.0 	 0.13157894736842105 
814.0 	 1765 	 563 	 31.0 	 41.0 	 0.1388888888888889 
815.0 	 1767 	 563 	 32.0 	 42.0 	 0.13513513513513514 
816.0 	 1770 	 563 	 33.0 	 43.0 	 0.13157894736842105 
817.0 	 1772 	 563 	 30.0 	 42.0 	 0.16666666666666666 
818.0 	 1774 	 563 	 32.0 	 43.0 	 0.14666666666666667 
819.0 	 1776 	 563 	 33.0 	 44.0 	 0.14285714285714285 
820.0 	 1778 	 563 	 31.0 	 41.0 	 0.1388888888888889 
821.0 	 1780 	 562 	 32.0 	 41.0 	 0.1232876712328767 
822.0 	 1782 	 563 	 33.0 	 42.0 	 0.12 
823.0 	 1785 	 563 	 32.0 	 41.0 	 0.1232876712328767 
824.0 	 1787 	 563 	 31.0 	 40.0 	 0.1267605633802817 
825.0 	 1789 	 563 	 42.20119857788086 	 32.257240295410156 	 0.1335504535542673 
826.0 	 1791 	 563 	 32.0 	 40.0 	 0.1111111111111111 
827.0 	 1794 	 563 	 40.0 	 31.0 	 0.1267605633802817 
828.0 	 1796 	 563 	 42.99209213256836 	 32.24407196044922 	 0.14285709939745092 
829.0 	 1799 	 563 	 43.730892181396484 	 29.706083297729492 	 0.19097748500894432 
830.0 	 1800 	 563 	 41.517879486083984 	 27.764812469482422 	 0.1985065335715004 
831.0 	 1803 	 563 	 30.0 	 43.0 	 0.1780821917808219 
832.0 	 1805 	 563 	 30.0 	 42.0 	 0.16666666666666666 
833.0 	 1807 	 563 	 29.0 	 41.0 	 0.17142857142857143 
834.0 	 1809 	 563 	 30.0 	 43.0 	 0.1780821917808219 
835.0 	 1812 	 563 	 31.0 	 43.0 	 0.16216216216216217 
836.0 	 1814 	 563 	 29.0 	 41.0 	 0.17142857142857143 
837.0 	 1816 	 563 	 41.74312210083008 	 28.933063507080078 	 0.18124999932532132 
838.0 	 1818 	 563 	 43.28715896606445 	 29.31174087524414 	 0.1925017888889321 
839.0 	 1820 	 563 	 28.0 	 41.0 	 0.18840579710144928 
840.0 	 1823 	 563 	 28.0 	 42.0 	 0.2 
841.0 	 1825 	 563 	 28.0 	 42.0 	 0.2 
842.0 	 1827 	 563 	 28.0 	 41.0 	 0.18840579710144928 
843.0 	 1829 	 564 	 27.0 	 40.0 	 0.19402985074626866 
844.0 	 1831 	 563 	 31.0 	 43.0 	 0.16216216216216217 
845.0 	 1834 	 564 	 29.0 	 42.0 	 0.18309859154929578 
846.0 	 1836 	 563 	 29.0 	 41.0 	 0.17142857142857143 
847.0 	 1838 	 563 	 31.0 	 43.0 	 0.16216216216216217 
848.0 	 1840 	 564 	 30.0 	 42.0 	 0.16666666666666666 
849.0 	 1842 	 563 	 29.0 	 40.0 	 0.15942028985507245 
850.0 	 1845 	 563 	 43.416358947753906 	 31.678386688232422 	 0.15630883572627088 
851.0 	 1847 	 563 	 31.0 	 43.0 	 0.16216216216216217 
852.0 	 1849 	 563 	 30.0 	 40.0 	 0.14285714285714285 
853.0 	 1851 	 563 	 29.302289962768555 	 42.984527587890625 	 0.18927707829347237 
854.0 	 1854 	 563 	 44.0 	 31.0 	 0.17333333333333334 
855.0 	 1856 	 563 	 30.0 	 42.0 	 0.16666666666666666 
856.0 	 1858 	 563 	 31.0 	 43.0 	 0.16216216216216217 
857.0 	 1860 	 563 	 31.0 	 45.0 	 0.18421052631578946 
858.0 	 1862 	 563 	 31.0 	 43.0 	 0.16216216216216217 
859.0 	 1864 	 562 	 31.0 	 42.0 	 0.1506849315068493 
860.0 	 1867 	 562 	 30.0 	 44.0 	 0.1891891891891892 
861.0 	 1869 	 562 	 30.0 	 43.0 	 0.1780821917808219 
862.0 	 1871 	 562 	 42.0 	 31.0 	 0.1506849315068493 
863.0 	 1873 	 562 	 33.0 	 45.0 	 0.15384615384615385 
864.0 	 1875 	 562 	 32.0 	 43.0 	 0.14666666666666667 
865.0 	 1877 	 562 	 30.0 	 44.0 	 0.1891891891891892 
866.0 	 1879 	 562 	 32.0 	 45.0 	 0.16883116883116883 
867.0 	 1882 	 563 	 32.0 	 45.0 	 0.16883116883116883 
868.0 	 1883 	 562 	 33.0 	 43.0 	 0.13157894736842105 
869.0 	 1886 	 562 	 32.16304397583008 	 44.91059875488281 	 0.16539447633987323 
870.0 	 1888 	 562 	 33.0 	 44.0 	 0.14285714285714285 
871.0 	 1890 	 562 	 42.0 	 32.0 	 0.13513513513513514 
872.0 	 1892 	 562 	 31.0 	 43.0 	 0.16216216216216217 
873.0 	 1894 	 562 	 33.0 	 45.0 	 0.15384615384615385 
874.0 	 1896 	 562 	 32.0 	 42.0 	 0.13513513513513514 
875.0 	 1897 	 562 	 32.0 	 40.0 	 0.1111111111111111 
876.0 	 1899 	 562 	 33.0 	 39.0 	 0.08333333333333333 
877.0 	 1901 	 563 	 30.0 	 36.0 	 0.09090909090909091 
878.0 	 1902 	 562 	 29.0 	 33.0 	 0.06451612903225806 
879.0 	 1903 	 563 	 31.0 	 32.0 	 0.015873015873015872 
880.0 	 1904 	 563 	 30.0 	 30.0 	 0.0 
881.0 	 1906 	 562 	 29.0 	 27.0 	 0.03571428571428571 
882.0 	 1907 	 563 	 25.0 	 31.0 	 0.10714285714285714 
883.0 	 1908 	 563 	 31.0 	 23.0 	 0.14814814814814814 
884.0 	 1909 	 563 	 30.0 	 21.0 	 0.17647058823529413 
