frame 	 x 	 y 	 width 	 height 	 deformation 
1.0 	 76 	 573 	 46.0 	 53.0 	 0.0707070707070707 
2.0 	 77 	 573 	 47.0 	 55.0 	 0.0784313725490196 
3.0 	 77 	 573 	 47.0 	 53.0 	 0.06 
4.0 	 77 	 573 	 47.0 	 53.0 	 0.06 
5.0 	 77 	 573 	 47.0 	 55.0 	 0.0784313725490196 
6.0 	 77 	 573 	 47.0 	 53.0 	 0.06 
7.0 	 77 	 573 	 47.0 	 53.0 	 0.06 
8.0 	 77 	 573 	 47.0 	 54.0 	 0.06930693069306931 
9.0 	 77 	 573 	 47.0 	 54.0 	 0.06930693069306931 
10.0 	 77 	 573 	 46.0 	 54.0 	 0.08 
11.0 	 77 	 573 	 47.0 	 54.0 	 0.06930693069306931 
12.0 	 77 	 573 	 47.0 	 55.0 	 0.0784313725490196 
13.0 	 77 	 573 	 46.0 	 54.0 	 0.08 
14.0 	 77 	 573 	 47.0 	 55.0 	 0.0784313725490196 
15.0 	 77 	 573 	 47.0 	 55.0 	 0.0784313725490196 
16.0 	 78 	 573 	 46.0 	 54.0 	 0.08 
17.0 	 78 	 573 	 47.0 	 55.0 	 0.0784313725490196 
18.0 	 78 	 573 	 47.0 	 56.0 	 0.08737864077669903 
19.0 	 78 	 573 	 46.0 	 53.0 	 0.0707070707070707 
20.0 	 78 	 573 	 47.0 	 54.0 	 0.06930693069306931 
21.0 	 78 	 573 	 47.0 	 54.0 	 0.06930693069306931 
22.0 	 78 	 573 	 47.0 	 52.0 	 0.050505050505050504 
23.0 	 78 	 573 	 47.0 	 54.0 	 0.06930693069306931 
24.0 	 78 	 573 	 47.0 	 54.0 	 0.06930693069306931 
25.0 	 78 	 573 	 47.0 	 53.0 	 0.06 
26.0 	 78 	 573 	 47.0 	 53.0 	 0.06 
27.0 	 78 	 573 	 48.0 	 54.0 	 0.058823529411764705 
28.0 	 78 	 573 	 47.0 	 53.0 	 0.06 
29.0 	 78 	 573 	 47.0 	 53.0 	 0.06 
30.0 	 78 	 573 	 49.0 	 54.0 	 0.04854368932038835 
31.0 	 78 	 573 	 49.0 	 53.0 	 0.0392156862745098 
32.0 	 78 	 573 	 47.0 	 52.0 	 0.050505050505050504 
33.0 	 78 	 573 	 49.0 	 54.0 	 0.04854368932038835 
34.0 	 78 	 573 	 49.0 	 53.0 	 0.0392156862745098 
35.0 	 78 	 573 	 48.0 	 53.0 	 0.04950495049504951 
36.0 	 79 	 573 	 48.0 	 54.0 	 0.058823529411764705 
37.0 	 79 	 573 	 48.0 	 54.0 	 0.058823529411764705 
38.0 	 79 	 573 	 46.0 	 52.0 	 0.061224489795918366 
39.0 	 79 	 573 	 48.34608459472656 	 53.5971565246582 	 0.05150976045368383 
40.0 	 79 	 573 	 48.0 	 53.0 	 0.04950495049504951 
41.0 	 80 	 573 	 47.0 	 52.0 	 0.050505050505050504 
42.0 	 80 	 573 	 48.0 	 54.0 	 0.058823529411764705 
43.0 	 80 	 573 	 48.0 	 54.0 	 0.058823529411764705 
44.0 	 81 	 573 	 48.0 	 52.0 	 0.04 
45.0 	 81 	 573 	 48.0 	 53.0 	 0.04950495049504951 
46.0 	 82 	 573 	 48.0 	 53.0 	 0.04950495049504951 
47.0 	 82 	 573 	 47.0 	 52.0 	 0.050505050505050504 
48.0 	 83 	 573 	 48.0 	 52.0 	 0.04 
49.0 	 84 	 573 	 48.0 	 52.0 	 0.04 
50.0 	 86 	 573 	 47.0 	 52.0 	 0.050505050505050504 
51.0 	 87 	 573 	 48.0 	 53.0 	 0.04950495049504951 
52.0 	 88 	 573 	 48.0 	 53.0 	 0.04950495049504951 
53.0 	 89 	 573 	 47.0 	 52.0 	 0.050505050505050504 
54.0 	 91 	 573 	 47.0 	 53.0 	 0.06 
55.0 	 92 	 573 	 47.0 	 54.0 	 0.06930693069306931 
56.0 	 93 	 573 	 46.0 	 53.0 	 0.0707070707070707 
57.0 	 94 	 573 	 46.0 	 54.0 	 0.08 
58.0 	 96 	 573 	 47.0 	 54.0 	 0.06930693069306931 
59.0 	 97 	 573 	 46.0 	 53.0 	 0.0707070707070707 
60.0 	 99 	 573 	 46.0 	 53.0 	 0.0707070707070707 
61.0 	 101 	 573 	 46.0 	 54.0 	 0.08 
62.0 	 102 	 573 	 46.0 	 55.0 	 0.0891089108910891 
63.0 	 104 	 573 	 46.0 	 53.0 	 0.0707070707070707 
64.0 	 105 	 573 	 46.0 	 55.0 	 0.0891089108910891 
65.0 	 106 	 573 	 46.0 	 55.0 	 0.0891089108910891 
66.0 	 108 	 573 	 45.0 	 54.0 	 0.09090909090909091 
67.0 	 110 	 573 	 45.0 	 56.0 	 0.10891089108910891 
68.0 	 111 	 573 	 45.0 	 55.0 	 0.1 
69.0 	 113 	 573 	 45.0 	 54.0 	 0.09090909090909091 
70.0 	 115 	 573 	 46.0 	 56.0 	 0.09803921568627451 
71.0 	 117 	 573 	 46.0 	 55.0 	 0.0891089108910891 
72.0 	 119 	 573 	 44.0 	 55.0 	 0.1111111111111111 
73.0 	 120 	 573 	 46.0 	 55.0 	 0.0891089108910891 
74.0 	 122 	 573 	 45.0 	 56.0 	 0.10891089108910891 
75.0 	 123 	 573 	 44.0 	 55.0 	 0.1111111111111111 
76.0 	 125 	 573 	 44.0 	 57.0 	 0.12871287128712872 
77.0 	 127 	 573 	 44.0 	 57.0 	 0.12871287128712872 
78.0 	 129 	 573 	 44.0 	 56.0 	 0.12 
79.0 	 131 	 573 	 44.0 	 57.0 	 0.12871287128712872 
80.0 	 132 	 573 	 44.0 	 57.0 	 0.12871287128712872 
81.0 	 135 	 573 	 44.0 	 55.0 	 0.1111111111111111 
82.0 	 136 	 573 	 44.0 	 57.0 	 0.12871287128712872 
83.0 	 138 	 573 	 44.0 	 58.0 	 0.13725490196078433 
84.0 	 140 	 573 	 43.0 	 58.0 	 0.1485148514851485 
85.0 	 142 	 573 	 43.0 	 58.0 	 0.1485148514851485 
86.0 	 144 	 573 	 43.0 	 59.0 	 0.1568627450980392 
87.0 	 146 	 573 	 42.0 	 60.0 	 0.17647058823529413 
88.0 	 148 	 573 	 42.0 	 59.0 	 0.16831683168316833 
89.0 	 150 	 573 	 43.0 	 60.0 	 0.1650485436893204 
90.0 	 152 	 573 	 42.0 	 59.0 	 0.16831683168316833 
91.0 	 154 	 573 	 42.0 	 58.0 	 0.16 
92.0 	 156 	 573 	 60.0 	 44.0 	 0.15384615384615385 
93.0 	 157 	 573 	 42.0 	 60.0 	 0.17647058823529413 
94.0 	 160 	 573 	 44.0 	 59.0 	 0.14563106796116504 
95.0 	 162 	 573 	 43.0 	 61.0 	 0.17307692307692307 
96.0 	 164 	 573 	 43.0 	 60.0 	 0.1650485436893204 
97.0 	 166 	 573 	 42.0 	 60.0 	 0.17647058823529413 
98.0 	 168 	 573 	 42.0 	 61.0 	 0.18446601941747573 
99.0 	 170 	 573 	 42.0 	 60.0 	 0.17647058823529413 
100.0 	 172 	 573 	 42.0 	 61.0 	 0.18446601941747573 
101.0 	 174 	 573 	 42.0 	 61.0 	 0.18446601941747573 
102.0 	 176 	 573 	 42.0 	 62.0 	 0.19230769230769232 
103.0 	 179 	 573 	 42.0 	 61.0 	 0.18446601941747573 
104.0 	 181 	 573 	 43.0 	 62.0 	 0.18095238095238095 
105.0 	 183 	 573 	 43.0 	 62.0 	 0.18095238095238095 
106.0 	 185 	 573 	 42.0 	 62.0 	 0.19230769230769232 
107.0 	 187 	 573 	 42.0 	 62.0 	 0.19230769230769232 
108.0 	 189 	 573 	 42.0 	 63.0 	 0.2 
109.0 	 191 	 573 	 42.0 	 63.0 	 0.2 
110.0 	 194 	 573 	 42.0 	 64.0 	 0.20754716981132076 
111.0 	 196 	 573 	 42.0 	 64.0 	 0.20754716981132076 
112.0 	 198 	 573 	 42.0 	 63.0 	 0.2 
113.0 	 200 	 573 	 42.0 	 62.0 	 0.19230769230769232 
114.0 	 202 	 573 	 42.0 	 64.0 	 0.20754716981132076 
115.0 	 204 	 573 	 42.0 	 64.0 	 0.20754716981132076 
116.0 	 207 	 573 	 42.0 	 63.0 	 0.2 
117.0 	 209 	 573 	 42.0 	 64.0 	 0.20754716981132076 
118.0 	 211 	 573 	 42.0 	 64.0 	 0.20754716981132076 
119.0 	 213 	 573 	 41.0 	 63.0 	 0.21153846153846154 
120.0 	 216 	 573 	 42.0 	 64.0 	 0.20754716981132076 
121.0 	 218 	 573 	 42.0 	 64.0 	 0.20754716981132076 
122.0 	 220 	 573 	 42.0 	 64.0 	 0.20754716981132076 
123.0 	 222 	 573 	 42.0 	 64.0 	 0.20754716981132076 
124.0 	 225 	 573 	 42.0 	 65.0 	 0.21495327102803738 
125.0 	 227 	 573 	 42.0 	 63.0 	 0.2 
126.0 	 229 	 573 	 42.0 	 64.0 	 0.20754716981132076 
127.0 	 232 	 573 	 42.0 	 65.0 	 0.21495327102803738 
128.0 	 234 	 573 	 42.0 	 64.0 	 0.20754716981132076 
129.0 	 236 	 573 	 42.0 	 65.0 	 0.21495327102803738 
130.0 	 238 	 573 	 42.0 	 66.0 	 0.2222222222222222 
131.0 	 240 	 573 	 41.0 	 65.0 	 0.22641509433962265 
132.0 	 243 	 573 	 41.0 	 65.0 	 0.22641509433962265 
133.0 	 245 	 573 	 40.0 	 66.0 	 0.24528301886792453 
134.0 	 248 	 573 	 40.0 	 66.0 	 0.24528301886792453 
135.0 	 250 	 573 	 40.0 	 66.0 	 0.24528301886792453 
136.0 	 252 	 573 	 41.0 	 66.0 	 0.2336448598130841 
137.0 	 255 	 573 	 41.0 	 65.0 	 0.22641509433962265 
138.0 	 257 	 573 	 40.0 	 65.0 	 0.23809523809523808 
139.0 	 259 	 573 	 41.0 	 67.0 	 0.24074074074074073 
140.0 	 261 	 573 	 40.0 	 67.0 	 0.2523364485981308 
141.0 	 264 	 573 	 41.0 	 66.0 	 0.2336448598130841 
142.0 	 266 	 573 	 41.0 	 67.0 	 0.24074074074074073 
143.0 	 268 	 573 	 41.0 	 67.0 	 0.24074074074074073 
144.0 	 270 	 573 	 41.0 	 65.0 	 0.22641509433962265 
145.0 	 273 	 573 	 40.0 	 66.0 	 0.24528301886792453 
146.0 	 275 	 573 	 40.0 	 65.0 	 0.23809523809523808 
147.0 	 277 	 573 	 40.0 	 66.0 	 0.24528301886792453 
148.0 	 279 	 573 	 41.0 	 67.0 	 0.24074074074074073 
149.0 	 281 	 573 	 41.0 	 67.0 	 0.24074074074074073 
150.0 	 284 	 573 	 40.0 	 66.0 	 0.24528301886792453 
151.0 	 286 	 573 	 41.0 	 67.0 	 0.24074074074074073 
152.0 	 289 	 573 	 41.0 	 67.0 	 0.24074074074074073 
153.0 	 291 	 573 	 40.0 	 66.0 	 0.24528301886792453 
154.0 	 293 	 573 	 40.0 	 68.0 	 0.25925925925925924 
155.0 	 295 	 573 	 68.0 	 41.0 	 0.24770642201834864 
156.0 	 298 	 573 	 40.0 	 67.0 	 0.2523364485981308 
157.0 	 300 	 573 	 40.0 	 67.0 	 0.2523364485981308 
158.0 	 302 	 573 	 40.0 	 68.0 	 0.25925925925925924 
159.0 	 305 	 573 	 40.0 	 67.0 	 0.2523364485981308 
160.0 	 307 	 573 	 40.0 	 67.0 	 0.2523364485981308 
161.0 	 309 	 573 	 41.0 	 68.0 	 0.24770642201834864 
162.0 	 312 	 573 	 40.0 	 67.0 	 0.2523364485981308 
163.0 	 314 	 573 	 40.0 	 67.0 	 0.2523364485981308 
164.0 	 316 	 573 	 40.0 	 68.0 	 0.25925925925925924 
165.0 	 318 	 573 	 40.0 	 68.0 	 0.25925925925925924 
166.0 	 321 	 573 	 40.0 	 68.0 	 0.25925925925925924 
167.0 	 323 	 573 	 40.0 	 69.0 	 0.26605504587155965 
168.0 	 325 	 573 	 40.0 	 68.0 	 0.25925925925925924 
169.0 	 328 	 573 	 40.0 	 67.0 	 0.2523364485981308 
170.0 	 330 	 573 	 40.0 	 67.0 	 0.2523364485981308 
171.0 	 332 	 573 	 40.0 	 68.0 	 0.25925925925925924 
172.0 	 335 	 573 	 40.0 	 67.0 	 0.2523364485981308 
173.0 	 337 	 573 	 40.0 	 69.0 	 0.26605504587155965 
174.0 	 339 	 573 	 40.0 	 69.0 	 0.26605504587155965 
175.0 	 341 	 573 	 40.0 	 67.0 	 0.2523364485981308 
176.0 	 343 	 573 	 40.0 	 68.0 	 0.25925925925925924 
177.0 	 346 	 573 	 40.0 	 68.0 	 0.25925925925925924 
178.0 	 348 	 573 	 40.0 	 67.0 	 0.2523364485981308 
179.0 	 350 	 573 	 40.0 	 67.0 	 0.2523364485981308 
180.0 	 352 	 573 	 40.0 	 68.0 	 0.25925925925925924 
181.0 	 354 	 573 	 40.0 	 68.0 	 0.25925925925925924 
182.0 	 357 	 573 	 40.0 	 69.0 	 0.26605504587155965 
183.0 	 359 	 573 	 40.0 	 68.0 	 0.25925925925925924 
184.0 	 362 	 573 	 40.0 	 69.0 	 0.26605504587155965 
185.0 	 364 	 573 	 40.0 	 69.0 	 0.26605504587155965 
186.0 	 366 	 573 	 40.0 	 69.0 	 0.26605504587155965 
187.0 	 368 	 573 	 39.0 	 68.0 	 0.27102803738317754 
188.0 	 370 	 573 	 40.0 	 68.0 	 0.25925925925925924 
189.0 	 373 	 573 	 39.0 	 70.0 	 0.28440366972477066 
190.0 	 375 	 573 	 39.0 	 69.0 	 0.2777777777777778 
191.0 	 377 	 573 	 39.0 	 69.0 	 0.2777777777777778 
192.0 	 379 	 573 	 40.0 	 69.0 	 0.26605504587155965 
193.0 	 381 	 573 	 40.0 	 69.0 	 0.26605504587155965 
194.0 	 384 	 573 	 40.0 	 69.0 	 0.26605504587155965 
195.0 	 386 	 573 	 40.0 	 69.0 	 0.26605504587155965 
196.0 	 389 	 573 	 40.0 	 69.0 	 0.26605504587155965 
197.0 	 391 	 573 	 40.0 	 68.0 	 0.25925925925925924 
198.0 	 393 	 573 	 40.0 	 68.0 	 0.25925925925925924 
199.0 	 395 	 573 	 40.0 	 69.0 	 0.26605504587155965 
200.0 	 397 	 573 	 40.0 	 68.0 	 0.25925925925925924 
201.0 	 399 	 573 	 40.0 	 68.0 	 0.25925925925925924 
202.0 	 402 	 573 	 39.8002815246582 	 68.21479034423828 	 0.26306059263718534 
203.0 	 404 	 573 	 40.0 	 68.0 	 0.25925925925925924 
204.0 	 406 	 573 	 40.0 	 69.0 	 0.26605504587155965 
205.0 	 408 	 573 	 39.0 	 68.0 	 0.27102803738317754 
206.0 	 411 	 573 	 39.0 	 68.0 	 0.27102803738317754 
207.0 	 413 	 573 	 39.0 	 68.0 	 0.27102803738317754 
208.0 	 415 	 573 	 39.0 	 68.0 	 0.27102803738317754 
209.0 	 416 	 573 	 39.0 	 68.0 	 0.27102803738317754 
210.0 	 419 	 573 	 39.0 	 68.0 	 0.27102803738317754 
211.0 	 421 	 573 	 39.0 	 67.0 	 0.2641509433962264 
212.0 	 423 	 573 	 39.0 	 67.0 	 0.2641509433962264 
213.0 	 425 	 573 	 39.0 	 67.0 	 0.2641509433962264 
214.0 	 427 	 573 	 39.0 	 66.0 	 0.2571428571428571 
215.0 	 429 	 573 	 39.0 	 65.0 	 0.25 
216.0 	 431 	 573 	 39.0 	 66.0 	 0.2571428571428571 
217.0 	 433 	 573 	 37.0 	 67.0 	 0.28846153846153844 
218.0 	 436 	 573 	 66.47681427001953 	 37.64295196533203 	 0.2769297641286636 
219.0 	 438 	 573 	 38.0 	 67.0 	 0.2761904761904762 
220.0 	 440 	 573 	 37.0 	 69.0 	 0.3018867924528302 
221.0 	 443 	 573 	 37.0 	 67.0 	 0.28846153846153844 
222.0 	 445 	 573 	 37.0 	 67.0 	 0.28846153846153844 
223.0 	 447 	 573 	 37.0 	 68.0 	 0.29523809523809524 
224.0 	 450 	 573 	 37.0 	 68.0 	 0.29523809523809524 
225.0 	 452 	 573 	 35.0 	 68.0 	 0.32038834951456313 
226.0 	 454 	 573 	 36.0 	 68.0 	 0.3076923076923077 
227.0 	 457 	 572 	 68.11759948730469 	 34.66147994995117 	 0.32551487832480214 
228.0 	 459 	 572 	 67.00043487548828 	 34.632080078125 	 0.3184842450483167 
229.0 	 461 	 573 	 35.0 	 69.0 	 0.3269230769230769 
230.0 	 464 	 572 	 34.0 	 69.0 	 0.33980582524271846 
231.0 	 466 	 572 	 34.0 	 68.0 	 0.3333333333333333 
232.0 	 468 	 573 	 34.0 	 69.0 	 0.33980582524271846 
233.0 	 470 	 573 	 35.0 	 68.0 	 0.32038834951456313 
234.0 	 473 	 573 	 35.0 	 67.0 	 0.3137254901960784 
235.0 	 475 	 572 	 35.805137634277344 	 69.36465454101562 	 0.3190984427429748 
236.0 	 478 	 573 	 35.0 	 69.0 	 0.3269230769230769 
237.0 	 480 	 572 	 35.0 	 68.0 	 0.32038834951456313 
238.0 	 482 	 572 	 37.0 	 69.0 	 0.3018867924528302 
239.0 	 484 	 573 	 37.0 	 69.0 	 0.3018867924528302 
240.0 	 487 	 572 	 68.26542663574219 	 36.6906623840332 	 0.3008378508250226 
241.0 	 489 	 572 	 36.0 	 66.0 	 0.29411764705882354 
242.0 	 491 	 573 	 36.0 	 68.0 	 0.3076923076923077 
243.0 	 494 	 573 	 36.0 	 67.0 	 0.30097087378640774 
244.0 	 496 	 573 	 38.0 	 68.0 	 0.2830188679245283 
245.0 	 498 	 573 	 38.0 	 69.0 	 0.2897196261682243 
246.0 	 500 	 573 	 38.0 	 67.0 	 0.2761904761904762 
247.0 	 502 	 573 	 38.0 	 67.0 	 0.2761904761904762 
248.0 	 504 	 573 	 38.0 	 69.0 	 0.2897196261682243 
249.0 	 506 	 573 	 38.0 	 70.0 	 0.2962962962962963 
250.0 	 508 	 573 	 38.0 	 69.0 	 0.2897196261682243 
251.0 	 510 	 573 	 38.0 	 69.0 	 0.2897196261682243 
252.0 	 512 	 573 	 38.0 	 69.0 	 0.2897196261682243 
253.0 	 514 	 573 	 38.0 	 69.0 	 0.2897196261682243 
254.0 	 516 	 573 	 38.0 	 70.0 	 0.2962962962962963 
255.0 	 518 	 573 	 38.0 	 69.0 	 0.2897196261682243 
256.0 	 521 	 573 	 39.0 	 67.0 	 0.2641509433962264 
257.0 	 522 	 573 	 39.0 	 68.0 	 0.27102803738317754 
258.0 	 524 	 573 	 39.0 	 68.0 	 0.27102803738317754 
259.0 	 527 	 572 	 38.0 	 66.0 	 0.2692307692307692 
260.0 	 528 	 573 	 39.0 	 67.0 	 0.2641509433962264 
261.0 	 531 	 573 	 39.0 	 68.0 	 0.27102803738317754 
262.0 	 533 	 573 	 39.0 	 66.0 	 0.2571428571428571 
263.0 	 535 	 573 	 39.0 	 66.0 	 0.2571428571428571 
264.0 	 537 	 573 	 39.0 	 68.0 	 0.27102803738317754 
265.0 	 539 	 572 	 38.0 	 67.0 	 0.2761904761904762 
266.0 	 541 	 572 	 38.0 	 68.0 	 0.2830188679245283 
267.0 	 544 	 572 	 39.0 	 70.0 	 0.28440366972477066 
268.0 	 546 	 572 	 38.0 	 70.0 	 0.2962962962962963 
269.0 	 548 	 572 	 38.0 	 70.0 	 0.2962962962962963 
270.0 	 550 	 572 	 39.0 	 71.0 	 0.2909090909090909 
271.0 	 553 	 573 	 70.0 	 39.0 	 0.28440366972477066 
272.0 	 555 	 572 	 38.0 	 70.0 	 0.2962962962962963 
273.0 	 557 	 572 	 39.0 	 71.0 	 0.2909090909090909 
274.0 	 559 	 572 	 39.0 	 71.0 	 0.2909090909090909 
275.0 	 562 	 572 	 39.0 	 71.0 	 0.2909090909090909 
276.0 	 563 	 572 	 39.0 	 71.0 	 0.2909090909090909 
277.0 	 565 	 572 	 39.0 	 71.0 	 0.2909090909090909 
278.0 	 568 	 572 	 39.0 	 70.0 	 0.28440366972477066 
279.0 	 570 	 573 	 40.0 	 71.0 	 0.27927927927927926 
280.0 	 572 	 572 	 39.0 	 72.0 	 0.2972972972972973 
281.0 	 574 	 572 	 39.0 	 71.0 	 0.2909090909090909 
282.0 	 576 	 572 	 39.0 	 71.0 	 0.2909090909090909 
283.0 	 578 	 573 	 39.0 	 72.0 	 0.2972972972972973 
284.0 	 581 	 572 	 39.0 	 71.0 	 0.2909090909090909 
285.0 	 583 	 572 	 39.0 	 71.0 	 0.2909090909090909 
286.0 	 585 	 573 	 39.0 	 71.0 	 0.2909090909090909 
287.0 	 588 	 572 	 39.0 	 70.0 	 0.28440366972477066 
288.0 	 590 	 573 	 39.0 	 71.0 	 0.2909090909090909 
289.0 	 592 	 573 	 39.0 	 71.0 	 0.2909090909090909 
290.0 	 594 	 572 	 39.0 	 70.0 	 0.28440366972477066 
291.0 	 596 	 572 	 39.0 	 70.0 	 0.28440366972477066 
292.0 	 599 	 572 	 39.0 	 71.0 	 0.2909090909090909 
293.0 	 601 	 572 	 39.0 	 70.0 	 0.28440366972477066 
294.0 	 603 	 572 	 39.0 	 72.0 	 0.2972972972972973 
295.0 	 606 	 572 	 39.0 	 72.0 	 0.2972972972972973 
296.0 	 608 	 572 	 39.0 	 71.0 	 0.2909090909090909 
297.0 	 610 	 572 	 39.0 	 72.0 	 0.2972972972972973 
298.0 	 612 	 572 	 39.0 	 73.0 	 0.30357142857142855 
299.0 	 614 	 572 	 39.0 	 74.0 	 0.30973451327433627 
300.0 	 617 	 572 	 39.0 	 73.0 	 0.30357142857142855 
301.0 	 618 	 572 	 39.0 	 73.0 	 0.30357142857142855 
302.0 	 621 	 572 	 39.0 	 74.0 	 0.30973451327433627 
303.0 	 624 	 572 	 39.0 	 73.0 	 0.30357142857142855 
304.0 	 626 	 572 	 39.0 	 73.0 	 0.30357142857142855 
305.0 	 628 	 572 	 39.0 	 74.0 	 0.30973451327433627 
306.0 	 631 	 572 	 39.0 	 73.0 	 0.30357142857142855 
307.0 	 633 	 572 	 39.0 	 73.0 	 0.30357142857142855 
308.0 	 635 	 572 	 39.0 	 74.0 	 0.30973451327433627 
309.0 	 638 	 572 	 39.0 	 74.0 	 0.30973451327433627 
310.0 	 640 	 572 	 39.0 	 73.0 	 0.30357142857142855 
311.0 	 642 	 572 	 39.0 	 74.0 	 0.30973451327433627 
312.0 	 645 	 572 	 39.0 	 73.0 	 0.30357142857142855 
313.0 	 647 	 572 	 38.0 	 73.0 	 0.3153153153153153 
314.0 	 649 	 572 	 38.0 	 74.0 	 0.32142857142857145 
315.0 	 652 	 572 	 38.0 	 73.0 	 0.3153153153153153 
316.0 	 654 	 572 	 38.0 	 73.0 	 0.3153153153153153 
317.0 	 657 	 572 	 38.0 	 74.0 	 0.32142857142857145 
318.0 	 659 	 572 	 38.0 	 73.0 	 0.3153153153153153 
319.0 	 661 	 572 	 38.0 	 73.0 	 0.3153153153153153 
320.0 	 664 	 572 	 38.0 	 74.0 	 0.32142857142857145 
321.0 	 666 	 572 	 39.0 	 73.0 	 0.30357142857142855 
322.0 	 668 	 572 	 39.0 	 74.0 	 0.30973451327433627 
323.0 	 671 	 572 	 38.0 	 74.0 	 0.32142857142857145 
324.0 	 673 	 572 	 38.0 	 75.0 	 0.3274336283185841 
325.0 	 675 	 572 	 38.0 	 74.0 	 0.32142857142857145 
326.0 	 678 	 572 	 38.0 	 74.0 	 0.32142857142857145 
327.0 	 680 	 572 	 39.0 	 75.0 	 0.3157894736842105 
328.0 	 683 	 572 	 39.0 	 74.0 	 0.30973451327433627 
329.0 	 685 	 572 	 38.0 	 75.0 	 0.3274336283185841 
330.0 	 688 	 572 	 38.0 	 74.0 	 0.32142857142857145 
331.0 	 690 	 572 	 38.0 	 73.0 	 0.3153153153153153 
332.0 	 692 	 572 	 38.0 	 75.0 	 0.3274336283185841 
333.0 	 694 	 572 	 38.0 	 75.0 	 0.3274336283185841 
334.0 	 697 	 572 	 38.0 	 75.0 	 0.3274336283185841 
335.0 	 699 	 572 	 38.0 	 75.0 	 0.3274336283185841 
336.0 	 702 	 572 	 38.0 	 75.0 	 0.3274336283185841 
337.0 	 704 	 572 	 38.0 	 74.0 	 0.32142857142857145 
338.0 	 706 	 572 	 38.0 	 75.0 	 0.3274336283185841 
339.0 	 708 	 572 	 38.0 	 74.0 	 0.32142857142857145 
340.0 	 711 	 572 	 38.0 	 73.0 	 0.3153153153153153 
341.0 	 713 	 572 	 38.0 	 75.0 	 0.3274336283185841 
342.0 	 716 	 572 	 38.0 	 74.0 	 0.32142857142857145 
343.0 	 718 	 572 	 38.0 	 74.0 	 0.32142857142857145 
344.0 	 721 	 572 	 38.0 	 74.0 	 0.32142857142857145 
345.0 	 723 	 572 	 38.0 	 75.0 	 0.3274336283185841 
346.0 	 725 	 572 	 38.0 	 75.0 	 0.3274336283185841 
347.0 	 728 	 572 	 38.0 	 74.0 	 0.32142857142857145 
348.0 	 730 	 572 	 38.0 	 75.0 	 0.3274336283185841 
349.0 	 733 	 572 	 38.0 	 74.0 	 0.32142857142857145 
350.0 	 735 	 572 	 37.0 	 74.0 	 0.3333333333333333 
351.0 	 737 	 572 	 37.0 	 74.0 	 0.3333333333333333 
352.0 	 739 	 572 	 37.0 	 75.0 	 0.3392857142857143 
353.0 	 742 	 572 	 38.0 	 74.0 	 0.32142857142857145 
354.0 	 744 	 572 	 38.0 	 75.0 	 0.3274336283185841 
355.0 	 747 	 572 	 38.0 	 74.0 	 0.32142857142857145 
356.0 	 750 	 572 	 38.0 	 74.0 	 0.32142857142857145 
357.0 	 752 	 572 	 38.0 	 74.0 	 0.32142857142857145 
358.0 	 754 	 572 	 38.0 	 74.0 	 0.32142857142857145 
359.0 	 756 	 572 	 38.0 	 74.0 	 0.32142857142857145 
360.0 	 758 	 572 	 38.0 	 74.0 	 0.32142857142857145 
361.0 	 761 	 572 	 37.0 	 75.0 	 0.3392857142857143 
362.0 	 763 	 572 	 37.0 	 74.0 	 0.3333333333333333 
363.0 	 765 	 572 	 38.0 	 74.0 	 0.32142857142857145 
364.0 	 768 	 572 	 38.0 	 74.0 	 0.32142857142857145 
365.0 	 771 	 572 	 38.0 	 74.0 	 0.32142857142857145 
366.0 	 773 	 572 	 38.0 	 75.0 	 0.3274336283185841 
367.0 	 775 	 572 	 38.0 	 74.0 	 0.32142857142857145 
368.0 	 777 	 572 	 37.0 	 75.0 	 0.3392857142857143 
369.0 	 780 	 572 	 37.0 	 74.0 	 0.3333333333333333 
370.0 	 782 	 572 	 37.0 	 74.0 	 0.3333333333333333 
371.0 	 784 	 572 	 37.0 	 73.0 	 0.32727272727272727 
372.0 	 787 	 572 	 38.0 	 74.0 	 0.32142857142857145 
373.0 	 789 	 572 	 37.0 	 74.0 	 0.3333333333333333 
374.0 	 791 	 572 	 37.0 	 74.0 	 0.3333333333333333 
375.0 	 794 	 572 	 37.0 	 74.0 	 0.3333333333333333 
376.0 	 796 	 572 	 37.0 	 75.0 	 0.3392857142857143 
377.0 	 798 	 572 	 37.0 	 75.0 	 0.3392857142857143 
378.0 	 801 	 572 	 37.0 	 75.0 	 0.3392857142857143 
379.0 	 803 	 572 	 38.0 	 76.0 	 0.3333333333333333 
380.0 	 806 	 572 	 37.0 	 75.0 	 0.3392857142857143 
381.0 	 808 	 572 	 36.0 	 74.0 	 0.34545454545454546 
382.0 	 811 	 572 	 36.0 	 76.0 	 0.35714285714285715 
383.0 	 813 	 572 	 36.0 	 75.0 	 0.35135135135135137 
384.0 	 815 	 572 	 36.0 	 75.0 	 0.35135135135135137 
385.0 	 818 	 571 	 35.0 	 76.0 	 0.36936936936936937 
386.0 	 820 	 571 	 35.0 	 76.0 	 0.36936936936936937 
387.0 	 822 	 571 	 37.0 	 75.0 	 0.3392857142857143 
388.0 	 825 	 572 	 37.0 	 76.0 	 0.34513274336283184 
389.0 	 827 	 572 	 37.0 	 76.0 	 0.34513274336283184 
390.0 	 830 	 571 	 38.0 	 75.0 	 0.3274336283185841 
391.0 	 832 	 571 	 38.0 	 76.0 	 0.3333333333333333 
392.0 	 834 	 572 	 38.0 	 76.0 	 0.3333333333333333 
393.0 	 837 	 572 	 38.0 	 75.0 	 0.3274336283185841 
394.0 	 839 	 572 	 38.0 	 76.0 	 0.3333333333333333 
395.0 	 841 	 572 	 38.0 	 77.0 	 0.3391304347826087 
396.0 	 844 	 571 	 38.0 	 76.0 	 0.3333333333333333 
397.0 	 846 	 571 	 36.0 	 75.0 	 0.35135135135135137 
398.0 	 848 	 571 	 37.0 	 75.0 	 0.3392857142857143 
399.0 	 851 	 571 	 37.0 	 74.0 	 0.3333333333333333 
400.0 	 853 	 571 	 37.0 	 75.0 	 0.3392857142857143 
401.0 	 855 	 571 	 37.0 	 75.0 	 0.3392857142857143 
402.0 	 858 	 571 	 37.0 	 75.0 	 0.3392857142857143 
403.0 	 860 	 571 	 37.0 	 76.0 	 0.34513274336283184 
404.0 	 862 	 571 	 37.0 	 76.0 	 0.34513274336283184 
405.0 	 865 	 571 	 37.0 	 75.0 	 0.3392857142857143 
406.0 	 867 	 571 	 37.0 	 75.0 	 0.3392857142857143 
407.0 	 869 	 571 	 37.0 	 76.0 	 0.34513274336283184 
408.0 	 871 	 571 	 37.0 	 76.0 	 0.34513274336283184 
409.0 	 873 	 571 	 76.0 	 38.0 	 0.3333333333333333 
410.0 	 875 	 571 	 38.0 	 76.0 	 0.3333333333333333 
411.0 	 877 	 571 	 38.0 	 76.0 	 0.3333333333333333 
412.0 	 880 	 571 	 37.0 	 75.0 	 0.3392857142857143 
413.0 	 882 	 571 	 76.0 	 38.0 	 0.3333333333333333 
414.0 	 884 	 571 	 37.0 	 75.0 	 0.3392857142857143 
415.0 	 887 	 571 	 37.0 	 74.0 	 0.3333333333333333 
416.0 	 889 	 571 	 37.0 	 75.0 	 0.3392857142857143 
417.0 	 891 	 571 	 38.0 	 75.0 	 0.3274336283185841 
418.0 	 894 	 571 	 37.0 	 76.0 	 0.34513274336283184 
419.0 	 896 	 571 	 38.0 	 76.0 	 0.3333333333333333 
420.0 	 898 	 571 	 37.0 	 76.0 	 0.34513274336283184 
421.0 	 900 	 571 	 37.0 	 75.0 	 0.3392857142857143 
422.0 	 903 	 571 	 37.0 	 76.0 	 0.34513274336283184 
423.0 	 905 	 571 	 37.0 	 77.0 	 0.3508771929824561 
424.0 	 908 	 571 	 37.0 	 76.0 	 0.34513274336283184 
425.0 	 910 	 571 	 37.0 	 75.0 	 0.3392857142857143 
426.0 	 912 	 571 	 37.0 	 75.0 	 0.3392857142857143 
427.0 	 915 	 571 	 37.0 	 75.0 	 0.3392857142857143 
428.0 	 917 	 571 	 37.0 	 76.0 	 0.34513274336283184 
429.0 	 919 	 571 	 37.0 	 76.0 	 0.34513274336283184 
430.0 	 922 	 571 	 37.0 	 75.0 	 0.3392857142857143 
431.0 	 924 	 571 	 37.0 	 75.0 	 0.3392857142857143 
432.0 	 926 	 571 	 37.0 	 76.0 	 0.34513274336283184 
433.0 	 928 	 571 	 37.0 	 76.0 	 0.34513274336283184 
434.0 	 931 	 571 	 37.0 	 75.0 	 0.3392857142857143 
435.0 	 933 	 571 	 37.0 	 76.0 	 0.34513274336283184 
436.0 	 935 	 571 	 37.0 	 76.0 	 0.34513274336283184 
437.0 	 938 	 571 	 37.0 	 75.0 	 0.3392857142857143 
438.0 	 940 	 571 	 36.0 	 76.0 	 0.35714285714285715 
439.0 	 942 	 571 	 36.0 	 76.0 	 0.35714285714285715 
440.0 	 945 	 571 	 36.0 	 75.0 	 0.35135135135135137 
441.0 	 947 	 571 	 37.0 	 76.0 	 0.34513274336283184 
442.0 	 949 	 571 	 37.0 	 77.0 	 0.3508771929824561 
443.0 	 952 	 571 	 37.0 	 75.0 	 0.3392857142857143 
444.0 	 954 	 571 	 37.0 	 76.0 	 0.34513274336283184 
445.0 	 956 	 571 	 37.0 	 77.0 	 0.3508771929824561 
446.0 	 959 	 571 	 37.0 	 76.0 	 0.34513274336283184 
447.0 	 961 	 571 	 37.0 	 76.0 	 0.34513274336283184 
448.0 	 964 	 571 	 37.0 	 76.0 	 0.34513274336283184 
449.0 	 966 	 571 	 37.0 	 77.0 	 0.3508771929824561 
450.0 	 969 	 571 	 37.0 	 76.0 	 0.34513274336283184 
451.0 	 971 	 571 	 37.0 	 76.0 	 0.34513274336283184 
452.0 	 973 	 571 	 37.0 	 76.0 	 0.34513274336283184 
453.0 	 975 	 571 	 37.0 	 76.0 	 0.34513274336283184 
454.0 	 978 	 571 	 37.0 	 76.0 	 0.34513274336283184 
455.0 	 981 	 571 	 37.0 	 76.0 	 0.34513274336283184 
456.0 	 983 	 571 	 37.0 	 76.0 	 0.34513274336283184 
457.0 	 985 	 571 	 36.0 	 76.0 	 0.35714285714285715 
458.0 	 988 	 571 	 36.0 	 76.0 	 0.35714285714285715 
459.0 	 990 	 571 	 36.0 	 77.0 	 0.36283185840707965 
460.0 	 993 	 571 	 36.0 	 77.0 	 0.36283185840707965 
461.0 	 995 	 571 	 36.0 	 76.0 	 0.35714285714285715 
462.0 	 997 	 571 	 36.0 	 76.0 	 0.35714285714285715 
463.0 	 1000 	 571 	 36.0 	 77.0 	 0.36283185840707965 
464.0 	 1002 	 571 	 36.0 	 76.0 	 0.35714285714285715 
465.0 	 1004 	 571 	 36.0 	 76.0 	 0.35714285714285715 
466.0 	 1007 	 571 	 37.0 	 76.0 	 0.34513274336283184 
467.0 	 1009 	 571 	 36.0 	 76.0 	 0.35714285714285715 
468.0 	 1012 	 571 	 36.0 	 77.0 	 0.36283185840707965 
469.0 	 1013 	 571 	 37.0 	 77.0 	 0.3508771929824561 
470.0 	 1016 	 571 	 37.0 	 77.0 	 0.3508771929824561 
471.0 	 1018 	 571 	 36.0 	 77.0 	 0.36283185840707965 
472.0 	 1021 	 571 	 36.0 	 77.0 	 0.36283185840707965 
473.0 	 1023 	 571 	 36.0 	 76.0 	 0.35714285714285715 
474.0 	 1026 	 571 	 36.0 	 77.0 	 0.36283185840707965 
475.0 	 1028 	 571 	 36.0 	 77.0 	 0.36283185840707965 
476.0 	 1030 	 571 	 36.0 	 78.0 	 0.3684210526315789 
477.0 	 1032 	 571 	 36.0 	 77.0 	 0.36283185840707965 
478.0 	 1034 	 571 	 36.0 	 77.0 	 0.36283185840707965 
479.0 	 1037 	 571 	 37.0 	 76.0 	 0.34513274336283184 
480.0 	 1040 	 571 	 36.0 	 77.0 	 0.36283185840707965 
481.0 	 1041 	 571 	 36.0 	 77.0 	 0.36283185840707965 
482.0 	 1044 	 571 	 36.0 	 77.0 	 0.36283185840707965 
483.0 	 1046 	 571 	 36.0 	 77.0 	 0.36283185840707965 
484.0 	 1049 	 571 	 36.0 	 77.0 	 0.36283185840707965 
485.0 	 1051 	 571 	 36.0 	 77.0 	 0.36283185840707965 
486.0 	 1053 	 571 	 36.0 	 78.0 	 0.3684210526315789 
487.0 	 1056 	 571 	 36.0 	 77.0 	 0.36283185840707965 
488.0 	 1058 	 571 	 36.0 	 77.0 	 0.36283185840707965 
489.0 	 1060 	 571 	 36.0 	 77.0 	 0.36283185840707965 
490.0 	 1062 	 571 	 36.0 	 77.0 	 0.36283185840707965 
491.0 	 1064 	 571 	 36.0 	 78.0 	 0.3684210526315789 
492.0 	 1067 	 571 	 36.0 	 77.0 	 0.36283185840707965 
493.0 	 1069 	 571 	 36.0 	 77.0 	 0.36283185840707965 
494.0 	 1071 	 571 	 36.0 	 78.0 	 0.3684210526315789 
495.0 	 1074 	 571 	 36.0 	 78.0 	 0.3684210526315789 
496.0 	 1076 	 571 	 36.0 	 78.0 	 0.3684210526315789 
497.0 	 1078 	 571 	 36.0 	 79.0 	 0.3739130434782609 
498.0 	 1080 	 571 	 36.0 	 79.0 	 0.3739130434782609 
499.0 	 1083 	 571 	 36.0 	 78.0 	 0.3684210526315789 
500.0 	 1085 	 571 	 36.0 	 79.0 	 0.3739130434782609 
501.0 	 1087 	 571 	 36.0 	 79.0 	 0.3739130434782609 
502.0 	 1089 	 571 	 36.0 	 79.0 	 0.3739130434782609 
503.0 	 1092 	 571 	 36.0 	 80.0 	 0.3793103448275862 
504.0 	 1094 	 571 	 37.0 	 79.0 	 0.3620689655172414 
505.0 	 1096 	 571 	 36.0 	 79.0 	 0.3739130434782609 
506.0 	 1098 	 571 	 36.0 	 79.0 	 0.3739130434782609 
507.0 	 1100 	 571 	 36.0 	 79.0 	 0.3739130434782609 
508.0 	 1103 	 571 	 36.0 	 78.0 	 0.3684210526315789 
509.0 	 1105 	 571 	 36.0 	 80.0 	 0.3793103448275862 
510.0 	 1107 	 571 	 36.0 	 80.0 	 0.3793103448275862 
511.0 	 1109 	 571 	 36.0 	 79.0 	 0.3739130434782609 
512.0 	 1111 	 571 	 36.0 	 81.0 	 0.38461538461538464 
513.0 	 1113 	 571 	 36.0 	 81.0 	 0.38461538461538464 
514.0 	 1116 	 571 	 36.0 	 80.0 	 0.3793103448275862 
515.0 	 1118 	 571 	 36.0 	 82.0 	 0.3898305084745763 
516.0 	 1120 	 571 	 36.0 	 81.0 	 0.38461538461538464 
517.0 	 1122 	 571 	 36.0 	 82.0 	 0.3898305084745763 
518.0 	 1125 	 571 	 80.0 	 36.0 	 0.3793103448275862 
519.0 	 1127 	 571 	 36.0 	 81.0 	 0.38461538461538464 
520.0 	 1129 	 571 	 36.0 	 81.0 	 0.38461538461538464 
521.0 	 1132 	 571 	 36.0 	 80.0 	 0.3793103448275862 
522.0 	 1133 	 571 	 36.0 	 82.0 	 0.3898305084745763 
523.0 	 1135 	 571 	 36.0 	 82.0 	 0.3898305084745763 
524.0 	 1138 	 571 	 36.0 	 81.0 	 0.38461538461538464 
525.0 	 1140 	 572 	 37.0 	 82.0 	 0.37815126050420167 
526.0 	 1142 	 572 	 37.0 	 82.0 	 0.37815126050420167 
527.0 	 1144 	 572 	 37.0 	 82.0 	 0.37815126050420167 
528.0 	 1147 	 572 	 37.0 	 82.0 	 0.37815126050420167 
529.0 	 1149 	 572 	 82.1832275390625 	 36.878204345703125 	 0.3805180441405084 
530.0 	 1151 	 571 	 36.763301849365234 	 82.17863464355469 	 0.38182775674661074 
531.0 	 1153 	 571 	 37.649757385253906 	 83.08222961425781 	 0.3763084941953921 
532.0 	 1155 	 571 	 37.716270446777344 	 83.08222961425781 	 0.3755506827034994 
533.0 	 1158 	 571 	 37.734683990478516 	 82.90892028808594 	 0.374443689474833 
534.0 	 1160 	 571 	 38.857574462890625 	 83.44636535644531 	 0.3645736266502947 
535.0 	 1162 	 571 	 38.0 	 82.0 	 0.36666666666666664 
536.0 	 1164 	 571 	 37.711910247802734 	 83.68262481689453 	 0.3786885014600673 
537.0 	 1167 	 571 	 38.0 	 84.0 	 0.3770491803278688 
538.0 	 1169 	 571 	 38.0 	 84.0 	 0.3770491803278688 
539.0 	 1171 	 571 	 38.0 	 83.0 	 0.371900826446281 
540.0 	 1173 	 571 	 38.0 	 84.0 	 0.3770491803278688 
541.0 	 1175 	 571 	 38.0 	 84.0 	 0.3770491803278688 
542.0 	 1177 	 571 	 38.0 	 82.0 	 0.36666666666666664 
543.0 	 1180 	 571 	 38.0 	 82.0 	 0.36666666666666664 
544.0 	 1181 	 571 	 38.0 	 84.0 	 0.3770491803278688 
545.0 	 1184 	 571 	 38.090248107910156 	 83.77517700195312 	 0.3748801504024411 
546.0 	 1186 	 571 	 38.0 	 83.0 	 0.371900826446281 
547.0 	 1188 	 571 	 38.0 	 85.0 	 0.3821138211382114 
548.0 	 1190 	 571 	 38.0 	 85.0 	 0.3821138211382114 
549.0 	 1192 	 571 	 37.0 	 84.0 	 0.3884297520661157 
550.0 	 1194 	 571 	 38.0 	 85.0 	 0.3821138211382114 
551.0 	 1196 	 571 	 38.09888458251953 	 84.70098876953125 	 0.37949635382285557 
552.0 	 1198 	 571 	 37.0 	 84.0 	 0.3884297520661157 
553.0 	 1200 	 571 	 36.0 	 83.0 	 0.3949579831932773 
554.0 	 1202 	 571 	 36.0 	 83.0 	 0.3949579831932773 
555.0 	 1204 	 571 	 38.0 	 83.0 	 0.371900826446281 
556.0 	 1206 	 571 	 37.65798568725586 	 84.05936431884766 	 0.3812223863669805 
557.0 	 1208 	 571 	 37.61844253540039 	 84.07151794433594 	 0.38173301417639016 
558.0 	 1211 	 571 	 37.0 	 83.0 	 0.38333333333333336 
559.0 	 1212 	 571 	 38.0 	 82.0 	 0.36666666666666664 
560.0 	 1214 	 571 	 38.0 	 83.0 	 0.371900826446281 
561.0 	 1216 	 571 	 38.0 	 83.0 	 0.371900826446281 
562.0 	 1219 	 571 	 38.0 	 83.0 	 0.371900826446281 
563.0 	 1220 	 571 	 38.0 	 84.0 	 0.3770491803278688 
564.0 	 1223 	 571 	 83.0 	 38.0 	 0.371900826446281 
565.0 	 1225 	 571 	 37.0 	 83.0 	 0.38333333333333336 
566.0 	 1227 	 571 	 37.0 	 84.0 	 0.3884297520661157 
567.0 	 1229 	 571 	 37.0 	 83.0 	 0.38333333333333336 
568.0 	 1231 	 571 	 37.0 	 83.0 	 0.38333333333333336 
569.0 	 1233 	 571 	 38.0 	 83.0 	 0.371900826446281 
570.0 	 1235 	 571 	 37.0 	 84.0 	 0.3884297520661157 
571.0 	 1237 	 571 	 37.0 	 83.0 	 0.38333333333333336 
572.0 	 1240 	 571 	 37.0 	 84.0 	 0.3884297520661157 
573.0 	 1242 	 571 	 37.0 	 84.0 	 0.3884297520661157 
574.0 	 1244 	 571 	 36.0 	 84.0 	 0.4 
575.0 	 1246 	 571 	 36.0 	 84.0 	 0.4 
576.0 	 1248 	 571 	 36.0 	 86.0 	 0.4098360655737705 
577.0 	 1250 	 571 	 36.0 	 83.0 	 0.3949579831932773 
578.0 	 1252 	 571 	 36.0 	 85.0 	 0.4049586776859504 
579.0 	 1254 	 571 	 36.0 	 85.0 	 0.4049586776859504 
580.0 	 1257 	 571 	 36.0 	 84.0 	 0.4 
581.0 	 1259 	 571 	 36.0 	 83.0 	 0.3949579831932773 
582.0 	 1261 	 571 	 37.0 	 85.0 	 0.39344262295081966 
583.0 	 1263 	 571 	 37.0 	 84.0 	 0.3884297520661157 
584.0 	 1265 	 571 	 37.0 	 84.0 	 0.3884297520661157 
585.0 	 1267 	 571 	 37.0 	 85.0 	 0.39344262295081966 
586.0 	 1269 	 571 	 37.0 	 85.0 	 0.39344262295081966 
587.0 	 1271 	 571 	 37.0 	 84.0 	 0.3884297520661157 
588.0 	 1273 	 571 	 37.0 	 85.0 	 0.39344262295081966 
589.0 	 1276 	 571 	 36.0 	 84.0 	 0.4 
590.0 	 1278 	 571 	 36.0 	 84.0 	 0.4 
591.0 	 1281 	 571 	 36.0 	 84.0 	 0.4 
592.0 	 1283 	 571 	 36.0 	 84.0 	 0.4 
593.0 	 1286 	 571 	 36.0 	 84.0 	 0.4 
594.0 	 1288 	 571 	 36.0 	 83.0 	 0.3949579831932773 
595.0 	 1290 	 571 	 37.0 	 83.0 	 0.38333333333333336 
596.0 	 1292 	 571 	 37.0 	 83.0 	 0.38333333333333336 
597.0 	 1294 	 571 	 37.0 	 83.0 	 0.38333333333333336 
598.0 	 1296 	 571 	 37.0 	 84.0 	 0.3884297520661157 
599.0 	 1299 	 571 	 37.0 	 84.0 	 0.3884297520661157 
600.0 	 1301 	 571 	 37.0 	 83.0 	 0.38333333333333336 
601.0 	 1303 	 571 	 36.0 	 83.0 	 0.3949579831932773 
602.0 	 1305 	 571 	 36.0 	 82.0 	 0.3898305084745763 
603.0 	 1307 	 571 	 36.0 	 82.0 	 0.3898305084745763 
604.0 	 1309 	 571 	 36.0 	 83.0 	 0.3949579831932773 
605.0 	 1312 	 571 	 36.0 	 83.0 	 0.3949579831932773 
606.0 	 1314 	 571 	 36.0 	 84.0 	 0.4 
607.0 	 1316 	 571 	 36.0 	 84.0 	 0.4 
608.0 	 1318 	 571 	 36.0 	 84.0 	 0.4 
609.0 	 1321 	 571 	 36.0 	 84.0 	 0.4 
610.0 	 1323 	 571 	 36.0 	 85.0 	 0.4049586776859504 
611.0 	 1325 	 571 	 36.0 	 85.0 	 0.4049586776859504 
612.0 	 1327 	 571 	 36.0 	 85.0 	 0.4049586776859504 
613.0 	 1329 	 571 	 35.0 	 84.0 	 0.4117647058823529 
614.0 	 1332 	 571 	 35.0 	 84.0 	 0.4117647058823529 
615.0 	 1334 	 571 	 35.0 	 84.0 	 0.4117647058823529 
616.0 	 1337 	 571 	 35.0 	 83.0 	 0.4067796610169492 
617.0 	 1339 	 571 	 35.0 	 84.0 	 0.4117647058823529 
618.0 	 1341 	 571 	 36.0 	 86.0 	 0.4098360655737705 
619.0 	 1343 	 571 	 35.0 	 85.0 	 0.4166666666666667 
620.0 	 1346 	 571 	 36.0 	 85.0 	 0.4049586776859504 
621.0 	 1348 	 571 	 36.0 	 86.0 	 0.4098360655737705 
622.0 	 1350 	 571 	 36.0 	 85.0 	 0.4049586776859504 
623.0 	 1353 	 571 	 36.0 	 85.0 	 0.4049586776859504 
624.0 	 1355 	 571 	 36.0 	 86.0 	 0.4098360655737705 
625.0 	 1357 	 571 	 34.0 	 86.0 	 0.43333333333333335 
626.0 	 1359 	 571 	 35.0 	 84.0 	 0.4117647058823529 
627.0 	 1362 	 571 	 35.0 	 85.0 	 0.4166666666666667 
628.0 	 1364 	 571 	 34.0 	 86.0 	 0.43333333333333335 
629.0 	 1367 	 571 	 34.0 	 85.0 	 0.42857142857142855 
630.0 	 1369 	 571 	 34.0 	 86.0 	 0.43333333333333335 
631.0 	 1371 	 571 	 35.0 	 87.0 	 0.4262295081967213 
632.0 	 1374 	 571 	 35.0 	 86.0 	 0.4214876033057851 
633.0 	 1376 	 571 	 35.0 	 86.0 	 0.4214876033057851 
634.0 	 1378 	 570 	 35.0 	 88.0 	 0.43089430894308944 
635.0 	 1381 	 570 	 35.0 	 87.0 	 0.4262295081967213 
636.0 	 1383 	 571 	 35.0 	 88.0 	 0.43089430894308944 
637.0 	 1385 	 570 	 34.0 	 87.0 	 0.4380165289256198 
638.0 	 1388 	 570 	 34.0 	 86.0 	 0.43333333333333335 
639.0 	 1390 	 570 	 34.0 	 87.0 	 0.4380165289256198 
640.0 	 1393 	 571 	 35.0 	 87.0 	 0.4262295081967213 
641.0 	 1395 	 571 	 35.0 	 88.0 	 0.43089430894308944 
642.0 	 1398 	 571 	 35.0 	 87.0 	 0.4262295081967213 
643.0 	 1400 	 571 	 36.0 	 89.0 	 0.424 
644.0 	 1403 	 571 	 36.0 	 87.0 	 0.4146341463414634 
645.0 	 1405 	 571 	 36.0 	 86.0 	 0.4098360655737705 
646.0 	 1407 	 571 	 36.0 	 89.0 	 0.424 
647.0 	 1410 	 571 	 36.0 	 91.0 	 0.4330708661417323 
648.0 	 1413 	 571 	 91.0 	 35.0 	 0.4444444444444444 
649.0 	 1415 	 571 	 34.835174560546875 	 90.24972534179688 	 0.4430155104614005 
650.0 	 1417 	 571 	 35.0 	 91.0 	 0.4444444444444444 
651.0 	 1420 	 570 	 34.0 	 88.0 	 0.4426229508196721 
652.0 	 1422 	 571 	 35.0 	 90.0 	 0.44 
653.0 	 1424 	 570 	 36.0 	 90.0 	 0.42857142857142855 
654.0 	 1427 	 570 	 36.0 	 89.0 	 0.424 
655.0 	 1430 	 570 	 36.0 	 90.0 	 0.42857142857142855 
656.0 	 1432 	 570 	 36.0 	 90.0 	 0.42857142857142855 
657.0 	 1434 	 570 	 35.0 	 89.0 	 0.43548387096774194 
658.0 	 1437 	 570 	 35.0 	 89.0 	 0.43548387096774194 
659.0 	 1439 	 570 	 35.0 	 91.0 	 0.4444444444444444 
660.0 	 1441 	 570 	 35.0 	 89.0 	 0.43548387096774194 
661.0 	 1445 	 570 	 35.0 	 87.0 	 0.4262295081967213 
662.0 	 1447 	 570 	 36.0 	 89.0 	 0.424 
663.0 	 1449 	 570 	 36.0 	 89.0 	 0.424 
664.0 	 1452 	 570 	 35.0 	 88.0 	 0.43089430894308944 
665.0 	 1454 	 570 	 37.0 	 88.0 	 0.408 
666.0 	 1457 	 570 	 37.0 	 89.0 	 0.4126984126984127 
667.0 	 1459 	 570 	 36.0 	 86.0 	 0.4098360655737705 
668.0 	 1462 	 571 	 36.0 	 88.0 	 0.41935483870967744 
669.0 	 1464 	 571 	 36.0 	 88.0 	 0.41935483870967744 
670.0 	 1467 	 571 	 36.0 	 87.0 	 0.4146341463414634 
671.0 	 1469 	 571 	 37.0 	 88.0 	 0.408 
672.0 	 1472 	 571 	 37.0 	 89.0 	 0.4126984126984127 
673.0 	 1474 	 571 	 36.80318832397461 	 88.20289611816406 	 0.4111776480606489 
674.0 	 1477 	 571 	 36.0 	 90.0 	 0.42857142857142855 
675.0 	 1479 	 571 	 90.0 	 37.0 	 0.41732283464566927 
676.0 	 1481 	 571 	 36.0 	 88.0 	 0.41935483870967744 
677.0 	 1484 	 570 	 36.0 	 89.0 	 0.424 
678.0 	 1486 	 570 	 38.0 	 90.0 	 0.40625 
679.0 	 1488 	 570 	 37.0 	 89.0 	 0.4126984126984127 
680.0 	 1490 	 570 	 37.0 	 90.0 	 0.41732283464566927 
681.0 	 1493 	 570 	 37.0 	 91.0 	 0.421875 
682.0 	 1496 	 570 	 37.0 	 90.0 	 0.41732283464566927 
683.0 	 1499 	 570 	 37.0 	 86.0 	 0.3983739837398374 
684.0 	 1501 	 571 	 37.0 	 88.0 	 0.408 
685.0 	 1504 	 571 	 37.76093673706055 	 87.34888458251953 	 0.396355356617381 
686.0 	 1506 	 570 	 37.0 	 87.0 	 0.4032258064516129 
687.0 	 1509 	 571 	 38.0 	 89.0 	 0.4015748031496063 
688.0 	 1511 	 571 	 38.0 	 89.0 	 0.4015748031496063 
689.0 	 1514 	 571 	 37.0 	 87.0 	 0.4032258064516129 
690.0 	 1516 	 571 	 37.0 	 88.0 	 0.408 
691.0 	 1519 	 571 	 37.0 	 89.0 	 0.4126984126984127 
692.0 	 1521 	 571 	 37.0 	 85.0 	 0.39344262295081966 
693.0 	 1524 	 571 	 37.0 	 86.0 	 0.3983739837398374 
694.0 	 1526 	 571 	 37.0 	 87.0 	 0.4032258064516129 
695.0 	 1528 	 571 	 37.0 	 87.0 	 0.4032258064516129 
696.0 	 1531 	 571 	 37.0 	 87.0 	 0.4032258064516129 
697.0 	 1534 	 571 	 36.0 	 86.0 	 0.4098360655737705 
698.0 	 1537 	 571 	 36.0 	 86.0 	 0.4098360655737705 
699.0 	 1539 	 571 	 84.0 	 37.0 	 0.3884297520661157 
700.0 	 1541 	 571 	 37.0 	 87.0 	 0.4032258064516129 
701.0 	 1544 	 571 	 37.0 	 87.0 	 0.4032258064516129 
702.0 	 1546 	 571 	 36.91587829589844 	 85.77220916748047 	 0.39821576716782003 
703.0 	 1549 	 571 	 37.0 	 87.0 	 0.4032258064516129 
704.0 	 1551 	 571 	 36.0 	 86.0 	 0.4098360655737705 
705.0 	 1554 	 571 	 36.0 	 85.0 	 0.4049586776859504 
706.0 	 1556 	 571 	 37.0 	 86.0 	 0.3983739837398374 
707.0 	 1559 	 571 	 37.0 	 86.0 	 0.3983739837398374 
708.0 	 1562 	 571 	 36.0 	 85.0 	 0.4049586776859504 
709.0 	 1564 	 571 	 35.0 	 85.0 	 0.4166666666666667 
710.0 	 1566 	 571 	 36.0 	 86.0 	 0.4098360655737705 
711.0 	 1568 	 571 	 36.0 	 85.0 	 0.4049586776859504 
712.0 	 1571 	 571 	 36.020347595214844 	 84.77716827392578 	 0.403624365351428 
713.0 	 1573 	 571 	 35.0 	 87.0 	 0.4262295081967213 
714.0 	 1576 	 571 	 35.0 	 86.0 	 0.4214876033057851 
715.0 	 1578 	 571 	 35.0 	 85.0 	 0.4166666666666667 
716.0 	 1580 	 571 	 36.0 	 86.0 	 0.4098360655737705 
717.0 	 1583 	 571 	 35.0 	 86.0 	 0.4214876033057851 
718.0 	 1586 	 571 	 34.0 	 85.0 	 0.42857142857142855 
719.0 	 1588 	 571 	 35.0 	 86.0 	 0.4214876033057851 
720.0 	 1591 	 571 	 35.0 	 86.0 	 0.4214876033057851 
721.0 	 1593 	 571 	 85.0 	 34.0 	 0.42857142857142855 
722.0 	 1596 	 571 	 34.0 	 86.0 	 0.43333333333333335 
723.0 	 1598 	 571 	 34.0 	 85.0 	 0.42857142857142855 
724.0 	 1601 	 571 	 34.0 	 85.0 	 0.42857142857142855 
725.0 	 1603 	 571 	 34.0 	 85.0 	 0.42857142857142855 
726.0 	 1605 	 571 	 34.0 	 86.0 	 0.43333333333333335 
727.0 	 1608 	 570 	 34.0 	 85.0 	 0.42857142857142855 
728.0 	 1610 	 570 	 34.0 	 84.0 	 0.423728813559322 
729.0 	 1613 	 571 	 34.0 	 86.0 	 0.43333333333333335 
730.0 	 1615 	 571 	 34.0 	 87.0 	 0.4380165289256198 
731.0 	 1617 	 571 	 34.0 	 84.0 	 0.423728813559322 
732.0 	 1619 	 571 	 35.5228271484375 	 85.07568359375 	 0.41089111416346896 
733.0 	 1622 	 570 	 34.0 	 85.0 	 0.42857142857142855 
734.0 	 1624 	 571 	 34.0 	 84.0 	 0.423728813559322 
735.0 	 1627 	 571 	 35.0 	 85.0 	 0.4166666666666667 
736.0 	 1629 	 571 	 34.76572799682617 	 84.83198547363281 	 0.4186221962276324 
737.0 	 1631 	 570 	 34.0 	 84.0 	 0.423728813559322 
738.0 	 1634 	 570 	 35.0 	 85.0 	 0.4166666666666667 
739.0 	 1637 	 570 	 34.0 	 85.0 	 0.42857142857142855 
740.0 	 1639 	 570 	 33.0 	 83.0 	 0.43103448275862066 
741.0 	 1641 	 570 	 33.0 	 85.0 	 0.4406779661016949 
742.0 	 1644 	 570 	 33.0 	 85.0 	 0.4406779661016949 
743.0 	 1646 	 570 	 33.0 	 84.0 	 0.4358974358974359 
744.0 	 1649 	 570 	 33.0 	 84.0 	 0.4358974358974359 
745.0 	 1650 	 570 	 32.0 	 85.0 	 0.452991452991453 
746.0 	 1653 	 570 	 32.0 	 85.0 	 0.452991452991453 
747.0 	 1656 	 571 	 32.0 	 83.0 	 0.4434782608695652 
748.0 	 1658 	 570 	 32.0 	 84.0 	 0.4482758620689655 
749.0 	 1660 	 570 	 32.0 	 85.0 	 0.452991452991453 
750.0 	 1663 	 570 	 32.0 	 83.0 	 0.4434782608695652 
751.0 	 1665 	 570 	 32.0 	 84.0 	 0.4482758620689655 
752.0 	 1668 	 571 	 33.0 	 85.0 	 0.4406779661016949 
753.0 	 1670 	 570 	 32.0 	 83.0 	 0.4434782608695652 
754.0 	 1673 	 570 	 33.0 	 84.0 	 0.4358974358974359 
755.0 	 1675 	 570 	 32.78278350830078 	 84.3144302368164 	 0.44007577191958963 
756.0 	 1677 	 570 	 32.0 	 84.0 	 0.4482758620689655 
757.0 	 1680 	 570 	 32.0 	 85.0 	 0.452991452991453 
758.0 	 1682 	 570 	 33.0 	 85.0 	 0.4406779661016949 
759.0 	 1685 	 570 	 32.0 	 82.0 	 0.43859649122807015 
760.0 	 1687 	 570 	 32.0 	 83.0 	 0.4434782608695652 
761.0 	 1689 	 570 	 32.0 	 85.0 	 0.452991452991453 
762.0 	 1692 	 570 	 32.0 	 84.0 	 0.4482758620689655 
763.0 	 1694 	 570 	 32.0 	 83.0 	 0.4434782608695652 
764.0 	 1696 	 570 	 34.0 	 85.0 	 0.42857142857142855 
765.0 	 1698 	 570 	 34.0 	 86.0 	 0.43333333333333335 
766.0 	 1701 	 570 	 33.0 	 84.0 	 0.4358974358974359 
767.0 	 1704 	 570 	 32.0 	 85.0 	 0.452991452991453 
768.0 	 1706 	 570 	 33.0 	 86.0 	 0.44537815126050423 
769.0 	 1708 	 570 	 32.0 	 84.0 	 0.4482758620689655 
770.0 	 1711 	 570 	 32.0 	 85.0 	 0.452991452991453 
771.0 	 1713 	 571 	 32.0 	 86.0 	 0.4576271186440678 
772.0 	 1716 	 570 	 32.0 	 83.0 	 0.4434782608695652 
773.0 	 1718 	 570 	 32.0 	 84.0 	 0.4482758620689655 
774.0 	 1720 	 570 	 32.0 	 85.0 	 0.452991452991453 
775.0 	 1722 	 570 	 32.0 	 81.0 	 0.4336283185840708 
776.0 	 1725 	 570 	 32.0 	 82.0 	 0.43859649122807015 
777.0 	 1727 	 570 	 34.0 	 83.0 	 0.4188034188034188 
778.0 	 1729 	 570 	 32.0 	 82.0 	 0.43859649122807015 
779.0 	 1732 	 570 	 31.0 	 82.0 	 0.45132743362831856 
780.0 	 1734 	 570 	 32.0 	 83.0 	 0.4434782608695652 
781.0 	 1737 	 570 	 32.0 	 82.0 	 0.43859649122807015 
782.0 	 1739 	 570 	 32.0 	 80.0 	 0.42857142857142855 
783.0 	 1741 	 570 	 32.0 	 82.0 	 0.43859649122807015 
784.0 	 1744 	 570 	 32.0 	 82.0 	 0.43859649122807015 
785.0 	 1746 	 571 	 32.0 	 80.0 	 0.42857142857142855 
786.0 	 1748 	 571 	 81.66323852539062 	 33.136077880859375 	 0.4227129756836191 
787.0 	 1750 	 571 	 33.0 	 83.0 	 0.43103448275862066 
788.0 	 1753 	 570 	 32.0 	 81.0 	 0.4336283185840708 
789.0 	 1754 	 570 	 32.0 	 81.0 	 0.4336283185840708 
790.0 	 1757 	 571 	 32.0 	 83.0 	 0.4434782608695652 
791.0 	 1759 	 570 	 31.0 	 80.0 	 0.44144144144144143 
792.0 	 1762 	 570 	 32.0 	 81.0 	 0.4336283185840708 
793.0 	 1764 	 570 	 31.0 	 81.0 	 0.44642857142857145 
794.0 	 1766 	 571 	 32.0 	 81.0 	 0.4336283185840708 
795.0 	 1768 	 570 	 78.11042022705078 	 31.841190338134766 	 0.42081448057993653 
796.0 	 1770 	 570 	 32.0 	 82.0 	 0.43859649122807015 
797.0 	 1773 	 570 	 80.75788879394531 	 31.596973419189453 	 0.4375504041961144 
798.0 	 1776 	 570 	 31.0 	 79.0 	 0.43636363636363634 
799.0 	 1778 	 570 	 31.0 	 82.0 	 0.45132743362831856 
800.0 	 1780 	 570 	 31.0 	 84.0 	 0.4608695652173913 
801.0 	 1783 	 570 	 30.0 	 82.0 	 0.4642857142857143 
802.0 	 1784 	 570 	 31.0 	 84.0 	 0.4608695652173913 
803.0 	 1786 	 570 	 82.38752746582031 	 31.1442928314209 	 0.45135570362773975 
804.0 	 1790 	 570 	 31.0 	 81.0 	 0.44642857142857145 
805.0 	 1791 	 570 	 30.0 	 84.0 	 0.47368421052631576 
806.0 	 1793 	 570 	 30.0 	 84.0 	 0.47368421052631576 
807.0 	 1796 	 570 	 30.0 	 82.0 	 0.4642857142857143 
808.0 	 1798 	 570 	 30.0 	 84.0 	 0.47368421052631576 
809.0 	 1801 	 570 	 31.0 	 84.0 	 0.4608695652173913 
810.0 	 1804 	 570 	 30.0 	 82.0 	 0.4642857142857143 
811.0 	 1806 	 570 	 30.0 	 82.0 	 0.4642857142857143 
812.0 	 1808 	 570 	 31.0 	 84.0 	 0.4608695652173913 
813.0 	 1810 	 570 	 31.0 	 82.0 	 0.45132743362831856 
814.0 	 1813 	 570 	 31.0 	 81.0 	 0.44642857142857145 
815.0 	 1815 	 571 	 83.88046264648438 	 30.598739624023438 	 0.46542709912110736 
816.0 	 1817 	 571 	 29.0 	 83.0 	 0.48214285714285715 
817.0 	 1821 	 570 	 30.0 	 81.0 	 0.4594594594594595 
818.0 	 1823 	 571 	 31.0 	 83.0 	 0.45614035087719296 
819.0 	 1825 	 571 	 30.0 	 82.0 	 0.4642857142857143 
820.0 	 1828 	 570 	 30.0 	 81.0 	 0.4594594594594595 
821.0 	 1830 	 571 	 31.0 	 84.0 	 0.4608695652173913 
822.0 	 1832 	 570 	 31.0 	 82.0 	 0.45132743362831856 
823.0 	 1835 	 571 	 31.0 	 79.0 	 0.43636363636363634 
824.0 	 1836 	 571 	 32.0 	 83.0 	 0.4434782608695652 
825.0 	 1839 	 571 	 31.0 	 82.0 	 0.45132743362831856 
826.0 	 1842 	 571 	 80.2219467163086 	 31.806421279907227 	 0.4321720141280357 
827.0 	 1844 	 570 	 32.0 	 81.0 	 0.4336283185840708 
828.0 	 1846 	 571 	 32.0 	 83.0 	 0.4434782608695652 
829.0 	 1850 	 570 	 31.0 	 80.0 	 0.44144144144144143 
830.0 	 1852 	 570 	 31.0 	 80.0 	 0.44144144144144143 
831.0 	 1853 	 570 	 31.0 	 83.0 	 0.45614035087719296 
832.0 	 1856 	 570 	 32.0 	 81.0 	 0.4336283185840708 
833.0 	 1858 	 570 	 32.0 	 80.0 	 0.42857142857142855 
834.0 	 1861 	 570 	 34.36492156982422 	 79.7540054321289 	 0.3977349336760576 
835.0 	 1863 	 570 	 79.21601104736328 	 33.823883056640625 	 0.4015584794246092 
836.0 	 1864 	 570 	 32.0 	 78.0 	 0.41818181818181815 
837.0 	 1866 	 570 	 32.0 	 82.0 	 0.43859649122807015 
838.0 	 1868 	 570 	 31.0 	 80.0 	 0.44144144144144143 
839.0 	 1871 	 570 	 32.0 	 79.0 	 0.42342342342342343 
840.0 	 1873 	 570 	 32.0 	 81.0 	 0.4336283185840708 
841.0 	 1875 	 570 	 31.0 	 80.0 	 0.44144144144144143 
842.0 	 1878 	 570 	 30.939632415771484 	 79.09566497802734 	 0.437641681377141 
843.0 	 1879 	 570 	 30.94650650024414 	 80.86022186279297 	 0.44642854766735235 
844.0 	 1882 	 570 	 31.4301815032959 	 79.25872039794922 	 0.43209877479248265 
845.0 	 1884 	 570 	 31.0 	 75.0 	 0.41509433962264153 
846.0 	 1885 	 570 	 31.0 	 74.0 	 0.4095238095238095 
847.0 	 1885 	 570 	 32.0 	 74.0 	 0.39622641509433965 
848.0 	 1887 	 570 	 32.0 	 71.0 	 0.3786407766990291 
849.0 	 1889 	 570 	 31.0 	 68.0 	 0.37373737373737376 
850.0 	 1889 	 570 	 32.0 	 67.0 	 0.35353535353535354 
851.0 	 1891 	 570 	 32.0 	 64.0 	 0.3333333333333333 
852.0 	 1892 	 570 	 31.0 	 60.0 	 0.31868131868131866 
853.0 	 1893 	 570 	 31.0 	 59.0 	 0.3111111111111111 
854.0 	 1894 	 570 	 31.0 	 57.0 	 0.29545454545454547 
855.0 	 1895 	 570 	 30.0 	 55.0 	 0.29411764705882354 
856.0 	 1895 	 570 	 31.0 	 54.0 	 0.27058823529411763 
857.0 	 1897 	 570 	 31.0 	 51.0 	 0.24390243902439024 
858.0 	 1898 	 570 	 29.0 	 48.0 	 0.24675324675324675 
859.0 	 1899 	 570 	 30.0 	 47.0 	 0.22077922077922077 
860.0 	 1899 	 570 	 30.0 	 46.0 	 0.21052631578947367 
861.0 	 1901 	 569 	 29.0 	 42.0 	 0.18309859154929578 
862.0 	 1902 	 569 	 29.0 	 41.0 	 0.17142857142857143 
863.0 	 1903 	 570 	 29.0 	 37.0 	 0.12121212121212122 
864.0 	 1904 	 570 	 28.0 	 35.0 	 0.1111111111111111 
865.0 	 1904 	 569 	 33.0 	 25.0 	 0.13793103448275862 
866.0 	 1904 	 569 	 26.0 	 32.0 	 0.10344827586206896 
867.0 	 1906 	 569 	 26.0 	 29.0 	 0.05454545454545454 
868.0 	 1907 	 569 	 24.0 	 26.0 	 0.04 
