frame 	 x 	 y 	 width 	 height 	 deformation 
1.0 	 196 	 572 	 46.0 	 54.0 	 0.08 
2.0 	 196 	 572 	 55.0 	 47.0 	 0.0784313725490196 
3.0 	 196 	 572 	 46.0 	 54.0 	 0.08 
4.0 	 196 	 572 	 46.0 	 54.0 	 0.08 
5.0 	 196 	 572 	 47.0 	 54.0 	 0.06930693069306931 
6.0 	 196 	 572 	 47.0 	 54.0 	 0.06930693069306931 
7.0 	 196 	 572 	 46.80931091308594 	 54.00526428222656 	 0.07137810535033837 
8.0 	 196 	 572 	 47.0 	 55.0 	 0.0784313725490196 
9.0 	 196 	 572 	 47.0 	 55.0 	 0.0784313725490196 
10.0 	 196 	 572 	 47.0 	 54.0 	 0.06930693069306931 
11.0 	 197 	 572 	 47.0 	 54.0 	 0.06930693069306931 
12.0 	 197 	 572 	 47.0 	 54.0 	 0.06930693069306931 
13.0 	 197 	 572 	 47.0 	 54.0 	 0.06930693069306931 
14.0 	 197 	 572 	 47.0 	 54.0 	 0.06930693069306931 
15.0 	 197 	 572 	 47.0 	 54.0 	 0.06930693069306931 
16.0 	 197 	 572 	 46.0 	 53.0 	 0.0707070707070707 
17.0 	 197 	 572 	 47.0 	 53.0 	 0.06 
18.0 	 197 	 572 	 47.0 	 54.0 	 0.06930693069306931 
19.0 	 197 	 572 	 47.0 	 53.0 	 0.06 
20.0 	 197 	 572 	 47.0 	 54.0 	 0.06930693069306931 
21.0 	 198 	 572 	 48.0 	 54.0 	 0.058823529411764705 
22.0 	 198 	 572 	 48.0 	 53.0 	 0.04950495049504951 
23.0 	 198 	 572 	 48.0 	 52.0 	 0.04 
24.0 	 198 	 572 	 48.0 	 54.0 	 0.058823529411764705 
25.0 	 198 	 572 	 53.0 	 48.0 	 0.04950495049504951 
26.0 	 198 	 572 	 47.0 	 53.0 	 0.06 
27.0 	 198 	 572 	 48.0 	 55.0 	 0.06796116504854369 
28.0 	 198 	 572 	 48.0 	 54.0 	 0.058823529411764705 
29.0 	 198 	 572 	 47.0 	 53.0 	 0.06 
30.0 	 198 	 572 	 48.0 	 55.0 	 0.06796116504854369 
31.0 	 199 	 572 	 48.0 	 54.0 	 0.058823529411764705 
32.0 	 199 	 572 	 48.0 	 52.0 	 0.04 
33.0 	 199 	 572 	 49.0 	 54.0 	 0.04854368932038835 
34.0 	 199 	 571 	 49.0 	 53.0 	 0.0392156862745098 
35.0 	 199 	 572 	 48.0 	 52.0 	 0.04 
36.0 	 199 	 572 	 49.0 	 53.0 	 0.0392156862745098 
37.0 	 199 	 572 	 47.0 	 54.0 	 0.06930693069306931 
38.0 	 199 	 572 	 46.0 	 53.0 	 0.0707070707070707 
39.0 	 199 	 572 	 47.0 	 53.0 	 0.06 
40.0 	 199 	 572 	 47.0 	 54.0 	 0.06930693069306931 
41.0 	 199 	 572 	 47.0 	 53.0 	 0.06 
42.0 	 199 	 572 	 48.0 	 53.0 	 0.04950495049504951 
43.0 	 199 	 572 	 49.0 	 54.0 	 0.04854368932038835 
44.0 	 199 	 572 	 49.0 	 53.0 	 0.0392156862745098 
45.0 	 199 	 572 	 49.0 	 53.0 	 0.0392156862745098 
46.0 	 200 	 571 	 49.0 	 54.0 	 0.04854368932038835 
47.0 	 200 	 572 	 49.0 	 53.0 	 0.0392156862745098 
48.0 	 200 	 571 	 49.0 	 52.0 	 0.0297029702970297 
49.0 	 200 	 572 	 48.0 	 54.0 	 0.058823529411764705 
50.0 	 200 	 572 	 48.0 	 53.0 	 0.04950495049504951 
51.0 	 200 	 572 	 48.0 	 52.0 	 0.04 
52.0 	 200 	 572 	 49.0 	 54.0 	 0.04854368932038835 
53.0 	 200 	 572 	 49.0 	 53.0 	 0.0392156862745098 
54.0 	 200 	 572 	 49.0 	 53.0 	 0.0392156862745098 
55.0 	 200 	 572 	 49.0 	 53.0 	 0.0392156862745098 
56.0 	 200 	 572 	 49.0 	 53.0 	 0.0392156862745098 
57.0 	 200 	 572 	 49.0 	 52.0 	 0.0297029702970297 
58.0 	 200 	 571 	 49.0 	 52.0 	 0.0297029702970297 
59.0 	 200 	 572 	 49.0 	 53.0 	 0.0392156862745098 
60.0 	 200 	 572 	 49.0 	 52.0 	 0.0297029702970297 
61.0 	 200 	 572 	 49.0 	 53.0 	 0.0392156862745098 
62.0 	 201 	 572 	 49.0 	 53.0 	 0.0392156862745098 
63.0 	 201 	 572 	 49.0 	 52.0 	 0.0297029702970297 
64.0 	 201 	 572 	 49.0 	 52.0 	 0.0297029702970297 
65.0 	 201 	 572 	 49.0 	 54.0 	 0.04854368932038835 
66.0 	 201 	 572 	 49.0 	 53.0 	 0.0392156862745098 
67.0 	 201 	 572 	 49.0 	 53.0 	 0.0392156862745098 
68.0 	 201 	 572 	 48.0 	 53.0 	 0.04950495049504951 
69.0 	 201 	 572 	 49.48986053466797 	 52.46669006347656 	 0.029197040419125044 
70.0 	 202 	 572 	 49.0 	 53.0 	 0.0392156862745098 
71.0 	 202 	 572 	 49.0 	 53.0 	 0.0392156862745098 
72.0 	 202 	 572 	 49.0 	 53.0 	 0.0392156862745098 
73.0 	 202 	 572 	 52.0 	 49.0 	 0.0297029702970297 
74.0 	 203 	 572 	 53.0 	 49.0 	 0.0392156862745098 
75.0 	 203 	 572 	 49.0 	 53.0 	 0.0392156862745098 
76.0 	 203 	 572 	 48.0 	 52.0 	 0.04 
77.0 	 204 	 572 	 48.0 	 53.0 	 0.04950495049504951 
78.0 	 205 	 572 	 48.0 	 52.0 	 0.04 
79.0 	 205 	 572 	 48.0 	 52.0 	 0.04 
80.0 	 206 	 572 	 53.0 	 49.0 	 0.0392156862745098 
81.0 	 207 	 572 	 48.0 	 53.0 	 0.04950495049504951 
82.0 	 208 	 572 	 48.0 	 53.0 	 0.04950495049504951 
83.0 	 208 	 572 	 48.0 	 53.0 	 0.04950495049504951 
84.0 	 209 	 572 	 48.0 	 53.0 	 0.04950495049504951 
85.0 	 211 	 572 	 48.0 	 52.0 	 0.04 
86.0 	 212 	 572 	 48.0 	 53.0 	 0.04950495049504951 
87.0 	 213 	 572 	 48.0 	 53.0 	 0.04950495049504951 
88.0 	 215 	 571 	 48.0 	 53.0 	 0.04950495049504951 
89.0 	 216 	 572 	 48.0 	 54.0 	 0.058823529411764705 
90.0 	 217 	 572 	 48.0 	 54.0 	 0.058823529411764705 
91.0 	 219 	 571 	 47.0 	 53.0 	 0.06 
92.0 	 220 	 572 	 48.0 	 54.0 	 0.058823529411764705 
93.0 	 222 	 572 	 47.0 	 53.0 	 0.06 
94.0 	 223 	 572 	 47.0 	 54.0 	 0.06930693069306931 
95.0 	 225 	 572 	 47.0 	 53.0 	 0.06 
96.0 	 226 	 572 	 47.0 	 54.0 	 0.06930693069306931 
97.0 	 228 	 572 	 47.0 	 54.0 	 0.06930693069306931 
98.0 	 230 	 572 	 47.0 	 54.0 	 0.06930693069306931 
99.0 	 231 	 572 	 46.0 	 55.0 	 0.0891089108910891 
100.0 	 233 	 572 	 46.0 	 54.0 	 0.08 
101.0 	 234 	 572 	 46.0 	 55.0 	 0.0891089108910891 
102.0 	 236 	 572 	 46.0 	 56.0 	 0.09803921568627451 
103.0 	 238 	 572 	 46.0 	 56.0 	 0.09803921568627451 
104.0 	 239 	 572 	 46.0 	 56.0 	 0.09803921568627451 
105.0 	 241 	 572 	 46.0 	 57.0 	 0.10679611650485436 
106.0 	 243 	 572 	 45.0 	 57.0 	 0.11764705882352941 
107.0 	 245 	 572 	 45.0 	 57.0 	 0.11764705882352941 
108.0 	 246 	 572 	 45.0 	 58.0 	 0.1262135922330097 
109.0 	 249 	 572 	 44.0 	 57.0 	 0.12871287128712872 
110.0 	 250 	 572 	 44.0 	 57.0 	 0.12871287128712872 
111.0 	 252 	 572 	 44.0 	 58.0 	 0.13725490196078433 
112.0 	 253 	 572 	 44.0 	 58.0 	 0.13725490196078433 
113.0 	 256 	 571 	 43.0 	 58.0 	 0.1485148514851485 
114.0 	 257 	 571 	 43.0 	 59.0 	 0.1568627450980392 
115.0 	 259 	 571 	 43.0 	 59.0 	 0.1568627450980392 
116.0 	 261 	 571 	 43.0 	 59.0 	 0.1568627450980392 
117.0 	 263 	 571 	 43.0 	 60.0 	 0.1650485436893204 
118.0 	 265 	 571 	 43.0 	 60.0 	 0.1650485436893204 
119.0 	 267 	 571 	 43.0 	 59.0 	 0.1568627450980392 
120.0 	 269 	 572 	 43.0 	 60.0 	 0.1650485436893204 
121.0 	 271 	 572 	 43.0 	 60.0 	 0.1650485436893204 
122.0 	 273 	 572 	 42.0 	 60.0 	 0.17647058823529413 
123.0 	 274 	 572 	 43.0 	 60.0 	 0.1650485436893204 
124.0 	 276 	 572 	 43.0 	 60.0 	 0.1650485436893204 
125.0 	 278 	 572 	 42.0 	 60.0 	 0.17647058823529413 
126.0 	 280 	 572 	 62.0 	 43.0 	 0.18095238095238095 
127.0 	 282 	 572 	 42.0 	 62.0 	 0.19230769230769232 
128.0 	 285 	 572 	 42.0 	 62.0 	 0.19230769230769232 
129.0 	 287 	 572 	 42.0 	 62.0 	 0.19230769230769232 
130.0 	 289 	 572 	 42.0 	 63.0 	 0.2 
131.0 	 291 	 572 	 42.0 	 63.0 	 0.2 
132.0 	 293 	 572 	 42.0 	 63.0 	 0.2 
133.0 	 295 	 572 	 41.0 	 63.0 	 0.21153846153846154 
134.0 	 298 	 572 	 41.0 	 62.0 	 0.20388349514563106 
135.0 	 300 	 572 	 41.0 	 62.0 	 0.20388349514563106 
136.0 	 302 	 572 	 41.0 	 63.0 	 0.21153846153846154 
137.0 	 303 	 572 	 41.0 	 63.0 	 0.21153846153846154 
138.0 	 306 	 572 	 41.0 	 64.0 	 0.21904761904761905 
139.0 	 308 	 572 	 41.0 	 65.0 	 0.22641509433962265 
140.0 	 310 	 572 	 41.0 	 64.0 	 0.21904761904761905 
141.0 	 312 	 571 	 41.0 	 64.0 	 0.21904761904761905 
142.0 	 314 	 572 	 41.0 	 66.0 	 0.2336448598130841 
143.0 	 316 	 571 	 41.0 	 66.0 	 0.2336448598130841 
144.0 	 319 	 571 	 41.0 	 65.0 	 0.22641509433962265 
145.0 	 321 	 571 	 41.0 	 65.0 	 0.22641509433962265 
146.0 	 323 	 571 	 41.0 	 65.0 	 0.22641509433962265 
147.0 	 325 	 571 	 41.0 	 64.0 	 0.21904761904761905 
148.0 	 327 	 571 	 41.0 	 65.0 	 0.22641509433962265 
149.0 	 329 	 571 	 41.0 	 65.0 	 0.22641509433962265 
150.0 	 332 	 571 	 40.0 	 65.0 	 0.23809523809523808 
151.0 	 334 	 571 	 41.0 	 65.0 	 0.22641509433962265 
152.0 	 336 	 571 	 41.0 	 66.0 	 0.2336448598130841 
153.0 	 338 	 571 	 66.0 	 41.0 	 0.2336448598130841 
154.0 	 340 	 571 	 40.0 	 67.0 	 0.2523364485981308 
155.0 	 342 	 571 	 40.0 	 67.0 	 0.2523364485981308 
156.0 	 344 	 571 	 41.0 	 67.0 	 0.24074074074074073 
157.0 	 347 	 571 	 41.0 	 66.0 	 0.2336448598130841 
158.0 	 348 	 571 	 40.0 	 67.0 	 0.2523364485981308 
159.0 	 350 	 571 	 40.0 	 68.0 	 0.25925925925925924 
160.0 	 353 	 571 	 40.0 	 68.0 	 0.25925925925925924 
161.0 	 355 	 571 	 40.0 	 68.0 	 0.25925925925925924 
162.0 	 357 	 571 	 40.0 	 68.0 	 0.25925925925925924 
163.0 	 360 	 571 	 40.0 	 67.0 	 0.2523364485981308 
164.0 	 362 	 571 	 40.0 	 68.0 	 0.25925925925925924 
165.0 	 364 	 571 	 40.0 	 68.0 	 0.25925925925925924 
166.0 	 366 	 571 	 40.0 	 68.0 	 0.25925925925925924 
167.0 	 368 	 571 	 40.0 	 70.0 	 0.2727272727272727 
168.0 	 370 	 571 	 40.0 	 69.0 	 0.26605504587155965 
169.0 	 372 	 571 	 40.0 	 68.0 	 0.25925925925925924 
170.0 	 375 	 571 	 40.0 	 69.0 	 0.26605504587155965 
171.0 	 376 	 571 	 40.0 	 68.0 	 0.25925925925925924 
172.0 	 379 	 571 	 66.0 	 40.0 	 0.24528301886792453 
173.0 	 381 	 571 	 39.0 	 67.0 	 0.2641509433962264 
174.0 	 383 	 571 	 68.0 	 40.0 	 0.25925925925925924 
175.0 	 385 	 571 	 39.0 	 67.0 	 0.2641509433962264 
176.0 	 387 	 571 	 40.0 	 68.0 	 0.25925925925925924 
177.0 	 390 	 571 	 40.0 	 68.0 	 0.25925925925925924 
178.0 	 392 	 571 	 40.0 	 67.0 	 0.2523364485981308 
179.0 	 393 	 571 	 40.0 	 68.0 	 0.25925925925925924 
180.0 	 395 	 571 	 40.0 	 67.0 	 0.2523364485981308 
181.0 	 397 	 571 	 39.0 	 66.0 	 0.2571428571428571 
182.0 	 399 	 571 	 40.0 	 66.0 	 0.24528301886792453 
183.0 	 401 	 571 	 40.0 	 67.0 	 0.2523364485981308 
184.0 	 404 	 570 	 40.0 	 66.0 	 0.24528301886792453 
185.0 	 406 	 570 	 40.0 	 65.0 	 0.23809523809523808 
186.0 	 408 	 570 	 40.0 	 67.0 	 0.2523364485981308 
187.0 	 410 	 570 	 39.0 	 65.0 	 0.25 
188.0 	 412 	 570 	 39.0 	 65.0 	 0.25 
189.0 	 413 	 570 	 39.0 	 66.0 	 0.2571428571428571 
190.0 	 416 	 570 	 39.0 	 66.0 	 0.2571428571428571 
191.0 	 418 	 569 	 38.0 	 66.0 	 0.2692307692307692 
192.0 	 420 	 569 	 38.0 	 66.0 	 0.2692307692307692 
193.0 	 422 	 569 	 36.0 	 67.0 	 0.30097087378640774 
194.0 	 425 	 569 	 36.0 	 67.0 	 0.30097087378640774 
195.0 	 427 	 569 	 36.0 	 68.0 	 0.3076923076923077 
196.0 	 429 	 569 	 35.0 	 68.0 	 0.32038834951456313 
197.0 	 433 	 569 	 34.0 	 68.0 	 0.3333333333333333 
198.0 	 436 	 569 	 35.0 	 69.0 	 0.3269230769230769 
199.0 	 439 	 570 	 70.26579284667969 	 34.72824478149414 	 0.33847205868049685 
200.0 	 442 	 570 	 70.39717102050781 	 34.73640441894531 	 0.3391948428701513 
201.0 	 445 	 570 	 71.00389099121094 	 34.796058654785156 	 0.34222920197576895 
202.0 	 448 	 570 	 70.76908111572266 	 36.08632278442383 	 0.32457654985525053 
203.0 	 450 	 570 	 70.37105560302734 	 36.4730339050293 	 0.31726623207774113 
204.0 	 453 	 570 	 71.25501251220703 	 36.58833312988281 	 0.3214540422120794 
205.0 	 455 	 570 	 35.0 	 70.0 	 0.3333333333333333 
206.0 	 457 	 570 	 36.0 	 69.0 	 0.3142857142857143 
207.0 	 460 	 571 	 37.0 	 69.0 	 0.3018867924528302 
208.0 	 462 	 571 	 37.0 	 69.0 	 0.3018867924528302 
209.0 	 465 	 571 	 38.0 	 69.0 	 0.2897196261682243 
210.0 	 466 	 571 	 39.0 	 68.0 	 0.27102803738317754 
211.0 	 468 	 571 	 39.0 	 70.0 	 0.28440366972477066 
212.0 	 470 	 571 	 38.74929428100586 	 70.61787414550781 	 0.2913907374854931 
213.0 	 472 	 572 	 39.0 	 70.0 	 0.28440366972477066 
214.0 	 474 	 572 	 39.0 	 72.0 	 0.2972972972972973 
215.0 	 477 	 572 	 39.0 	 70.0 	 0.28440366972477066 
216.0 	 479 	 571 	 39.0 	 70.0 	 0.28440366972477066 
217.0 	 481 	 571 	 38.0 	 69.0 	 0.2897196261682243 
218.0 	 483 	 571 	 38.0 	 70.0 	 0.2962962962962963 
219.0 	 486 	 571 	 38.0 	 71.0 	 0.30275229357798167 
220.0 	 488 	 571 	 39.0 	 72.0 	 0.2972972972972973 
221.0 	 490 	 571 	 38.0 	 72.0 	 0.3090909090909091 
222.0 	 493 	 571 	 39.0 	 72.0 	 0.2972972972972973 
223.0 	 495 	 571 	 39.0 	 73.0 	 0.30357142857142855 
224.0 	 497 	 571 	 40.0 	 73.0 	 0.2920353982300885 
225.0 	 499 	 571 	 40.0 	 73.0 	 0.2920353982300885 
226.0 	 502 	 571 	 40.0 	 73.0 	 0.2920353982300885 
227.0 	 504 	 571 	 40.0 	 74.0 	 0.2982456140350877 
228.0 	 506 	 571 	 40.0 	 73.0 	 0.2920353982300885 
229.0 	 508 	 571 	 40.0 	 74.0 	 0.2982456140350877 
230.0 	 511 	 571 	 40.0 	 73.0 	 0.2920353982300885 
231.0 	 513 	 571 	 40.0 	 73.0 	 0.2920353982300885 
232.0 	 515 	 571 	 40.0 	 74.0 	 0.2982456140350877 
233.0 	 518 	 571 	 40.0 	 73.0 	 0.2920353982300885 
234.0 	 520 	 571 	 40.0 	 72.0 	 0.2857142857142857 
235.0 	 523 	 571 	 40.0 	 73.0 	 0.2920353982300885 
236.0 	 525 	 571 	 40.0 	 72.0 	 0.2857142857142857 
237.0 	 527 	 571 	 40.0 	 70.0 	 0.2727272727272727 
238.0 	 529 	 571 	 40.0 	 72.0 	 0.2857142857142857 
239.0 	 531 	 571 	 40.0 	 70.0 	 0.2727272727272727 
240.0 	 534 	 571 	 40.0 	 71.0 	 0.27927927927927926 
241.0 	 536 	 571 	 40.0 	 71.0 	 0.27927927927927926 
242.0 	 538 	 571 	 40.0 	 72.0 	 0.2857142857142857 
243.0 	 541 	 571 	 40.0 	 72.0 	 0.2857142857142857 
244.0 	 543 	 571 	 40.0 	 73.0 	 0.2920353982300885 
245.0 	 546 	 571 	 40.0 	 73.0 	 0.2920353982300885 
246.0 	 548 	 571 	 40.0 	 73.0 	 0.2920353982300885 
247.0 	 551 	 571 	 40.0 	 73.0 	 0.2920353982300885 
248.0 	 553 	 571 	 40.0 	 73.0 	 0.2920353982300885 
249.0 	 555 	 571 	 40.0 	 74.0 	 0.2982456140350877 
250.0 	 557 	 571 	 40.0 	 74.0 	 0.2982456140350877 
251.0 	 559 	 571 	 40.0 	 75.0 	 0.30434782608695654 
252.0 	 561 	 571 	 40.0 	 74.0 	 0.2982456140350877 
253.0 	 563 	 571 	 40.0 	 73.0 	 0.2920353982300885 
254.0 	 566 	 571 	 40.92015838623047 	 74.91632843017578 	 0.2934841255832211 
255.0 	 568 	 571 	 40.0 	 74.0 	 0.2982456140350877 
256.0 	 570 	 571 	 40.0 	 75.0 	 0.30434782608695654 
257.0 	 572 	 571 	 40.0 	 75.0 	 0.30434782608695654 
258.0 	 574 	 571 	 40.0 	 75.0 	 0.30434782608695654 
259.0 	 577 	 571 	 40.0 	 74.0 	 0.2982456140350877 
260.0 	 579 	 571 	 40.0 	 74.0 	 0.2982456140350877 
261.0 	 581 	 571 	 40.0 	 74.0 	 0.2982456140350877 
262.0 	 583 	 571 	 40.0 	 74.0 	 0.2982456140350877 
263.0 	 586 	 571 	 40.0 	 74.0 	 0.2982456140350877 
264.0 	 588 	 571 	 40.0 	 74.0 	 0.2982456140350877 
265.0 	 590 	 571 	 40.0 	 74.0 	 0.2982456140350877 
266.0 	 592 	 571 	 40.0 	 73.0 	 0.2920353982300885 
267.0 	 594 	 571 	 40.0 	 73.0 	 0.2920353982300885 
268.0 	 596 	 571 	 40.0 	 73.0 	 0.2920353982300885 
269.0 	 598 	 571 	 40.0 	 74.0 	 0.2982456140350877 
270.0 	 600 	 571 	 40.0 	 74.0 	 0.2982456140350877 
271.0 	 603 	 571 	 40.0 	 73.0 	 0.2920353982300885 
272.0 	 605 	 571 	 40.0 	 74.0 	 0.2982456140350877 
273.0 	 607 	 571 	 40.0 	 75.0 	 0.30434782608695654 
274.0 	 610 	 571 	 40.0 	 74.0 	 0.2982456140350877 
275.0 	 612 	 571 	 40.0 	 75.0 	 0.30434782608695654 
276.0 	 614 	 571 	 40.0 	 75.0 	 0.30434782608695654 
277.0 	 616 	 571 	 40.670650482177734 	 75.47772216796875 	 0.2996776527436531 
278.0 	 618 	 571 	 40.0 	 75.0 	 0.30434782608695654 
279.0 	 620 	 571 	 40.0 	 75.0 	 0.30434782608695654 
280.0 	 623 	 571 	 40.0 	 74.0 	 0.2982456140350877 
281.0 	 625 	 571 	 40.0 	 74.0 	 0.2982456140350877 
282.0 	 627 	 571 	 40.0 	 75.0 	 0.30434782608695654 
283.0 	 630 	 571 	 40.0 	 74.0 	 0.2982456140350877 
284.0 	 632 	 571 	 40.0 	 74.0 	 0.2982456140350877 
285.0 	 634 	 571 	 40.0 	 75.0 	 0.30434782608695654 
286.0 	 636 	 571 	 40.0 	 75.0 	 0.30434782608695654 
287.0 	 638 	 571 	 40.0 	 75.0 	 0.30434782608695654 
288.0 	 640 	 571 	 40.0 	 75.0 	 0.30434782608695654 
289.0 	 643 	 571 	 39.0 	 74.0 	 0.30973451327433627 
290.0 	 645 	 571 	 40.0 	 74.0 	 0.2982456140350877 
291.0 	 647 	 571 	 40.0 	 75.0 	 0.30434782608695654 
292.0 	 650 	 571 	 39.0 	 75.0 	 0.3157894736842105 
293.0 	 652 	 571 	 40.0 	 75.0 	 0.30434782608695654 
294.0 	 655 	 571 	 40.0 	 74.0 	 0.2982456140350877 
295.0 	 657 	 571 	 39.0 	 74.0 	 0.30973451327433627 
296.0 	 659 	 571 	 39.0 	 74.0 	 0.30973451327433627 
297.0 	 661 	 570 	 39.0 	 74.0 	 0.30973451327433627 
298.0 	 663 	 570 	 39.0 	 74.0 	 0.30973451327433627 
299.0 	 665 	 571 	 40.0 	 75.0 	 0.30434782608695654 
300.0 	 668 	 571 	 40.0 	 74.0 	 0.2982456140350877 
301.0 	 670 	 570 	 40.0 	 74.0 	 0.2982456140350877 
302.0 	 672 	 570 	 40.0 	 74.0 	 0.2982456140350877 
303.0 	 674 	 570 	 40.0 	 74.0 	 0.2982456140350877 
304.0 	 676 	 570 	 40.0 	 75.0 	 0.30434782608695654 
305.0 	 679 	 570 	 40.0 	 75.0 	 0.30434782608695654 
306.0 	 681 	 570 	 40.0 	 75.0 	 0.30434782608695654 
307.0 	 684 	 570 	 40.0 	 75.0 	 0.30434782608695654 
308.0 	 686 	 570 	 40.0 	 76.0 	 0.3103448275862069 
309.0 	 688 	 570 	 40.0 	 74.0 	 0.2982456140350877 
310.0 	 690 	 570 	 40.0 	 74.0 	 0.2982456140350877 
311.0 	 693 	 570 	 40.0 	 75.0 	 0.30434782608695654 
312.0 	 695 	 570 	 40.0 	 75.0 	 0.30434782608695654 
313.0 	 697 	 570 	 39.0 	 75.0 	 0.3157894736842105 
314.0 	 699 	 570 	 39.0 	 75.0 	 0.3157894736842105 
315.0 	 701 	 570 	 39.0 	 75.0 	 0.3157894736842105 
316.0 	 704 	 570 	 39.0 	 75.0 	 0.3157894736842105 
317.0 	 706 	 570 	 39.844879150390625 	 76.16426086425781 	 0.3130734501547133 
318.0 	 708 	 570 	 39.0 	 75.0 	 0.3157894736842105 
319.0 	 711 	 570 	 39.0 	 76.0 	 0.3217391304347826 
320.0 	 713 	 570 	 39.0 	 76.0 	 0.3217391304347826 
321.0 	 715 	 570 	 39.0 	 75.0 	 0.3157894736842105 
322.0 	 718 	 570 	 39.0 	 76.0 	 0.3217391304347826 
323.0 	 720 	 570 	 39.0 	 75.0 	 0.3157894736842105 
324.0 	 722 	 570 	 38.0 	 74.0 	 0.32142857142857145 
325.0 	 724 	 570 	 39.0 	 75.0 	 0.3157894736842105 
326.0 	 726 	 570 	 75.0 	 40.0 	 0.30434782608695654 
327.0 	 729 	 570 	 39.0 	 73.0 	 0.30357142857142855 
328.0 	 731 	 570 	 39.0 	 74.0 	 0.30973451327433627 
329.0 	 734 	 570 	 39.0 	 75.0 	 0.3157894736842105 
330.0 	 736 	 570 	 39.0 	 74.0 	 0.30973451327433627 
331.0 	 738 	 570 	 39.0 	 74.0 	 0.30973451327433627 
332.0 	 740 	 570 	 39.0 	 75.0 	 0.3157894736842105 
333.0 	 742 	 570 	 39.0 	 75.0 	 0.3157894736842105 
334.0 	 745 	 570 	 39.0 	 75.0 	 0.3157894736842105 
335.0 	 747 	 570 	 39.0 	 76.0 	 0.3217391304347826 
336.0 	 749 	 570 	 39.0 	 75.0 	 0.3157894736842105 
337.0 	 751 	 570 	 39.0 	 74.0 	 0.30973451327433627 
338.0 	 754 	 570 	 39.0 	 75.0 	 0.3157894736842105 
339.0 	 756 	 570 	 39.0 	 76.0 	 0.3217391304347826 
340.0 	 758 	 570 	 39.0 	 75.0 	 0.3157894736842105 
341.0 	 761 	 570 	 39.0 	 75.0 	 0.3157894736842105 
342.0 	 763 	 570 	 39.0 	 75.0 	 0.3157894736842105 
343.0 	 765 	 570 	 39.0 	 74.0 	 0.30973451327433627 
344.0 	 767 	 570 	 39.0 	 75.0 	 0.3157894736842105 
345.0 	 770 	 570 	 40.0 	 76.0 	 0.3103448275862069 
346.0 	 772 	 570 	 39.0 	 75.0 	 0.3157894736842105 
347.0 	 775 	 570 	 39.0 	 76.0 	 0.3217391304347826 
348.0 	 777 	 570 	 39.0 	 76.0 	 0.3217391304347826 
349.0 	 779 	 570 	 38.0 	 75.0 	 0.3274336283185841 
350.0 	 781 	 570 	 38.0 	 75.0 	 0.3274336283185841 
351.0 	 783 	 570 	 38.0 	 76.0 	 0.3333333333333333 
352.0 	 786 	 570 	 38.0 	 76.0 	 0.3333333333333333 
353.0 	 788 	 570 	 38.0 	 76.0 	 0.3333333333333333 
354.0 	 790 	 570 	 38.0 	 75.0 	 0.3274336283185841 
355.0 	 793 	 570 	 38.0 	 75.0 	 0.3274336283185841 
356.0 	 796 	 570 	 38.0 	 74.0 	 0.32142857142857145 
357.0 	 798 	 570 	 38.0 	 74.0 	 0.32142857142857145 
358.0 	 800 	 570 	 38.0 	 75.0 	 0.3274336283185841 
359.0 	 802 	 570 	 38.0 	 76.0 	 0.3333333333333333 
360.0 	 804 	 570 	 37.0 	 75.0 	 0.3392857142857143 
361.0 	 807 	 570 	 75.69945526123047 	 38.1181640625 	 0.3301886950546587 
362.0 	 809 	 570 	 38.0 	 75.0 	 0.3274336283185841 
363.0 	 812 	 570 	 38.0 	 76.0 	 0.3333333333333333 
364.0 	 814 	 570 	 37.0 	 77.0 	 0.3508771929824561 
365.0 	 817 	 570 	 76.23575592041016 	 37.78569412231445 	 0.33721779352646547 
366.0 	 819 	 570 	 38.0 	 76.0 	 0.3333333333333333 
367.0 	 821 	 570 	 37.0 	 76.0 	 0.34513274336283184 
368.0 	 823 	 570 	 37.0 	 75.0 	 0.3392857142857143 
369.0 	 826 	 570 	 37.0 	 76.0 	 0.34513274336283184 
370.0 	 828 	 570 	 37.0 	 76.0 	 0.34513274336283184 
371.0 	 831 	 570 	 37.0 	 76.0 	 0.34513274336283184 
372.0 	 833 	 570 	 37.0 	 76.0 	 0.34513274336283184 
373.0 	 835 	 570 	 76.0 	 38.0 	 0.3333333333333333 
374.0 	 838 	 570 	 38.0 	 75.0 	 0.3274336283185841 
375.0 	 840 	 570 	 38.0 	 76.0 	 0.3333333333333333 
376.0 	 842 	 570 	 38.0 	 76.0 	 0.3333333333333333 
377.0 	 845 	 570 	 38.0 	 76.0 	 0.3333333333333333 
378.0 	 847 	 570 	 38.0 	 75.0 	 0.3274336283185841 
379.0 	 850 	 570 	 37.0 	 76.0 	 0.34513274336283184 
380.0 	 852 	 570 	 37.0 	 75.0 	 0.3392857142857143 
381.0 	 854 	 570 	 37.0 	 76.0 	 0.34513274336283184 
382.0 	 857 	 570 	 37.0 	 76.0 	 0.34513274336283184 
383.0 	 859 	 570 	 37.0 	 76.0 	 0.34513274336283184 
384.0 	 861 	 570 	 37.0 	 76.0 	 0.34513274336283184 
385.0 	 863 	 570 	 37.0 	 75.0 	 0.3392857142857143 
386.0 	 865 	 569 	 37.0 	 74.0 	 0.3333333333333333 
387.0 	 868 	 570 	 38.0 	 75.0 	 0.3274336283185841 
388.0 	 870 	 570 	 38.0 	 77.0 	 0.3391304347826087 
389.0 	 872 	 570 	 38.0 	 76.0 	 0.3333333333333333 
390.0 	 874 	 570 	 38.0 	 77.0 	 0.3391304347826087 
391.0 	 876 	 570 	 38.0 	 76.0 	 0.3333333333333333 
392.0 	 879 	 570 	 38.0 	 76.0 	 0.3333333333333333 
393.0 	 881 	 570 	 38.0 	 76.0 	 0.3333333333333333 
394.0 	 883 	 570 	 38.0 	 76.0 	 0.3333333333333333 
395.0 	 885 	 570 	 38.0 	 75.0 	 0.3274336283185841 
396.0 	 888 	 570 	 38.0 	 76.0 	 0.3333333333333333 
397.0 	 890 	 570 	 38.0 	 75.0 	 0.3274336283185841 
398.0 	 892 	 570 	 38.0 	 76.0 	 0.3333333333333333 
399.0 	 895 	 570 	 38.0 	 75.0 	 0.3274336283185841 
400.0 	 897 	 570 	 38.0 	 76.0 	 0.3333333333333333 
401.0 	 899 	 570 	 38.0 	 76.0 	 0.3333333333333333 
402.0 	 901 	 569 	 38.0 	 77.0 	 0.3391304347826087 
403.0 	 904 	 570 	 38.0 	 77.0 	 0.3391304347826087 
404.0 	 906 	 570 	 38.0 	 76.0 	 0.3333333333333333 
405.0 	 908 	 570 	 38.0 	 77.0 	 0.3391304347826087 
406.0 	 911 	 570 	 38.0 	 77.0 	 0.3391304347826087 
407.0 	 913 	 569 	 38.0 	 78.0 	 0.3448275862068966 
408.0 	 915 	 569 	 37.0 	 77.0 	 0.3508771929824561 
409.0 	 917 	 569 	 37.0 	 76.0 	 0.34513274336283184 
410.0 	 920 	 569 	 37.0 	 76.0 	 0.34513274336283184 
411.0 	 922 	 569 	 37.0 	 76.0 	 0.34513274336283184 
412.0 	 924 	 569 	 37.0 	 77.0 	 0.3508771929824561 
413.0 	 927 	 569 	 37.0 	 77.0 	 0.3508771929824561 
414.0 	 929 	 569 	 37.0 	 76.0 	 0.34513274336283184 
415.0 	 932 	 569 	 37.0 	 76.0 	 0.34513274336283184 
416.0 	 934 	 569 	 37.0 	 76.0 	 0.34513274336283184 
417.0 	 937 	 569 	 37.0 	 76.0 	 0.34513274336283184 
418.0 	 939 	 569 	 37.0 	 76.0 	 0.34513274336283184 
419.0 	 941 	 569 	 37.0 	 76.0 	 0.34513274336283184 
420.0 	 943 	 569 	 37.0 	 76.0 	 0.34513274336283184 
421.0 	 945 	 569 	 37.0 	 77.0 	 0.3508771929824561 
422.0 	 948 	 569 	 37.0 	 78.0 	 0.3565217391304348 
423.0 	 951 	 569 	 37.0 	 77.0 	 0.3508771929824561 
424.0 	 953 	 569 	 37.0 	 76.0 	 0.34513274336283184 
425.0 	 955 	 569 	 37.0 	 77.0 	 0.3508771929824561 
426.0 	 957 	 569 	 37.0 	 77.0 	 0.3508771929824561 
427.0 	 960 	 569 	 37.0 	 76.0 	 0.34513274336283184 
428.0 	 962 	 569 	 37.0 	 77.0 	 0.3508771929824561 
429.0 	 964 	 569 	 37.0 	 77.0 	 0.3508771929824561 
430.0 	 967 	 569 	 37.0 	 76.0 	 0.34513274336283184 
431.0 	 969 	 569 	 37.0 	 77.0 	 0.3508771929824561 
432.0 	 971 	 570 	 37.0 	 77.0 	 0.3508771929824561 
433.0 	 974 	 570 	 37.0 	 77.0 	 0.3508771929824561 
434.0 	 976 	 569 	 37.0 	 77.0 	 0.3508771929824561 
435.0 	 978 	 569 	 37.0 	 78.0 	 0.3565217391304348 
436.0 	 981 	 569 	 37.0 	 77.0 	 0.3508771929824561 
437.0 	 983 	 569 	 37.0 	 77.0 	 0.3508771929824561 
438.0 	 985 	 569 	 37.0 	 77.0 	 0.3508771929824561 
439.0 	 988 	 569 	 37.0 	 77.0 	 0.3508771929824561 
440.0 	 990 	 569 	 37.0 	 77.0 	 0.3508771929824561 
441.0 	 993 	 569 	 37.0 	 77.0 	 0.3508771929824561 
442.0 	 995 	 569 	 37.0 	 77.0 	 0.3508771929824561 
443.0 	 997 	 569 	 37.0 	 76.0 	 0.34513274336283184 
444.0 	 999 	 569 	 37.0 	 78.0 	 0.3565217391304348 
445.0 	 1001 	 569 	 37.0 	 77.0 	 0.3508771929824561 
446.0 	 1004 	 569 	 37.0 	 76.0 	 0.34513274336283184 
447.0 	 1006 	 570 	 37.0 	 77.0 	 0.3508771929824561 
448.0 	 1009 	 569 	 37.0 	 78.0 	 0.3565217391304348 
449.0 	 1011 	 569 	 37.0 	 77.0 	 0.3508771929824561 
450.0 	 1013 	 569 	 37.0 	 78.0 	 0.3565217391304348 
451.0 	 1016 	 569 	 37.0 	 77.0 	 0.3508771929824561 
452.0 	 1018 	 569 	 37.0 	 76.0 	 0.34513274336283184 
453.0 	 1020 	 569 	 37.0 	 78.0 	 0.3565217391304348 
454.0 	 1023 	 569 	 38.0 	 78.0 	 0.3448275862068966 
455.0 	 1025 	 569 	 37.0 	 78.0 	 0.3565217391304348 
456.0 	 1028 	 569 	 37.0 	 78.0 	 0.3565217391304348 
457.0 	 1030 	 569 	 37.0 	 79.0 	 0.3620689655172414 
458.0 	 1032 	 569 	 37.0 	 78.0 	 0.3565217391304348 
459.0 	 1034 	 569 	 37.0 	 79.0 	 0.3620689655172414 
460.0 	 1037 	 569 	 37.0 	 79.0 	 0.3620689655172414 
461.0 	 1039 	 569 	 37.0 	 78.0 	 0.3565217391304348 
462.0 	 1042 	 569 	 37.0 	 80.0 	 0.36752136752136755 
463.0 	 1044 	 569 	 37.0 	 79.0 	 0.3620689655172414 
464.0 	 1046 	 569 	 37.0 	 78.0 	 0.3565217391304348 
465.0 	 1049 	 569 	 37.0 	 79.0 	 0.3620689655172414 
466.0 	 1051 	 569 	 37.0 	 79.0 	 0.3620689655172414 
467.0 	 1053 	 569 	 37.0 	 78.0 	 0.3565217391304348 
468.0 	 1055 	 569 	 37.0 	 78.0 	 0.3565217391304348 
469.0 	 1057 	 569 	 37.0 	 78.0 	 0.3565217391304348 
470.0 	 1060 	 569 	 37.0 	 77.0 	 0.3508771929824561 
471.0 	 1062 	 569 	 38.0 	 77.0 	 0.3391304347826087 
472.0 	 1064 	 569 	 37.0 	 78.0 	 0.3565217391304348 
473.0 	 1067 	 569 	 37.0 	 79.0 	 0.3620689655172414 
474.0 	 1069 	 569 	 37.0 	 79.0 	 0.3620689655172414 
475.0 	 1071 	 569 	 37.0 	 79.0 	 0.3620689655172414 
476.0 	 1074 	 569 	 37.0 	 80.0 	 0.36752136752136755 
477.0 	 1076 	 569 	 37.0 	 80.0 	 0.36752136752136755 
478.0 	 1079 	 569 	 37.0 	 80.0 	 0.36752136752136755 
479.0 	 1081 	 569 	 37.0 	 79.0 	 0.3620689655172414 
480.0 	 1083 	 569 	 37.0 	 79.0 	 0.3620689655172414 
481.0 	 1085 	 569 	 37.0 	 80.0 	 0.36752136752136755 
482.0 	 1087 	 569 	 37.0 	 80.0 	 0.36752136752136755 
483.0 	 1090 	 569 	 37.0 	 80.0 	 0.36752136752136755 
484.0 	 1092 	 569 	 37.0 	 80.0 	 0.36752136752136755 
485.0 	 1094 	 569 	 37.0 	 81.0 	 0.3728813559322034 
486.0 	 1097 	 569 	 37.0 	 80.0 	 0.36752136752136755 
487.0 	 1099 	 569 	 37.0 	 80.0 	 0.36752136752136755 
488.0 	 1102 	 569 	 37.0 	 80.0 	 0.36752136752136755 
489.0 	 1104 	 569 	 37.0 	 81.0 	 0.3728813559322034 
490.0 	 1106 	 569 	 37.0 	 81.0 	 0.3728813559322034 
491.0 	 1108 	 569 	 37.0 	 82.0 	 0.37815126050420167 
492.0 	 1111 	 569 	 37.0 	 82.0 	 0.37815126050420167 
493.0 	 1112 	 569 	 86.0 	 38.0 	 0.3870967741935484 
494.0 	 1115 	 569 	 85.0 	 38.0 	 0.3821138211382114 
495.0 	 1117 	 569 	 38.0 	 85.0 	 0.3821138211382114 
496.0 	 1120 	 569 	 37.0 	 85.0 	 0.39344262295081966 
497.0 	 1122 	 569 	 37.0 	 85.0 	 0.39344262295081966 
498.0 	 1125 	 569 	 37.0 	 83.0 	 0.38333333333333336 
499.0 	 1127 	 569 	 37.0 	 84.0 	 0.3884297520661157 
500.0 	 1129 	 570 	 37.0 	 84.0 	 0.3884297520661157 
501.0 	 1131 	 570 	 37.0 	 85.0 	 0.39344262295081966 
502.0 	 1133 	 570 	 37.0 	 86.0 	 0.3983739837398374 
503.0 	 1135 	 570 	 37.0 	 85.0 	 0.39344262295081966 
504.0 	 1138 	 570 	 37.0 	 85.0 	 0.39344262295081966 
505.0 	 1140 	 570 	 37.0 	 85.0 	 0.39344262295081966 
506.0 	 1142 	 570 	 37.0 	 87.0 	 0.4032258064516129 
507.0 	 1144 	 570 	 37.0 	 86.0 	 0.3983739837398374 
508.0 	 1147 	 570 	 37.0 	 87.0 	 0.4032258064516129 
509.0 	 1149 	 570 	 37.0 	 86.0 	 0.3983739837398374 
510.0 	 1151 	 570 	 37.80976867675781 	 86.21106719970703 	 0.3902674754680816 
511.0 	 1154 	 570 	 37.9254264831543 	 87.09109497070312 	 0.3932733683179265 
512.0 	 1156 	 570 	 38.0 	 88.0 	 0.3968253968253968 
513.0 	 1158 	 570 	 38.0 	 87.0 	 0.392 
514.0 	 1161 	 569 	 39.0 	 87.0 	 0.38095238095238093 
515.0 	 1163 	 570 	 39.0 	 87.0 	 0.38095238095238093 
516.0 	 1165 	 570 	 39.0 	 87.0 	 0.38095238095238093 
517.0 	 1167 	 569 	 38.0 	 88.0 	 0.3968253968253968 
518.0 	 1170 	 569 	 38.0 	 89.0 	 0.4015748031496063 
519.0 	 1172 	 569 	 38.0 	 89.0 	 0.4015748031496063 
520.0 	 1174 	 569 	 38.0 	 88.0 	 0.3968253968253968 
521.0 	 1177 	 569 	 38.0 	 88.0 	 0.3968253968253968 
522.0 	 1179 	 569 	 38.0 	 87.0 	 0.392 
523.0 	 1181 	 569 	 38.0 	 88.0 	 0.3968253968253968 
524.0 	 1184 	 569 	 38.0 	 88.0 	 0.3968253968253968 
525.0 	 1186 	 569 	 38.0 	 88.0 	 0.3968253968253968 
526.0 	 1188 	 569 	 38.0 	 87.0 	 0.392 
527.0 	 1190 	 569 	 38.0 	 88.0 	 0.3968253968253968 
528.0 	 1192 	 569 	 38.0 	 88.0 	 0.3968253968253968 
529.0 	 1194 	 569 	 37.0 	 87.0 	 0.4032258064516129 
530.0 	 1197 	 569 	 37.0 	 89.0 	 0.4126984126984127 
531.0 	 1199 	 569 	 37.0 	 89.0 	 0.4126984126984127 
532.0 	 1201 	 569 	 37.0 	 88.0 	 0.408 
533.0 	 1204 	 569 	 37.0 	 88.0 	 0.408 
534.0 	 1206 	 569 	 37.0 	 89.0 	 0.4126984126984127 
535.0 	 1208 	 569 	 37.0 	 87.0 	 0.4032258064516129 
536.0 	 1210 	 569 	 37.0 	 87.0 	 0.4032258064516129 
537.0 	 1213 	 569 	 37.0 	 88.0 	 0.408 
538.0 	 1215 	 569 	 37.0 	 86.0 	 0.3983739837398374 
539.0 	 1217 	 569 	 37.0 	 87.0 	 0.4032258064516129 
540.0 	 1220 	 569 	 37.0 	 88.0 	 0.408 
541.0 	 1222 	 569 	 37.0 	 88.0 	 0.408 
542.0 	 1225 	 569 	 37.0 	 88.0 	 0.408 
543.0 	 1227 	 569 	 38.0 	 87.0 	 0.392 
544.0 	 1229 	 569 	 37.0 	 86.0 	 0.3983739837398374 
545.0 	 1231 	 569 	 38.0 	 87.0 	 0.392 
546.0 	 1233 	 569 	 38.0 	 88.0 	 0.3968253968253968 
547.0 	 1236 	 569 	 38.0 	 88.0 	 0.3968253968253968 
548.0 	 1238 	 569 	 38.0 	 88.0 	 0.3968253968253968 
549.0 	 1240 	 569 	 38.0 	 89.0 	 0.4015748031496063 
550.0 	 1243 	 569 	 38.0 	 89.0 	 0.4015748031496063 
551.0 	 1245 	 569 	 37.0 	 87.0 	 0.4032258064516129 
552.0 	 1247 	 569 	 37.0 	 88.0 	 0.408 
553.0 	 1250 	 569 	 37.0 	 87.0 	 0.4032258064516129 
554.0 	 1252 	 569 	 37.92599868774414 	 86.14441680908203 	 0.38863751627051946 
555.0 	 1254 	 569 	 38.0 	 88.0 	 0.3968253968253968 
556.0 	 1256 	 569 	 37.0 	 89.0 	 0.4126984126984127 
557.0 	 1259 	 569 	 37.0 	 87.0 	 0.4032258064516129 
558.0 	 1261 	 569 	 37.0 	 88.0 	 0.408 
559.0 	 1263 	 569 	 38.0 	 89.0 	 0.4015748031496063 
560.0 	 1266 	 569 	 38.0 	 88.0 	 0.3968253968253968 
561.0 	 1268 	 569 	 38.0 	 87.0 	 0.392 
562.0 	 1270 	 569 	 38.0 	 89.0 	 0.4015748031496063 
563.0 	 1273 	 569 	 38.0 	 88.0 	 0.3968253968253968 
564.0 	 1275 	 569 	 38.0 	 87.0 	 0.392 
565.0 	 1277 	 569 	 37.0 	 88.0 	 0.408 
566.0 	 1279 	 569 	 37.0 	 88.0 	 0.408 
567.0 	 1281 	 569 	 36.0 	 88.0 	 0.41935483870967744 
568.0 	 1283 	 569 	 38.0 	 87.0 	 0.392 
569.0 	 1286 	 569 	 38.0 	 88.0 	 0.3968253968253968 
570.0 	 1289 	 569 	 37.78569412231445 	 85.95207977294922 	 0.3892617762091357 
571.0 	 1291 	 569 	 38.0 	 88.0 	 0.3968253968253968 
572.0 	 1293 	 569 	 38.0 	 88.0 	 0.3968253968253968 
573.0 	 1295 	 569 	 38.0 	 85.0 	 0.3821138211382114 
574.0 	 1297 	 569 	 38.924049377441406 	 87.08008575439453 	 0.38217822237792676 
575.0 	 1299 	 569 	 39.82709884643555 	 87.84761047363281 	 0.37611608346657294 
576.0 	 1301 	 569 	 39.0 	 87.0 	 0.38095238095238093 
577.0 	 1304 	 569 	 87.0 	 38.0 	 0.392 
578.0 	 1306 	 569 	 39.0 	 87.0 	 0.38095238095238093 
579.0 	 1308 	 569 	 38.52164840698242 	 86.732421875 	 0.38490384671317635 
580.0 	 1311 	 569 	 38.54977798461914 	 87.26721954345703 	 0.38720874377857056 
581.0 	 1313 	 569 	 38.38525390625 	 88.03092193603516 	 0.3927161037660427 
582.0 	 1315 	 569 	 38.0 	 87.0 	 0.392 
583.0 	 1318 	 569 	 38.0 	 86.0 	 0.3870967741935484 
584.0 	 1320 	 569 	 38.0 	 88.0 	 0.3968253968253968 
585.0 	 1322 	 569 	 38.0 	 87.0 	 0.392 
586.0 	 1324 	 569 	 38.0 	 86.0 	 0.3870967741935484 
587.0 	 1326 	 569 	 38.0 	 88.0 	 0.3968253968253968 
588.0 	 1328 	 569 	 38.0 	 87.0 	 0.392 
589.0 	 1330 	 569 	 36.0 	 87.0 	 0.4146341463414634 
590.0 	 1333 	 569 	 38.0 	 88.0 	 0.3968253968253968 
591.0 	 1335 	 569 	 38.0 	 88.0 	 0.3968253968253968 
592.0 	 1338 	 569 	 38.0 	 88.0 	 0.3968253968253968 
593.0 	 1340 	 569 	 38.0 	 89.0 	 0.4015748031496063 
594.0 	 1342 	 569 	 38.0 	 90.0 	 0.40625 
595.0 	 1344 	 569 	 38.0 	 87.0 	 0.392 
596.0 	 1346 	 569 	 38.0 	 88.0 	 0.3968253968253968 
597.0 	 1348 	 569 	 39.0 	 88.0 	 0.3858267716535433 
598.0 	 1351 	 569 	 38.0 	 87.0 	 0.392 
599.0 	 1353 	 569 	 38.0 	 87.0 	 0.392 
600.0 	 1355 	 569 	 38.0 	 87.0 	 0.392 
601.0 	 1357 	 569 	 36.0 	 88.0 	 0.41935483870967744 
602.0 	 1360 	 569 	 36.0 	 87.0 	 0.4146341463414634 
603.0 	 1362 	 569 	 38.0 	 88.0 	 0.3968253968253968 
604.0 	 1365 	 569 	 37.0 	 87.0 	 0.4032258064516129 
605.0 	 1367 	 569 	 37.0 	 87.0 	 0.4032258064516129 
606.0 	 1369 	 569 	 37.0 	 88.0 	 0.408 
607.0 	 1371 	 569 	 37.0 	 87.0 	 0.4032258064516129 
608.0 	 1373 	 569 	 37.0 	 87.0 	 0.4032258064516129 
609.0 	 1375 	 569 	 36.943031311035156 	 87.91998291015625 	 0.40826302261786523 
610.0 	 1378 	 569 	 37.0 	 87.0 	 0.4032258064516129 
611.0 	 1380 	 569 	 36.83472442626953 	 87.27763366699219 	 0.406429383952389 
612.0 	 1383 	 569 	 36.8774299621582 	 88.02430725097656 	 0.40949692478288213 
613.0 	 1384 	 569 	 36.0 	 87.0 	 0.4146341463414634 
614.0 	 1387 	 569 	 36.0 	 86.0 	 0.4098360655737705 
615.0 	 1389 	 569 	 36.0 	 86.0 	 0.4098360655737705 
616.0 	 1391 	 569 	 37.0 	 87.0 	 0.4032258064516129 
617.0 	 1393 	 569 	 37.051082611083984 	 87.8050765991211 	 0.40649972183261546 
618.0 	 1396 	 569 	 36.0 	 88.0 	 0.41935483870967744 
619.0 	 1398 	 569 	 38.0 	 89.0 	 0.4015748031496063 
620.0 	 1401 	 569 	 38.0 	 88.0 	 0.3968253968253968 
621.0 	 1403 	 569 	 38.0 	 87.0 	 0.392 
622.0 	 1405 	 569 	 38.0 	 89.0 	 0.4015748031496063 
623.0 	 1408 	 569 	 37.0 	 91.0 	 0.421875 
624.0 	 1410 	 569 	 37.0 	 92.0 	 0.4263565891472868 
625.0 	 1413 	 569 	 37.0 	 92.0 	 0.4263565891472868 
626.0 	 1415 	 569 	 37.0 	 92.0 	 0.4263565891472868 
627.0 	 1417 	 569 	 36.0 	 90.0 	 0.42857142857142855 
628.0 	 1420 	 569 	 36.676509857177734 	 91.08761596679688 	 0.42587154851733067 
629.0 	 1422 	 569 	 36.56627655029297 	 90.23417663574219 	 0.42324691069290116 
630.0 	 1425 	 569 	 37.0 	 89.0 	 0.4126984126984127 
631.0 	 1427 	 569 	 37.0 	 89.0 	 0.4126984126984127 
632.0 	 1429 	 569 	 37.0 	 90.0 	 0.41732283464566927 
633.0 	 1431 	 569 	 37.0 	 90.0 	 0.41732283464566927 
634.0 	 1434 	 568 	 37.0 	 89.0 	 0.4126984126984127 
635.0 	 1436 	 568 	 37.0 	 90.0 	 0.41732283464566927 
636.0 	 1438 	 568 	 38.0 	 90.0 	 0.40625 
637.0 	 1440 	 568 	 37.0 	 89.0 	 0.4126984126984127 
638.0 	 1443 	 568 	 37.0 	 88.0 	 0.408 
639.0 	 1445 	 569 	 37.0 	 89.0 	 0.4126984126984127 
640.0 	 1447 	 568 	 37.0 	 89.0 	 0.4126984126984127 
641.0 	 1450 	 568 	 37.0 	 90.0 	 0.41732283464566927 
642.0 	 1452 	 569 	 37.0 	 90.0 	 0.41732283464566927 
643.0 	 1454 	 569 	 37.0 	 88.0 	 0.408 
644.0 	 1457 	 569 	 37.0 	 89.0 	 0.4126984126984127 
645.0 	 1459 	 569 	 36.0 	 90.0 	 0.42857142857142855 
646.0 	 1461 	 569 	 37.0 	 88.0 	 0.408 
647.0 	 1464 	 569 	 37.0 	 88.0 	 0.408 
648.0 	 1466 	 569 	 37.0 	 88.0 	 0.408 
649.0 	 1468 	 569 	 37.0 	 89.0 	 0.4126984126984127 
650.0 	 1471 	 569 	 37.0 	 89.0 	 0.4126984126984127 
651.0 	 1473 	 569 	 38.0 	 90.0 	 0.40625 
652.0 	 1475 	 569 	 38.0 	 91.0 	 0.4108527131782946 
653.0 	 1478 	 569 	 38.0 	 89.0 	 0.4015748031496063 
654.0 	 1480 	 569 	 38.0 	 90.0 	 0.40625 
655.0 	 1482 	 569 	 38.0 	 91.0 	 0.4108527131782946 
656.0 	 1485 	 569 	 37.0 	 89.0 	 0.4126984126984127 
657.0 	 1487 	 569 	 38.0 	 91.0 	 0.4108527131782946 
658.0 	 1489 	 569 	 38.0 	 93.0 	 0.4198473282442748 
659.0 	 1491 	 569 	 38.0 	 93.0 	 0.4198473282442748 
660.0 	 1494 	 569 	 38.0 	 94.0 	 0.42424242424242425 
661.0 	 1496 	 569 	 38.0 	 93.0 	 0.4198473282442748 
662.0 	 1499 	 569 	 38.0 	 90.0 	 0.40625 
663.0 	 1501 	 568 	 37.0 	 89.0 	 0.4126984126984127 
664.0 	 1504 	 569 	 38.0 	 90.0 	 0.40625 
665.0 	 1507 	 568 	 38.0 	 90.0 	 0.40625 
666.0 	 1509 	 569 	 37.0 	 90.0 	 0.41732283464566927 
667.0 	 1511 	 569 	 39.0 	 91.0 	 0.4 
668.0 	 1514 	 569 	 39.0 	 90.0 	 0.3953488372093023 
669.0 	 1516 	 569 	 38.0 	 89.0 	 0.4015748031496063 
670.0 	 1518 	 569 	 89.72091674804688 	 38.8398323059082 	 0.39577464207823354 
671.0 	 1520 	 569 	 89.85520935058594 	 38.78224563598633 	 0.39703027178150274 
672.0 	 1523 	 569 	 88.0 	 38.0 	 0.3968253968253968 
673.0 	 1526 	 569 	 37.0 	 88.0 	 0.408 
674.0 	 1528 	 569 	 37.0 	 89.0 	 0.4126984126984127 
675.0 	 1531 	 569 	 37.0 	 88.0 	 0.408 
676.0 	 1533 	 569 	 37.0 	 88.0 	 0.408 
677.0 	 1536 	 569 	 37.0 	 88.0 	 0.408 
678.0 	 1538 	 569 	 37.0 	 86.0 	 0.3983739837398374 
679.0 	 1540 	 569 	 37.0 	 87.0 	 0.4032258064516129 
680.0 	 1542 	 569 	 37.0 	 89.0 	 0.4126984126984127 
681.0 	 1545 	 569 	 37.0 	 87.0 	 0.4032258064516129 
682.0 	 1548 	 569 	 37.0 	 87.0 	 0.4032258064516129 
683.0 	 1550 	 569 	 37.0 	 89.0 	 0.4126984126984127 
684.0 	 1553 	 569 	 37.0 	 88.0 	 0.408 
685.0 	 1555 	 569 	 35.0 	 87.0 	 0.4262295081967213 
686.0 	 1557 	 569 	 36.0 	 89.0 	 0.424 
687.0 	 1560 	 569 	 36.0 	 88.0 	 0.41935483870967744 
688.0 	 1562 	 569 	 36.0 	 86.0 	 0.4098360655737705 
689.0 	 1565 	 569 	 35.0 	 88.0 	 0.43089430894308944 
690.0 	 1567 	 569 	 35.0 	 88.0 	 0.43089430894308944 
691.0 	 1569 	 569 	 35.483604431152344 	 85.23674774169922 	 0.4121355050332243 
692.0 	 1572 	 569 	 36.84374237060547 	 88.1937255859375 	 0.4106767679682927 
693.0 	 1574 	 569 	 36.0 	 89.0 	 0.424 
694.0 	 1577 	 569 	 36.0 	 87.0 	 0.4146341463414634 
695.0 	 1579 	 569 	 36.0 	 89.0 	 0.424 
696.0 	 1581 	 569 	 36.76347732543945 	 89.0588150024414 	 0.4156285560330224 
697.0 	 1584 	 569 	 35.0 	 85.0 	 0.4166666666666667 
698.0 	 1586 	 569 	 35.0 	 87.0 	 0.4262295081967213 
699.0 	 1589 	 569 	 36.0 	 89.0 	 0.424 
700.0 	 1591 	 569 	 36.0 	 87.0 	 0.4146341463414634 
701.0 	 1594 	 569 	 36.0 	 87.0 	 0.4146341463414634 
702.0 	 1596 	 569 	 36.0 	 88.0 	 0.41935483870967744 
703.0 	 1599 	 569 	 35.0 	 88.0 	 0.43089430894308944 
704.0 	 1601 	 569 	 35.0 	 86.0 	 0.4214876033057851 
705.0 	 1603 	 569 	 35.0 	 87.0 	 0.4262295081967213 
706.0 	 1606 	 569 	 35.0 	 87.0 	 0.4262295081967213 
707.0 	 1608 	 568 	 34.7242317199707 	 85.2574234008789 	 0.421174317273832 
708.0 	 1610 	 568 	 34.0 	 88.0 	 0.4426229508196721 
709.0 	 1613 	 568 	 34.0 	 85.0 	 0.42857142857142855 
710.0 	 1615 	 568 	 34.0 	 83.0 	 0.4188034188034188 
711.0 	 1617 	 568 	 34.0 	 85.0 	 0.42857142857142855 
712.0 	 1620 	 568 	 35.0 	 86.0 	 0.4214876033057851 
713.0 	 1622 	 568 	 35.0 	 84.0 	 0.4117647058823529 
714.0 	 1624 	 568 	 35.0 	 86.0 	 0.4214876033057851 
715.0 	 1626 	 568 	 36.0 	 85.0 	 0.4049586776859504 
716.0 	 1629 	 569 	 35.0 	 84.0 	 0.4117647058823529 
717.0 	 1631 	 568 	 35.0 	 85.0 	 0.4166666666666667 
718.0 	 1633 	 568 	 36.0 	 87.0 	 0.4146341463414634 
719.0 	 1636 	 568 	 34.0 	 85.0 	 0.42857142857142855 
720.0 	 1638 	 568 	 34.0 	 85.0 	 0.42857142857142855 
721.0 	 1641 	 569 	 33.0 	 84.0 	 0.4358974358974359 
722.0 	 1643 	 568 	 33.0 	 84.0 	 0.4358974358974359 
723.0 	 1645 	 568 	 33.0 	 83.0 	 0.43103448275862066 
724.0 	 1648 	 568 	 34.0 	 86.0 	 0.43333333333333335 
725.0 	 1650 	 568 	 34.0 	 84.0 	 0.423728813559322 
726.0 	 1653 	 568 	 33.0 	 84.0 	 0.4358974358974359 
727.0 	 1655 	 568 	 34.0 	 86.0 	 0.43333333333333335 
728.0 	 1658 	 568 	 34.0 	 86.0 	 0.43333333333333335 
729.0 	 1660 	 568 	 34.0 	 84.0 	 0.423728813559322 
730.0 	 1662 	 568 	 35.0 	 87.0 	 0.4262295081967213 
731.0 	 1665 	 568 	 35.0 	 87.0 	 0.4262295081967213 
732.0 	 1668 	 568 	 35.0 	 85.0 	 0.4166666666666667 
733.0 	 1670 	 568 	 33.0 	 84.0 	 0.4358974358974359 
734.0 	 1672 	 568 	 34.0 	 86.0 	 0.43333333333333335 
735.0 	 1675 	 568 	 33.87141418457031 	 85.0216064453125 	 0.4302203105762963 
736.0 	 1678 	 568 	 34.0 	 84.0 	 0.423728813559322 
737.0 	 1679 	 568 	 34.0 	 87.0 	 0.4380165289256198 
738.0 	 1682 	 568 	 33.6702995300293 	 86.3668212890625 	 0.43900188041374505 
739.0 	 1684 	 568 	 33.0 	 84.0 	 0.4358974358974359 
740.0 	 1686 	 568 	 34.0 	 86.0 	 0.43333333333333335 
741.0 	 1689 	 568 	 33.791656494140625 	 85.2108383178711 	 0.43208490632870655 
742.0 	 1692 	 568 	 33.0 	 85.0 	 0.4406779661016949 
743.0 	 1694 	 568 	 34.0 	 87.0 	 0.4380165289256198 
744.0 	 1696 	 568 	 34.0 	 86.0 	 0.43333333333333335 
745.0 	 1698 	 568 	 33.0 	 85.0 	 0.4406779661016949 
746.0 	 1700 	 568 	 34.0 	 86.0 	 0.43333333333333335 
747.0 	 1703 	 568 	 33.0 	 86.0 	 0.44537815126050423 
748.0 	 1706 	 568 	 34.0 	 85.0 	 0.42857142857142855 
749.0 	 1708 	 568 	 34.0 	 85.0 	 0.42857142857142855 
750.0 	 1710 	 568 	 33.0 	 85.0 	 0.4406779661016949 
751.0 	 1713 	 568 	 33.0 	 84.0 	 0.4358974358974359 
752.0 	 1715 	 568 	 33.0 	 84.0 	 0.4358974358974359 
753.0 	 1717 	 568 	 33.0 	 86.0 	 0.44537815126050423 
754.0 	 1720 	 568 	 33.0 	 85.0 	 0.4406779661016949 
755.0 	 1722 	 568 	 33.0 	 83.0 	 0.43103448275862066 
756.0 	 1724 	 568 	 34.0 	 85.0 	 0.42857142857142855 
757.0 	 1726 	 568 	 33.0 	 82.0 	 0.4260869565217391 
758.0 	 1729 	 568 	 83.0 	 33.0 	 0.43103448275862066 
759.0 	 1732 	 568 	 34.0 	 85.0 	 0.42857142857142855 
760.0 	 1735 	 568 	 34.0 	 85.0 	 0.42857142857142855 
761.0 	 1737 	 568 	 34.0 	 83.0 	 0.4188034188034188 
762.0 	 1739 	 568 	 34.0 	 85.0 	 0.42857142857142855 
763.0 	 1741 	 568 	 34.0 	 84.0 	 0.423728813559322 
764.0 	 1743 	 568 	 34.0 	 83.0 	 0.4188034188034188 
765.0 	 1746 	 568 	 34.419254302978516 	 84.70832061767578 	 0.4221446323254094 
766.0 	 1748 	 568 	 34.0 	 84.0 	 0.423728813559322 
767.0 	 1750 	 568 	 34.0 	 82.0 	 0.41379310344827586 
768.0 	 1752 	 568 	 34.0 	 82.0 	 0.41379310344827586 
769.0 	 1754 	 568 	 33.0 	 84.0 	 0.4358974358974359 
770.0 	 1756 	 568 	 33.0 	 83.0 	 0.43103448275862066 
771.0 	 1759 	 568 	 33.0 	 83.0 	 0.43103448275862066 
772.0 	 1761 	 568 	 34.0 	 85.0 	 0.42857142857142855 
773.0 	 1763 	 568 	 34.0 	 85.0 	 0.42857142857142855 
774.0 	 1766 	 568 	 83.13257598876953 	 34.88551712036133 	 0.4088106967106674 
775.0 	 1768 	 568 	 84.88251495361328 	 34.793949127197266 	 0.41853313607756765 
776.0 	 1770 	 568 	 84.9989242553711 	 34.7701301574707 	 0.41938040125759557 
777.0 	 1772 	 568 	 83.15025329589844 	 34.49519348144531 	 0.41357367537171147 
778.0 	 1775 	 568 	 85.7928237915039 	 33.90764236450195 	 0.4334584742500492 
779.0 	 1777 	 568 	 34.0 	 86.0 	 0.43333333333333335 
780.0 	 1780 	 568 	 33.0 	 84.0 	 0.4358974358974359 
781.0 	 1782 	 568 	 33.0 	 83.0 	 0.43103448275862066 
782.0 	 1784 	 568 	 33.0 	 84.0 	 0.4358974358974359 
783.0 	 1787 	 568 	 33.0 	 81.0 	 0.42105263157894735 
784.0 	 1789 	 568 	 33.0 	 81.0 	 0.42105263157894735 
785.0 	 1791 	 568 	 34.0 	 84.0 	 0.423728813559322 
786.0 	 1793 	 568 	 83.29287719726562 	 33.769832611083984 	 0.4230471400094769 
787.0 	 1796 	 568 	 82.71322631835938 	 34.01291275024414 	 0.41721857637638965 
788.0 	 1798 	 568 	 33.86036682128906 	 84.28877258300781 	 0.4268199160482819 
789.0 	 1801 	 568 	 34.0 	 83.0 	 0.4188034188034188 
790.0 	 1804 	 568 	 32.0 	 81.0 	 0.4336283185840708 
791.0 	 1806 	 568 	 33.0 	 83.0 	 0.43103448275862066 
792.0 	 1808 	 568 	 84.0 	 33.0 	 0.4358974358974359 
793.0 	 1811 	 568 	 32.0 	 83.0 	 0.4434782608695652 
794.0 	 1813 	 568 	 32.0 	 85.0 	 0.452991452991453 
795.0 	 1815 	 568 	 32.0 	 85.0 	 0.452991452991453 
796.0 	 1818 	 568 	 32.0 	 83.0 	 0.4434782608695652 
797.0 	 1821 	 568 	 32.0 	 86.0 	 0.4576271186440678 
798.0 	 1823 	 568 	 32.0 	 85.0 	 0.452991452991453 
799.0 	 1826 	 568 	 31.0 	 81.0 	 0.44642857142857145 
800.0 	 1828 	 568 	 31.0 	 83.0 	 0.45614035087719296 
801.0 	 1830 	 568 	 32.0 	 84.0 	 0.4482758620689655 
802.0 	 1833 	 568 	 31.0 	 82.0 	 0.45132743362831856 
803.0 	 1836 	 568 	 31.0 	 82.0 	 0.45132743362831856 
804.0 	 1838 	 568 	 33.36297607421875 	 84.05936431884766 	 0.4317439771250075 
805.0 	 1840 	 568 	 33.0 	 81.0 	 0.42105263157894735 
806.0 	 1842 	 568 	 33.0 	 81.0 	 0.42105263157894735 
807.0 	 1845 	 568 	 35.0 	 84.0 	 0.4117647058823529 
808.0 	 1847 	 568 	 35.0 	 83.0 	 0.4067796610169492 
809.0 	 1850 	 568 	 33.0 	 81.0 	 0.42105263157894735 
810.0 	 1852 	 568 	 33.0 	 84.0 	 0.4358974358974359 
811.0 	 1854 	 568 	 33.0 	 84.0 	 0.4358974358974359 
812.0 	 1857 	 568 	 34.0 	 82.0 	 0.41379310344827586 
813.0 	 1859 	 568 	 34.048648834228516 	 82.79634857177734 	 0.41719971603202916 
814.0 	 1861 	 568 	 34.0 	 84.0 	 0.423728813559322 
815.0 	 1864 	 568 	 33.94112777709961 	 80.61017608642578 	 0.40740739507362517 
816.0 	 1866 	 568 	 34.0 	 83.0 	 0.4188034188034188 
817.0 	 1868 	 568 	 33.85816955566406 	 85.14432525634766 	 0.43096706318384626 
818.0 	 1871 	 568 	 34.0 	 81.0 	 0.40869565217391307 
819.0 	 1873 	 568 	 34.0 	 83.0 	 0.4188034188034188 
820.0 	 1875 	 568 	 34.0 	 84.0 	 0.423728813559322 
821.0 	 1877 	 568 	 33.0 	 83.0 	 0.43103448275862066 
822.0 	 1879 	 568 	 33.0 	 82.0 	 0.4260869565217391 
823.0 	 1880 	 568 	 33.0 	 81.0 	 0.42105263157894735 
824.0 	 1882 	 568 	 33.0 	 78.0 	 0.40540540540540543 
825.0 	 1885 	 568 	 33.0 	 74.0 	 0.38317757009345793 
826.0 	 1885 	 567 	 34.0 	 74.0 	 0.37037037037037035 
827.0 	 1887 	 568 	 34.0 	 71.0 	 0.3523809523809524 
828.0 	 1888 	 568 	 32.0 	 69.0 	 0.36633663366336633 
829.0 	 1889 	 567 	 32.0 	 67.0 	 0.35353535353535354 
830.0 	 1890 	 567 	 32.0 	 65.0 	 0.3402061855670103 
831.0 	 1891 	 568 	 32.0 	 61.0 	 0.3118279569892473 
832.0 	 1892 	 567 	 33.0 	 60.0 	 0.2903225806451613 
833.0 	 1893 	 567 	 32.0 	 58.0 	 0.28888888888888886 
834.0 	 1894 	 567 	 30.0 	 56.0 	 0.3023255813953488 
835.0 	 1895 	 567 	 31.0 	 54.0 	 0.27058823529411763 
836.0 	 1896 	 568 	 33.0 	 52.0 	 0.2235294117647059 
837.0 	 1897 	 567 	 30.0 	 50.0 	 0.25 
838.0 	 1898 	 567 	 30.0 	 48.0 	 0.23076923076923078 
839.0 	 1898 	 567 	 32.0 	 47.0 	 0.189873417721519 
840.0 	 1900 	 568 	 30.0 	 44.0 	 0.1891891891891892 
841.0 	 1901 	 567 	 27.0 	 39.0 	 0.18181818181818182 
842.0 	 1901 	 568 	 29.0 	 39.0 	 0.14705882352941177 
843.0 	 1903 	 568 	 28.0 	 36.0 	 0.125 
844.0 	 1904 	 567 	 26.0 	 32.0 	 0.10344827586206896 
845.0 	 1905 	 567 	 27.0 	 31.0 	 0.06896551724137931 
846.0 	 1906 	 568 	 25.0 	 29.0 	 0.07407407407407407 
847.0 	 1907 	 568 	 23.0 	 27.0 	 0.08 
848.0 	 1907 	 567 	 25.0 	 27.0 	 0.038461538461538464 
