frame 	 x 	 y 	 width 	 height 	 deformation 
1.0 	 53 	 565 	 41.0 	 41.0 	 0.0 
2.0 	 53 	 565 	 41.0 	 41.0 	 0.0 
3.0 	 53 	 565 	 40.0 	 40.0 	 0.0 
4.0 	 53 	 565 	 41.0 	 43.0 	 0.023809523809523808 
5.0 	 53 	 565 	 41.0 	 42.0 	 0.012048192771084338 
6.0 	 54 	 565 	 39.0 	 40.0 	 0.012658227848101266 
7.0 	 54 	 565 	 41.0 	 42.0 	 0.012048192771084338 
8.0 	 54 	 565 	 41.0 	 42.0 	 0.012048192771084338 
9.0 	 54 	 565 	 40.0 	 41.0 	 0.012345679012345678 
10.0 	 54 	 565 	 41.0 	 42.0 	 0.012048192771084338 
11.0 	 54 	 565 	 41.0 	 43.0 	 0.023809523809523808 
12.0 	 54 	 565 	 39.0 	 41.0 	 0.025 
13.0 	 55 	 565 	 40.0 	 40.0 	 0.0 
14.0 	 55 	 565 	 41.0 	 42.0 	 0.012048192771084338 
15.0 	 55 	 565 	 40.0 	 40.0 	 0.0 
16.0 	 55 	 565 	 40.0 	 41.0 	 0.012345679012345678 
17.0 	 55 	 565 	 41.0 	 42.0 	 0.012048192771084338 
18.0 	 55 	 565 	 40.0 	 41.0 	 0.012345679012345678 
19.0 	 55 	 565 	 40.0 	 41.0 	 0.012345679012345678 
20.0 	 55 	 565 	 42.0 	 43.0 	 0.011764705882352941 
21.0 	 55 	 565 	 40.0 	 41.0 	 0.012345679012345678 
22.0 	 56 	 565 	 39.0 	 40.0 	 0.012658227848101266 
23.0 	 56 	 565 	 42.0 	 42.0 	 0.0 
24.0 	 56 	 565 	 40.0 	 40.0 	 0.0 
25.0 	 56 	 565 	 39.0 	 40.0 	 0.012658227848101266 
26.0 	 56 	 565 	 41.0 	 42.0 	 0.012048192771084338 
27.0 	 56 	 565 	 40.0 	 41.0 	 0.012345679012345678 
28.0 	 56 	 565 	 40.0 	 39.0 	 0.012658227848101266 
29.0 	 56 	 565 	 42.0 	 42.0 	 0.0 
30.0 	 56 	 565 	 42.0 	 42.0 	 0.0 
31.0 	 56 	 565 	 39.0 	 40.0 	 0.012658227848101266 
32.0 	 56 	 565 	 41.0 	 42.0 	 0.012048192771084338 
33.0 	 56 	 565 	 41.0 	 43.0 	 0.023809523809523808 
34.0 	 57 	 565 	 39.0 	 40.0 	 0.012658227848101266 
35.0 	 57 	 565 	 41.0 	 42.0 	 0.012048192771084338 
36.0 	 57 	 565 	 42.0 	 43.0 	 0.011764705882352941 
37.0 	 56 	 565 	 39.0 	 40.0 	 0.012658227848101266 
38.0 	 56 	 565 	 41.0 	 41.0 	 0.0 
39.0 	 57 	 565 	 41.0 	 42.0 	 0.012048192771084338 
40.0 	 57 	 565 	 39.0 	 40.0 	 0.012658227848101266 
41.0 	 57 	 565 	 40.0 	 42.0 	 0.024390243902439025 
42.0 	 57 	 565 	 42.0 	 42.0 	 0.0 
43.0 	 57 	 565 	 39.0 	 40.0 	 0.012658227848101266 
44.0 	 57 	 565 	 39.0 	 40.0 	 0.012658227848101266 
45.0 	 57 	 565 	 41.0 	 42.0 	 0.012048192771084338 
46.0 	 57 	 565 	 40.0 	 40.0 	 0.0 
47.0 	 57 	 565 	 39.0 	 39.0 	 0.0 
48.0 	 58 	 565 	 41.0 	 41.0 	 0.0 
49.0 	 58 	 565 	 40.0 	 40.0 	 0.0 
50.0 	 58 	 565 	 39.0 	 38.0 	 0.012987012987012988 
51.0 	 58 	 565 	 41.0 	 41.0 	 0.0 
52.0 	 58 	 565 	 41.0 	 39.0 	 0.025 
53.0 	 59 	 565 	 39.0 	 38.0 	 0.012987012987012988 
54.0 	 59 	 565 	 41.0 	 41.0 	 0.0 
55.0 	 59 	 565 	 41.0 	 40.0 	 0.012345679012345678 
56.0 	 60 	 565 	 39.0 	 39.0 	 0.0 
57.0 	 60 	 565 	 41.0 	 41.0 	 0.0 
58.0 	 60 	 565 	 41.0 	 41.0 	 0.0 
59.0 	 61 	 565 	 39.0 	 40.0 	 0.012658227848101266 
60.0 	 61 	 565 	 40.0 	 41.0 	 0.012345679012345678 
61.0 	 62 	 565 	 41.0 	 41.0 	 0.0 
62.0 	 63 	 565 	 39.0 	 39.0 	 0.0 
63.0 	 64 	 565 	 40.0 	 40.0 	 0.0 
64.0 	 65 	 565 	 41.0 	 41.0 	 0.0 
65.0 	 66 	 565 	 39.0 	 39.0 	 0.0 
66.0 	 67 	 565 	 40.0 	 40.0 	 0.0 
67.0 	 68 	 565 	 41.0 	 42.0 	 0.012048192771084338 
68.0 	 70 	 565 	 40.0 	 40.0 	 0.0 
69.0 	 71 	 565 	 40.0 	 40.0 	 0.0 
70.0 	 73 	 565 	 40.0 	 41.0 	 0.012345679012345678 
71.0 	 74 	 566 	 39.0 	 40.0 	 0.012658227848101266 
72.0 	 75 	 565 	 39.0 	 40.0 	 0.012658227848101266 
73.0 	 77 	 565 	 40.0 	 41.0 	 0.012345679012345678 
74.0 	 78 	 565 	 39.0 	 41.0 	 0.025 
75.0 	 79 	 565 	 39.0 	 40.0 	 0.012658227848101266 
76.0 	 81 	 565 	 40.0 	 42.0 	 0.024390243902439025 
77.0 	 82 	 565 	 40.0 	 41.0 	 0.012345679012345678 
78.0 	 84 	 565 	 40.0 	 40.0 	 0.0 
79.0 	 85 	 565 	 40.0 	 41.0 	 0.012345679012345678 
80.0 	 87 	 565 	 40.0 	 42.0 	 0.024390243902439025 
81.0 	 88 	 565 	 38.0 	 40.0 	 0.02564102564102564 
82.0 	 90 	 565 	 40.0 	 41.0 	 0.012345679012345678 
83.0 	 91 	 565 	 40.0 	 42.0 	 0.024390243902439025 
84.0 	 93 	 565 	 39.0 	 40.0 	 0.012658227848101266 
85.0 	 95 	 565 	 40.0 	 41.0 	 0.012345679012345678 
86.0 	 96 	 565 	 40.0 	 43.0 	 0.03614457831325301 
87.0 	 98 	 565 	 39.0 	 40.0 	 0.012658227848101266 
88.0 	 100 	 565 	 39.0 	 41.0 	 0.025 
89.0 	 101 	 565 	 39.0 	 43.0 	 0.04878048780487805 
90.0 	 103 	 565 	 39.0 	 41.0 	 0.025 
91.0 	 105 	 565 	 39.0 	 42.0 	 0.037037037037037035 
92.0 	 107 	 565 	 39.0 	 42.0 	 0.037037037037037035 
93.0 	 109 	 565 	 39.0 	 42.0 	 0.037037037037037035 
94.0 	 110 	 565 	 39.0 	 42.0 	 0.037037037037037035 
95.0 	 112 	 565 	 39.0 	 44.0 	 0.060240963855421686 
96.0 	 114 	 565 	 38.0 	 42.0 	 0.05 
97.0 	 115 	 565 	 39.0 	 42.0 	 0.037037037037037035 
98.0 	 117 	 565 	 39.0 	 44.0 	 0.060240963855421686 
99.0 	 119 	 565 	 39.0 	 44.0 	 0.060240963855421686 
100.0 	 121 	 565 	 39.0 	 42.0 	 0.037037037037037035 
101.0 	 123 	 565 	 39.0 	 44.0 	 0.060240963855421686 
102.0 	 124 	 565 	 38.0 	 43.0 	 0.06172839506172839 
103.0 	 126 	 565 	 38.0 	 42.0 	 0.05 
104.0 	 128 	 565 	 39.0 	 44.0 	 0.060240963855421686 
105.0 	 130 	 565 	 39.0 	 44.0 	 0.060240963855421686 
106.0 	 131 	 565 	 38.0 	 43.0 	 0.06172839506172839 
107.0 	 133 	 565 	 38.0 	 44.0 	 0.07317073170731707 
108.0 	 135 	 565 	 38.0 	 44.0 	 0.07317073170731707 
109.0 	 137 	 565 	 38.0 	 42.0 	 0.05 
110.0 	 139 	 565 	 38.0 	 43.0 	 0.06172839506172839 
111.0 	 141 	 565 	 38.0 	 44.0 	 0.07317073170731707 
112.0 	 143 	 565 	 38.0 	 42.0 	 0.05 
113.0 	 145 	 565 	 38.0 	 44.0 	 0.07317073170731707 
114.0 	 147 	 565 	 38.0 	 44.0 	 0.07317073170731707 
115.0 	 149 	 565 	 38.0 	 43.0 	 0.06172839506172839 
116.0 	 151 	 565 	 38.0 	 44.0 	 0.07317073170731707 
117.0 	 152 	 565 	 45.0 	 38.0 	 0.08433734939759036 
118.0 	 155 	 565 	 37.0 	 44.0 	 0.08641975308641975 
119.0 	 156 	 565 	 38.0 	 45.0 	 0.08433734939759036 
120.0 	 158 	 565 	 38.0 	 45.0 	 0.08433734939759036 
121.0 	 161 	 566 	 37.0 	 44.0 	 0.08641975308641975 
122.0 	 163 	 565 	 37.0 	 45.0 	 0.0975609756097561 
123.0 	 165 	 565 	 37.0 	 46.0 	 0.10843373493975904 
124.0 	 167 	 565 	 37.0 	 45.0 	 0.0975609756097561 
125.0 	 169 	 565 	 37.0 	 45.0 	 0.0975609756097561 
126.0 	 171 	 565 	 38.0 	 45.0 	 0.08433734939759036 
127.0 	 173 	 565 	 37.0 	 44.0 	 0.08641975308641975 
128.0 	 175 	 565 	 38.0 	 44.0 	 0.07317073170731707 
129.0 	 177 	 565 	 38.0 	 45.0 	 0.08433734939759036 
130.0 	 179 	 565 	 38.0 	 43.0 	 0.06172839506172839 
131.0 	 181 	 566 	 44.0 	 38.0 	 0.07317073170731707 
132.0 	 183 	 566 	 38.0 	 46.0 	 0.09523809523809523 
133.0 	 185 	 565 	 37.0 	 45.0 	 0.0975609756097561 
134.0 	 187 	 565 	 37.0 	 44.0 	 0.08641975308641975 
135.0 	 189 	 565 	 38.0 	 45.0 	 0.08433734939759036 
136.0 	 191 	 565 	 37.0 	 45.0 	 0.0975609756097561 
137.0 	 194 	 565 	 37.0 	 44.0 	 0.08641975308641975 
138.0 	 195 	 565 	 38.0 	 46.0 	 0.09523809523809523 
139.0 	 197 	 565 	 38.0 	 45.0 	 0.08433734939759036 
140.0 	 200 	 565 	 38.0 	 45.0 	 0.08433734939759036 
141.0 	 202 	 565 	 39.0 	 45.0 	 0.07142857142857142 
142.0 	 204 	 565 	 39.0 	 45.0 	 0.07142857142857142 
143.0 	 206 	 565 	 37.0 	 45.0 	 0.0975609756097561 
144.0 	 208 	 565 	 46.98805236816406 	 38.8398323059082 	 0.09493674571147102 
145.0 	 210 	 565 	 38.0 	 46.0 	 0.09523809523809523 
146.0 	 212 	 565 	 37.0 	 45.0 	 0.0975609756097561 
147.0 	 215 	 565 	 37.0 	 46.0 	 0.10843373493975904 
148.0 	 217 	 565 	 37.0 	 46.0 	 0.10843373493975904 
149.0 	 219 	 565 	 37.0 	 45.0 	 0.0975609756097561 
150.0 	 221 	 565 	 37.0 	 47.0 	 0.11904761904761904 
151.0 	 223 	 565 	 37.0 	 47.0 	 0.11904761904761904 
152.0 	 225 	 566 	 37.0 	 45.0 	 0.0975609756097561 
153.0 	 228 	 566 	 37.0 	 46.0 	 0.10843373493975904 
154.0 	 230 	 565 	 37.0 	 47.0 	 0.11904761904761904 
155.0 	 232 	 565 	 37.0 	 46.0 	 0.10843373493975904 
156.0 	 234 	 565 	 37.0 	 47.0 	 0.11904761904761904 
157.0 	 236 	 565 	 37.0 	 47.0 	 0.11904761904761904 
158.0 	 238 	 565 	 37.0 	 45.0 	 0.0975609756097561 
159.0 	 241 	 565 	 37.0 	 46.0 	 0.10843373493975904 
160.0 	 243 	 565 	 38.0 	 47.0 	 0.10588235294117647 
161.0 	 246 	 565 	 37.0 	 46.0 	 0.10843373493975904 
162.0 	 248 	 565 	 37.0 	 46.0 	 0.10843373493975904 
163.0 	 250 	 566 	 38.0 	 48.0 	 0.11627906976744186 
164.0 	 252 	 566 	 38.0 	 46.0 	 0.09523809523809523 
165.0 	 254 	 565 	 37.0 	 46.0 	 0.10843373493975904 
166.0 	 256 	 565 	 38.0 	 47.0 	 0.10588235294117647 
167.0 	 258 	 565 	 38.0 	 47.0 	 0.10588235294117647 
168.0 	 261 	 565 	 37.0 	 46.0 	 0.10843373493975904 
169.0 	 263 	 565 	 37.0 	 47.0 	 0.11904761904761904 
170.0 	 266 	 566 	 37.0 	 48.0 	 0.12941176470588237 
171.0 	 268 	 566 	 37.0 	 46.0 	 0.10843373493975904 
172.0 	 270 	 565 	 37.0 	 47.0 	 0.11904761904761904 
173.0 	 272 	 565 	 37.0 	 47.0 	 0.11904761904761904 
174.0 	 274 	 566 	 37.0 	 45.0 	 0.0975609756097561 
175.0 	 277 	 566 	 37.0 	 48.0 	 0.12941176470588237 
176.0 	 278 	 566 	 37.0 	 48.0 	 0.12941176470588237 
177.0 	 281 	 566 	 36.0 	 46.0 	 0.12195121951219512 
178.0 	 283 	 566 	 37.0 	 48.0 	 0.12941176470588237 
179.0 	 286 	 566 	 37.0 	 48.0 	 0.12941176470588237 
180.0 	 288 	 566 	 37.0 	 47.0 	 0.11904761904761904 
181.0 	 291 	 566 	 38.0 	 47.0 	 0.10588235294117647 
182.0 	 293 	 566 	 38.0 	 49.0 	 0.12643678160919541 
183.0 	 295 	 566 	 37.0 	 48.0 	 0.12941176470588237 
184.0 	 298 	 566 	 36.0 	 48.0 	 0.14285714285714285 
185.0 	 300 	 566 	 38.0 	 49.0 	 0.12643678160919541 
186.0 	 302 	 566 	 36.0 	 47.0 	 0.13253012048192772 
187.0 	 304 	 566 	 36.0 	 47.0 	 0.13253012048192772 
188.0 	 307 	 566 	 37.0 	 48.0 	 0.12941176470588237 
189.0 	 309 	 566 	 37.0 	 47.0 	 0.11904761904761904 
190.0 	 312 	 566 	 37.0 	 48.0 	 0.12941176470588237 
191.0 	 314 	 565 	 37.0 	 49.0 	 0.13953488372093023 
192.0 	 316 	 565 	 37.0 	 48.0 	 0.12941176470588237 
193.0 	 319 	 566 	 37.0 	 46.0 	 0.10843373493975904 
194.0 	 321 	 566 	 37.0 	 48.0 	 0.12941176470588237 
195.0 	 323 	 565 	 37.0 	 48.0 	 0.12941176470588237 
196.0 	 326 	 566 	 37.0 	 46.0 	 0.10843373493975904 
197.0 	 327 	 565 	 48.0 	 38.0 	 0.11627906976744186 
198.0 	 330 	 565 	 37.0 	 49.0 	 0.13953488372093023 
199.0 	 332 	 565 	 37.0 	 47.0 	 0.11904761904761904 
200.0 	 335 	 565 	 37.0 	 48.0 	 0.12941176470588237 
201.0 	 337 	 565 	 38.0 	 49.0 	 0.12643678160919541 
202.0 	 339 	 565 	 37.0 	 47.0 	 0.11904761904761904 
203.0 	 341 	 565 	 37.0 	 48.0 	 0.12941176470588237 
204.0 	 343 	 565 	 37.0 	 50.0 	 0.14942528735632185 
205.0 	 346 	 565 	 37.0 	 47.0 	 0.11904761904761904 
206.0 	 348 	 565 	 37.0 	 47.0 	 0.11904761904761904 
207.0 	 351 	 565 	 37.0 	 48.0 	 0.12941176470588237 
208.0 	 353 	 565 	 37.0 	 46.0 	 0.10843373493975904 
209.0 	 355 	 565 	 37.0 	 47.0 	 0.11904761904761904 
210.0 	 357 	 565 	 37.0 	 49.0 	 0.13953488372093023 
211.0 	 360 	 565 	 37.0 	 48.0 	 0.12941176470588237 
212.0 	 362 	 565 	 37.0 	 47.0 	 0.11904761904761904 
213.0 	 364 	 565 	 37.0 	 49.0 	 0.13953488372093023 
214.0 	 367 	 565 	 37.0 	 48.0 	 0.12941176470588237 
215.0 	 369 	 565 	 37.0 	 47.0 	 0.11904761904761904 
216.0 	 371 	 565 	 37.0 	 49.0 	 0.13953488372093023 
217.0 	 374 	 565 	 37.0 	 48.0 	 0.12941176470588237 
218.0 	 376 	 565 	 37.0 	 48.0 	 0.12941176470588237 
219.0 	 378 	 565 	 37.0 	 49.0 	 0.13953488372093023 
220.0 	 381 	 565 	 37.0 	 50.0 	 0.14942528735632185 
221.0 	 383 	 565 	 37.0 	 48.0 	 0.12941176470588237 
222.0 	 385 	 565 	 37.0 	 49.0 	 0.13953488372093023 
223.0 	 387 	 565 	 37.0 	 50.0 	 0.14942528735632185 
224.0 	 389 	 565 	 37.0 	 47.0 	 0.11904761904761904 
225.0 	 392 	 565 	 37.0 	 48.0 	 0.12941176470588237 
226.0 	 394 	 565 	 37.0 	 49.0 	 0.13953488372093023 
227.0 	 397 	 565 	 37.0 	 48.0 	 0.12941176470588237 
228.0 	 399 	 565 	 37.0 	 49.0 	 0.13953488372093023 
229.0 	 401 	 565 	 37.0 	 49.0 	 0.13953488372093023 
230.0 	 404 	 565 	 37.0 	 48.0 	 0.12941176470588237 
231.0 	 406 	 565 	 37.0 	 48.0 	 0.12941176470588237 
232.0 	 408 	 566 	 37.0 	 49.0 	 0.13953488372093023 
233.0 	 411 	 565 	 37.0 	 48.0 	 0.12941176470588237 
234.0 	 413 	 566 	 37.0 	 49.0 	 0.13953488372093023 
235.0 	 415 	 565 	 37.0 	 50.0 	 0.14942528735632185 
236.0 	 418 	 566 	 37.0 	 49.0 	 0.13953488372093023 
237.0 	 421 	 566 	 37.0 	 48.0 	 0.12941176470588237 
238.0 	 423 	 566 	 37.0 	 49.0 	 0.13953488372093023 
239.0 	 425 	 566 	 37.0 	 48.0 	 0.12941176470588237 
240.0 	 428 	 566 	 37.0 	 48.0 	 0.12941176470588237 
241.0 	 430 	 566 	 36.0 	 49.0 	 0.15294117647058825 
242.0 	 432 	 566 	 36.0 	 49.0 	 0.15294117647058825 
243.0 	 435 	 566 	 36.0 	 48.0 	 0.14285714285714285 
244.0 	 437 	 566 	 36.0 	 49.0 	 0.15294117647058825 
245.0 	 440 	 566 	 36.0 	 50.0 	 0.16279069767441862 
246.0 	 442 	 566 	 36.0 	 49.0 	 0.15294117647058825 
247.0 	 444 	 566 	 37.0 	 49.0 	 0.13953488372093023 
248.0 	 447 	 566 	 37.0 	 50.0 	 0.14942528735632185 
249.0 	 449 	 566 	 37.0 	 49.0 	 0.13953488372093023 
250.0 	 451 	 566 	 37.0 	 50.0 	 0.14942528735632185 
251.0 	 453 	 566 	 37.0 	 50.0 	 0.14942528735632185 
252.0 	 456 	 566 	 36.0 	 49.0 	 0.15294117647058825 
253.0 	 458 	 566 	 37.0 	 49.0 	 0.13953488372093023 
254.0 	 461 	 566 	 36.0 	 50.0 	 0.16279069767441862 
255.0 	 463 	 566 	 49.0 	 37.0 	 0.13953488372093023 
256.0 	 465 	 566 	 36.0 	 50.0 	 0.16279069767441862 
257.0 	 468 	 566 	 36.0 	 50.0 	 0.16279069767441862 
258.0 	 470 	 566 	 36.0 	 50.0 	 0.16279069767441862 
259.0 	 472 	 565 	 36.0 	 50.0 	 0.16279069767441862 
260.0 	 474 	 565 	 36.0 	 50.0 	 0.16279069767441862 
261.0 	 477 	 565 	 35.0 	 49.0 	 0.16666666666666666 
262.0 	 479 	 565 	 35.0 	 49.0 	 0.16666666666666666 
263.0 	 482 	 565 	 36.0 	 48.0 	 0.14285714285714285 
264.0 	 484 	 565 	 36.0 	 48.0 	 0.14285714285714285 
265.0 	 487 	 565 	 36.0 	 48.0 	 0.14285714285714285 
266.0 	 489 	 565 	 37.0 	 49.0 	 0.13953488372093023 
267.0 	 491 	 565 	 36.0 	 49.0 	 0.15294117647058825 
268.0 	 494 	 565 	 37.0 	 48.0 	 0.12941176470588237 
269.0 	 496 	 565 	 37.0 	 50.0 	 0.14942528735632185 
270.0 	 498 	 565 	 36.0 	 48.0 	 0.14285714285714285 
271.0 	 501 	 565 	 36.0 	 48.0 	 0.14285714285714285 
272.0 	 503 	 565 	 37.0 	 50.0 	 0.14942528735632185 
273.0 	 505 	 565 	 37.0 	 49.0 	 0.13953488372093023 
274.0 	 508 	 565 	 37.0 	 49.0 	 0.13953488372093023 
275.0 	 511 	 565 	 37.0 	 50.0 	 0.14942528735632185 
276.0 	 513 	 565 	 37.0 	 49.0 	 0.13953488372093023 
277.0 	 515 	 565 	 37.0 	 50.0 	 0.14942528735632185 
278.0 	 518 	 565 	 37.0 	 51.0 	 0.1590909090909091 
279.0 	 520 	 565 	 37.0 	 49.0 	 0.13953488372093023 
280.0 	 523 	 565 	 36.0 	 48.0 	 0.14285714285714285 
281.0 	 525 	 565 	 37.0 	 50.0 	 0.14942528735632185 
282.0 	 527 	 565 	 37.0 	 50.0 	 0.14942528735632185 
283.0 	 530 	 565 	 36.0 	 48.0 	 0.14285714285714285 
284.0 	 532 	 565 	 37.0 	 49.0 	 0.13953488372093023 
285.0 	 534 	 565 	 37.0 	 49.0 	 0.13953488372093023 
286.0 	 537 	 565 	 36.0 	 47.0 	 0.13253012048192772 
287.0 	 539 	 565 	 37.0 	 48.0 	 0.12941176470588237 
288.0 	 541 	 565 	 37.0 	 48.0 	 0.12941176470588237 
289.0 	 543 	 565 	 36.0 	 47.0 	 0.13253012048192772 
290.0 	 546 	 565 	 37.0 	 49.0 	 0.13953488372093023 
291.0 	 548 	 565 	 37.0 	 50.0 	 0.14942528735632185 
292.0 	 551 	 565 	 36.0 	 49.0 	 0.15294117647058825 
293.0 	 553 	 565 	 37.0 	 50.0 	 0.14942528735632185 
294.0 	 556 	 565 	 37.0 	 51.0 	 0.1590909090909091 
295.0 	 558 	 565 	 36.0 	 50.0 	 0.16279069767441862 
296.0 	 561 	 565 	 36.0 	 50.0 	 0.16279069767441862 
297.0 	 563 	 565 	 37.0 	 52.0 	 0.16853932584269662 
298.0 	 565 	 565 	 36.0 	 51.0 	 0.1724137931034483 
299.0 	 568 	 565 	 36.0 	 50.0 	 0.16279069767441862 
300.0 	 570 	 565 	 37.0 	 51.0 	 0.1590909090909091 
301.0 	 572 	 565 	 36.0 	 49.0 	 0.15294117647058825 
302.0 	 575 	 565 	 36.0 	 48.0 	 0.14285714285714285 
303.0 	 577 	 565 	 37.0 	 50.0 	 0.14942528735632185 
304.0 	 580 	 565 	 37.0 	 50.0 	 0.14942528735632185 
305.0 	 582 	 565 	 37.0 	 48.0 	 0.12941176470588237 
306.0 	 584 	 565 	 37.0 	 50.0 	 0.14942528735632185 
307.0 	 587 	 565 	 37.0 	 49.0 	 0.13953488372093023 
308.0 	 589 	 565 	 37.0 	 49.0 	 0.13953488372093023 
309.0 	 591 	 565 	 37.0 	 50.0 	 0.14942528735632185 
310.0 	 593 	 565 	 37.0 	 50.0 	 0.14942528735632185 
311.0 	 596 	 565 	 37.0 	 49.0 	 0.13953488372093023 
312.0 	 598 	 565 	 38.0 	 50.0 	 0.13636363636363635 
313.0 	 600 	 565 	 37.0 	 51.0 	 0.1590909090909091 
314.0 	 603 	 565 	 36.0 	 49.0 	 0.15294117647058825 
315.0 	 605 	 565 	 37.0 	 50.0 	 0.14942528735632185 
316.0 	 608 	 565 	 37.0 	 51.0 	 0.1590909090909091 
317.0 	 610 	 565 	 36.0 	 50.0 	 0.16279069767441862 
318.0 	 612 	 565 	 36.0 	 50.0 	 0.16279069767441862 
319.0 	 615 	 565 	 37.0 	 51.0 	 0.1590909090909091 
320.0 	 617 	 565 	 36.0 	 50.0 	 0.16279069767441862 
321.0 	 620 	 565 	 36.0 	 49.0 	 0.15294117647058825 
322.0 	 622 	 565 	 37.0 	 51.0 	 0.1590909090909091 
323.0 	 625 	 565 	 37.0 	 51.0 	 0.1590909090909091 
324.0 	 627 	 565 	 37.0 	 50.0 	 0.14942528735632185 
325.0 	 629 	 565 	 36.0 	 51.0 	 0.1724137931034483 
326.0 	 632 	 565 	 36.0 	 51.0 	 0.1724137931034483 
327.0 	 634 	 565 	 36.0 	 50.0 	 0.16279069767441862 
328.0 	 636 	 565 	 36.0 	 51.0 	 0.1724137931034483 
329.0 	 639 	 565 	 36.0 	 51.0 	 0.1724137931034483 
330.0 	 641 	 565 	 37.0 	 50.0 	 0.14942528735632185 
331.0 	 644 	 565 	 36.0 	 51.0 	 0.1724137931034483 
332.0 	 646 	 565 	 36.0 	 51.0 	 0.1724137931034483 
333.0 	 648 	 565 	 36.0 	 50.0 	 0.16279069767441862 
334.0 	 650 	 565 	 37.0 	 51.0 	 0.1590909090909091 
335.0 	 653 	 565 	 37.0 	 51.0 	 0.1590909090909091 
336.0 	 655 	 565 	 36.0 	 50.0 	 0.16279069767441862 
337.0 	 657 	 565 	 36.0 	 51.0 	 0.1724137931034483 
338.0 	 659 	 565 	 36.0 	 52.0 	 0.18181818181818182 
339.0 	 662 	 565 	 36.0 	 51.0 	 0.1724137931034483 
340.0 	 664 	 565 	 36.0 	 52.0 	 0.18181818181818182 
341.0 	 667 	 565 	 36.0 	 51.0 	 0.1724137931034483 
342.0 	 669 	 565 	 36.0 	 50.0 	 0.16279069767441862 
343.0 	 671 	 565 	 36.0 	 50.0 	 0.16279069767441862 
344.0 	 674 	 565 	 36.0 	 52.0 	 0.18181818181818182 
345.0 	 676 	 565 	 36.0 	 51.0 	 0.1724137931034483 
346.0 	 678 	 565 	 36.0 	 50.0 	 0.16279069767441862 
347.0 	 681 	 565 	 36.0 	 51.0 	 0.1724137931034483 
348.0 	 683 	 565 	 36.0 	 51.0 	 0.1724137931034483 
349.0 	 685 	 565 	 36.0 	 50.0 	 0.16279069767441862 
350.0 	 688 	 565 	 36.0 	 51.0 	 0.1724137931034483 
351.0 	 690 	 565 	 36.0 	 50.0 	 0.16279069767441862 
352.0 	 692 	 565 	 36.0 	 50.0 	 0.16279069767441862 
353.0 	 694 	 565 	 36.0 	 51.0 	 0.1724137931034483 
354.0 	 697 	 565 	 36.0 	 51.0 	 0.1724137931034483 
355.0 	 699 	 565 	 36.0 	 50.0 	 0.16279069767441862 
356.0 	 701 	 565 	 36.0 	 50.0 	 0.16279069767441862 
357.0 	 704 	 565 	 36.0 	 51.0 	 0.1724137931034483 
358.0 	 706 	 565 	 36.0 	 49.0 	 0.15294117647058825 
359.0 	 708 	 565 	 36.0 	 50.0 	 0.16279069767441862 
360.0 	 710 	 565 	 36.0 	 50.0 	 0.16279069767441862 
361.0 	 713 	 565 	 36.0 	 51.0 	 0.1724137931034483 
362.0 	 715 	 565 	 36.0 	 51.0 	 0.1724137931034483 
363.0 	 717 	 565 	 36.0 	 52.0 	 0.18181818181818182 
364.0 	 720 	 565 	 35.0 	 51.0 	 0.18604651162790697 
365.0 	 722 	 565 	 35.0 	 51.0 	 0.18604651162790697 
366.0 	 724 	 565 	 36.0 	 51.0 	 0.1724137931034483 
367.0 	 726 	 565 	 36.0 	 50.0 	 0.16279069767441862 
368.0 	 728 	 565 	 36.0 	 50.0 	 0.16279069767441862 
369.0 	 731 	 565 	 36.0 	 51.0 	 0.1724137931034483 
370.0 	 733 	 565 	 36.0 	 50.0 	 0.16279069767441862 
371.0 	 735 	 565 	 36.0 	 50.0 	 0.16279069767441862 
372.0 	 737 	 565 	 36.0 	 50.0 	 0.16279069767441862 
373.0 	 739 	 565 	 36.0 	 50.0 	 0.16279069767441862 
374.0 	 742 	 565 	 36.0 	 50.0 	 0.16279069767441862 
375.0 	 744 	 565 	 36.0 	 51.0 	 0.1724137931034483 
376.0 	 746 	 565 	 36.0 	 51.0 	 0.1724137931034483 
377.0 	 748 	 565 	 36.0 	 50.0 	 0.16279069767441862 
378.0 	 750 	 565 	 36.0 	 51.0 	 0.1724137931034483 
379.0 	 753 	 565 	 36.0 	 50.0 	 0.16279069767441862 
380.0 	 755 	 565 	 36.0 	 49.0 	 0.15294117647058825 
381.0 	 757 	 565 	 36.0 	 50.0 	 0.16279069767441862 
382.0 	 760 	 565 	 36.0 	 50.0 	 0.16279069767441862 
383.0 	 762 	 565 	 36.0 	 50.0 	 0.16279069767441862 
384.0 	 764 	 565 	 36.0 	 50.0 	 0.16279069767441862 
385.0 	 766 	 565 	 36.0 	 49.0 	 0.15294117647058825 
386.0 	 768 	 565 	 36.0 	 49.0 	 0.15294117647058825 
387.0 	 770 	 565 	 36.0 	 50.0 	 0.16279069767441862 
388.0 	 772 	 565 	 36.0 	 50.0 	 0.16279069767441862 
389.0 	 774 	 565 	 36.0 	 49.0 	 0.15294117647058825 
390.0 	 776 	 565 	 36.0 	 49.0 	 0.15294117647058825 
391.0 	 779 	 565 	 36.0 	 50.0 	 0.16279069767441862 
392.0 	 781 	 565 	 36.0 	 49.0 	 0.15294117647058825 
393.0 	 783 	 565 	 36.0 	 50.0 	 0.16279069767441862 
394.0 	 785 	 565 	 36.0 	 50.0 	 0.16279069767441862 
395.0 	 788 	 565 	 36.0 	 48.0 	 0.14285714285714285 
396.0 	 789 	 565 	 36.0 	 50.0 	 0.16279069767441862 
397.0 	 791 	 565 	 36.0 	 50.0 	 0.16279069767441862 
398.0 	 793 	 565 	 36.0 	 48.0 	 0.14285714285714285 
399.0 	 796 	 565 	 36.0 	 50.0 	 0.16279069767441862 
400.0 	 798 	 565 	 35.0 	 49.0 	 0.16666666666666666 
401.0 	 800 	 565 	 35.0 	 49.0 	 0.16666666666666666 
402.0 	 803 	 565 	 35.0 	 50.0 	 0.17647058823529413 
403.0 	 805 	 565 	 35.0 	 50.0 	 0.17647058823529413 
404.0 	 807 	 565 	 36.0 	 49.0 	 0.15294117647058825 
405.0 	 809 	 565 	 36.0 	 49.0 	 0.15294117647058825 
406.0 	 811 	 565 	 36.0 	 50.0 	 0.16279069767441862 
407.0 	 813 	 565 	 36.0 	 49.0 	 0.15294117647058825 
408.0 	 815 	 565 	 35.0 	 50.0 	 0.17647058823529413 
409.0 	 818 	 565 	 49.8299560546875 	 35.38345718383789 	 0.16953315589426804 
410.0 	 820 	 565 	 34.0 	 49.0 	 0.18072289156626506 
411.0 	 822 	 565 	 34.0 	 50.0 	 0.19047619047619047 
412.0 	 824 	 565 	 35.0 	 50.0 	 0.17647058823529413 
413.0 	 827 	 565 	 34.0 	 50.0 	 0.19047619047619047 
414.0 	 829 	 565 	 34.0 	 50.0 	 0.19047619047619047 
415.0 	 831 	 565 	 35.26728820800781 	 50.727901458740234 	 0.17978462877570245 
416.0 	 833 	 565 	 34.7297248840332 	 49.73793029785156 	 0.17767991051132045 
417.0 	 836 	 565 	 34.61277389526367 	 49.24903106689453 	 0.1745282870817689 
418.0 	 837 	 565 	 35.0 	 50.0 	 0.17647058823529413 
419.0 	 840 	 565 	 35.0 	 49.0 	 0.16666666666666666 
420.0 	 842 	 565 	 35.0 	 49.0 	 0.16666666666666666 
421.0 	 844 	 565 	 35.0 	 49.0 	 0.16666666666666666 
422.0 	 846 	 565 	 35.0 	 49.0 	 0.16666666666666666 
423.0 	 849 	 564 	 34.0 	 49.0 	 0.18072289156626506 
424.0 	 851 	 565 	 35.0 	 50.0 	 0.17647058823529413 
425.0 	 853 	 565 	 35.0 	 50.0 	 0.17647058823529413 
426.0 	 855 	 564 	 35.0 	 49.0 	 0.16666666666666666 
427.0 	 857 	 564 	 35.0 	 50.0 	 0.17647058823529413 
428.0 	 859 	 564 	 35.0 	 50.0 	 0.17647058823529413 
429.0 	 861 	 564 	 35.0 	 49.0 	 0.16666666666666666 
430.0 	 863 	 564 	 35.0 	 50.0 	 0.17647058823529413 
431.0 	 865 	 565 	 36.0 	 50.0 	 0.16279069767441862 
432.0 	 867 	 565 	 36.0 	 50.0 	 0.16279069767441862 
433.0 	 870 	 565 	 36.0 	 48.0 	 0.14285714285714285 
434.0 	 872 	 565 	 36.0 	 50.0 	 0.16279069767441862 
435.0 	 874 	 565 	 36.0 	 48.0 	 0.14285714285714285 
436.0 	 876 	 565 	 36.0 	 49.0 	 0.15294117647058825 
437.0 	 878 	 565 	 36.0 	 49.0 	 0.15294117647058825 
438.0 	 880 	 565 	 36.0 	 49.0 	 0.15294117647058825 
439.0 	 882 	 565 	 36.0 	 50.0 	 0.16279069767441862 
440.0 	 885 	 564 	 36.0 	 50.0 	 0.16279069767441862 
441.0 	 887 	 565 	 36.0 	 50.0 	 0.16279069767441862 
442.0 	 889 	 565 	 36.0 	 49.0 	 0.15294117647058825 
443.0 	 891 	 564 	 37.0 	 50.0 	 0.14942528735632185 
444.0 	 893 	 565 	 36.0 	 50.0 	 0.16279069767441862 
445.0 	 896 	 564 	 35.0 	 49.0 	 0.16666666666666666 
446.0 	 898 	 565 	 36.0 	 51.0 	 0.1724137931034483 
447.0 	 900 	 565 	 36.0 	 50.0 	 0.16279069767441862 
448.0 	 902 	 565 	 35.0 	 49.0 	 0.16666666666666666 
449.0 	 904 	 565 	 36.0 	 50.0 	 0.16279069767441862 
450.0 	 906 	 565 	 36.0 	 50.0 	 0.16279069767441862 
451.0 	 909 	 564 	 36.0 	 49.0 	 0.15294117647058825 
452.0 	 911 	 564 	 36.0 	 50.0 	 0.16279069767441862 
453.0 	 913 	 565 	 36.0 	 50.0 	 0.16279069767441862 
454.0 	 915 	 565 	 36.0 	 49.0 	 0.15294117647058825 
455.0 	 918 	 564 	 36.0 	 50.0 	 0.16279069767441862 
456.0 	 920 	 565 	 36.0 	 51.0 	 0.1724137931034483 
457.0 	 922 	 564 	 35.0 	 49.0 	 0.16666666666666666 
458.0 	 924 	 564 	 35.0 	 49.0 	 0.16666666666666666 
459.0 	 926 	 565 	 36.0 	 50.0 	 0.16279069767441862 
460.0 	 928 	 564 	 35.0 	 50.0 	 0.17647058823529413 
461.0 	 931 	 564 	 35.0 	 49.0 	 0.16666666666666666 
462.0 	 933 	 564 	 35.0 	 50.0 	 0.17647058823529413 
463.0 	 935 	 564 	 35.0 	 50.0 	 0.17647058823529413 
464.0 	 937 	 564 	 35.0 	 50.0 	 0.17647058823529413 
465.0 	 939 	 564 	 35.0 	 51.0 	 0.18604651162790697 
466.0 	 941 	 564 	 35.0 	 51.0 	 0.18604651162790697 
467.0 	 944 	 564 	 35.0 	 49.0 	 0.16666666666666666 
468.0 	 946 	 564 	 35.0 	 50.0 	 0.17647058823529413 
469.0 	 948 	 565 	 35.0 	 50.0 	 0.17647058823529413 
470.0 	 950 	 564 	 35.0 	 50.0 	 0.17647058823529413 
471.0 	 952 	 564 	 35.0 	 51.0 	 0.18604651162790697 
472.0 	 954 	 564 	 35.0 	 51.0 	 0.18604651162790697 
473.0 	 957 	 564 	 35.0 	 50.0 	 0.17647058823529413 
474.0 	 959 	 564 	 35.0 	 50.0 	 0.17647058823529413 
475.0 	 961 	 565 	 35.0 	 51.0 	 0.18604651162790697 
476.0 	 964 	 565 	 35.0 	 50.0 	 0.17647058823529413 
477.0 	 966 	 564 	 35.0 	 50.0 	 0.17647058823529413 
478.0 	 968 	 564 	 35.0 	 51.0 	 0.18604651162790697 
479.0 	 970 	 564 	 35.0 	 50.0 	 0.17647058823529413 
480.0 	 972 	 564 	 35.0 	 50.0 	 0.17647058823529413 
481.0 	 974 	 565 	 35.0 	 51.0 	 0.18604651162790697 
482.0 	 977 	 565 	 35.0 	 50.0 	 0.17647058823529413 
483.0 	 979 	 565 	 35.0 	 50.0 	 0.17647058823529413 
484.0 	 981 	 565 	 35.0 	 51.0 	 0.18604651162790697 
485.0 	 984 	 565 	 35.0 	 50.0 	 0.17647058823529413 
486.0 	 986 	 565 	 35.0 	 50.0 	 0.17647058823529413 
487.0 	 988 	 565 	 35.0 	 50.0 	 0.17647058823529413 
488.0 	 990 	 565 	 35.0 	 50.0 	 0.17647058823529413 
489.0 	 992 	 565 	 35.0 	 50.0 	 0.17647058823529413 
490.0 	 994 	 565 	 35.0 	 51.0 	 0.18604651162790697 
491.0 	 997 	 564 	 35.0 	 50.0 	 0.17647058823529413 
492.0 	 999 	 564 	 35.0 	 49.0 	 0.16666666666666666 
493.0 	 1001 	 565 	 34.0 	 50.0 	 0.19047619047619047 
494.0 	 1003 	 564 	 35.0 	 51.0 	 0.18604651162790697 
495.0 	 1006 	 565 	 34.0 	 50.0 	 0.19047619047619047 
496.0 	 1008 	 565 	 50.0 	 35.0 	 0.17647058823529413 
497.0 	 1010 	 564 	 35.0 	 50.0 	 0.17647058823529413 
498.0 	 1012 	 564 	 35.0 	 49.0 	 0.16666666666666666 
499.0 	 1015 	 564 	 35.0 	 50.0 	 0.17647058823529413 
500.0 	 1017 	 565 	 34.0 	 51.0 	 0.2 
501.0 	 1020 	 565 	 34.0 	 50.0 	 0.19047619047619047 
502.0 	 1022 	 565 	 34.0 	 50.0 	 0.19047619047619047 
503.0 	 1024 	 565 	 34.0 	 50.0 	 0.19047619047619047 
504.0 	 1026 	 565 	 34.0 	 50.0 	 0.19047619047619047 
505.0 	 1028 	 564 	 33.0 	 50.0 	 0.20481927710843373 
506.0 	 1031 	 564 	 33.0 	 50.0 	 0.20481927710843373 
507.0 	 1033 	 564 	 33.0 	 50.0 	 0.20481927710843373 
508.0 	 1035 	 564 	 33.0 	 51.0 	 0.21428571428571427 
509.0 	 1038 	 564 	 33.0 	 50.0 	 0.20481927710843373 
510.0 	 1040 	 564 	 33.0 	 50.0 	 0.20481927710843373 
511.0 	 1043 	 564 	 33.0 	 51.0 	 0.21428571428571427 
512.0 	 1045 	 564 	 33.0 	 51.0 	 0.21428571428571427 
513.0 	 1047 	 564 	 33.0 	 50.0 	 0.20481927710843373 
514.0 	 1049 	 564 	 33.0 	 51.0 	 0.21428571428571427 
515.0 	 1051 	 564 	 33.0 	 51.0 	 0.21428571428571427 
516.0 	 1054 	 565 	 33.0 	 51.0 	 0.21428571428571427 
517.0 	 1055 	 564 	 33.0 	 51.0 	 0.21428571428571427 
518.0 	 1058 	 564 	 33.0 	 50.0 	 0.20481927710843373 
519.0 	 1060 	 564 	 33.0 	 50.0 	 0.20481927710843373 
520.0 	 1063 	 564 	 33.0 	 51.0 	 0.21428571428571427 
521.0 	 1065 	 564 	 33.0 	 51.0 	 0.21428571428571427 
522.0 	 1067 	 564 	 33.0 	 50.0 	 0.20481927710843373 
523.0 	 1069 	 564 	 33.0 	 50.0 	 0.20481927710843373 
524.0 	 1071 	 564 	 33.0 	 50.0 	 0.20481927710843373 
525.0 	 1073 	 564 	 33.0 	 50.0 	 0.20481927710843373 
526.0 	 1076 	 564 	 33.0 	 50.0 	 0.20481927710843373 
527.0 	 1078 	 564 	 33.0 	 50.0 	 0.20481927710843373 
528.0 	 1080 	 564 	 33.0 	 50.0 	 0.20481927710843373 
529.0 	 1082 	 564 	 33.0 	 50.0 	 0.20481927710843373 
530.0 	 1085 	 564 	 33.0 	 51.0 	 0.21428571428571427 
531.0 	 1087 	 564 	 33.0 	 50.0 	 0.20481927710843373 
532.0 	 1089 	 564 	 33.0 	 51.0 	 0.21428571428571427 
533.0 	 1092 	 564 	 33.0 	 51.0 	 0.21428571428571427 
534.0 	 1094 	 564 	 33.0 	 51.0 	 0.21428571428571427 
535.0 	 1096 	 564 	 33.0 	 51.0 	 0.21428571428571427 
536.0 	 1098 	 564 	 33.0 	 51.0 	 0.21428571428571427 
537.0 	 1100 	 564 	 33.0 	 51.0 	 0.21428571428571427 
538.0 	 1103 	 564 	 33.0 	 50.0 	 0.20481927710843373 
539.0 	 1105 	 564 	 33.0 	 51.0 	 0.21428571428571427 
540.0 	 1108 	 565 	 33.0 	 50.0 	 0.20481927710843373 
541.0 	 1110 	 565 	 33.0 	 51.0 	 0.21428571428571427 
542.0 	 1112 	 564 	 33.0 	 51.0 	 0.21428571428571427 
543.0 	 1114 	 564 	 33.0 	 51.0 	 0.21428571428571427 
544.0 	 1117 	 564 	 33.0 	 50.0 	 0.20481927710843373 
545.0 	 1119 	 564 	 33.0 	 50.0 	 0.20481927710843373 
546.0 	 1121 	 564 	 33.0 	 51.0 	 0.21428571428571427 
547.0 	 1123 	 564 	 33.0 	 50.0 	 0.20481927710843373 
548.0 	 1126 	 564 	 33.0 	 51.0 	 0.21428571428571427 
549.0 	 1128 	 564 	 33.0 	 52.0 	 0.2235294117647059 
550.0 	 1130 	 564 	 33.0 	 50.0 	 0.20481927710843373 
551.0 	 1132 	 564 	 33.0 	 51.0 	 0.21428571428571427 
552.0 	 1134 	 564 	 33.0 	 51.0 	 0.21428571428571427 
553.0 	 1136 	 564 	 33.0 	 51.0 	 0.21428571428571427 
554.0 	 1139 	 564 	 33.0 	 51.0 	 0.21428571428571427 
555.0 	 1141 	 565 	 33.0 	 52.0 	 0.2235294117647059 
556.0 	 1143 	 564 	 33.0 	 51.0 	 0.21428571428571427 
557.0 	 1145 	 564 	 33.0 	 49.0 	 0.1951219512195122 
558.0 	 1148 	 565 	 33.0 	 51.0 	 0.21428571428571427 
559.0 	 1150 	 565 	 33.0 	 50.0 	 0.20481927710843373 
560.0 	 1152 	 565 	 33.0 	 51.0 	 0.21428571428571427 
561.0 	 1154 	 565 	 33.0 	 51.0 	 0.21428571428571427 
562.0 	 1156 	 565 	 33.0 	 51.0 	 0.21428571428571427 
563.0 	 1159 	 565 	 33.0 	 50.0 	 0.20481927710843373 
564.0 	 1161 	 565 	 33.0 	 51.0 	 0.21428571428571427 
565.0 	 1163 	 565 	 33.0 	 51.0 	 0.21428571428571427 
566.0 	 1166 	 565 	 32.0 	 50.0 	 0.21951219512195122 
567.0 	 1168 	 565 	 33.0 	 51.0 	 0.21428571428571427 
568.0 	 1171 	 565 	 33.0 	 51.0 	 0.21428571428571427 
569.0 	 1173 	 565 	 33.0 	 49.0 	 0.1951219512195122 
570.0 	 1175 	 565 	 33.0 	 50.0 	 0.20481927710843373 
571.0 	 1177 	 565 	 33.0 	 53.0 	 0.23255813953488372 
572.0 	 1179 	 565 	 33.0 	 51.0 	 0.21428571428571427 
573.0 	 1181 	 565 	 33.0 	 51.0 	 0.21428571428571427 
574.0 	 1184 	 565 	 33.0 	 51.0 	 0.21428571428571427 
575.0 	 1186 	 564 	 33.0 	 51.0 	 0.21428571428571427 
576.0 	 1188 	 564 	 33.0 	 51.0 	 0.21428571428571427 
577.0 	 1190 	 565 	 33.0 	 51.0 	 0.21428571428571427 
578.0 	 1192 	 564 	 33.0 	 51.0 	 0.21428571428571427 
579.0 	 1195 	 564 	 32.0 	 50.0 	 0.21951219512195122 
580.0 	 1197 	 565 	 33.0 	 50.0 	 0.20481927710843373 
581.0 	 1199 	 564 	 33.0 	 50.0 	 0.20481927710843373 
582.0 	 1201 	 565 	 50.0 	 33.0 	 0.20481927710843373 
583.0 	 1203 	 565 	 33.0 	 52.0 	 0.2235294117647059 
584.0 	 1206 	 565 	 33.0 	 51.0 	 0.21428571428571427 
585.0 	 1208 	 565 	 32.0 	 51.0 	 0.2289156626506024 
586.0 	 1210 	 565 	 33.0 	 51.0 	 0.21428571428571427 
587.0 	 1213 	 565 	 33.0 	 51.0 	 0.21428571428571427 
588.0 	 1215 	 565 	 32.0 	 50.0 	 0.21951219512195122 
589.0 	 1217 	 564 	 31.0 	 50.0 	 0.2345679012345679 
590.0 	 1219 	 565 	 32.0 	 51.0 	 0.2289156626506024 
591.0 	 1221 	 564 	 31.0 	 49.0 	 0.225 
592.0 	 1223 	 565 	 31.0 	 51.0 	 0.24390243902439024 
593.0 	 1225 	 565 	 32.0 	 51.0 	 0.2289156626506024 
594.0 	 1227 	 565 	 32.0 	 49.0 	 0.20987654320987653 
595.0 	 1230 	 565 	 32.0 	 50.0 	 0.21951219512195122 
596.0 	 1232 	 565 	 32.0 	 49.0 	 0.20987654320987653 
597.0 	 1235 	 565 	 32.0 	 49.0 	 0.20987654320987653 
598.0 	 1237 	 565 	 32.0 	 49.0 	 0.20987654320987653 
599.0 	 1239 	 565 	 32.0 	 50.0 	 0.21951219512195122 
600.0 	 1241 	 565 	 32.0 	 48.0 	 0.2 
601.0 	 1243 	 564 	 32.0 	 48.0 	 0.2 
602.0 	 1245 	 564 	 33.0 	 50.0 	 0.20481927710843373 
603.0 	 1248 	 564 	 33.0 	 49.0 	 0.1951219512195122 
604.0 	 1250 	 564 	 48.0 	 32.0 	 0.2 
605.0 	 1253 	 565 	 32.0 	 50.0 	 0.21951219512195122 
606.0 	 1255 	 564 	 32.0 	 51.0 	 0.2289156626506024 
607.0 	 1257 	 565 	 32.0 	 50.0 	 0.21951219512195122 
608.0 	 1259 	 564 	 32.0 	 51.0 	 0.2289156626506024 
609.0 	 1262 	 565 	 32.0 	 50.0 	 0.21951219512195122 
610.0 	 1264 	 564 	 48.0 	 32.0 	 0.2 
611.0 	 1266 	 564 	 49.0 	 32.0 	 0.20987654320987653 
612.0 	 1268 	 564 	 32.0 	 50.0 	 0.21951219512195122 
613.0 	 1271 	 564 	 32.0 	 50.0 	 0.21951219512195122 
614.0 	 1273 	 564 	 32.0 	 51.0 	 0.2289156626506024 
615.0 	 1275 	 565 	 33.0 	 51.0 	 0.21428571428571427 
616.0 	 1277 	 564 	 32.0 	 49.0 	 0.20987654320987653 
617.0 	 1279 	 564 	 32.0 	 49.0 	 0.20987654320987653 
618.0 	 1282 	 564 	 32.0 	 50.0 	 0.21951219512195122 
619.0 	 1284 	 564 	 32.0 	 50.0 	 0.21951219512195122 
620.0 	 1286 	 564 	 32.0 	 49.0 	 0.20987654320987653 
621.0 	 1288 	 565 	 33.0 	 51.0 	 0.21428571428571427 
622.0 	 1291 	 565 	 33.0 	 50.0 	 0.20481927710843373 
623.0 	 1293 	 564 	 49.420196533203125 	 32.53456497192383 	 0.2060360039022621 
624.0 	 1296 	 565 	 33.0 	 50.0 	 0.20481927710843373 
625.0 	 1298 	 565 	 33.0 	 50.0 	 0.20481927710843373 
626.0 	 1300 	 565 	 33.0 	 50.0 	 0.20481927710843373 
627.0 	 1302 	 565 	 33.0 	 51.0 	 0.21428571428571427 
628.0 	 1305 	 565 	 33.0 	 51.0 	 0.21428571428571427 
629.0 	 1307 	 565 	 33.0 	 49.0 	 0.1951219512195122 
630.0 	 1309 	 565 	 33.0 	 49.0 	 0.1951219512195122 
631.0 	 1312 	 565 	 33.0 	 50.0 	 0.20481927710843373 
632.0 	 1313 	 565 	 33.0 	 50.0 	 0.20481927710843373 
633.0 	 1316 	 565 	 33.0 	 49.0 	 0.1951219512195122 
634.0 	 1318 	 565 	 33.0 	 51.0 	 0.21428571428571427 
635.0 	 1320 	 565 	 33.0 	 50.0 	 0.20481927710843373 
636.0 	 1322 	 565 	 33.0 	 50.0 	 0.20481927710843373 
637.0 	 1325 	 564 	 33.0 	 50.0 	 0.20481927710843373 
638.0 	 1327 	 564 	 33.0 	 50.0 	 0.20481927710843373 
639.0 	 1329 	 564 	 33.0 	 49.0 	 0.1951219512195122 
640.0 	 1332 	 564 	 33.0 	 50.0 	 0.20481927710843373 
641.0 	 1334 	 564 	 33.0 	 50.0 	 0.20481927710843373 
642.0 	 1336 	 564 	 33.0 	 50.0 	 0.20481927710843373 
643.0 	 1338 	 564 	 33.0 	 50.0 	 0.20481927710843373 
644.0 	 1341 	 564 	 33.0 	 51.0 	 0.21428571428571427 
645.0 	 1343 	 564 	 33.0 	 51.0 	 0.21428571428571427 
646.0 	 1345 	 564 	 33.0 	 50.0 	 0.20481927710843373 
647.0 	 1347 	 564 	 33.0 	 51.0 	 0.21428571428571427 
648.0 	 1349 	 564 	 33.0 	 51.0 	 0.21428571428571427 
649.0 	 1351 	 564 	 33.0 	 51.0 	 0.21428571428571427 
650.0 	 1354 	 565 	 33.0 	 52.0 	 0.2235294117647059 
651.0 	 1356 	 564 	 33.0 	 52.0 	 0.2235294117647059 
652.0 	 1358 	 564 	 50.36677551269531 	 32.72731018066406 	 0.21228304258772224 
653.0 	 1360 	 564 	 33.0 	 51.0 	 0.21428571428571427 
654.0 	 1363 	 564 	 33.0 	 52.0 	 0.2235294117647059 
655.0 	 1365 	 564 	 50.88703536987305 	 33.05994415283203 	 0.21236131804145897 
656.0 	 1367 	 565 	 33.0 	 51.0 	 0.21428571428571427 
657.0 	 1369 	 565 	 32.0 	 52.0 	 0.23809523809523808 
658.0 	 1371 	 565 	 32.0 	 50.0 	 0.21951219512195122 
659.0 	 1374 	 565 	 32.0 	 50.0 	 0.21951219512195122 
660.0 	 1376 	 565 	 32.0 	 50.0 	 0.21951219512195122 
661.0 	 1378 	 564 	 31.0 	 49.0 	 0.225 
662.0 	 1380 	 564 	 31.0 	 48.0 	 0.21518987341772153 
663.0 	 1383 	 564 	 31.0 	 49.0 	 0.225 
664.0 	 1385 	 564 	 31.0 	 49.0 	 0.225 
665.0 	 1387 	 565 	 31.0 	 49.0 	 0.225 
666.0 	 1389 	 564 	 31.0 	 50.0 	 0.2345679012345679 
667.0 	 1391 	 564 	 31.0 	 50.0 	 0.2345679012345679 
668.0 	 1394 	 564 	 31.0 	 49.0 	 0.225 
669.0 	 1396 	 565 	 31.0 	 50.0 	 0.2345679012345679 
670.0 	 1398 	 565 	 31.0 	 50.0 	 0.2345679012345679 
671.0 	 1400 	 564 	 32.0 	 49.0 	 0.20987654320987653 
672.0 	 1403 	 564 	 32.0 	 50.0 	 0.21951219512195122 
673.0 	 1405 	 564 	 32.0 	 50.0 	 0.21951219512195122 
674.0 	 1407 	 564 	 31.0 	 49.0 	 0.225 
675.0 	 1410 	 564 	 31.0 	 49.0 	 0.225 
676.0 	 1412 	 564 	 31.0 	 51.0 	 0.24390243902439024 
677.0 	 1414 	 564 	 31.0 	 51.0 	 0.24390243902439024 
678.0 	 1416 	 564 	 31.0 	 50.0 	 0.2345679012345679 
679.0 	 1417 	 564 	 33.0 	 50.0 	 0.20481927710843373 
680.0 	 1419 	 564 	 33.0 	 49.0 	 0.1951219512195122 
681.0 	 1422 	 564 	 32.0 	 50.0 	 0.21951219512195122 
682.0 	 1424 	 565 	 33.0 	 53.0 	 0.23255813953488372 
683.0 	 1427 	 565 	 33.0 	 53.0 	 0.23255813953488372 
684.0 	 1430 	 565 	 31.0 	 54.0 	 0.27058823529411763 
685.0 	 1432 	 564 	 31.0 	 53.0 	 0.2619047619047619 
686.0 	 1434 	 564 	 31.0 	 52.0 	 0.25301204819277107 
687.0 	 1437 	 564 	 30.0 	 50.0 	 0.25 
688.0 	 1438 	 565 	 31.0 	 51.0 	 0.24390243902439024 
689.0 	 1440 	 565 	 32.0 	 51.0 	 0.2289156626506024 
690.0 	 1443 	 564 	 31.0 	 49.0 	 0.225 
691.0 	 1445 	 564 	 31.0 	 50.0 	 0.2345679012345679 
692.0 	 1447 	 565 	 33.0 	 50.0 	 0.20481927710843373 
693.0 	 1449 	 564 	 32.0 	 48.0 	 0.2 
694.0 	 1451 	 564 	 32.0 	 49.0 	 0.20987654320987653 
695.0 	 1453 	 565 	 33.0 	 50.0 	 0.20481927710843373 
696.0 	 1455 	 565 	 33.0 	 49.0 	 0.1951219512195122 
697.0 	 1457 	 565 	 32.0 	 49.0 	 0.20987654320987653 
698.0 	 1459 	 565 	 33.0 	 50.0 	 0.20481927710843373 
699.0 	 1461 	 565 	 33.0 	 49.0 	 0.1951219512195122 
700.0 	 1463 	 565 	 33.0 	 48.0 	 0.18518518518518517 
701.0 	 1465 	 564 	 33.0 	 51.0 	 0.21428571428571427 
702.0 	 1467 	 564 	 33.0 	 50.0 	 0.20481927710843373 
703.0 	 1469 	 564 	 32.0 	 49.0 	 0.20987654320987653 
704.0 	 1472 	 564 	 33.0 	 52.0 	 0.2235294117647059 
705.0 	 1474 	 565 	 34.0 	 52.0 	 0.20930232558139536 
706.0 	 1477 	 565 	 33.0 	 48.0 	 0.18518518518518517 
707.0 	 1479 	 565 	 33.0 	 48.0 	 0.18518518518518517 
708.0 	 1481 	 565 	 33.0 	 50.0 	 0.20481927710843373 
709.0 	 1482 	 565 	 33.0 	 47.0 	 0.175 
710.0 	 1484 	 565 	 33.0 	 48.0 	 0.18518518518518517 
711.0 	 1487 	 565 	 34.0 	 50.0 	 0.19047619047619047 
712.0 	 1489 	 565 	 33.0 	 48.0 	 0.18518518518518517 
713.0 	 1491 	 565 	 33.0 	 47.0 	 0.175 
714.0 	 1493 	 565 	 33.0 	 49.0 	 0.1951219512195122 
715.0 	 1495 	 565 	 33.0 	 48.0 	 0.18518518518518517 
716.0 	 1497 	 565 	 33.0 	 47.0 	 0.175 
717.0 	 1499 	 564 	 35.0 	 49.0 	 0.16666666666666666 
718.0 	 1501 	 565 	 34.0 	 47.0 	 0.16049382716049382 
719.0 	 1503 	 564 	 34.0 	 46.0 	 0.15 
720.0 	 1505 	 565 	 35.0 	 48.0 	 0.1566265060240964 
721.0 	 1507 	 565 	 34.0 	 48.0 	 0.17073170731707318 
722.0 	 1509 	 564 	 33.0 	 46.0 	 0.16455696202531644 
723.0 	 1511 	 564 	 34.0 	 48.0 	 0.17073170731707318 
724.0 	 1513 	 565 	 48.0 	 34.0 	 0.17073170731707318 
725.0 	 1515 	 564 	 33.0 	 47.0 	 0.175 
726.0 	 1517 	 565 	 33.0 	 49.0 	 0.1951219512195122 
727.0 	 1520 	 565 	 33.0 	 50.0 	 0.20481927710843373 
728.0 	 1522 	 565 	 33.0 	 48.0 	 0.18518518518518517 
729.0 	 1524 	 565 	 48.0 	 34.0 	 0.17073170731707318 
730.0 	 1526 	 565 	 34.0 	 49.0 	 0.18072289156626506 
731.0 	 1528 	 564 	 33.0 	 47.0 	 0.175 
732.0 	 1530 	 564 	 33.0 	 48.0 	 0.18518518518518517 
733.0 	 1533 	 565 	 34.0 	 47.0 	 0.16049382716049382 
734.0 	 1535 	 565 	 34.0 	 45.0 	 0.13924050632911392 
735.0 	 1536 	 565 	 34.0 	 44.0 	 0.1282051282051282 
736.0 	 1539 	 565 	 35.0 	 47.0 	 0.14634146341463414 
737.0 	 1541 	 565 	 34.0 	 44.0 	 0.1282051282051282 
738.0 	 1543 	 565 	 34.0 	 43.0 	 0.11688311688311688 
739.0 	 1545 	 565 	 34.0 	 46.0 	 0.15 
740.0 	 1547 	 565 	 34.0 	 46.0 	 0.15 
741.0 	 1549 	 565 	 34.0 	 44.0 	 0.1282051282051282 
742.0 	 1551 	 565 	 35.0 	 46.0 	 0.13580246913580246 
743.0 	 1553 	 565 	 34.0 	 47.0 	 0.16049382716049382 
744.0 	 1555 	 565 	 34.0 	 45.0 	 0.13924050632911392 
745.0 	 1558 	 565 	 34.0 	 46.0 	 0.15 
746.0 	 1560 	 565 	 34.0 	 48.0 	 0.17073170731707318 
747.0 	 1562 	 565 	 46.171295166015625 	 33.823158264160156 	 0.15436241354700553 
748.0 	 1564 	 565 	 46.0 	 34.0 	 0.15 
749.0 	 1566 	 565 	 47.0 	 34.0 	 0.16049382716049382 
750.0 	 1569 	 565 	 32.0 	 45.0 	 0.16883116883116883 
751.0 	 1571 	 565 	 32.0 	 44.0 	 0.15789473684210525 
752.0 	 1573 	 565 	 34.0 	 47.0 	 0.16049382716049382 
753.0 	 1575 	 565 	 33.0 	 46.0 	 0.16455696202531644 
754.0 	 1577 	 565 	 32.0 	 45.0 	 0.16883116883116883 
755.0 	 1579 	 565 	 32.0 	 46.0 	 0.1794871794871795 
756.0 	 1581 	 565 	 32.0 	 45.0 	 0.16883116883116883 
757.0 	 1583 	 565 	 31.0 	 44.0 	 0.17333333333333334 
758.0 	 1586 	 565 	 32.0 	 45.0 	 0.16883116883116883 
759.0 	 1588 	 565 	 32.0 	 45.0 	 0.16883116883116883 
760.0 	 1590 	 565 	 32.0 	 43.0 	 0.14666666666666667 
761.0 	 1592 	 565 	 32.0 	 45.0 	 0.16883116883116883 
762.0 	 1594 	 565 	 32.0 	 46.0 	 0.1794871794871795 
763.0 	 1597 	 565 	 31.0 	 45.0 	 0.18421052631578946 
764.0 	 1599 	 565 	 31.0 	 45.0 	 0.18421052631578946 
765.0 	 1601 	 565 	 32.0 	 45.0 	 0.16883116883116883 
766.0 	 1603 	 565 	 31.0 	 44.0 	 0.17333333333333334 
767.0 	 1605 	 565 	 31.0 	 44.0 	 0.17333333333333334 
768.0 	 1607 	 565 	 32.0 	 46.0 	 0.1794871794871795 
769.0 	 1609 	 565 	 30.0 	 44.0 	 0.1891891891891892 
770.0 	 1611 	 565 	 30.0 	 44.0 	 0.1891891891891892 
771.0 	 1613 	 565 	 31.0 	 45.0 	 0.18421052631578946 
772.0 	 1615 	 565 	 31.0 	 45.0 	 0.18421052631578946 
773.0 	 1617 	 565 	 30.0 	 44.0 	 0.1891891891891892 
774.0 	 1620 	 565 	 31.0 	 45.0 	 0.18421052631578946 
775.0 	 1622 	 565 	 31.0 	 46.0 	 0.19480519480519481 
776.0 	 1624 	 565 	 31.0 	 45.0 	 0.18421052631578946 
777.0 	 1626 	 565 	 31.0 	 45.0 	 0.18421052631578946 
778.0 	 1628 	 565 	 31.0 	 46.0 	 0.19480519480519481 
779.0 	 1630 	 565 	 31.0 	 45.0 	 0.18421052631578946 
780.0 	 1632 	 565 	 31.0 	 44.0 	 0.17333333333333334 
781.0 	 1634 	 565 	 30.0 	 45.0 	 0.2 
782.0 	 1636 	 565 	 30.0 	 45.0 	 0.2 
783.0 	 1638 	 565 	 31.0 	 44.0 	 0.17333333333333334 
784.0 	 1640 	 565 	 31.0 	 45.0 	 0.18421052631578946 
785.0 	 1642 	 565 	 30.0 	 44.0 	 0.1891891891891892 
786.0 	 1645 	 565 	 30.0 	 44.0 	 0.1891891891891892 
787.0 	 1647 	 565 	 30.0 	 44.0 	 0.1891891891891892 
788.0 	 1649 	 565 	 30.0 	 45.0 	 0.2 
789.0 	 1651 	 565 	 29.0 	 43.0 	 0.19444444444444445 
790.0 	 1653 	 565 	 30.0 	 44.0 	 0.1891891891891892 
791.0 	 1655 	 565 	 30.0 	 46.0 	 0.21052631578947367 
792.0 	 1657 	 565 	 28.0 	 43.0 	 0.2112676056338028 
793.0 	 1659 	 565 	 28.0 	 43.0 	 0.2112676056338028 
794.0 	 1662 	 565 	 30.0 	 44.0 	 0.1891891891891892 
795.0 	 1664 	 565 	 29.0 	 42.0 	 0.18309859154929578 
796.0 	 1666 	 565 	 30.0 	 43.0 	 0.1780821917808219 
797.0 	 1668 	 565 	 30.0 	 45.0 	 0.2 
798.0 	 1670 	 565 	 30.0 	 43.0 	 0.1780821917808219 
799.0 	 1672 	 565 	 30.0 	 42.0 	 0.16666666666666666 
800.0 	 1674 	 565 	 30.0 	 44.0 	 0.1891891891891892 
801.0 	 1676 	 565 	 30.0 	 43.0 	 0.1780821917808219 
802.0 	 1679 	 565 	 29.0 	 42.0 	 0.18309859154929578 
803.0 	 1681 	 565 	 31.0 	 45.0 	 0.18421052631578946 
804.0 	 1683 	 565 	 30.477693557739258 	 44.67847442626953 	 0.18895030507079363 
805.0 	 1685 	 565 	 41.0 	 28.0 	 0.18840579710144928 
806.0 	 1688 	 565 	 44.0 	 29.0 	 0.2054794520547945 
807.0 	 1689 	 565 	 44.0 	 29.0 	 0.2054794520547945 
808.0 	 1691 	 565 	 27.315876007080078 	 41.548095703125 	 0.20667149080417943 
809.0 	 1693 	 565 	 28.0 	 44.0 	 0.2222222222222222 
810.0 	 1696 	 565 	 29.0 	 45.0 	 0.21621621621621623 
811.0 	 1699 	 565 	 28.0 	 43.0 	 0.2112676056338028 
812.0 	 1701 	 565 	 29.0 	 44.0 	 0.2054794520547945 
813.0 	 1703 	 565 	 29.0 	 47.0 	 0.23684210526315788 
814.0 	 1705 	 565 	 44.03232955932617 	 29.520265579223633 	 0.19730186205893083 
815.0 	 1707 	 565 	 28.0 	 43.0 	 0.2112676056338028 
816.0 	 1709 	 565 	 29.0 	 47.0 	 0.23684210526315788 
817.0 	 1712 	 565 	 28.0 	 44.0 	 0.2222222222222222 
818.0 	 1714 	 565 	 28.0 	 42.0 	 0.2 
819.0 	 1716 	 565 	 45.0 	 29.0 	 0.21621621621621623 
820.0 	 1718 	 565 	 29.0 	 46.0 	 0.22666666666666666 
821.0 	 1720 	 565 	 29.0 	 45.0 	 0.21621621621621623 
822.0 	 1723 	 565 	 31.0 	 48.0 	 0.21518987341772153 
823.0 	 1725 	 565 	 48.0 	 31.0 	 0.21518987341772153 
824.0 	 1727 	 565 	 29.0 	 46.0 	 0.22666666666666666 
825.0 	 1729 	 565 	 31.0 	 48.0 	 0.21518987341772153 
826.0 	 1731 	 565 	 31.0 	 49.0 	 0.225 
827.0 	 1734 	 565 	 29.0 	 46.0 	 0.22666666666666666 
828.0 	 1735 	 565 	 31.0 	 48.0 	 0.21518987341772153 
829.0 	 1738 	 565 	 31.0 	 48.0 	 0.21518987341772153 
830.0 	 1740 	 565 	 31.0 	 46.0 	 0.19480519480519481 
831.0 	 1742 	 565 	 31.0 	 47.0 	 0.20512820512820512 
832.0 	 1743 	 565 	 32.0 	 48.0 	 0.2 
833.0 	 1746 	 565 	 31.0 	 46.0 	 0.19480519480519481 
834.0 	 1748 	 564 	 44.0 	 31.0 	 0.17333333333333334 
835.0 	 1750 	 565 	 32.0 	 48.0 	 0.2 
836.0 	 1753 	 565 	 30.0 	 47.0 	 0.22077922077922077 
837.0 	 1754 	 564 	 45.0 	 31.0 	 0.18421052631578946 
838.0 	 1757 	 565 	 32.0 	 48.0 	 0.2 
839.0 	 1759 	 564 	 31.0 	 47.0 	 0.20512820512820512 
840.0 	 1761 	 564 	 29.0 	 45.0 	 0.21621621621621623 
841.0 	 1763 	 565 	 29.0 	 47.0 	 0.23684210526315788 
842.0 	 1765 	 565 	 29.0 	 46.0 	 0.22666666666666666 
843.0 	 1767 	 564 	 29.0 	 44.0 	 0.2054794520547945 
844.0 	 1770 	 565 	 31.0 	 45.0 	 0.18421052631578946 
845.0 	 1772 	 565 	 32.0 	 47.0 	 0.189873417721519 
846.0 	 1774 	 564 	 29.0 	 45.0 	 0.21621621621621623 
847.0 	 1775 	 565 	 31.0 	 46.0 	 0.19480519480519481 
848.0 	 1778 	 565 	 31.0 	 48.0 	 0.21518987341772153 
849.0 	 1780 	 565 	 30.0 	 45.0 	 0.2 
850.0 	 1783 	 565 	 30.0 	 46.0 	 0.21052631578947367 
851.0 	 1785 	 565 	 31.0 	 47.0 	 0.20512820512820512 
852.0 	 1787 	 565 	 30.0 	 46.0 	 0.21052631578947367 
853.0 	 1789 	 565 	 29.0 	 44.0 	 0.2054794520547945 
854.0 	 1791 	 565 	 31.0 	 46.0 	 0.19480519480519481 
855.0 	 1793 	 565 	 29.0 	 44.0 	 0.2054794520547945 
856.0 	 1795 	 565 	 43.0 	 29.0 	 0.19444444444444445 
857.0 	 1798 	 565 	 29.0 	 47.0 	 0.23684210526315788 
858.0 	 1800 	 565 	 29.0 	 46.0 	 0.22666666666666666 
859.0 	 1803 	 565 	 45.0 	 28.0 	 0.2328767123287671 
860.0 	 1804 	 565 	 30.0 	 47.0 	 0.22077922077922077 
861.0 	 1807 	 565 	 30.0 	 48.0 	 0.23076923076923078 
862.0 	 1809 	 565 	 27.0 	 45.0 	 0.25 
863.0 	 1811 	 565 	 29.0 	 47.0 	 0.23684210526315788 
864.0 	 1813 	 565 	 29.0 	 47.0 	 0.23684210526315788 
865.0 	 1816 	 565 	 28.0 	 43.0 	 0.2112676056338028 
866.0 	 1818 	 565 	 28.0 	 45.0 	 0.2328767123287671 
867.0 	 1819 	 565 	 30.0 	 46.0 	 0.21052631578947367 
868.0 	 1821 	 565 	 29.0 	 43.0 	 0.19444444444444445 
869.0 	 1824 	 565 	 29.0 	 44.0 	 0.2054794520547945 
870.0 	 1826 	 565 	 30.0 	 47.0 	 0.22077922077922077 
871.0 	 1828 	 565 	 44.51237869262695 	 28.40155601501465 	 0.22095670384832272 
872.0 	 1830 	 565 	 27.0 	 42.0 	 0.21739130434782608 
873.0 	 1831 	 565 	 30.0 	 47.0 	 0.22077922077922077 
874.0 	 1834 	 565 	 28.0 	 46.0 	 0.24324324324324326 
875.0 	 1836 	 565 	 27.892961502075195 	 44.68745803833008 	 0.23139156045943554 
876.0 	 1838 	 565 	 29.695720672607422 	 47.89340591430664 	 0.23453911704128375 
877.0 	 1840 	 566 	 28.0 	 46.0 	 0.24324324324324326 
878.0 	 1842 	 565 	 26.0 	 44.0 	 0.2571428571428571 
879.0 	 1845 	 565 	 28.0 	 47.0 	 0.25333333333333335 
880.0 	 1847 	 565 	 29.0 	 48.0 	 0.24675324675324675 
881.0 	 1849 	 565 	 29.0 	 45.0 	 0.21621621621621623 
882.0 	 1851 	 565 	 30.0 	 46.0 	 0.21052631578947367 
883.0 	 1853 	 565 	 30.0 	 48.0 	 0.23076923076923078 
884.0 	 1855 	 565 	 29.0 	 45.0 	 0.21621621621621623 
885.0 	 1857 	 565 	 29.0 	 46.0 	 0.22666666666666666 
886.0 	 1859 	 565 	 30.0 	 47.0 	 0.22077922077922077 
887.0 	 1861 	 565 	 44.57766342163086 	 29.55260467529297 	 0.2026845326755453 
888.0 	 1863 	 565 	 29.0 	 43.0 	 0.19444444444444445 
889.0 	 1866 	 565 	 30.82906150817871 	 47.917171478271484 	 0.21700225295898423 
890.0 	 1868 	 565 	 30.0 	 46.0 	 0.21052631578947367 
891.0 	 1870 	 564 	 30.0 	 44.0 	 0.1891891891891892 
892.0 	 1873 	 565 	 30.0 	 49.0 	 0.24050632911392406 
893.0 	 1875 	 565 	 30.0 	 49.0 	 0.24050632911392406 
894.0 	 1875 	 564 	 29.0 	 45.0 	 0.21621621621621623 
895.0 	 1878 	 565 	 30.0 	 47.0 	 0.22077922077922077 
896.0 	 1880 	 565 	 31.0 	 49.0 	 0.225 
897.0 	 1882 	 565 	 45.69506072998047 	 30.790233612060547 	 0.1948718017775518 
898.0 	 1884 	 564 	 30.636579513549805 	 48.3735466003418 	 0.22448979591836735 
899.0 	 1887 	 565 	 30.0 	 49.0 	 0.24050632911392406 
900.0 	 1888 	 565 	 30.0 	 46.0 	 0.21052631578947367 
901.0 	 1890 	 564 	 30.0 	 45.0 	 0.2 
902.0 	 1892 	 564 	 31.0 	 48.0 	 0.21518987341772153 
903.0 	 1894 	 564 	 29.0 	 45.0 	 0.21621621621621623 
904.0 	 1896 	 564 	 29.0 	 43.0 	 0.19444444444444445 
905.0 	 1898 	 564 	 31.0 	 42.0 	 0.1506849315068493 
906.0 	 1899 	 565 	 39.0 	 31.0 	 0.11428571428571428 
907.0 	 1900 	 564 	 29.0 	 37.0 	 0.12121212121212122 
908.0 	 1902 	 564 	 31.0 	 35.0 	 0.06060606060606061 
909.0 	 1903 	 565 	 31.0 	 33.0 	 0.03125 
910.0 	 1904 	 565 	 29.0 	 31.0 	 0.03333333333333333 
911.0 	 1905 	 565 	 31.0 	 30.0 	 0.01639344262295082 
912.0 	 1906 	 564 	 31.0 	 28.0 	 0.05084745762711865 
913.0 	 1907 	 565 	 29.0 	 25.0 	 0.07407407407407407 
914.0 	 1908 	 564 	 29.0 	 23.0 	 0.11538461538461539 
915.0 	 1909 	 564 	 21.0 	 30.0 	 0.17647058823529413 
