frame 	 x 	 y 	 width 	 height 	 deformation 
1.0 	 138 	 516 	 30.405588150024414 	 31.11269760131836 	 0.011494297063999561 
2.0 	 138 	 517 	 29.698484420776367 	 30.405588150024414 	 0.011764655854478081 
3.0 	 138 	 516 	 30.405588150024414 	 30.405588150024414 	 0.0 
4.0 	 138 	 516 	 29.698484420776367 	 31.11269760131836 	 0.023255808118121456 
5.0 	 138 	 517 	 30.0 	 31.0 	 0.01639344262295082 
6.0 	 138 	 517 	 30.0 	 31.0 	 0.01639344262295082 
7.0 	 138 	 517 	 29.698482513427734 	 31.11269760131836 	 0.02325584021264031 
8.0 	 139 	 517 	 29.0 	 31.0 	 0.03333333333333333 
9.0 	 139 	 517 	 29.0 	 31.0 	 0.03333333333333333 
10.0 	 139 	 516 	 29.0 	 31.0 	 0.03333333333333333 
11.0 	 139 	 516 	 29.0 	 31.0 	 0.03333333333333333 
12.0 	 139 	 516 	 29.698482513427734 	 30.405588150024414 	 0.011764687961919587 
13.0 	 139 	 516 	 29.0 	 31.0 	 0.03333333333333333 
14.0 	 139 	 516 	 29.0 	 31.0 	 0.03333333333333333 
15.0 	 139 	 516 	 29.0 	 31.0 	 0.03333333333333333 
16.0 	 139 	 516 	 29.698482513427734 	 31.11269760131836 	 0.02325584021264031 
17.0 	 139 	 516 	 29.0 	 32.0 	 0.04918032786885246 
18.0 	 139 	 516 	 29.0 	 32.0 	 0.04918032786885246 
19.0 	 139 	 516 	 29.0 	 32.0 	 0.04918032786885246 
20.0 	 139 	 516 	 29.0 	 32.0 	 0.04918032786885246 
21.0 	 140 	 516 	 29.0 	 31.0 	 0.03333333333333333 
22.0 	 140 	 516 	 29.0 	 31.0 	 0.03333333333333333 
23.0 	 140 	 516 	 29.0 	 31.0 	 0.03333333333333333 
24.0 	 140 	 516 	 29.0 	 31.0 	 0.03333333333333333 
25.0 	 140 	 516 	 30.0 	 31.0 	 0.01639344262295082 
26.0 	 140 	 516 	 30.0 	 31.0 	 0.01639344262295082 
27.0 	 140 	 516 	 30.0 	 31.0 	 0.01639344262295082 
28.0 	 140 	 516 	 30.405588150024414 	 31.11269760131836 	 0.011494297063999561 
29.0 	 140 	 516 	 31.752164840698242 	 29.96331024169922 	 0.028985511277531135 
30.0 	 140 	 516 	 30.0 	 32.0 	 0.03225806451612903 
31.0 	 140 	 516 	 30.0 	 32.0 	 0.03225806451612903 
32.0 	 140 	 516 	 30.0 	 32.0 	 0.03225806451612903 
33.0 	 140 	 516 	 30.0 	 32.0 	 0.03225806451612903 
34.0 	 140 	 516 	 31.0 	 30.0 	 0.01639344262295082 
35.0 	 140 	 516 	 31.0 	 30.0 	 0.01639344262295082 
36.0 	 141 	 516 	 31.0 	 30.0 	 0.01639344262295082 
37.0 	 141 	 517 	 29.0 	 32.0 	 0.04918032786885246 
38.0 	 141 	 517 	 29.0 	 32.0 	 0.04918032786885246 
39.0 	 141 	 517 	 29.0 	 32.0 	 0.04918032786885246 
40.0 	 141 	 517 	 29.0 	 32.0 	 0.04918032786885246 
41.0 	 141 	 517 	 29.0 	 32.0 	 0.04918032786885246 
42.0 	 141 	 517 	 29.0 	 32.0 	 0.04918032786885246 
43.0 	 141 	 517 	 29.0 	 32.0 	 0.04918032786885246 
44.0 	 141 	 517 	 29.0 	 32.0 	 0.04918032786885246 
45.0 	 141 	 517 	 29.0 	 32.0 	 0.04918032786885246 
46.0 	 141 	 517 	 29.0 	 32.0 	 0.04918032786885246 
47.0 	 141 	 517 	 29.0 	 32.0 	 0.04918032786885246 
48.0 	 141 	 517 	 29.0 	 32.0 	 0.04918032786885246 
49.0 	 142 	 517 	 29.0 	 31.0 	 0.03333333333333333 
50.0 	 142 	 517 	 29.0 	 31.0 	 0.03333333333333333 
51.0 	 142 	 517 	 29.0 	 31.0 	 0.03333333333333333 
52.0 	 142 	 517 	 29.0 	 31.0 	 0.03333333333333333 
53.0 	 142 	 517 	 29.0 	 31.0 	 0.03333333333333333 
54.0 	 142 	 517 	 29.0 	 32.0 	 0.04918032786885246 
55.0 	 142 	 517 	 29.0 	 32.0 	 0.04918032786885246 
56.0 	 142 	 517 	 29.0 	 32.0 	 0.04918032786885246 
57.0 	 142 	 517 	 29.0 	 32.0 	 0.04918032786885246 
58.0 	 142 	 517 	 29.0 	 32.0 	 0.04918032786885246 
59.0 	 142 	 517 	 29.0 	 32.0 	 0.04918032786885246 
60.0 	 142 	 517 	 29.0 	 32.0 	 0.04918032786885246 
61.0 	 142 	 517 	 29.0 	 32.0 	 0.04918032786885246 
62.0 	 142 	 517 	 29.0 	 32.0 	 0.04918032786885246 
63.0 	 142 	 517 	 29.0 	 32.0 	 0.04918032786885246 
64.0 	 142 	 517 	 29.0 	 32.0 	 0.04918032786885246 
65.0 	 143 	 517 	 29.0 	 32.0 	 0.04918032786885246 
66.0 	 143 	 517 	 29.0 	 33.0 	 0.06451612903225806 
67.0 	 143 	 517 	 30.857738494873047 	 30.410520553588867 	 0.007299341424577441 
68.0 	 143 	 517 	 30.0 	 31.0 	 0.01639344262295082 
69.0 	 144 	 517 	 29.0 	 31.0 	 0.03333333333333333 
70.0 	 144 	 517 	 29.0 	 31.0 	 0.03333333333333333 
71.0 	 145 	 517 	 29.0 	 31.0 	 0.03333333333333333 
72.0 	 145 	 517 	 30.410520553588867 	 30.4105224609375 	 3.136001190175172e-08 
73.0 	 146 	 517 	 29.96331024169922 	 30.410520553588867 	 0.00740735358347596 
74.0 	 146 	 517 	 29.96331024169922 	 30.410520553588867 	 0.00740735358347596 
75.0 	 147 	 517 	 31.0 	 29.0 	 0.03333333333333333 
76.0 	 148 	 516 	 31.0 	 29.0 	 0.03333333333333333 
77.0 	 149 	 516 	 31.0 	 29.0 	 0.03333333333333333 
78.0 	 150 	 517 	 30.0 	 29.0 	 0.01694915254237288 
79.0 	 151 	 517 	 30.0 	 28.0 	 0.034482758620689655 
80.0 	 151 	 517 	 30.0 	 29.0 	 0.01694915254237288 
81.0 	 152 	 517 	 30.0 	 29.0 	 0.01694915254237288 
82.0 	 153 	 517 	 31.0 	 30.0 	 0.01639344262295082 
83.0 	 155 	 517 	 31.0 	 31.0 	 0.0 
84.0 	 156 	 517 	 31.0 	 31.0 	 0.0 
85.0 	 157 	 517 	 31.0 	 30.0 	 0.01639344262295082 
86.0 	 158 	 517 	 31.0 	 30.0 	 0.01639344262295082 
87.0 	 159 	 517 	 32.0 	 31.0 	 0.015873015873015872 
88.0 	 160 	 517 	 32.0 	 31.0 	 0.015873015873015872 
89.0 	 162 	 517 	 32.0 	 30.0 	 0.03225806451612903 
90.0 	 163 	 517 	 32.0 	 31.0 	 0.015873015873015872 
91.0 	 165 	 517 	 31.0 	 30.0 	 0.01639344262295082 
92.0 	 166 	 517 	 31.0 	 31.0 	 0.0 
93.0 	 168 	 517 	 31.0 	 30.0 	 0.01639344262295082 
94.0 	 169 	 517 	 31.0 	 31.0 	 0.0 
95.0 	 171 	 517 	 31.0 	 31.0 	 0.0 
96.0 	 173 	 516 	 31.0 	 31.0 	 0.0 
97.0 	 175 	 516 	 31.0 	 30.0 	 0.01639344262295082 
98.0 	 176 	 516 	 32.0 	 30.0 	 0.03225806451612903 
99.0 	 178 	 516 	 32.0 	 30.0 	 0.03225806451612903 
100.0 	 179 	 516 	 32.0 	 30.0 	 0.03225806451612903 
101.0 	 181 	 516 	 31.0 	 30.0 	 0.01639344262295082 
102.0 	 182 	 516 	 31.0 	 30.0 	 0.01639344262295082 
103.0 	 184 	 516 	 30.0 	 30.0 	 0.0 
104.0 	 186 	 516 	 30.0 	 31.0 	 0.01639344262295082 
105.0 	 187 	 516 	 30.0 	 30.0 	 0.0 
106.0 	 189 	 516 	 30.0 	 30.0 	 0.0 
107.0 	 191 	 517 	 29.0 	 30.0 	 0.01694915254237288 
108.0 	 193 	 516 	 29.0 	 30.0 	 0.01694915254237288 
109.0 	 195 	 516 	 30.0 	 30.0 	 0.0 
110.0 	 197 	 516 	 30.0 	 29.0 	 0.01694915254237288 
111.0 	 199 	 516 	 30.0 	 30.0 	 0.0 
112.0 	 200 	 516 	 30.0 	 30.0 	 0.0 
113.0 	 202 	 516 	 30.0 	 30.0 	 0.0 
114.0 	 204 	 516 	 30.0 	 29.0 	 0.01694915254237288 
115.0 	 206 	 516 	 30.0 	 29.0 	 0.01694915254237288 
116.0 	 208 	 516 	 29.0 	 29.0 	 0.0 
117.0 	 209 	 516 	 29.0 	 30.0 	 0.01694915254237288 
118.0 	 211 	 516 	 29.0 	 30.0 	 0.01694915254237288 
119.0 	 213 	 516 	 29.0 	 30.0 	 0.01694915254237288 
120.0 	 215 	 516 	 29.0 	 30.0 	 0.01694915254237288 
121.0 	 217 	 516 	 28.0 	 31.0 	 0.05084745762711865 
122.0 	 219 	 516 	 28.0 	 30.0 	 0.034482758620689655 
123.0 	 221 	 516 	 28.0 	 30.0 	 0.034482758620689655 
124.0 	 223 	 516 	 28.0 	 30.0 	 0.034482758620689655 
125.0 	 225 	 516 	 28.0 	 30.0 	 0.034482758620689655 
126.0 	 226 	 516 	 29.0 	 30.0 	 0.01694915254237288 
127.0 	 228 	 516 	 29.0 	 30.0 	 0.01694915254237288 
128.0 	 230 	 516 	 30.0 	 30.0 	 0.0 
129.0 	 232 	 516 	 28.0 	 30.0 	 0.034482758620689655 
130.0 	 234 	 516 	 29.0 	 31.0 	 0.03333333333333333 
131.0 	 235 	 516 	 29.0 	 30.0 	 0.01694915254237288 
132.0 	 237 	 516 	 29.0 	 30.0 	 0.01694915254237288 
133.0 	 240 	 516 	 29.0 	 30.0 	 0.01694915254237288 
134.0 	 241 	 516 	 29.0 	 30.0 	 0.01694915254237288 
135.0 	 243 	 516 	 29.0 	 30.0 	 0.01694915254237288 
136.0 	 245 	 516 	 30.0 	 30.0 	 0.0 
137.0 	 247 	 516 	 30.0 	 30.0 	 0.0 
138.0 	 249 	 516 	 29.0 	 31.0 	 0.03333333333333333 
139.0 	 251 	 516 	 29.0 	 30.0 	 0.01694915254237288 
140.0 	 253 	 516 	 29.0 	 31.0 	 0.03333333333333333 
141.0 	 255 	 516 	 28.0 	 30.0 	 0.034482758620689655 
142.0 	 257 	 516 	 28.0 	 30.0 	 0.034482758620689655 
143.0 	 259 	 516 	 28.0 	 30.0 	 0.034482758620689655 
144.0 	 261 	 516 	 28.0 	 30.0 	 0.034482758620689655 
145.0 	 263 	 516 	 28.0 	 30.0 	 0.034482758620689655 
146.0 	 265 	 516 	 28.0 	 30.0 	 0.034482758620689655 
147.0 	 267 	 516 	 28.0 	 30.0 	 0.034482758620689655 
148.0 	 269 	 516 	 28.0 	 30.0 	 0.034482758620689655 
149.0 	 271 	 516 	 28.0 	 30.0 	 0.034482758620689655 
150.0 	 272 	 516 	 28.0 	 30.0 	 0.034482758620689655 
151.0 	 274 	 516 	 29.0 	 30.0 	 0.01694915254237288 
152.0 	 276 	 516 	 29.0 	 30.0 	 0.01694915254237288 
153.0 	 278 	 516 	 29.0 	 30.0 	 0.01694915254237288 
154.0 	 281 	 516 	 29.0 	 30.0 	 0.01694915254237288 
155.0 	 283 	 516 	 29.0 	 31.0 	 0.03333333333333333 
156.0 	 285 	 516 	 29.0 	 30.0 	 0.01694915254237288 
157.0 	 287 	 516 	 28.0 	 30.0 	 0.034482758620689655 
158.0 	 289 	 516 	 29.0 	 30.0 	 0.01694915254237288 
159.0 	 291 	 516 	 29.0 	 30.0 	 0.01694915254237288 
160.0 	 293 	 516 	 29.0 	 30.0 	 0.01694915254237288 
161.0 	 295 	 516 	 28.0 	 30.0 	 0.034482758620689655 
162.0 	 297 	 516 	 28.0 	 31.0 	 0.05084745762711865 
163.0 	 300 	 516 	 28.0 	 31.0 	 0.05084745762711865 
164.0 	 301 	 516 	 28.0 	 31.0 	 0.05084745762711865 
165.0 	 304 	 516 	 28.0 	 31.0 	 0.05084745762711865 
166.0 	 306 	 516 	 28.0 	 31.0 	 0.05084745762711865 
167.0 	 308 	 516 	 28.0 	 31.0 	 0.05084745762711865 
168.0 	 310 	 516 	 28.0 	 31.0 	 0.05084745762711865 
169.0 	 312 	 516 	 29.0 	 30.0 	 0.01694915254237288 
170.0 	 315 	 516 	 29.0 	 30.0 	 0.01694915254237288 
171.0 	 317 	 516 	 29.0 	 31.0 	 0.03333333333333333 
172.0 	 319 	 516 	 29.0 	 30.0 	 0.01694915254237288 
173.0 	 321 	 516 	 29.0 	 31.0 	 0.03333333333333333 
174.0 	 323 	 516 	 30.0 	 31.0 	 0.01639344262295082 
175.0 	 325 	 516 	 30.0 	 32.0 	 0.03225806451612903 
176.0 	 328 	 516 	 30.0 	 31.0 	 0.01639344262295082 
177.0 	 330 	 516 	 30.0 	 31.0 	 0.01639344262295082 
178.0 	 332 	 516 	 30.0 	 31.0 	 0.01639344262295082 
179.0 	 334 	 516 	 30.0 	 30.0 	 0.0 
180.0 	 337 	 516 	 30.0 	 30.0 	 0.0 
181.0 	 339 	 515 	 29.0 	 31.0 	 0.03333333333333333 
182.0 	 341 	 515 	 29.0 	 31.0 	 0.03333333333333333 
183.0 	 343 	 515 	 29.0 	 32.0 	 0.04918032786885246 
184.0 	 345 	 515 	 29.0 	 31.0 	 0.03333333333333333 
185.0 	 348 	 515 	 29.0 	 31.0 	 0.03333333333333333 
186.0 	 350 	 515 	 29.0 	 31.0 	 0.03333333333333333 
187.0 	 352 	 515 	 30.0 	 31.0 	 0.01639344262295082 
188.0 	 354 	 515 	 30.0 	 30.0 	 0.0 
189.0 	 357 	 515 	 30.0 	 31.0 	 0.01639344262295082 
190.0 	 359 	 515 	 30.0 	 31.0 	 0.01639344262295082 
191.0 	 361 	 515 	 32.0 	 30.0 	 0.03225806451612903 
192.0 	 363 	 516 	 32.0 	 30.0 	 0.03225806451612903 
193.0 	 366 	 516 	 29.0 	 31.0 	 0.03333333333333333 
194.0 	 368 	 516 	 29.0 	 31.0 	 0.03333333333333333 
195.0 	 370 	 516 	 29.0 	 31.0 	 0.03333333333333333 
196.0 	 372 	 516 	 30.0 	 32.0 	 0.03225806451612903 
197.0 	 375 	 516 	 29.0 	 31.0 	 0.03333333333333333 
198.0 	 377 	 516 	 29.0 	 32.0 	 0.04918032786885246 
199.0 	 379 	 515 	 29.0 	 32.0 	 0.04918032786885246 
200.0 	 382 	 516 	 29.0 	 31.0 	 0.03333333333333333 
201.0 	 384 	 515 	 29.0 	 31.0 	 0.03333333333333333 
202.0 	 386 	 515 	 30.0 	 31.0 	 0.01639344262295082 
203.0 	 389 	 515 	 29.0 	 31.0 	 0.03333333333333333 
204.0 	 391 	 515 	 29.0 	 32.0 	 0.04918032786885246 
205.0 	 393 	 515 	 29.0 	 32.0 	 0.04918032786885246 
206.0 	 395 	 515 	 29.0 	 31.0 	 0.03333333333333333 
207.0 	 398 	 515 	 29.0 	 31.0 	 0.03333333333333333 
208.0 	 400 	 515 	 29.0 	 30.0 	 0.01694915254237288 
209.0 	 403 	 515 	 29.0 	 30.0 	 0.01694915254237288 
210.0 	 405 	 515 	 29.0 	 31.0 	 0.03333333333333333 
211.0 	 408 	 515 	 29.0 	 31.0 	 0.03333333333333333 
212.0 	 410 	 515 	 29.0 	 31.0 	 0.03333333333333333 
213.0 	 412 	 515 	 29.0 	 31.0 	 0.03333333333333333 
214.0 	 414 	 515 	 29.0 	 30.0 	 0.01694915254237288 
215.0 	 417 	 515 	 29.0 	 31.0 	 0.03333333333333333 
216.0 	 419 	 515 	 29.0 	 31.0 	 0.03333333333333333 
217.0 	 421 	 515 	 29.0 	 31.0 	 0.03333333333333333 
218.0 	 424 	 515 	 29.0 	 31.0 	 0.03333333333333333 
219.0 	 426 	 515 	 29.0 	 32.0 	 0.04918032786885246 
220.0 	 429 	 515 	 29.0 	 32.0 	 0.04918032786885246 
221.0 	 431 	 515 	 29.0 	 31.0 	 0.03333333333333333 
222.0 	 433 	 515 	 29.0 	 30.0 	 0.01694915254237288 
223.0 	 436 	 515 	 29.0 	 31.0 	 0.03333333333333333 
224.0 	 438 	 515 	 29.0 	 32.0 	 0.04918032786885246 
225.0 	 441 	 515 	 29.0 	 31.0 	 0.03333333333333333 
226.0 	 443 	 515 	 29.0 	 32.0 	 0.04918032786885246 
227.0 	 445 	 516 	 32.0 	 29.0 	 0.04918032786885246 
228.0 	 448 	 515 	 28.0 	 32.0 	 0.06666666666666667 
229.0 	 450 	 515 	 29.0 	 32.0 	 0.04918032786885246 
230.0 	 453 	 515 	 28.0 	 32.0 	 0.06666666666666667 
231.0 	 456 	 515 	 28.0 	 31.0 	 0.05084745762711865 
232.0 	 458 	 515 	 28.0 	 31.0 	 0.05084745762711865 
233.0 	 460 	 515 	 28.0 	 31.0 	 0.05084745762711865 
234.0 	 463 	 515 	 28.0 	 30.0 	 0.034482758620689655 
235.0 	 465 	 515 	 28.0 	 31.0 	 0.05084745762711865 
236.0 	 467 	 515 	 28.0 	 31.0 	 0.05084745762711865 
237.0 	 470 	 515 	 28.0 	 31.0 	 0.05084745762711865 
238.0 	 472 	 515 	 28.0 	 32.0 	 0.06666666666666667 
239.0 	 475 	 515 	 28.0 	 31.0 	 0.05084745762711865 
240.0 	 477 	 515 	 28.0 	 32.0 	 0.06666666666666667 
241.0 	 480 	 515 	 29.0 	 32.0 	 0.04918032786885246 
242.0 	 482 	 515 	 29.0 	 32.0 	 0.04918032786885246 
243.0 	 485 	 515 	 28.0 	 32.0 	 0.06666666666666667 
244.0 	 487 	 515 	 31.574697494506836 	 29.025188446044922 	 0.04207118559534868 
245.0 	 490 	 515 	 28.0 	 31.0 	 0.05084745762711865 
246.0 	 492 	 515 	 28.0 	 32.0 	 0.06666666666666667 
247.0 	 495 	 515 	 29.0 	 31.0 	 0.03333333333333333 
248.0 	 497 	 515 	 29.0 	 31.0 	 0.03333333333333333 
249.0 	 499 	 515 	 32.7423095703125 	 28.861740112304688 	 0.06299211623262477 
250.0 	 501 	 515 	 31.0 	 30.0 	 0.01639344262295082 
251.0 	 504 	 515 	 29.0 	 31.0 	 0.03333333333333333 
252.0 	 506 	 515 	 29.0 	 30.0 	 0.01694915254237288 
253.0 	 509 	 515 	 28.0 	 31.0 	 0.05084745762711865 
254.0 	 511 	 515 	 28.0 	 30.0 	 0.034482758620689655 
255.0 	 514 	 515 	 28.0 	 31.0 	 0.05084745762711865 
256.0 	 517 	 515 	 28.0 	 31.0 	 0.05084745762711865 
257.0 	 519 	 515 	 28.0 	 31.0 	 0.05084745762711865 
258.0 	 522 	 515 	 28.0 	 31.0 	 0.05084745762711865 
259.0 	 524 	 515 	 28.0 	 31.0 	 0.05084745762711865 
260.0 	 526 	 515 	 28.0 	 31.0 	 0.05084745762711865 
261.0 	 529 	 515 	 27.0 	 31.0 	 0.06896551724137931 
262.0 	 531 	 515 	 28.0 	 31.0 	 0.05084745762711865 
263.0 	 534 	 515 	 27.0 	 31.0 	 0.06896551724137931 
264.0 	 536 	 515 	 27.0 	 32.0 	 0.0847457627118644 
265.0 	 538 	 515 	 28.0 	 31.0 	 0.05084745762711865 
266.0 	 540 	 515 	 28.0 	 31.0 	 0.05084745762711865 
267.0 	 543 	 515 	 28.0 	 31.0 	 0.05084745762711865 
268.0 	 545 	 515 	 28.0 	 31.0 	 0.05084745762711865 
269.0 	 548 	 515 	 28.0 	 31.0 	 0.05084745762711865 
270.0 	 551 	 515 	 28.0 	 31.0 	 0.05084745762711865 
271.0 	 553 	 516 	 27.0 	 31.0 	 0.06896551724137931 
272.0 	 555 	 515 	 27.0 	 31.0 	 0.06896551724137931 
273.0 	 558 	 515 	 27.0 	 31.0 	 0.06896551724137931 
274.0 	 560 	 515 	 26.0 	 31.0 	 0.08771929824561403 
275.0 	 562 	 516 	 27.0 	 30.0 	 0.05263157894736842 
276.0 	 565 	 516 	 26.0 	 31.0 	 0.08771929824561403 
277.0 	 567 	 516 	 26.0 	 31.0 	 0.08771929824561403 
278.0 	 570 	 516 	 26.0 	 31.0 	 0.08771929824561403 
279.0 	 572 	 516 	 26.0 	 31.0 	 0.08771929824561403 
280.0 	 574 	 516 	 26.0 	 31.0 	 0.08771929824561403 
281.0 	 577 	 515 	 27.0 	 32.0 	 0.0847457627118644 
282.0 	 579 	 516 	 27.0 	 31.0 	 0.06896551724137931 
283.0 	 581 	 516 	 28.0 	 31.0 	 0.05084745762711865 
284.0 	 583 	 516 	 28.0 	 30.0 	 0.034482758620689655 
285.0 	 586 	 515 	 28.0 	 31.0 	 0.05084745762711865 
286.0 	 589 	 515 	 28.0 	 31.0 	 0.05084745762711865 
287.0 	 591 	 515 	 30.68843650817871 	 28.284271240234375 	 0.04076742207939452 
288.0 	 593 	 515 	 28.0 	 30.0 	 0.034482758620689655 
289.0 	 596 	 515 	 28.0 	 30.0 	 0.034482758620689655 
290.0 	 598 	 515 	 28.0 	 29.0 	 0.017543859649122806 
291.0 	 600 	 516 	 29.0 	 29.0 	 0.0 
292.0 	 603 	 515 	 29.0 	 31.0 	 0.03333333333333333 
293.0 	 605 	 515 	 30.857736587524414 	 29.068883895874023 	 0.029850718715999664 
294.0 	 607 	 515 	 30.410520553588867 	 29.068883895874023 	 0.02255632298495482 
295.0 	 610 	 515 	 29.0 	 31.0 	 0.03333333333333333 
296.0 	 612 	 515 	 28.0 	 31.0 	 0.05084745762711865 
297.0 	 614 	 515 	 28.0 	 31.0 	 0.05084745762711865 
298.0 	 617 	 515 	 28.0 	 30.0 	 0.034482758620689655 
299.0 	 619 	 515 	 28.0 	 30.0 	 0.034482758620689655 
300.0 	 621 	 515 	 28.0 	 30.0 	 0.034482758620689655 
301.0 	 623 	 515 	 28.0 	 30.0 	 0.034482758620689655 
302.0 	 626 	 515 	 28.0 	 30.0 	 0.034482758620689655 
303.0 	 628 	 515 	 28.0 	 31.0 	 0.05084745762711865 
304.0 	 630 	 515 	 28.0 	 32.0 	 0.06666666666666667 
305.0 	 633 	 515 	 28.0 	 32.0 	 0.06666666666666667 
306.0 	 635 	 515 	 28.0 	 31.0 	 0.05084745762711865 
307.0 	 637 	 515 	 27.0 	 31.0 	 0.06896551724137931 
308.0 	 640 	 515 	 28.0 	 32.0 	 0.06666666666666667 
309.0 	 642 	 515 	 28.0 	 31.0 	 0.05084745762711865 
310.0 	 644 	 515 	 29.0 	 32.0 	 0.04918032786885246 
311.0 	 647 	 515 	 29.0 	 32.0 	 0.04918032786885246 
312.0 	 649 	 515 	 29.0 	 32.0 	 0.04918032786885246 
313.0 	 651 	 515 	 29.0 	 32.0 	 0.04918032786885246 
314.0 	 653 	 515 	 28.0 	 32.0 	 0.06666666666666667 
315.0 	 655 	 515 	 28.0 	 31.0 	 0.05084745762711865 
316.0 	 658 	 515 	 28.0 	 32.0 	 0.06666666666666667 
317.0 	 660 	 515 	 28.0 	 32.0 	 0.06666666666666667 
318.0 	 662 	 515 	 29.0 	 32.0 	 0.04918032786885246 
319.0 	 664 	 515 	 29.0 	 32.0 	 0.04918032786885246 
320.0 	 666 	 515 	 29.0 	 31.0 	 0.03333333333333333 
321.0 	 669 	 515 	 29.0 	 32.0 	 0.04918032786885246 
322.0 	 671 	 515 	 30.0 	 32.0 	 0.03225806451612903 
323.0 	 673 	 515 	 29.0 	 31.0 	 0.03333333333333333 
324.0 	 675 	 515 	 29.0 	 32.0 	 0.04918032786885246 
325.0 	 677 	 515 	 29.0 	 31.0 	 0.03333333333333333 
326.0 	 680 	 515 	 29.0 	 31.0 	 0.03333333333333333 
327.0 	 682 	 515 	 31.772165298461914 	 28.619203567504883 	 0.05220881377858392 
328.0 	 684 	 515 	 28.0 	 32.0 	 0.06666666666666667 
329.0 	 686 	 515 	 29.0 	 32.0 	 0.04918032786885246 
330.0 	 689 	 515 	 29.0 	 32.0 	 0.04918032786885246 
331.0 	 691 	 515 	 29.0 	 31.0 	 0.03333333333333333 
332.0 	 693 	 515 	 28.0 	 31.0 	 0.05084745762711865 
333.0 	 695 	 515 	 28.0 	 31.0 	 0.05084745762711865 
334.0 	 698 	 515 	 28.0 	 32.0 	 0.06666666666666667 
335.0 	 700 	 515 	 28.0 	 31.0 	 0.05084745762711865 
336.0 	 702 	 515 	 28.0 	 31.0 	 0.05084745762711865 
337.0 	 704 	 515 	 28.0 	 31.0 	 0.05084745762711865 
338.0 	 706 	 515 	 28.0 	 32.0 	 0.06666666666666667 
339.0 	 709 	 515 	 28.0 	 32.0 	 0.06666666666666667 
340.0 	 711 	 515 	 28.0 	 32.0 	 0.06666666666666667 
341.0 	 713 	 515 	 28.0 	 32.0 	 0.06666666666666667 
342.0 	 715 	 515 	 28.0 	 32.0 	 0.06666666666666667 
343.0 	 717 	 515 	 28.0 	 33.0 	 0.08196721311475409 
344.0 	 719 	 515 	 28.0 	 31.0 	 0.05084745762711865 
345.0 	 722 	 515 	 28.0 	 32.0 	 0.06666666666666667 
346.0 	 724 	 515 	 28.0 	 32.0 	 0.06666666666666667 
347.0 	 726 	 515 	 28.0 	 31.0 	 0.05084745762711865 
348.0 	 728 	 515 	 28.0 	 31.0 	 0.05084745762711865 
349.0 	 730 	 515 	 29.0 	 32.0 	 0.04918032786885246 
350.0 	 732 	 515 	 29.0 	 32.0 	 0.04918032786885246 
351.0 	 734 	 515 	 29.0 	 32.0 	 0.04918032786885246 
352.0 	 737 	 515 	 28.0 	 32.0 	 0.06666666666666667 
353.0 	 739 	 515 	 29.0 	 31.0 	 0.03333333333333333 
354.0 	 741 	 515 	 29.0 	 32.0 	 0.04918032786885246 
355.0 	 743 	 515 	 29.0 	 32.0 	 0.04918032786885246 
356.0 	 745 	 515 	 29.0 	 32.0 	 0.04918032786885246 
357.0 	 747 	 515 	 29.0 	 32.0 	 0.04918032786885246 
358.0 	 750 	 515 	 29.0 	 32.0 	 0.04918032786885246 
359.0 	 752 	 515 	 29.0 	 32.0 	 0.04918032786885246 
360.0 	 754 	 515 	 29.0 	 32.0 	 0.04918032786885246 
361.0 	 756 	 515 	 29.0 	 31.0 	 0.03333333333333333 
362.0 	 758 	 515 	 29.0 	 31.0 	 0.03333333333333333 
363.0 	 761 	 515 	 29.0 	 31.0 	 0.03333333333333333 
364.0 	 763 	 515 	 29.0 	 30.0 	 0.01694915254237288 
365.0 	 765 	 515 	 29.0 	 30.0 	 0.01694915254237288 
366.0 	 767 	 515 	 29.0 	 31.0 	 0.03333333333333333 
367.0 	 769 	 515 	 29.0 	 31.0 	 0.03333333333333333 
368.0 	 772 	 515 	 29.10427474975586 	 31.772165298461914 	 0.043824680723658055 
369.0 	 774 	 515 	 29.0 	 31.0 	 0.03333333333333333 
370.0 	 776 	 515 	 29.0 	 31.0 	 0.03333333333333333 
371.0 	 778 	 515 	 29.0 	 31.0 	 0.03333333333333333 
372.0 	 780 	 515 	 29.025188446044922 	 31.966930389404297 	 0.04823150924295494 
373.0 	 782 	 515 	 29.0 	 31.0 	 0.03333333333333333 
374.0 	 785 	 515 	 29.0 	 30.0 	 0.01694915254237288 
375.0 	 787 	 515 	 29.0 	 32.0 	 0.04918032786885246 
376.0 	 789 	 515 	 29.0 	 31.0 	 0.03333333333333333 
377.0 	 791 	 515 	 29.0 	 31.0 	 0.03333333333333333 
378.0 	 793 	 515 	 29.0 	 32.0 	 0.04918032786885246 
379.0 	 796 	 515 	 29.0 	 32.0 	 0.04918032786885246 
380.0 	 798 	 515 	 29.0 	 32.0 	 0.04918032786885246 
381.0 	 800 	 515 	 29.0 	 32.0 	 0.04918032786885246 
382.0 	 802 	 515 	 28.934221267700195 	 31.893404006958008 	 0.04864866458120069 
383.0 	 804 	 515 	 28.0 	 32.0 	 0.06666666666666667 
384.0 	 806 	 515 	 29.0 	 31.0 	 0.03333333333333333 
385.0 	 808 	 515 	 28.0 	 31.0 	 0.05084745762711865 
386.0 	 810 	 515 	 28.0 	 32.0 	 0.06666666666666667 
387.0 	 812 	 515 	 28.0 	 32.0 	 0.06666666666666667 
388.0 	 815 	 515 	 28.0 	 32.0 	 0.06666666666666667 
389.0 	 817 	 515 	 28.0 	 31.0 	 0.05084745762711865 
390.0 	 819 	 515 	 28.0 	 32.0 	 0.06666666666666667 
391.0 	 821 	 515 	 28.0 	 32.0 	 0.06666666666666667 
392.0 	 823 	 515 	 28.0 	 32.0 	 0.06666666666666667 
393.0 	 825 	 515 	 28.0 	 31.0 	 0.05084745762711865 
394.0 	 827 	 515 	 28.0 	 31.0 	 0.05084745762711865 
395.0 	 829 	 515 	 28.0 	 31.0 	 0.05084745762711865 
396.0 	 831 	 515 	 28.0 	 31.0 	 0.05084745762711865 
397.0 	 834 	 515 	 29.0 	 32.0 	 0.04918032786885246 
398.0 	 836 	 515 	 29.0 	 32.0 	 0.04918032786885246 
399.0 	 838 	 515 	 29.0 	 32.0 	 0.04918032786885246 
400.0 	 840 	 515 	 29.0 	 31.0 	 0.03333333333333333 
401.0 	 842 	 516 	 29.0 	 31.0 	 0.03333333333333333 
402.0 	 844 	 516 	 29.0 	 31.0 	 0.03333333333333333 
403.0 	 846 	 516 	 29.0 	 31.0 	 0.03333333333333333 
404.0 	 848 	 516 	 29.0 	 30.0 	 0.01694915254237288 
405.0 	 850 	 516 	 29.0 	 30.0 	 0.01694915254237288 
406.0 	 852 	 516 	 29.0 	 30.0 	 0.01694915254237288 
407.0 	 855 	 516 	 31.0 	 29.0 	 0.03333333333333333 
408.0 	 857 	 516 	 28.0 	 31.0 	 0.05084745762711865 
409.0 	 859 	 516 	 28.0 	 31.0 	 0.05084745762711865 
410.0 	 861 	 516 	 28.0 	 31.0 	 0.05084745762711865 
411.0 	 863 	 516 	 28.0 	 30.0 	 0.034482758620689655 
412.0 	 865 	 516 	 27.0 	 31.0 	 0.06896551724137931 
413.0 	 868 	 516 	 28.00143051147461 	 30.97127914428711 	 0.050359711299484806 
414.0 	 870 	 516 	 28.0 	 30.0 	 0.034482758620689655 
415.0 	 872 	 516 	 28.0 	 31.0 	 0.05084745762711865 
416.0 	 874 	 516 	 28.0 	 31.0 	 0.05084745762711865 
417.0 	 876 	 516 	 28.0 	 31.0 	 0.05084745762711865 
418.0 	 878 	 516 	 28.0 	 31.0 	 0.05084745762711865 
419.0 	 880 	 516 	 28.0 	 31.0 	 0.05084745762711865 
420.0 	 882 	 516 	 28.0 	 31.0 	 0.05084745762711865 
421.0 	 884 	 516 	 27.0 	 30.0 	 0.05263157894736842 
422.0 	 886 	 516 	 26.0 	 30.0 	 0.07142857142857142 
423.0 	 889 	 516 	 26.0 	 30.0 	 0.07142857142857142 
424.0 	 891 	 516 	 26.0 	 31.0 	 0.08771929824561403 
425.0 	 893 	 516 	 27.0 	 31.0 	 0.06896551724137931 
426.0 	 895 	 516 	 27.0 	 30.0 	 0.05263157894736842 
427.0 	 897 	 516 	 27.550168991088867 	 31.346452713012695 	 0.06445673133845391 
428.0 	 899 	 516 	 28.0 	 31.0 	 0.05084745762711865 
429.0 	 901 	 516 	 28.0 	 31.0 	 0.05084745762711865 
430.0 	 903 	 516 	 28.0 	 31.0 	 0.05084745762711865 
431.0 	 905 	 516 	 28.0 	 31.0 	 0.05084745762711865 
432.0 	 907 	 515 	 28.0 	 31.0 	 0.05084745762711865 
433.0 	 909 	 515 	 29.0 	 30.0 	 0.01694915254237288 
434.0 	 911 	 515 	 28.933063507080078 	 31.031261444091797 	 0.03499077057434154 
435.0 	 914 	 515 	 28.0 	 31.0 	 0.05084745762711865 
436.0 	 916 	 515 	 28.0 	 31.0 	 0.05084745762711865 
437.0 	 918 	 515 	 28.0 	 32.0 	 0.06666666666666667 
438.0 	 920 	 515 	 28.0 	 31.0 	 0.05084745762711865 
439.0 	 922 	 515 	 28.0 	 31.0 	 0.05084745762711865 
440.0 	 924 	 515 	 28.0 	 31.0 	 0.05084745762711865 
441.0 	 926 	 515 	 28.0 	 31.0 	 0.05084745762711865 
442.0 	 928 	 515 	 29.0 	 31.0 	 0.03333333333333333 
443.0 	 930 	 515 	 29.0 	 31.0 	 0.03333333333333333 
444.0 	 932 	 515 	 29.0 	 31.0 	 0.03333333333333333 
445.0 	 934 	 515 	 29.0 	 31.0 	 0.03333333333333333 
446.0 	 936 	 515 	 29.0 	 31.0 	 0.03333333333333333 
447.0 	 938 	 515 	 29.0 	 31.0 	 0.03333333333333333 
448.0 	 940 	 515 	 29.0 	 31.0 	 0.03333333333333333 
449.0 	 942 	 515 	 30.0 	 31.0 	 0.01639344262295082 
450.0 	 944 	 515 	 30.0 	 30.0 	 0.0 
451.0 	 946 	 516 	 29.0 	 30.0 	 0.01694915254237288 
452.0 	 948 	 515 	 30.0 	 31.0 	 0.01639344262295082 
453.0 	 951 	 515 	 31.752164840698242 	 29.96331024169922 	 0.028985511277531135 
454.0 	 953 	 515 	 30.857736587524414 	 29.96331024169922 	 0.014705868978819292 
455.0 	 955 	 515 	 29.0 	 31.0 	 0.03333333333333333 
456.0 	 957 	 516 	 29.0 	 31.0 	 0.03333333333333333 
457.0 	 959 	 515 	 29.0 	 31.0 	 0.03333333333333333 
458.0 	 961 	 515 	 30.0 	 31.0 	 0.01639344262295082 
459.0 	 963 	 515 	 30.0 	 31.0 	 0.01639344262295082 
460.0 	 965 	 516 	 30.0 	 31.0 	 0.01639344262295082 
461.0 	 967 	 516 	 30.149629592895508 	 30.74664878845215 	 0.009803869980657237 
462.0 	 969 	 516 	 30.0 	 31.0 	 0.01639344262295082 
463.0 	 971 	 516 	 30.0 	 31.0 	 0.01639344262295082 
464.0 	 974 	 516 	 30.0 	 31.0 	 0.01639344262295082 
465.0 	 976 	 516 	 30.0 	 30.0 	 0.0 
466.0 	 978 	 515 	 30.0 	 30.0 	 0.0 
467.0 	 980 	 515 	 29.0 	 31.0 	 0.03333333333333333 
468.0 	 982 	 515 	 28.0 	 30.0 	 0.034482758620689655 
469.0 	 984 	 515 	 28.0 	 31.0 	 0.05084745762711865 
470.0 	 987 	 515 	 28.0 	 30.0 	 0.034482758620689655 
471.0 	 989 	 515 	 28.0 	 31.0 	 0.05084745762711865 
472.0 	 991 	 515 	 28.0 	 31.0 	 0.05084745762711865 
473.0 	 993 	 515 	 28.0 	 30.0 	 0.034482758620689655 
474.0 	 996 	 515 	 28.0 	 31.0 	 0.05084745762711865 
475.0 	 998 	 515 	 29.0 	 31.0 	 0.03333333333333333 
476.0 	 1000 	 516 	 29.0 	 32.0 	 0.04918032786885246 
477.0 	 1002 	 516 	 29.0 	 30.0 	 0.01694915254237288 
478.0 	 1004 	 515 	 28.0 	 30.0 	 0.034482758620689655 
479.0 	 1007 	 515 	 28.0 	 31.0 	 0.05084745762711865 
480.0 	 1009 	 515 	 28.0 	 31.0 	 0.05084745762711865 
481.0 	 1011 	 515 	 30.0 	 31.0 	 0.01639344262295082 
482.0 	 1013 	 515 	 30.0 	 31.0 	 0.01639344262295082 
483.0 	 1015 	 515 	 29.0 	 32.0 	 0.04918032786885246 
484.0 	 1018 	 515 	 30.0 	 31.0 	 0.01639344262295082 
485.0 	 1020 	 516 	 32.06927490234375 	 29.84549331665039 	 0.03591682000371521 
486.0 	 1022 	 515 	 30.0 	 32.0 	 0.03225806451612903 
487.0 	 1024 	 515 	 31.77081298828125 	 30.005769729614258 	 0.028571396814341635 
488.0 	 1027 	 515 	 31.574697494506836 	 30.398000717163086 	 0.018987341382566577 
489.0 	 1029 	 515 	 30.0 	 31.0 	 0.01639344262295082 
490.0 	 1031 	 515 	 30.0 	 31.0 	 0.01639344262295082 
491.0 	 1033 	 515 	 30.0 	 31.0 	 0.01639344262295082 
492.0 	 1036 	 515 	 29.0 	 32.0 	 0.04918032786885246 
493.0 	 1038 	 515 	 31.529630661010742 	 28.861740112304688 	 0.04417668475716883 
494.0 	 1040 	 515 	 29.0 	 31.0 	 0.03333333333333333 
495.0 	 1042 	 515 	 29.0 	 31.0 	 0.03333333333333333 
496.0 	 1044 	 515 	 31.730287551879883 	 28.983076095581055 	 0.045248875885889384 
497.0 	 1047 	 515 	 29.0 	 32.0 	 0.04918032786885246 
498.0 	 1049 	 515 	 29.0 	 31.0 	 0.03333333333333333 
499.0 	 1051 	 515 	 29.0 	 31.0 	 0.03333333333333333 
500.0 	 1053 	 515 	 31.622774124145508 	 29.09295082092285 	 0.04166669022747362 
501.0 	 1055 	 515 	 30.0 	 29.0 	 0.01694915254237288 
502.0 	 1058 	 515 	 28.0 	 31.0 	 0.05084745762711865 
503.0 	 1060 	 515 	 29.0 	 31.0 	 0.03333333333333333 
504.0 	 1062 	 515 	 29.0 	 31.0 	 0.03333333333333333 
505.0 	 1064 	 515 	 28.0 	 31.0 	 0.05084745762711865 
506.0 	 1067 	 515 	 29.0 	 30.0 	 0.01694915254237288 
507.0 	 1069 	 515 	 29.0 	 31.0 	 0.03333333333333333 
508.0 	 1071 	 515 	 29.0 	 31.0 	 0.03333333333333333 
509.0 	 1074 	 515 	 28.0 	 32.0 	 0.06666666666666667 
510.0 	 1076 	 515 	 29.0 	 32.0 	 0.04918032786885246 
511.0 	 1078 	 515 	 29.0 	 32.0 	 0.04918032786885246 
512.0 	 1080 	 515 	 29.0 	 32.0 	 0.04918032786885246 
513.0 	 1083 	 515 	 29.0 	 31.0 	 0.03333333333333333 
514.0 	 1085 	 515 	 29.0 	 31.0 	 0.03333333333333333 
515.0 	 1087 	 515 	 29.0 	 31.0 	 0.03333333333333333 
516.0 	 1089 	 516 	 29.0 	 31.0 	 0.03333333333333333 
517.0 	 1091 	 516 	 29.0 	 31.0 	 0.03333333333333333 
518.0 	 1094 	 516 	 29.0 	 31.0 	 0.03333333333333333 
519.0 	 1096 	 516 	 29.0 	 32.0 	 0.04918032786885246 
520.0 	 1098 	 516 	 29.274221420288086 	 31.678386688232422 	 0.039443189431105904 
521.0 	 1101 	 515 	 29.0 	 32.0 	 0.04918032786885246 
522.0 	 1103 	 515 	 29.0 	 31.0 	 0.03333333333333333 
523.0 	 1105 	 515 	 29.0 	 32.0 	 0.04918032786885246 
524.0 	 1108 	 515 	 29.0 	 31.0 	 0.03333333333333333 
525.0 	 1110 	 515 	 31.622774124145508 	 29.09295082092285 	 0.04166669022747362 
526.0 	 1113 	 515 	 29.0 	 32.0 	 0.04918032786885246 
527.0 	 1115 	 515 	 29.0 	 32.0 	 0.04918032786885246 
528.0 	 1117 	 515 	 29.0 	 32.0 	 0.04918032786885246 
529.0 	 1120 	 516 	 29.0 	 31.0 	 0.03333333333333333 
530.0 	 1122 	 516 	 29.0 	 32.0 	 0.04918032786885246 
531.0 	 1125 	 516 	 29.0 	 32.0 	 0.04918032786885246 
532.0 	 1127 	 515 	 29.0 	 31.0 	 0.03333333333333333 
533.0 	 1129 	 515 	 29.0 	 31.0 	 0.03333333333333333 
534.0 	 1131 	 515 	 29.0 	 31.0 	 0.03333333333333333 
535.0 	 1134 	 515 	 29.0 	 32.0 	 0.04918032786885246 
536.0 	 1136 	 515 	 29.0 	 31.0 	 0.03333333333333333 
537.0 	 1139 	 515 	 29.0 	 31.0 	 0.03333333333333333 
538.0 	 1141 	 515 	 29.0 	 32.0 	 0.04918032786885246 
539.0 	 1143 	 515 	 29.0 	 32.0 	 0.04918032786885246 
540.0 	 1146 	 515 	 29.0 	 31.0 	 0.03333333333333333 
541.0 	 1148 	 515 	 29.0 	 31.0 	 0.03333333333333333 
542.0 	 1150 	 515 	 29.0 	 31.0 	 0.03333333333333333 
543.0 	 1153 	 515 	 29.0 	 31.0 	 0.03333333333333333 
544.0 	 1156 	 516 	 29.0 	 31.0 	 0.03333333333333333 
545.0 	 1158 	 516 	 32.1026496887207 	 28.849958419799805 	 0.05336426725382745 
546.0 	 1160 	 516 	 28.0 	 32.0 	 0.06666666666666667 
547.0 	 1163 	 516 	 28.0 	 32.0 	 0.06666666666666667 
548.0 	 1165 	 515 	 29.0 	 31.0 	 0.03333333333333333 
549.0 	 1167 	 515 	 29.0 	 31.0 	 0.03333333333333333 
550.0 	 1170 	 515 	 29.0 	 31.0 	 0.03333333333333333 
551.0 	 1172 	 515 	 29.0 	 32.0 	 0.04918032786885246 
552.0 	 1175 	 515 	 29.0 	 31.0 	 0.03333333333333333 
553.0 	 1177 	 515 	 29.0 	 32.0 	 0.04918032786885246 
554.0 	 1179 	 515 	 29.0 	 32.0 	 0.04918032786885246 
555.0 	 1182 	 515 	 29.0 	 31.0 	 0.03333333333333333 
556.0 	 1184 	 515 	 29.0 	 32.0 	 0.04918032786885246 
557.0 	 1187 	 515 	 29.0 	 32.0 	 0.04918032786885246 
558.0 	 1189 	 515 	 29.0 	 31.0 	 0.03333333333333333 
559.0 	 1191 	 515 	 29.0 	 32.0 	 0.04918032786885246 
560.0 	 1194 	 515 	 29.0 	 33.0 	 0.06451612903225806 
561.0 	 1196 	 515 	 29.0 	 32.0 	 0.04918032786885246 
562.0 	 1199 	 515 	 29.0 	 32.0 	 0.04918032786885246 
563.0 	 1201 	 515 	 29.0 	 31.0 	 0.03333333333333333 
564.0 	 1204 	 515 	 29.0 	 32.0 	 0.04918032786885246 
565.0 	 1205 	 515 	 29.0 	 32.0 	 0.04918032786885246 
566.0 	 1208 	 515 	 29.0 	 32.0 	 0.04918032786885246 
567.0 	 1210 	 515 	 29.0 	 32.0 	 0.04918032786885246 
568.0 	 1213 	 515 	 29.0 	 32.0 	 0.04918032786885246 
569.0 	 1215 	 515 	 29.0 	 32.0 	 0.04918032786885246 
570.0 	 1218 	 515 	 29.0 	 32.0 	 0.04918032786885246 
571.0 	 1220 	 515 	 29.0 	 32.0 	 0.04918032786885246 
572.0 	 1222 	 515 	 29.0 	 32.0 	 0.04918032786885246 
573.0 	 1225 	 515 	 29.0 	 33.0 	 0.06451612903225806 
574.0 	 1227 	 515 	 29.0 	 32.0 	 0.04918032786885246 
575.0 	 1229 	 515 	 30.0 	 32.0 	 0.03225806451612903 
576.0 	 1232 	 515 	 30.0 	 32.0 	 0.03225806451612903 
577.0 	 1234 	 515 	 30.0 	 32.0 	 0.03225806451612903 
578.0 	 1236 	 515 	 30.0 	 32.0 	 0.03225806451612903 
579.0 	 1239 	 515 	 30.0 	 31.0 	 0.01639344262295082 
580.0 	 1241 	 515 	 29.0 	 32.0 	 0.04918032786885246 
581.0 	 1244 	 515 	 29.0 	 33.0 	 0.06451612903225806 
582.0 	 1246 	 515 	 29.0 	 31.0 	 0.03333333333333333 
583.0 	 1248 	 515 	 29.0 	 31.0 	 0.03333333333333333 
584.0 	 1250 	 515 	 29.0 	 32.0 	 0.04918032786885246 
585.0 	 1253 	 515 	 29.0 	 32.0 	 0.04918032786885246 
586.0 	 1255 	 516 	 29.0 	 32.0 	 0.04918032786885246 
587.0 	 1258 	 515 	 32.49977493286133 	 29.346811294555664 	 0.05098039892956832 
588.0 	 1260 	 515 	 29.0 	 31.0 	 0.03333333333333333 
589.0 	 1262 	 515 	 28.0 	 32.0 	 0.06666666666666667 
590.0 	 1265 	 515 	 28.0 	 31.0 	 0.05084745762711865 
591.0 	 1267 	 515 	 28.0 	 32.0 	 0.06666666666666667 
592.0 	 1270 	 515 	 28.0 	 32.0 	 0.06666666666666667 
593.0 	 1272 	 515 	 28.0 	 32.0 	 0.06666666666666667 
594.0 	 1274 	 515 	 29.0 	 32.0 	 0.04918032786885246 
595.0 	 1276 	 515 	 30.0 	 32.0 	 0.03225806451612903 
596.0 	 1278 	 515 	 29.0 	 32.0 	 0.04918032786885246 
597.0 	 1281 	 515 	 29.0 	 33.0 	 0.06451612903225806 
598.0 	 1283 	 515 	 32.0 	 30.0 	 0.03225806451612903 
599.0 	 1286 	 515 	 33.04419708251953 	 29.427419662475586 	 0.057894730575124766 
600.0 	 1288 	 515 	 29.0 	 32.0 	 0.04918032786885246 
601.0 	 1290 	 515 	 29.0 	 32.0 	 0.04918032786885246 
602.0 	 1292 	 515 	 29.0 	 32.0 	 0.04918032786885246 
603.0 	 1294 	 515 	 29.0 	 32.0 	 0.04918032786885246 
604.0 	 1297 	 515 	 29.0 	 31.0 	 0.03333333333333333 
605.0 	 1299 	 515 	 29.0 	 32.0 	 0.04918032786885246 
606.0 	 1301 	 515 	 29.0 	 32.0 	 0.04918032786885246 
607.0 	 1304 	 515 	 28.0 	 31.0 	 0.05084745762711865 
608.0 	 1306 	 515 	 29.0 	 32.0 	 0.04918032786885246 
609.0 	 1309 	 515 	 29.0 	 31.0 	 0.03333333333333333 
610.0 	 1311 	 515 	 29.0 	 32.0 	 0.04918032786885246 
611.0 	 1313 	 515 	 29.0 	 32.0 	 0.04918032786885246 
612.0 	 1316 	 515 	 29.0 	 32.0 	 0.04918032786885246 
613.0 	 1317 	 515 	 29.0 	 32.0 	 0.04918032786885246 
614.0 	 1320 	 515 	 29.0 	 31.0 	 0.03333333333333333 
615.0 	 1322 	 515 	 29.0 	 32.0 	 0.04918032786885246 
616.0 	 1325 	 515 	 29.0 	 31.0 	 0.03333333333333333 
617.0 	 1327 	 515 	 29.0 	 31.0 	 0.03333333333333333 
618.0 	 1329 	 515 	 29.0 	 32.0 	 0.04918032786885246 
619.0 	 1331 	 515 	 29.0 	 32.0 	 0.04918032786885246 
620.0 	 1334 	 515 	 29.0 	 32.0 	 0.04918032786885246 
621.0 	 1336 	 515 	 29.0 	 31.0 	 0.03333333333333333 
622.0 	 1338 	 515 	 29.0 	 32.0 	 0.04918032786885246 
623.0 	 1341 	 515 	 28.0 	 32.0 	 0.06666666666666667 
624.0 	 1343 	 515 	 30.0 	 32.0 	 0.03225806451612903 
625.0 	 1345 	 515 	 29.0 	 32.0 	 0.04918032786885246 
626.0 	 1347 	 515 	 29.0 	 33.0 	 0.06451612903225806 
627.0 	 1350 	 515 	 29.0 	 33.0 	 0.06451612903225806 
628.0 	 1352 	 515 	 28.0 	 33.0 	 0.08196721311475409 
629.0 	 1354 	 515 	 28.0 	 32.0 	 0.06666666666666667 
630.0 	 1357 	 515 	 28.0 	 32.0 	 0.06666666666666667 
631.0 	 1359 	 515 	 28.0 	 31.0 	 0.05084745762711865 
632.0 	 1361 	 515 	 29.0 	 32.0 	 0.04918032786885246 
633.0 	 1363 	 515 	 29.0 	 32.0 	 0.04918032786885246 
634.0 	 1365 	 515 	 29.0 	 32.0 	 0.04918032786885246 
635.0 	 1367 	 515 	 29.0 	 33.0 	 0.06451612903225806 
636.0 	 1370 	 515 	 30.0 	 33.0 	 0.047619047619047616 
637.0 	 1372 	 515 	 30.0 	 33.0 	 0.047619047619047616 
638.0 	 1374 	 515 	 30.0 	 33.0 	 0.047619047619047616 
639.0 	 1376 	 515 	 30.0 	 32.0 	 0.03225806451612903 
640.0 	 1378 	 515 	 30.0 	 33.0 	 0.047619047619047616 
641.0 	 1381 	 515 	 30.0 	 33.0 	 0.047619047619047616 
642.0 	 1383 	 515 	 30.0 	 33.0 	 0.047619047619047616 
643.0 	 1385 	 515 	 30.0 	 32.0 	 0.03225806451612903 
644.0 	 1387 	 515 	 30.0 	 32.0 	 0.03225806451612903 
645.0 	 1390 	 515 	 30.0 	 33.0 	 0.047619047619047616 
646.0 	 1392 	 515 	 30.0 	 33.0 	 0.047619047619047616 
647.0 	 1394 	 515 	 30.0 	 33.0 	 0.047619047619047616 
648.0 	 1396 	 515 	 30.0 	 33.0 	 0.047619047619047616 
649.0 	 1398 	 515 	 30.0 	 33.0 	 0.047619047619047616 
650.0 	 1400 	 515 	 30.0 	 32.0 	 0.03225806451612903 
651.0 	 1402 	 515 	 30.0 	 32.0 	 0.03225806451612903 
652.0 	 1405 	 515 	 30.0 	 33.0 	 0.047619047619047616 
653.0 	 1407 	 515 	 30.0 	 34.0 	 0.0625 
654.0 	 1409 	 515 	 30.0 	 34.0 	 0.0625 
655.0 	 1412 	 515 	 31.819805145263672 	 31.819805145263672 	 0.0 
656.0 	 1414 	 515 	 30.0 	 33.0 	 0.047619047619047616 
657.0 	 1416 	 515 	 30.0 	 33.0 	 0.047619047619047616 
658.0 	 1418 	 515 	 30.0 	 33.0 	 0.047619047619047616 
659.0 	 1420 	 515 	 30.0 	 33.0 	 0.047619047619047616 
660.0 	 1422 	 515 	 30.0 	 33.0 	 0.047619047619047616 
661.0 	 1424 	 515 	 30.0 	 32.0 	 0.03225806451612903 
662.0 	 1426 	 515 	 30.0 	 32.0 	 0.03225806451612903 
663.0 	 1429 	 515 	 30.0 	 32.0 	 0.03225806451612903 
664.0 	 1431 	 515 	 30.0 	 32.0 	 0.03225806451612903 
665.0 	 1433 	 515 	 30.0 	 33.0 	 0.047619047619047616 
666.0 	 1435 	 515 	 30.0 	 33.0 	 0.047619047619047616 
667.0 	 1437 	 515 	 30.0 	 33.0 	 0.047619047619047616 
668.0 	 1439 	 515 	 30.0 	 32.0 	 0.03225806451612903 
669.0 	 1441 	 515 	 30.0 	 33.0 	 0.047619047619047616 
670.0 	 1443 	 515 	 30.0 	 32.0 	 0.03225806451612903 
671.0 	 1446 	 515 	 30.35786247253418 	 32.25522994995117 	 0.030303046918915916 
672.0 	 1448 	 515 	 30.0 	 33.0 	 0.047619047619047616 
673.0 	 1449 	 515 	 29.0 	 32.0 	 0.04918032786885246 
674.0 	 1452 	 515 	 29.0 	 32.0 	 0.04918032786885246 
675.0 	 1454 	 514 	 29.0 	 32.0 	 0.04918032786885246 
676.0 	 1456 	 515 	 30.0 	 33.0 	 0.047619047619047616 
677.0 	 1458 	 515 	 30.0 	 32.0 	 0.03225806451612903 
678.0 	 1460 	 515 	 30.0 	 32.0 	 0.03225806451612903 
679.0 	 1462 	 515 	 30.0 	 32.0 	 0.03225806451612903 
680.0 	 1464 	 515 	 30.0 	 31.0 	 0.01639344262295082 
681.0 	 1467 	 515 	 30.0 	 32.0 	 0.03225806451612903 
682.0 	 1469 	 515 	 29.0 	 31.0 	 0.03333333333333333 
683.0 	 1471 	 515 	 29.0 	 31.0 	 0.03333333333333333 
684.0 	 1473 	 515 	 32.0 	 29.0 	 0.04918032786885246 
685.0 	 1475 	 515 	 29.0 	 32.0 	 0.04918032786885246 
686.0 	 1477 	 515 	 28.0 	 32.0 	 0.06666666666666667 
687.0 	 1480 	 515 	 31.11269760131836 	 31.11269760131836 	 0.0 
688.0 	 1482 	 515 	 30.0 	 32.0 	 0.03225806451612903 
689.0 	 1484 	 515 	 31.0 	 30.0 	 0.01639344262295082 
690.0 	 1486 	 515 	 30.0 	 31.0 	 0.01639344262295082 
691.0 	 1488 	 515 	 29.0 	 32.0 	 0.04918032786885246 
692.0 	 1491 	 515 	 29.0 	 32.0 	 0.04918032786885246 
693.0 	 1493 	 515 	 29.0 	 31.0 	 0.03333333333333333 
694.0 	 1496 	 515 	 29.0 	 31.0 	 0.03333333333333333 
695.0 	 1498 	 515 	 29.0 	 31.0 	 0.03333333333333333 
696.0 	 1500 	 515 	 30.005769729614258 	 31.378582000732422 	 0.022364205736809705 
697.0 	 1503 	 515 	 30.0 	 31.0 	 0.01639344262295082 
698.0 	 1505 	 515 	 30.0 	 31.0 	 0.01639344262295082 
699.0 	 1508 	 515 	 30.0 	 30.0 	 0.0 
700.0 	 1510 	 515 	 29.0 	 31.0 	 0.03333333333333333 
701.0 	 1513 	 515 	 29.0 	 31.0 	 0.03333333333333333 
702.0 	 1515 	 515 	 30.0 	 31.0 	 0.01639344262295082 
703.0 	 1518 	 515 	 30.0 	 31.0 	 0.01639344262295082 
704.0 	 1520 	 515 	 30.0 	 32.0 	 0.03225806451612903 
705.0 	 1523 	 515 	 30.0 	 32.0 	 0.03225806451612903 
706.0 	 1526 	 515 	 30.0 	 32.0 	 0.03225806451612903 
707.0 	 1528 	 515 	 30.0 	 31.0 	 0.01639344262295082 
708.0 	 1530 	 515 	 30.0 	 31.0 	 0.01639344262295082 
709.0 	 1533 	 515 	 30.0 	 31.0 	 0.01639344262295082 
710.0 	 1535 	 515 	 30.0 	 31.0 	 0.01639344262295082 
711.0 	 1538 	 515 	 30.0 	 31.0 	 0.01639344262295082 
712.0 	 1541 	 515 	 30.0 	 31.0 	 0.01639344262295082 
713.0 	 1544 	 515 	 30.0 	 31.0 	 0.01639344262295082 
714.0 	 1547 	 515 	 30.0 	 31.0 	 0.01639344262295082 
715.0 	 1549 	 515 	 29.0 	 32.0 	 0.04918032786885246 
716.0 	 1552 	 515 	 29.0 	 31.0 	 0.03333333333333333 
717.0 	 1554 	 515 	 29.0 	 32.0 	 0.04918032786885246 
718.0 	 1557 	 515 	 29.0 	 32.0 	 0.04918032786885246 
719.0 	 1559 	 515 	 29.0 	 32.0 	 0.04918032786885246 
720.0 	 1562 	 515 	 29.0 	 31.0 	 0.03333333333333333 
721.0 	 1564 	 515 	 29.0 	 31.0 	 0.03333333333333333 
722.0 	 1566 	 514 	 29.0 	 30.0 	 0.01694915254237288 
723.0 	 1569 	 514 	 29.0 	 31.0 	 0.03333333333333333 
724.0 	 1571 	 514 	 29.0 	 30.0 	 0.01694915254237288 
725.0 	 1574 	 514 	 29.0 	 30.0 	 0.01694915254237288 
726.0 	 1576 	 515 	 30.0 	 31.0 	 0.01639344262295082 
727.0 	 1578 	 515 	 30.0 	 30.0 	 0.0 
728.0 	 1581 	 515 	 29.0 	 30.0 	 0.01694915254237288 
729.0 	 1583 	 515 	 28.0 	 31.0 	 0.05084745762711865 
730.0 	 1585 	 515 	 28.0 	 30.0 	 0.034482758620689655 
731.0 	 1588 	 515 	 29.0 	 31.0 	 0.03333333333333333 
732.0 	 1591 	 515 	 28.0 	 30.0 	 0.034482758620689655 
733.0 	 1593 	 515 	 28.0 	 31.0 	 0.05084745762711865 
734.0 	 1596 	 515 	 28.0 	 31.0 	 0.05084745762711865 
735.0 	 1598 	 515 	 28.0 	 31.0 	 0.05084745762711865 
736.0 	 1600 	 515 	 28.0 	 30.0 	 0.034482758620689655 
737.0 	 1603 	 515 	 28.0 	 31.0 	 0.05084745762711865 
738.0 	 1605 	 515 	 28.0 	 31.0 	 0.05084745762711865 
739.0 	 1607 	 515 	 28.0 	 31.0 	 0.05084745762711865 
740.0 	 1609 	 515 	 28.0 	 30.0 	 0.034482758620689655 
741.0 	 1612 	 515 	 31.0 	 28.0 	 0.05084745762711865 
742.0 	 1614 	 515 	 30.0 	 28.0 	 0.034482758620689655 
743.0 	 1617 	 515 	 27.0 	 31.0 	 0.06896551724137931 
744.0 	 1619 	 515 	 28.0 	 31.0 	 0.05084745762711865 
745.0 	 1621 	 515 	 27.0 	 31.0 	 0.06896551724137931 
746.0 	 1623 	 514 	 27.0 	 31.0 	 0.06896551724137931 
747.0 	 1626 	 514 	 27.0 	 31.0 	 0.06896551724137931 
748.0 	 1628 	 514 	 27.0 	 31.0 	 0.06896551724137931 
749.0 	 1631 	 515 	 27.0 	 31.0 	 0.06896551724137931 
750.0 	 1633 	 515 	 27.0 	 31.0 	 0.06896551724137931 
751.0 	 1635 	 514 	 27.0 	 32.0 	 0.0847457627118644 
752.0 	 1637 	 514 	 28.0 	 32.0 	 0.06666666666666667 
753.0 	 1640 	 514 	 29.06888198852539 	 31.304948806762695 	 0.03703702065584051 
754.0 	 1642 	 515 	 27.922019958496094 	 31.678800582885742 	 0.06303236415648428 
755.0 	 1644 	 515 	 28.174455642700195 	 31.304948806762695 	 0.05263154856774577 
756.0 	 1646 	 515 	 28.0 	 31.0 	 0.05084745762711865 
757.0 	 1648 	 515 	 27.0 	 32.0 	 0.0847457627118644 
758.0 	 1650 	 515 	 28.304121017456055 	 31.28350257873535 	 0.05000000640182816 
759.0 	 1653 	 515 	 27.72724151611328 	 30.857738494873047 	 0.05343514631519392 
760.0 	 1655 	 515 	 27.559274673461914 	 31.11798095703125 	 0.060648819467282 
761.0 	 1658 	 515 	 26.832815170288086 	 31.304948806762695 	 0.07692304159203531 
762.0 	 1660 	 515 	 27.44304847717285 	 31.513547897338867 	 0.06904230689147763 
763.0 	 1663 	 514 	 27.72724151611328 	 31.304948806762695 	 0.060606040044951404 
764.0 	 1665 	 515 	 27.280029296875 	 31.30495262145996 	 0.06870230548497117 
765.0 	 1667 	 514 	 27.280029296875 	 31.30495262145996 	 0.06870230548497117 
766.0 	 1669 	 514 	 28.070158004760742 	 30.49837303161621 	 0.041459380726952204 
767.0 	 1671 	 514 	 27.72724151611328 	 30.857738494873047 	 0.05343514631519392 
768.0 	 1673 	 515 	 27.987510681152344 	 31.43524742126465 	 0.05802047650110791 
769.0 	 1676 	 515 	 28.174455642700195 	 32.64659118652344 	 0.07352940761411633 
770.0 	 1678 	 515 	 28.301944732666016 	 32.01193618774414 	 0.061511403319806396 
771.0 	 1680 	 515 	 28.621667861938477 	 31.304948806762695 	 0.04477611275234329 
772.0 	 1683 	 515 	 28.0 	 31.0 	 0.05084745762711865 
773.0 	 1685 	 515 	 27.280027389526367 	 31.752166748046875 	 0.07575763401404807 
774.0 	 1688 	 515 	 27.0 	 32.0 	 0.0847457627118644 
775.0 	 1690 	 515 	 27.0 	 32.0 	 0.0847457627118644 
776.0 	 1692 	 515 	 27.72724151611328 	 30.857738494873047 	 0.05343514631519392 
777.0 	 1694 	 515 	 27.51588249206543 	 31.171127319335938 	 0.062283712171009066 
778.0 	 1696 	 515 	 27.617416381835938 	 31.171127319335938 	 0.060449038431090805 
779.0 	 1698 	 514 	 27.280029296875 	 31.304948806762695 	 0.06870224484453255 
780.0 	 1701 	 514 	 27.280029296875 	 31.752164840698242 	 0.07575756939342332 
781.0 	 1703 	 514 	 28.0 	 32.0 	 0.06666666666666667 
782.0 	 1705 	 514 	 28.174455642700195 	 30.857738494873047 	 0.04545456748430389 
783.0 	 1708 	 514 	 27.66860580444336 	 31.38251304626465 	 0.06289308846477107 
784.0 	 1710 	 514 	 27.72724151611328 	 31.304948806762695 	 0.060606040044951404 
785.0 	 1712 	 514 	 27.280027389526367 	 30.857738494873047 	 0.06153850343098093 
786.0 	 1714 	 514 	 26.655210494995117 	 31.250934600830078 	 0.07936505008630414 
787.0 	 1717 	 514 	 27.008207321166992 	 30.86652374267578 	 0.06666668424346721 
788.0 	 1719 	 514 	 28.991378784179688 	 28.991378784179688 	 0.0 
789.0 	 1722 	 514 	 27.57435417175293 	 30.857017517089844 	 0.05617980975729387 
790.0 	 1724 	 514 	 27.72724151611328 	 30.857738494873047 	 0.05343514631519392 
791.0 	 1726 	 514 	 27.280027389526367 	 30.857738494873047 	 0.06153850343098093 
792.0 	 1729 	 515 	 27.0 	 31.0 	 0.06896551724137931 
793.0 	 1731 	 515 	 27.0 	 31.0 	 0.06896551724137931 
794.0 	 1733 	 515 	 27.0 	 31.0 	 0.06896551724137931 
795.0 	 1735 	 515 	 27.0 	 32.0 	 0.0847457627118644 
796.0 	 1738 	 515 	 27.0 	 31.0 	 0.06896551724137931 
797.0 	 1740 	 515 	 26.0 	 32.0 	 0.10344827586206896 
798.0 	 1742 	 515 	 26.0 	 32.0 	 0.10344827586206896 
799.0 	 1745 	 515 	 26.0 	 31.0 	 0.08771929824561403 
800.0 	 1747 	 515 	 26.0 	 32.0 	 0.10344827586206896 
801.0 	 1749 	 515 	 26.399442672729492 	 31.2232608795166 	 0.0837138473104336 
802.0 	 1752 	 515 	 26.0 	 31.0 	 0.08771929824561403 
803.0 	 1754 	 514 	 25.930675506591797 	 30.990318298339844 	 0.08888886952830537 
804.0 	 1756 	 514 	 26.0 	 31.0 	 0.08771929824561403 
805.0 	 1758 	 514 	 26.0 	 31.0 	 0.08771929824561403 
806.0 	 1760 	 514 	 26.0 	 31.0 	 0.08771929824561403 
807.0 	 1763 	 514 	 26.0 	 31.0 	 0.08771929824561403 
808.0 	 1765 	 514 	 26.0 	 32.0 	 0.10344827586206896 
809.0 	 1767 	 514 	 26.92145538330078 	 32.01470184326172 	 0.08641972431934218 
810.0 	 1770 	 514 	 26.819726943969727 	 32.89606857299805 	 0.10175434449837942 
811.0 	 1772 	 514 	 26.563129425048828 	 31.622774124145508 	 0.08695653741664268 
812.0 	 1774 	 514 	 26.826831817626953 	 31.61123275756836 	 0.08187131067260223 
813.0 	 1776 	 514 	 27.0 	 32.0 	 0.0847457627118644 
814.0 	 1778 	 515 	 27.0 	 32.0 	 0.0847457627118644 
815.0 	 1780 	 514 	 27.0 	 32.0 	 0.0847457627118644 
816.0 	 1783 	 515 	 27.0 	 31.0 	 0.06896551724137931 
817.0 	 1785 	 514 	 27.0 	 32.0 	 0.0847457627118644 
818.0 	 1787 	 514 	 27.41434669494629 	 31.06959342956543 	 0.06250000815330084 
819.0 	 1789 	 514 	 27.72724151611328 	 30.410520553588867 	 0.04615380678496992 
820.0 	 1792 	 515 	 31.0 	 27.0 	 0.06896551724137931 
821.0 	 1794 	 515 	 27.0 	 32.0 	 0.0847457627118644 
822.0 	 1796 	 515 	 27.0 	 32.0 	 0.0847457627118644 
823.0 	 1798 	 515 	 26.0 	 32.0 	 0.10344827586206896 
824.0 	 1801 	 515 	 26.0 	 32.0 	 0.10344827586206896 
825.0 	 1804 	 515 	 26.0 	 32.0 	 0.10344827586206896 
826.0 	 1806 	 515 	 26.0 	 31.0 	 0.08771929824561403 
827.0 	 1808 	 515 	 26.0 	 31.0 	 0.08771929824561403 
828.0 	 1811 	 515 	 26.0 	 31.0 	 0.08771929824561403 
829.0 	 1813 	 515 	 25.0 	 30.0 	 0.09090909090909091 
830.0 	 1815 	 515 	 25.0 	 32.0 	 0.12280701754385964 
831.0 	 1818 	 515 	 25.0 	 31.0 	 0.10714285714285714 
832.0 	 1820 	 514 	 25.0 	 30.0 	 0.09090909090909091 
833.0 	 1823 	 514 	 25.0 	 31.0 	 0.10714285714285714 
834.0 	 1825 	 514 	 26.0 	 31.0 	 0.08771929824561403 
835.0 	 1827 	 514 	 25.0 	 30.0 	 0.09090909090909091 
836.0 	 1830 	 514 	 25.0 	 31.0 	 0.10714285714285714 
837.0 	 1832 	 515 	 25.0 	 30.0 	 0.09090909090909091 
838.0 	 1834 	 514 	 26.0 	 31.0 	 0.08771929824561403 
839.0 	 1837 	 514 	 26.0 	 30.0 	 0.07142857142857142 
840.0 	 1839 	 514 	 27.0 	 29.0 	 0.03571428571428571 
841.0 	 1841 	 515 	 26.0 	 31.0 	 0.08771929824561403 
842.0 	 1844 	 515 	 27.0 	 30.0 	 0.05263157894736842 
843.0 	 1846 	 515 	 28.174455642700195 	 29.96331024169922 	 0.030769235311793115 
844.0 	 1849 	 515 	 27.0 	 30.0 	 0.05263157894736842 
845.0 	 1851 	 515 	 26.0 	 30.0 	 0.07142857142857142 
846.0 	 1853 	 514 	 27.312814712524414 	 29.241971969604492 	 0.03411129933038337 
847.0 	 1855 	 514 	 28.174455642700195 	 28.174455642700195 	 0.0 
848.0 	 1857 	 514 	 28.23088836669922 	 29.15003204345703 	 0.016018280470020605 
849.0 	 1860 	 514 	 27.280027389526367 	 29.516094207763672 	 0.03937006181675609 
850.0 	 1863 	 514 	 27.0 	 31.0 	 0.06896551724137931 
851.0 	 1865 	 514 	 27.0 	 31.0 	 0.06896551724137931 
852.0 	 1867 	 514 	 27.0 	 31.0 	 0.06896551724137931 
853.0 	 1869 	 514 	 28.0 	 31.0 	 0.05084745762711865 
854.0 	 1872 	 514 	 28.0 	 30.0 	 0.034482758620689655 
855.0 	 1874 	 514 	 27.828041076660156 	 29.409177780151367 	 0.02762427551636792 
856.0 	 1876 	 514 	 28.21658706665039 	 28.77532958984375 	 0.00980389072648764 
857.0 	 1879 	 514 	 28.23088836669922 	 29.018726348876953 	 0.013761454746758035 
858.0 	 1882 	 514 	 28.176471710205078 	 29.352941513061523 	 0.020449883580259533 
859.0 	 1884 	 514 	 28.0 	 31.0 	 0.05084745762711865 
860.0 	 1887 	 514 	 28.0 	 31.0 	 0.05084745762711865 
861.0 	 1889 	 514 	 28.174455642700195 	 29.96331024169922 	 0.030769235311793115 
862.0 	 1891 	 514 	 27.649059295654297 	 30.55948829650879 	 0.05000002785237572 
863.0 	 1894 	 514 	 28.00143051147461 	 29.9813289642334 	 0.03414633023094169 
864.0 	 1897 	 514 	 27.0 	 31.0 	 0.06896551724137931 
865.0 	 1899 	 514 	 26.0 	 31.0 	 0.08771929824561403 
866.0 	 1902 	 514 	 32.0 	 27.0 	 0.0847457627118644 
867.0 	 1904 	 514 	 27.0 	 30.0 	 0.05263157894736842 
868.0 	 1905 	 514 	 26.0 	 28.0 	 0.037037037037037035 
869.0 	 1907 	 514 	 26.0 	 24.0 	 0.04 
870.0 	 1909 	 514 	 26.0 	 22.0 	 0.08333333333333333 
