frame 	 x 	 y 	 width 	 height 	 deformation 
1.0 	 98 	 517 	 29.0 	 32.0 	 0.04918032786885246 
2.0 	 98 	 517 	 29.0 	 32.0 	 0.04918032786885246 
3.0 	 98 	 517 	 29.0 	 32.0 	 0.04918032786885246 
4.0 	 99 	 517 	 29.0 	 32.0 	 0.04918032786885246 
5.0 	 99 	 517 	 29.0 	 32.0 	 0.04918032786885246 
6.0 	 99 	 517 	 29.0 	 31.0 	 0.03333333333333333 
7.0 	 99 	 517 	 29.0 	 31.0 	 0.03333333333333333 
8.0 	 99 	 517 	 32.01470184326172 	 29.83188247680664 	 0.03529409732894147 
9.0 	 99 	 517 	 29.0 	 32.0 	 0.04918032786885246 
10.0 	 99 	 517 	 31.780315399169922 	 29.9364070892334 	 0.029876964226073364 
11.0 	 99 	 517 	 29.0 	 32.0 	 0.04918032786885246 
12.0 	 99 	 517 	 29.0 	 32.0 	 0.04918032786885246 
13.0 	 99 	 517 	 29.0 	 32.0 	 0.04918032786885246 
14.0 	 99 	 517 	 29.0 	 32.0 	 0.04918032786885246 
15.0 	 99 	 517 	 29.0 	 32.0 	 0.04918032786885246 
16.0 	 99 	 517 	 29.0 	 32.0 	 0.04918032786885246 
17.0 	 99 	 517 	 29.0 	 32.0 	 0.04918032786885246 
18.0 	 99 	 517 	 29.0 	 32.0 	 0.04918032786885246 
19.0 	 99 	 517 	 29.0 	 32.0 	 0.04918032786885246 
20.0 	 99 	 517 	 29.0 	 32.0 	 0.04918032786885246 
21.0 	 99 	 517 	 29.0 	 32.0 	 0.04918032786885246 
22.0 	 100 	 517 	 29.0 	 32.0 	 0.04918032786885246 
23.0 	 100 	 517 	 29.0 	 32.0 	 0.04918032786885246 
24.0 	 100 	 517 	 29.0 	 32.0 	 0.04918032786885246 
25.0 	 100 	 517 	 29.0 	 32.0 	 0.04918032786885246 
26.0 	 100 	 517 	 29.0 	 32.0 	 0.04918032786885246 
27.0 	 100 	 517 	 29.0 	 32.0 	 0.04918032786885246 
28.0 	 100 	 517 	 29.0 	 32.0 	 0.04918032786885246 
29.0 	 100 	 517 	 29.0 	 32.0 	 0.04918032786885246 
30.0 	 100 	 517 	 30.0 	 32.0 	 0.03225806451612903 
31.0 	 100 	 517 	 30.0 	 32.0 	 0.03225806451612903 
32.0 	 100 	 517 	 30.857736587524414 	 30.857738494873047 	 3.090551648943744e-08 
33.0 	 100 	 517 	 29.698484420776367 	 31.819805145263672 	 0.03448276503543002 
34.0 	 100 	 517 	 29.698482513427734 	 31.819805145263672 	 0.03448279710913302 
35.0 	 101 	 516 	 28.991374969482422 	 32.52690887451172 	 0.05747127006980805 
36.0 	 101 	 517 	 29.0 	 32.0 	 0.04918032786885246 
37.0 	 101 	 517 	 29.0 	 32.0 	 0.04918032786885246 
38.0 	 101 	 517 	 29.0 	 32.0 	 0.04918032786885246 
39.0 	 101 	 517 	 29.0 	 32.0 	 0.04918032786885246 
40.0 	 101 	 517 	 29.0 	 32.0 	 0.04918032786885246 
41.0 	 101 	 517 	 29.0 	 32.0 	 0.04918032786885246 
42.0 	 101 	 517 	 29.0 	 31.0 	 0.03333333333333333 
43.0 	 101 	 517 	 29.0 	 31.0 	 0.03333333333333333 
44.0 	 101 	 517 	 29.0 	 31.0 	 0.03333333333333333 
45.0 	 101 	 517 	 29.0 	 31.0 	 0.03333333333333333 
46.0 	 101 	 517 	 29.0 	 32.0 	 0.04918032786885246 
47.0 	 101 	 517 	 29.0 	 32.0 	 0.04918032786885246 
48.0 	 101 	 517 	 28.991374969482422 	 31.11269760131836 	 0.03529415796803259 
49.0 	 102 	 516 	 30.857736587524414 	 30.410520553588867 	 0.007299310520707603 
50.0 	 102 	 516 	 30.857736587524414 	 30.410520553588867 	 0.007299310520707603 
51.0 	 102 	 516 	 31.304948806762695 	 30.410520553588867 	 0.014492772435243665 
52.0 	 102 	 516 	 30.200002670288086 	 31.200000762939453 	 0.016286612976151776 
53.0 	 102 	 516 	 30.0 	 31.0 	 0.01639344262295082 
54.0 	 102 	 516 	 30.857738494873047 	 30.410520553588867 	 0.007299341424577441 
55.0 	 103 	 517 	 30.0 	 31.0 	 0.01639344262295082 
56.0 	 103 	 516 	 30.0 	 30.0 	 0.0 
57.0 	 104 	 517 	 30.0 	 31.0 	 0.01639344262295082 
58.0 	 104 	 516 	 30.0 	 31.0 	 0.01639344262295082 
59.0 	 104 	 516 	 30.0 	 32.0 	 0.03225806451612903 
60.0 	 105 	 516 	 30.0 	 31.0 	 0.01639344262295082 
61.0 	 105 	 516 	 30.0 	 31.0 	 0.01639344262295082 
62.0 	 106 	 516 	 30.0 	 31.0 	 0.01639344262295082 
63.0 	 106 	 516 	 30.0 	 31.0 	 0.01639344262295082 
64.0 	 107 	 516 	 30.0 	 31.0 	 0.01639344262295082 
65.0 	 108 	 516 	 30.0 	 31.0 	 0.01639344262295082 
66.0 	 108 	 516 	 30.0 	 30.0 	 0.0 
67.0 	 109 	 516 	 30.0 	 30.0 	 0.0 
68.0 	 110 	 516 	 30.0 	 30.0 	 0.0 
69.0 	 111 	 516 	 30.0 	 30.0 	 0.0 
70.0 	 113 	 516 	 30.0 	 33.0 	 0.047619047619047616 
71.0 	 114 	 516 	 30.884645462036133 	 32.12499237060547 	 0.019685034722208557 
72.0 	 116 	 516 	 30.0 	 33.0 	 0.047619047619047616 
73.0 	 117 	 516 	 30.0 	 32.0 	 0.03225806451612903 
74.0 	 118 	 516 	 30.04163360595703 	 31.939001083374023 	 0.030612262796715 
75.0 	 120 	 516 	 30.0 	 31.0 	 0.01639344262295082 
76.0 	 121 	 516 	 30.0 	 31.0 	 0.01639344262295082 
77.0 	 122 	 516 	 30.0 	 31.0 	 0.01639344262295082 
78.0 	 124 	 516 	 30.0 	 30.0 	 0.0 
79.0 	 125 	 516 	 30.0 	 30.0 	 0.0 
80.0 	 127 	 516 	 29.613536834716797 	 30.005769729614258 	 0.0065789576816736315 
81.0 	 128 	 516 	 29.0 	 29.0 	 0.0 
82.0 	 130 	 516 	 29.0 	 30.0 	 0.01694915254237288 
83.0 	 132 	 516 	 29.0 	 30.0 	 0.01694915254237288 
84.0 	 134 	 516 	 29.0 	 30.0 	 0.01694915254237288 
85.0 	 135 	 516 	 29.0 	 31.0 	 0.03333333333333333 
86.0 	 137 	 516 	 29.0 	 31.0 	 0.03333333333333333 
87.0 	 139 	 516 	 29.0 	 31.0 	 0.03333333333333333 
88.0 	 141 	 516 	 29.0 	 31.0 	 0.03333333333333333 
89.0 	 143 	 516 	 29.0 	 31.0 	 0.03333333333333333 
90.0 	 145 	 516 	 29.0 	 29.0 	 0.0 
91.0 	 147 	 516 	 30.0 	 29.0 	 0.01694915254237288 
92.0 	 149 	 516 	 30.0 	 30.0 	 0.0 
93.0 	 150 	 516 	 30.0 	 29.0 	 0.01694915254237288 
94.0 	 152 	 516 	 30.0 	 30.0 	 0.0 
95.0 	 154 	 516 	 31.0 	 30.0 	 0.01639344262295082 
96.0 	 155 	 516 	 31.0 	 31.0 	 0.0 
97.0 	 157 	 516 	 31.0 	 31.0 	 0.0 
98.0 	 159 	 517 	 31.0 	 31.0 	 0.0 
99.0 	 160 	 516 	 31.0 	 30.0 	 0.01639344262295082 
100.0 	 163 	 516 	 31.0 	 31.0 	 0.0 
101.0 	 165 	 516 	 31.0 	 32.0 	 0.015873015873015872 
102.0 	 167 	 516 	 30.0 	 32.0 	 0.03225806451612903 
103.0 	 169 	 516 	 30.0 	 32.0 	 0.03225806451612903 
104.0 	 171 	 516 	 30.0 	 31.0 	 0.01639344262295082 
105.0 	 173 	 516 	 30.0 	 31.0 	 0.01639344262295082 
106.0 	 175 	 516 	 30.0 	 30.0 	 0.0 
107.0 	 177 	 516 	 30.0 	 30.0 	 0.0 
108.0 	 179 	 516 	 30.0 	 30.0 	 0.0 
109.0 	 180 	 516 	 30.0 	 31.0 	 0.01639344262295082 
110.0 	 182 	 516 	 30.0 	 31.0 	 0.01639344262295082 
111.0 	 184 	 516 	 30.0 	 31.0 	 0.01639344262295082 
112.0 	 186 	 516 	 30.0 	 31.0 	 0.01639344262295082 
113.0 	 188 	 516 	 29.0 	 31.0 	 0.03333333333333333 
114.0 	 190 	 516 	 30.0 	 31.0 	 0.01639344262295082 
115.0 	 193 	 516 	 30.0 	 30.0 	 0.0 
116.0 	 195 	 516 	 30.0 	 30.0 	 0.0 
117.0 	 196 	 516 	 29.0 	 30.0 	 0.01694915254237288 
118.0 	 198 	 516 	 29.0 	 30.0 	 0.01694915254237288 
119.0 	 200 	 516 	 29.0 	 30.0 	 0.01694915254237288 
120.0 	 202 	 515 	 29.0 	 30.0 	 0.01694915254237288 
121.0 	 204 	 515 	 29.0 	 29.0 	 0.0 
122.0 	 206 	 515 	 28.0 	 30.0 	 0.034482758620689655 
123.0 	 208 	 515 	 29.0 	 30.0 	 0.01694915254237288 
124.0 	 210 	 515 	 28.0 	 30.0 	 0.034482758620689655 
125.0 	 212 	 515 	 29.0 	 30.0 	 0.01694915254237288 
126.0 	 214 	 515 	 29.0 	 31.0 	 0.03333333333333333 
127.0 	 216 	 515 	 28.0 	 30.0 	 0.034482758620689655 
128.0 	 218 	 515 	 28.0 	 30.0 	 0.034482758620689655 
129.0 	 220 	 515 	 28.0 	 31.0 	 0.05084745762711865 
130.0 	 222 	 515 	 28.0 	 31.0 	 0.05084745762711865 
131.0 	 224 	 515 	 28.0 	 30.0 	 0.034482758620689655 
132.0 	 226 	 515 	 28.0 	 30.0 	 0.034482758620689655 
133.0 	 228 	 515 	 28.0 	 30.0 	 0.034482758620689655 
134.0 	 230 	 515 	 28.0 	 30.0 	 0.034482758620689655 
135.0 	 232 	 515 	 28.0 	 30.0 	 0.034482758620689655 
136.0 	 234 	 515 	 28.0 	 30.0 	 0.034482758620689655 
137.0 	 236 	 516 	 29.0 	 30.0 	 0.01694915254237288 
138.0 	 238 	 516 	 29.0 	 30.0 	 0.01694915254237288 
139.0 	 240 	 516 	 29.0 	 30.0 	 0.01694915254237288 
140.0 	 242 	 516 	 29.0 	 30.0 	 0.01694915254237288 
141.0 	 244 	 515 	 29.0 	 31.0 	 0.03333333333333333 
142.0 	 246 	 515 	 29.0 	 31.0 	 0.03333333333333333 
143.0 	 248 	 515 	 29.0 	 31.0 	 0.03333333333333333 
144.0 	 250 	 515 	 29.0 	 31.0 	 0.03333333333333333 
145.0 	 252 	 515 	 29.0 	 30.0 	 0.01694915254237288 
146.0 	 254 	 515 	 29.0 	 30.0 	 0.01694915254237288 
147.0 	 256 	 515 	 29.0 	 29.0 	 0.0 
148.0 	 258 	 516 	 29.0 	 30.0 	 0.01694915254237288 
149.0 	 260 	 515 	 29.0 	 30.0 	 0.01694915254237288 
150.0 	 262 	 515 	 29.0 	 30.0 	 0.01694915254237288 
151.0 	 265 	 515 	 29.0 	 30.0 	 0.01694915254237288 
152.0 	 267 	 515 	 29.0 	 31.0 	 0.03333333333333333 
153.0 	 269 	 515 	 29.0 	 31.0 	 0.03333333333333333 
154.0 	 271 	 515 	 29.0 	 30.0 	 0.01694915254237288 
155.0 	 273 	 515 	 30.0 	 30.0 	 0.0 
156.0 	 275 	 515 	 30.4105224609375 	 30.4105224609375 	 0.0 
157.0 	 277 	 515 	 30.0 	 31.0 	 0.01639344262295082 
158.0 	 279 	 515 	 30.0 	 31.0 	 0.01639344262295082 
159.0 	 281 	 515 	 29.0 	 30.0 	 0.01694915254237288 
160.0 	 283 	 515 	 29.0 	 30.0 	 0.01694915254237288 
161.0 	 285 	 515 	 29.0 	 30.0 	 0.01694915254237288 
162.0 	 287 	 515 	 29.0 	 30.0 	 0.01694915254237288 
163.0 	 290 	 515 	 30.0 	 30.0 	 0.0 
164.0 	 292 	 515 	 30.0 	 30.0 	 0.0 
165.0 	 293 	 515 	 29.0 	 30.0 	 0.01694915254237288 
166.0 	 296 	 515 	 29.0 	 30.0 	 0.01694915254237288 
167.0 	 298 	 515 	 29.0 	 30.0 	 0.01694915254237288 
168.0 	 300 	 515 	 29.0 	 31.0 	 0.03333333333333333 
169.0 	 302 	 515 	 29.0 	 30.0 	 0.01694915254237288 
170.0 	 304 	 515 	 29.0 	 30.0 	 0.01694915254237288 
171.0 	 307 	 515 	 29.0 	 30.0 	 0.01694915254237288 
172.0 	 309 	 515 	 29.0 	 30.0 	 0.01694915254237288 
173.0 	 311 	 515 	 29.0 	 31.0 	 0.03333333333333333 
174.0 	 313 	 515 	 29.0 	 31.0 	 0.03333333333333333 
175.0 	 315 	 515 	 29.0 	 31.0 	 0.03333333333333333 
176.0 	 317 	 515 	 29.0 	 31.0 	 0.03333333333333333 
177.0 	 319 	 515 	 29.0 	 31.0 	 0.03333333333333333 
178.0 	 321 	 515 	 29.0 	 30.0 	 0.01694915254237288 
179.0 	 323 	 515 	 29.0 	 31.0 	 0.03333333333333333 
180.0 	 326 	 515 	 29.0 	 31.0 	 0.03333333333333333 
181.0 	 328 	 515 	 28.0 	 31.0 	 0.05084745762711865 
182.0 	 330 	 515 	 28.0 	 31.0 	 0.05084745762711865 
183.0 	 332 	 515 	 28.0 	 31.0 	 0.05084745762711865 
184.0 	 334 	 515 	 28.0 	 31.0 	 0.05084745762711865 
185.0 	 336 	 515 	 28.0 	 31.0 	 0.05084745762711865 
186.0 	 338 	 515 	 28.0 	 31.0 	 0.05084745762711865 
187.0 	 341 	 515 	 29.0 	 31.0 	 0.03333333333333333 
188.0 	 343 	 515 	 29.0 	 31.0 	 0.03333333333333333 
189.0 	 345 	 515 	 30.0 	 31.0 	 0.01639344262295082 
190.0 	 347 	 515 	 29.415645599365234 	 31.39554214477539 	 0.032558096936709253 
191.0 	 349 	 515 	 29.644298553466797 	 31.25675392150879 	 0.02647664206960224 
192.0 	 352 	 515 	 30.0 	 30.0 	 0.0 
193.0 	 353 	 515 	 30.0 	 32.0 	 0.03225806451612903 
194.0 	 356 	 515 	 30.0 	 31.0 	 0.01639344262295082 
195.0 	 358 	 515 	 30.0 	 31.0 	 0.01639344262295082 
196.0 	 360 	 515 	 30.0 	 31.0 	 0.01639344262295082 
197.0 	 362 	 515 	 30.0 	 32.0 	 0.03225806451612903 
198.0 	 364 	 515 	 32.01470184326172 	 29.83188247680664 	 0.03529409732894147 
199.0 	 366 	 515 	 29.0 	 31.0 	 0.03333333333333333 
200.0 	 368 	 515 	 28.0 	 32.0 	 0.06666666666666667 
201.0 	 371 	 515 	 28.0 	 32.0 	 0.06666666666666667 
202.0 	 373 	 515 	 28.0 	 31.0 	 0.05084745762711865 
203.0 	 375 	 515 	 28.0 	 31.0 	 0.05084745762711865 
204.0 	 377 	 515 	 28.0 	 31.0 	 0.05084745762711865 
205.0 	 380 	 515 	 29.698486328125 	 32.24407196044922 	 0.041095907283406015 
206.0 	 382 	 515 	 30.0 	 31.0 	 0.01639344262295082 
207.0 	 384 	 515 	 29.0 	 31.0 	 0.03333333333333333 
208.0 	 386 	 515 	 29.0 	 31.0 	 0.03333333333333333 
209.0 	 388 	 515 	 29.0 	 31.0 	 0.03333333333333333 
210.0 	 391 	 515 	 29.0 	 31.0 	 0.03333333333333333 
211.0 	 393 	 515 	 29.0 	 31.0 	 0.03333333333333333 
212.0 	 395 	 515 	 29.0 	 32.0 	 0.04918032786885246 
213.0 	 397 	 515 	 29.0 	 32.0 	 0.04918032786885246 
214.0 	 400 	 515 	 29.0 	 31.0 	 0.03333333333333333 
215.0 	 402 	 515 	 29.0 	 31.0 	 0.03333333333333333 
216.0 	 404 	 515 	 29.0 	 31.0 	 0.03333333333333333 
217.0 	 406 	 515 	 29.0 	 31.0 	 0.03333333333333333 
218.0 	 408 	 515 	 29.0 	 30.0 	 0.01694915254237288 
219.0 	 411 	 515 	 29.0 	 30.0 	 0.01694915254237288 
220.0 	 413 	 515 	 29.0 	 31.0 	 0.03333333333333333 
221.0 	 415 	 515 	 29.0 	 31.0 	 0.03333333333333333 
222.0 	 417 	 515 	 29.0 	 31.0 	 0.03333333333333333 
223.0 	 419 	 515 	 29.0 	 32.0 	 0.04918032786885246 
224.0 	 422 	 515 	 29.0 	 32.0 	 0.04918032786885246 
225.0 	 424 	 515 	 29.0 	 31.0 	 0.03333333333333333 
226.0 	 427 	 515 	 29.0 	 32.0 	 0.04918032786885246 
227.0 	 428 	 515 	 28.0 	 32.0 	 0.06666666666666667 
228.0 	 431 	 515 	 29.0 	 31.0 	 0.03333333333333333 
229.0 	 433 	 515 	 29.0 	 31.0 	 0.03333333333333333 
230.0 	 435 	 515 	 29.0 	 31.0 	 0.03333333333333333 
231.0 	 437 	 515 	 29.0 	 31.0 	 0.03333333333333333 
232.0 	 440 	 515 	 28.0 	 31.0 	 0.05084745762711865 
233.0 	 442 	 515 	 28.0 	 31.0 	 0.05084745762711865 
234.0 	 444 	 515 	 28.0 	 32.0 	 0.06666666666666667 
235.0 	 446 	 515 	 28.0 	 32.0 	 0.06666666666666667 
236.0 	 449 	 515 	 28.0 	 31.0 	 0.05084745762711865 
237.0 	 451 	 515 	 28.0 	 32.0 	 0.06666666666666667 
238.0 	 454 	 515 	 28.0 	 32.0 	 0.06666666666666667 
239.0 	 456 	 515 	 28.0 	 32.0 	 0.06666666666666667 
240.0 	 458 	 515 	 28.0 	 32.0 	 0.06666666666666667 
241.0 	 460 	 515 	 29.0 	 31.0 	 0.03333333333333333 
242.0 	 462 	 515 	 28.0 	 31.0 	 0.05084745762711865 
243.0 	 464 	 515 	 29.0 	 31.0 	 0.03333333333333333 
244.0 	 467 	 515 	 28.0 	 32.0 	 0.06666666666666667 
245.0 	 469 	 515 	 29.0 	 32.0 	 0.04918032786885246 
246.0 	 471 	 515 	 29.0 	 32.0 	 0.04918032786885246 
247.0 	 474 	 515 	 28.0 	 31.0 	 0.05084745762711865 
248.0 	 476 	 515 	 28.0 	 32.0 	 0.06666666666666667 
249.0 	 478 	 515 	 31.0 	 29.0 	 0.03333333333333333 
250.0 	 481 	 515 	 28.0 	 31.0 	 0.05084745762711865 
251.0 	 483 	 515 	 28.0 	 31.0 	 0.05084745762711865 
252.0 	 485 	 515 	 28.0 	 30.0 	 0.034482758620689655 
253.0 	 487 	 515 	 27.0 	 30.0 	 0.05263157894736842 
254.0 	 490 	 515 	 27.0 	 30.0 	 0.05263157894736842 
255.0 	 492 	 515 	 27.0 	 30.0 	 0.05263157894736842 
256.0 	 494 	 515 	 27.0 	 30.0 	 0.05263157894736842 
257.0 	 497 	 515 	 27.0 	 31.0 	 0.06896551724137931 
258.0 	 499 	 515 	 27.0 	 31.0 	 0.06896551724137931 
259.0 	 501 	 515 	 27.0 	 31.0 	 0.06896551724137931 
260.0 	 503 	 515 	 27.0 	 31.0 	 0.06896551724137931 
261.0 	 506 	 515 	 27.0 	 31.0 	 0.06896551724137931 
262.0 	 508 	 515 	 27.0 	 30.0 	 0.05263157894736842 
263.0 	 511 	 515 	 27.0 	 31.0 	 0.06896551724137931 
264.0 	 513 	 515 	 30.0 	 27.0 	 0.05263157894736842 
265.0 	 516 	 515 	 27.0 	 31.0 	 0.06896551724137931 
266.0 	 518 	 515 	 27.0 	 30.0 	 0.05263157894736842 
267.0 	 520 	 515 	 29.96331024169922 	 28.621667861938477 	 0.022900791690787303 
268.0 	 522 	 515 	 27.0 	 32.0 	 0.0847457627118644 
269.0 	 525 	 515 	 27.0 	 31.0 	 0.06896551724137931 
270.0 	 527 	 515 	 27.0 	 30.0 	 0.05263157894736842 
271.0 	 530 	 515 	 27.0 	 31.0 	 0.06896551724137931 
272.0 	 532 	 515 	 26.0 	 32.0 	 0.10344827586206896 
273.0 	 535 	 515 	 27.0 	 32.0 	 0.0847457627118644 
274.0 	 537 	 515 	 26.0 	 32.0 	 0.10344827586206896 
275.0 	 539 	 515 	 26.0 	 32.0 	 0.10344827586206896 
276.0 	 542 	 515 	 27.0 	 31.0 	 0.06896551724137931 
277.0 	 544 	 515 	 28.0 	 31.0 	 0.05084745762711865 
278.0 	 547 	 515 	 27.0 	 31.0 	 0.06896551724137931 
279.0 	 549 	 515 	 31.0 	 27.0 	 0.06896551724137931 
280.0 	 552 	 515 	 26.0 	 31.0 	 0.08771929824561403 
281.0 	 554 	 515 	 31.0 	 27.0 	 0.06896551724137931 
282.0 	 557 	 515 	 27.0 	 32.0 	 0.0847457627118644 
283.0 	 559 	 515 	 27.0 	 31.0 	 0.06896551724137931 
284.0 	 561 	 515 	 31.0 	 27.0 	 0.06896551724137931 
285.0 	 564 	 515 	 27.0 	 31.0 	 0.06896551724137931 
286.0 	 566 	 515 	 31.112699508666992 	 26.728639602661133 	 0.075794578295772 
287.0 	 569 	 515 	 26.0 	 30.0 	 0.07142857142857142 
288.0 	 571 	 516 	 26.0 	 30.0 	 0.07142857142857142 
289.0 	 573 	 516 	 26.436382293701172 	 30.802024841308594 	 0.07627120959725633 
290.0 	 576 	 515 	 27.0 	 30.0 	 0.05263157894736842 
291.0 	 578 	 516 	 26.0 	 31.0 	 0.08771929824561403 
292.0 	 581 	 516 	 27.0 	 31.0 	 0.06896551724137931 
293.0 	 583 	 516 	 27.0 	 30.0 	 0.05263157894736842 
294.0 	 586 	 515 	 30.04163360595703 	 27.51181411743164 	 0.04395600243940413 
295.0 	 588 	 515 	 30.35786247253418 	 28.144268035888672 	 0.03783784312482099 
296.0 	 591 	 515 	 28.0 	 30.0 	 0.034482758620689655 
297.0 	 593 	 515 	 28.0 	 29.0 	 0.017543859649122806 
298.0 	 596 	 515 	 28.0 	 30.0 	 0.034482758620689655 
299.0 	 598 	 515 	 28.0 	 29.0 	 0.017543859649122806 
300.0 	 601 	 515 	 28.0 	 30.0 	 0.034482758620689655 
301.0 	 603 	 515 	 28.0 	 30.0 	 0.034482758620689655 
302.0 	 606 	 515 	 28.0 	 30.0 	 0.034482758620689655 
303.0 	 608 	 515 	 28.0 	 30.0 	 0.034482758620689655 
304.0 	 610 	 515 	 28.0 	 30.0 	 0.034482758620689655 
305.0 	 613 	 515 	 28.0 	 30.0 	 0.034482758620689655 
306.0 	 616 	 515 	 28.0 	 29.0 	 0.017543859649122806 
307.0 	 618 	 515 	 27.0 	 28.0 	 0.01818181818181818 
308.0 	 621 	 515 	 27.0 	 29.0 	 0.03571428571428571 
309.0 	 623 	 515 	 28.0 	 29.0 	 0.017543859649122806 
310.0 	 626 	 515 	 28.0 	 29.0 	 0.017543859649122806 
311.0 	 628 	 515 	 28.0 	 31.0 	 0.05084745762711865 
312.0 	 630 	 515 	 32.25723648071289 	 27.406526565551758 	 0.08130077064364481 
313.0 	 633 	 515 	 26.0 	 31.0 	 0.08771929824561403 
314.0 	 635 	 515 	 26.0 	 31.0 	 0.08771929824561403 
315.0 	 638 	 515 	 26.0 	 32.0 	 0.10344827586206896 
316.0 	 641 	 515 	 27.0 	 31.0 	 0.06896551724137931 
317.0 	 643 	 515 	 28.0 	 31.0 	 0.05084745762711865 
318.0 	 646 	 515 	 28.0 	 32.0 	 0.06666666666666667 
319.0 	 648 	 515 	 28.0 	 31.0 	 0.05084745762711865 
320.0 	 650 	 515 	 28.0 	 31.0 	 0.05084745762711865 
321.0 	 652 	 515 	 28.0 	 31.0 	 0.05084745762711865 
322.0 	 655 	 515 	 28.0 	 31.0 	 0.05084745762711865 
323.0 	 657 	 515 	 28.0 	 31.0 	 0.05084745762711865 
324.0 	 660 	 515 	 28.0 	 32.0 	 0.06666666666666667 
325.0 	 662 	 515 	 28.0 	 31.0 	 0.05084745762711865 
326.0 	 664 	 515 	 28.0 	 32.0 	 0.06666666666666667 
327.0 	 667 	 515 	 28.0 	 32.0 	 0.06666666666666667 
328.0 	 669 	 515 	 28.0 	 31.0 	 0.05084745762711865 
329.0 	 671 	 515 	 28.0 	 30.0 	 0.034482758620689655 
330.0 	 674 	 515 	 27.0 	 31.0 	 0.06896551724137931 
331.0 	 677 	 515 	 27.0 	 32.0 	 0.0847457627118644 
332.0 	 679 	 515 	 27.0 	 31.0 	 0.06896551724137931 
333.0 	 681 	 515 	 27.0 	 31.0 	 0.06896551724137931 
334.0 	 683 	 515 	 28.0 	 31.0 	 0.05084745762711865 
335.0 	 686 	 515 	 28.0 	 31.0 	 0.05084745762711865 
336.0 	 689 	 515 	 28.0 	 30.0 	 0.034482758620689655 
337.0 	 691 	 515 	 28.0 	 31.0 	 0.05084745762711865 
338.0 	 693 	 515 	 28.0 	 32.0 	 0.06666666666666667 
339.0 	 696 	 515 	 28.0 	 31.0 	 0.05084745762711865 
340.0 	 698 	 515 	 28.0 	 31.0 	 0.05084745762711865 
341.0 	 701 	 515 	 28.0 	 31.0 	 0.05084745762711865 
342.0 	 703 	 515 	 28.0 	 31.0 	 0.05084745762711865 
343.0 	 705 	 515 	 28.0 	 31.0 	 0.05084745762711865 
344.0 	 708 	 515 	 28.0 	 31.0 	 0.05084745762711865 
345.0 	 710 	 515 	 28.0 	 31.0 	 0.05084745762711865 
346.0 	 712 	 515 	 28.0 	 31.0 	 0.05084745762711865 
347.0 	 715 	 515 	 28.0 	 32.0 	 0.06666666666666667 
348.0 	 717 	 515 	 28.0 	 32.0 	 0.06666666666666667 
349.0 	 719 	 515 	 28.0 	 31.0 	 0.05084745762711865 
350.0 	 722 	 515 	 28.0 	 32.0 	 0.06666666666666667 
351.0 	 724 	 515 	 28.0 	 32.0 	 0.06666666666666667 
352.0 	 726 	 515 	 28.0 	 32.0 	 0.06666666666666667 
353.0 	 729 	 515 	 28.0 	 31.0 	 0.05084745762711865 
354.0 	 731 	 515 	 28.0 	 31.0 	 0.05084745762711865 
355.0 	 733 	 515 	 28.0 	 32.0 	 0.06666666666666667 
356.0 	 736 	 515 	 28.0 	 30.0 	 0.034482758620689655 
357.0 	 738 	 515 	 28.0 	 31.0 	 0.05084745762711865 
358.0 	 740 	 515 	 28.0 	 31.0 	 0.05084745762711865 
359.0 	 743 	 515 	 28.0 	 31.0 	 0.05084745762711865 
360.0 	 745 	 515 	 28.0 	 31.0 	 0.05084745762711865 
361.0 	 747 	 515 	 28.0 	 31.0 	 0.05084745762711865 
362.0 	 749 	 515 	 28.0 	 32.0 	 0.06666666666666667 
363.0 	 752 	 515 	 28.0 	 31.0 	 0.05084745762711865 
364.0 	 754 	 515 	 28.0 	 32.0 	 0.06666666666666667 
365.0 	 756 	 515 	 28.0 	 32.0 	 0.06666666666666667 
366.0 	 759 	 515 	 28.0 	 32.0 	 0.06666666666666667 
367.0 	 761 	 515 	 28.0 	 31.0 	 0.05084745762711865 
368.0 	 764 	 515 	 28.0 	 31.0 	 0.05084745762711865 
369.0 	 766 	 515 	 28.0 	 31.0 	 0.05084745762711865 
370.0 	 768 	 515 	 28.0 	 31.0 	 0.05084745762711865 
371.0 	 770 	 515 	 28.0 	 31.0 	 0.05084745762711865 
372.0 	 772 	 515 	 28.0 	 32.0 	 0.06666666666666667 
373.0 	 775 	 515 	 28.0 	 32.0 	 0.06666666666666667 
374.0 	 777 	 515 	 28.0 	 33.0 	 0.08196721311475409 
375.0 	 779 	 515 	 28.0 	 32.0 	 0.06666666666666667 
376.0 	 781 	 515 	 28.0 	 33.0 	 0.08196721311475409 
377.0 	 783 	 515 	 28.0 	 31.0 	 0.05084745762711865 
378.0 	 786 	 515 	 28.0 	 32.0 	 0.06666666666666667 
379.0 	 788 	 515 	 28.0 	 31.0 	 0.05084745762711865 
380.0 	 790 	 515 	 28.0 	 32.0 	 0.06666666666666667 
381.0 	 792 	 515 	 28.0 	 32.0 	 0.06666666666666667 
382.0 	 795 	 515 	 28.0 	 32.0 	 0.06666666666666667 
383.0 	 797 	 515 	 28.0 	 31.0 	 0.05084745762711865 
384.0 	 799 	 515 	 28.0 	 31.0 	 0.05084745762711865 
385.0 	 801 	 515 	 29.0 	 31.0 	 0.03333333333333333 
386.0 	 803 	 515 	 29.0 	 31.0 	 0.03333333333333333 
387.0 	 805 	 515 	 29.0 	 32.0 	 0.04918032786885246 
388.0 	 808 	 515 	 29.0 	 32.0 	 0.04918032786885246 
389.0 	 810 	 515 	 29.0 	 32.0 	 0.04918032786885246 
390.0 	 812 	 515 	 29.0 	 31.0 	 0.03333333333333333 
391.0 	 814 	 515 	 29.0 	 31.0 	 0.03333333333333333 
392.0 	 816 	 515 	 29.0 	 32.0 	 0.04918032786885246 
393.0 	 818 	 516 	 29.0 	 32.0 	 0.04918032786885246 
394.0 	 821 	 516 	 32.163047790527344 	 28.632957458496094 	 0.05806451127128873 
395.0 	 823 	 516 	 29.0 	 31.0 	 0.03333333333333333 
396.0 	 825 	 516 	 29.0 	 31.0 	 0.03333333333333333 
397.0 	 827 	 515 	 28.0 	 31.0 	 0.05084745762711865 
398.0 	 829 	 516 	 28.0 	 31.0 	 0.05084745762711865 
399.0 	 831 	 516 	 28.0 	 31.0 	 0.05084745762711865 
400.0 	 834 	 516 	 32.386600494384766 	 28.605422973632812 	 0.06199462332537125 
401.0 	 836 	 516 	 32.163047790527344 	 28.63295555114746 	 0.058064544465870414 
402.0 	 838 	 516 	 28.0 	 32.0 	 0.06666666666666667 
403.0 	 840 	 516 	 32.55099868774414 	 28.441024780273438 	 0.067385432943143 
404.0 	 843 	 516 	 29.0 	 31.0 	 0.03333333333333333 
405.0 	 844 	 516 	 29.0 	 30.0 	 0.01694915254237288 
406.0 	 847 	 516 	 31.0 	 29.0 	 0.03333333333333333 
407.0 	 849 	 516 	 28.0 	 31.0 	 0.05084745762711865 
408.0 	 851 	 516 	 31.939001083374023 	 27.828041076660156 	 0.06878305932735013 
409.0 	 853 	 516 	 28.0 	 31.0 	 0.05084745762711865 
410.0 	 855 	 516 	 28.0 	 31.0 	 0.05084745762711865 
411.0 	 857 	 516 	 28.0 	 31.0 	 0.05084745762711865 
412.0 	 860 	 516 	 27.0 	 31.0 	 0.06896551724137931 
413.0 	 862 	 516 	 27.0 	 31.0 	 0.06896551724137931 
414.0 	 864 	 516 	 27.0 	 30.0 	 0.05263157894736842 
415.0 	 866 	 516 	 27.0 	 30.0 	 0.05263157894736842 
416.0 	 868 	 516 	 27.0 	 29.0 	 0.03571428571428571 
417.0 	 871 	 516 	 27.0 	 30.0 	 0.05263157894736842 
418.0 	 873 	 516 	 27.0 	 31.0 	 0.06896551724137931 
419.0 	 875 	 516 	 27.0 	 31.0 	 0.06896551724137931 
420.0 	 877 	 516 	 30.0 	 28.0 	 0.034482758620689655 
421.0 	 879 	 516 	 27.0 	 31.0 	 0.06896551724137931 
422.0 	 881 	 516 	 27.0 	 31.0 	 0.06896551724137931 
423.0 	 884 	 516 	 27.0 	 30.0 	 0.05263157894736842 
424.0 	 886 	 516 	 27.0 	 31.0 	 0.06896551724137931 
425.0 	 888 	 516 	 28.0 	 31.0 	 0.05084745762711865 
426.0 	 890 	 516 	 27.828041076660156 	 31.939001083374023 	 0.06878305932735013 
427.0 	 893 	 516 	 28.039997100830078 	 31.38251304626465 	 0.05624999578712667 
428.0 	 895 	 516 	 27.0 	 31.0 	 0.06896551724137931 
429.0 	 897 	 516 	 27.0 	 31.0 	 0.06896551724137931 
430.0 	 899 	 516 	 27.0 	 31.0 	 0.06896551724137931 
431.0 	 901 	 516 	 28.0 	 31.0 	 0.05084745762711865 
432.0 	 903 	 516 	 28.0 	 31.0 	 0.05084745762711865 
433.0 	 905 	 515 	 29.0 	 30.0 	 0.01694915254237288 
434.0 	 908 	 515 	 29.0 	 31.0 	 0.03333333333333333 
435.0 	 910 	 515 	 29.516094207763672 	 30.4105224609375 	 0.014925392136162017 
436.0 	 912 	 515 	 29.516094207763672 	 30.4105224609375 	 0.014925392136162017 
437.0 	 914 	 515 	 29.0 	 31.0 	 0.03333333333333333 
438.0 	 917 	 515 	 30.405588150024414 	 29.698484420776367 	 0.011764655854478081 
439.0 	 919 	 515 	 29.0 	 31.0 	 0.03333333333333333 
440.0 	 921 	 515 	 29.0 	 31.0 	 0.03333333333333333 
441.0 	 923 	 515 	 29.06888198852539 	 30.857738494873047 	 0.02985078237213837 
442.0 	 925 	 515 	 29.06888198852539 	 31.304948806762695 	 0.03703702065584051 
443.0 	 928 	 515 	 28.0 	 31.0 	 0.05084745762711865 
444.0 	 930 	 515 	 28.0 	 31.0 	 0.05084745762711865 
445.0 	 932 	 515 	 28.0 	 31.0 	 0.05084745762711865 
446.0 	 934 	 515 	 28.0 	 31.0 	 0.05084745762711865 
447.0 	 936 	 515 	 28.0 	 31.0 	 0.05084745762711865 
448.0 	 938 	 515 	 28.0 	 31.0 	 0.05084745762711865 
449.0 	 941 	 515 	 28.0 	 31.0 	 0.05084745762711865 
450.0 	 943 	 516 	 29.0 	 31.0 	 0.03333333333333333 
451.0 	 945 	 516 	 29.0 	 31.0 	 0.03333333333333333 
452.0 	 947 	 516 	 29.0 	 31.0 	 0.03333333333333333 
453.0 	 949 	 516 	 29.0 	 31.0 	 0.03333333333333333 
454.0 	 952 	 516 	 29.0 	 31.0 	 0.03333333333333333 
455.0 	 954 	 516 	 29.0 	 31.0 	 0.03333333333333333 
456.0 	 956 	 516 	 30.857736587524414 	 29.068883895874023 	 0.029850718715999664 
457.0 	 958 	 516 	 29.698484420776367 	 30.405588150024414 	 0.011764655854478081 
458.0 	 960 	 516 	 29.0 	 30.0 	 0.01694915254237288 
459.0 	 962 	 515 	 29.0 	 31.0 	 0.03333333333333333 
460.0 	 964 	 516 	 29.0 	 32.0 	 0.04918032786885246 
461.0 	 967 	 516 	 29.0 	 31.0 	 0.03333333333333333 
462.0 	 969 	 515 	 29.0 	 31.0 	 0.03333333333333333 
463.0 	 971 	 516 	 29.0 	 31.0 	 0.03333333333333333 
464.0 	 973 	 516 	 30.857736587524414 	 28.621667861938477 	 0.037593999911109226 
465.0 	 975 	 516 	 28.0 	 30.0 	 0.034482758620689655 
466.0 	 978 	 516 	 30.0 	 29.0 	 0.01694915254237288 
467.0 	 980 	 516 	 28.0 	 30.0 	 0.034482758620689655 
468.0 	 982 	 516 	 28.0 	 31.0 	 0.05084745762711865 
469.0 	 984 	 516 	 27.0 	 31.0 	 0.06896551724137931 
470.0 	 987 	 516 	 27.0 	 30.0 	 0.05263157894736842 
471.0 	 989 	 515 	 28.0 	 30.0 	 0.034482758620689655 
472.0 	 991 	 516 	 30.857736587524414 	 28.174455642700195 	 0.0454545366426418 
473.0 	 993 	 516 	 28.0 	 31.0 	 0.05084745762711865 
474.0 	 995 	 516 	 29.0 	 30.0 	 0.01694915254237288 
475.0 	 997 	 516 	 29.0 	 30.0 	 0.01694915254237288 
476.0 	 1000 	 516 	 29.0 	 30.0 	 0.01694915254237288 
477.0 	 1002 	 516 	 29.0 	 30.0 	 0.01694915254237288 
478.0 	 1004 	 516 	 31.304948806762695 	 28.621667861938477 	 0.04477611275234329 
479.0 	 1006 	 516 	 28.0 	 31.0 	 0.05084745762711865 
480.0 	 1008 	 516 	 30.4105224609375 	 29.06888198852539 	 0.02255638711971375 
481.0 	 1010 	 516 	 29.06888198852539 	 30.857736587524414 	 0.029850751494160808 
482.0 	 1013 	 516 	 29.0 	 31.0 	 0.03333333333333333 
483.0 	 1015 	 516 	 29.0 	 31.0 	 0.03333333333333333 
484.0 	 1017 	 516 	 29.0 	 31.0 	 0.03333333333333333 
485.0 	 1019 	 516 	 29.0 	 31.0 	 0.03333333333333333 
486.0 	 1022 	 516 	 29.0 	 32.0 	 0.04918032786885246 
487.0 	 1024 	 516 	 29.0 	 31.0 	 0.03333333333333333 
488.0 	 1026 	 516 	 29.0 	 31.0 	 0.03333333333333333 
489.0 	 1028 	 516 	 30.857736587524414 	 29.06888198852539 	 0.029850751494160808 
490.0 	 1031 	 516 	 29.0 	 31.0 	 0.03333333333333333 
491.0 	 1033 	 516 	 29.0 	 31.0 	 0.03333333333333333 
492.0 	 1035 	 516 	 29.0 	 31.0 	 0.03333333333333333 
493.0 	 1037 	 516 	 29.0 	 31.0 	 0.03333333333333333 
494.0 	 1039 	 516 	 29.0 	 30.0 	 0.01694915254237288 
495.0 	 1041 	 516 	 29.0 	 30.0 	 0.01694915254237288 
496.0 	 1044 	 516 	 29.0 	 31.0 	 0.03333333333333333 
497.0 	 1046 	 516 	 29.0 	 31.0 	 0.03333333333333333 
498.0 	 1048 	 516 	 29.0 	 31.0 	 0.03333333333333333 
499.0 	 1050 	 516 	 29.0 	 31.0 	 0.03333333333333333 
500.0 	 1052 	 516 	 29.0 	 30.0 	 0.01694915254237288 
501.0 	 1054 	 516 	 29.0 	 30.0 	 0.01694915254237288 
502.0 	 1057 	 515 	 29.0 	 31.0 	 0.03333333333333333 
503.0 	 1059 	 516 	 29.0 	 31.0 	 0.03333333333333333 
504.0 	 1061 	 516 	 30.405588150024414 	 30.405588150024414 	 0.0 
505.0 	 1063 	 516 	 29.0 	 31.0 	 0.03333333333333333 
506.0 	 1066 	 516 	 29.0 	 31.0 	 0.03333333333333333 
507.0 	 1068 	 516 	 29.0 	 31.0 	 0.03333333333333333 
508.0 	 1070 	 516 	 29.0 	 31.0 	 0.03333333333333333 
509.0 	 1072 	 516 	 29.0 	 30.0 	 0.01694915254237288 
510.0 	 1075 	 516 	 29.0 	 31.0 	 0.03333333333333333 
511.0 	 1077 	 516 	 29.0 	 31.0 	 0.03333333333333333 
512.0 	 1079 	 516 	 29.0 	 31.0 	 0.03333333333333333 
513.0 	 1081 	 516 	 29.0 	 31.0 	 0.03333333333333333 
514.0 	 1083 	 516 	 28.0 	 31.0 	 0.05084745762711865 
515.0 	 1085 	 516 	 28.0 	 32.0 	 0.06666666666666667 
516.0 	 1088 	 516 	 29.0 	 31.0 	 0.03333333333333333 
517.0 	 1090 	 516 	 29.0 	 31.0 	 0.03333333333333333 
518.0 	 1092 	 516 	 29.0 	 31.0 	 0.03333333333333333 
519.0 	 1094 	 516 	 28.0 	 31.0 	 0.05084745762711865 
520.0 	 1097 	 516 	 28.0 	 31.0 	 0.05084745762711865 
521.0 	 1099 	 516 	 29.0 	 31.0 	 0.03333333333333333 
522.0 	 1101 	 516 	 29.0 	 31.0 	 0.03333333333333333 
523.0 	 1103 	 516 	 29.0 	 31.0 	 0.03333333333333333 
524.0 	 1105 	 516 	 29.0 	 31.0 	 0.03333333333333333 
525.0 	 1107 	 516 	 29.0 	 30.0 	 0.01694915254237288 
526.0 	 1110 	 516 	 29.0 	 31.0 	 0.03333333333333333 
527.0 	 1112 	 516 	 28.0 	 31.0 	 0.05084745762711865 
528.0 	 1114 	 516 	 28.0 	 32.0 	 0.06666666666666667 
529.0 	 1116 	 516 	 29.0 	 32.0 	 0.04918032786885246 
530.0 	 1119 	 516 	 28.0 	 30.0 	 0.034482758620689655 
531.0 	 1121 	 516 	 28.0 	 31.0 	 0.05084745762711865 
532.0 	 1123 	 516 	 32.0 	 29.0 	 0.04918032786885246 
533.0 	 1125 	 516 	 30.405588150024414 	 30.405588150024414 	 0.0 
534.0 	 1127 	 516 	 28.0 	 32.0 	 0.06666666666666667 
535.0 	 1130 	 516 	 28.0 	 31.0 	 0.05084745762711865 
536.0 	 1132 	 516 	 28.0 	 31.0 	 0.05084745762711865 
537.0 	 1134 	 516 	 28.0 	 31.0 	 0.05084745762711865 
538.0 	 1136 	 516 	 28.0 	 31.0 	 0.05084745762711865 
539.0 	 1138 	 516 	 28.0 	 30.0 	 0.034482758620689655 
540.0 	 1141 	 516 	 28.0 	 31.0 	 0.05084745762711865 
541.0 	 1143 	 516 	 29.0 	 31.0 	 0.03333333333333333 
542.0 	 1145 	 516 	 29.0 	 31.0 	 0.03333333333333333 
543.0 	 1148 	 516 	 29.0 	 31.0 	 0.03333333333333333 
544.0 	 1150 	 516 	 29.0 	 31.0 	 0.03333333333333333 
545.0 	 1152 	 516 	 29.0 	 31.0 	 0.03333333333333333 
546.0 	 1154 	 516 	 29.0 	 30.0 	 0.01694915254237288 
547.0 	 1156 	 516 	 28.0 	 30.0 	 0.034482758620689655 
548.0 	 1159 	 516 	 28.0 	 31.0 	 0.05084745762711865 
549.0 	 1161 	 516 	 28.0 	 31.0 	 0.05084745762711865 
550.0 	 1163 	 516 	 28.0 	 31.0 	 0.05084745762711865 
551.0 	 1166 	 516 	 28.0 	 30.0 	 0.034482758620689655 
552.0 	 1168 	 516 	 29.0 	 31.0 	 0.03333333333333333 
553.0 	 1170 	 516 	 29.0 	 31.0 	 0.03333333333333333 
554.0 	 1172 	 516 	 30.405588150024414 	 30.405588150024414 	 0.0 
555.0 	 1174 	 516 	 29.0 	 31.0 	 0.03333333333333333 
556.0 	 1177 	 516 	 29.0 	 32.0 	 0.04918032786885246 
557.0 	 1179 	 516 	 29.0 	 31.0 	 0.03333333333333333 
558.0 	 1181 	 516 	 30.405588150024414 	 30.405588150024414 	 0.0 
559.0 	 1183 	 516 	 28.0 	 32.0 	 0.06666666666666667 
560.0 	 1186 	 516 	 29.0 	 32.0 	 0.04918032786885246 
561.0 	 1188 	 516 	 29.0 	 31.0 	 0.03333333333333333 
562.0 	 1190 	 516 	 29.0 	 31.0 	 0.03333333333333333 
563.0 	 1192 	 516 	 29.0 	 31.0 	 0.03333333333333333 
564.0 	 1194 	 516 	 29.0 	 31.0 	 0.03333333333333333 
565.0 	 1196 	 516 	 29.0 	 32.0 	 0.04918032786885246 
566.0 	 1198 	 516 	 29.0 	 31.0 	 0.03333333333333333 
567.0 	 1201 	 516 	 29.0 	 31.0 	 0.03333333333333333 
568.0 	 1203 	 516 	 29.0 	 32.0 	 0.04918032786885246 
569.0 	 1206 	 516 	 29.0 	 32.0 	 0.04918032786885246 
570.0 	 1208 	 516 	 29.0 	 31.0 	 0.03333333333333333 
571.0 	 1210 	 516 	 29.0 	 31.0 	 0.03333333333333333 
572.0 	 1212 	 516 	 29.0 	 32.0 	 0.04918032786885246 
573.0 	 1215 	 516 	 29.0 	 32.0 	 0.04918032786885246 
574.0 	 1217 	 516 	 29.698482513427734 	 31.11269760131836 	 0.02325584021264031 
575.0 	 1219 	 516 	 29.698482513427734 	 31.11269760131836 	 0.02325584021264031 
576.0 	 1221 	 516 	 29.0 	 32.0 	 0.04918032786885246 
577.0 	 1224 	 516 	 29.0 	 31.0 	 0.03333333333333333 
578.0 	 1226 	 516 	 29.0 	 32.0 	 0.04918032786885246 
579.0 	 1229 	 516 	 29.0 	 32.0 	 0.04918032786885246 
580.0 	 1231 	 516 	 29.0 	 31.0 	 0.03333333333333333 
581.0 	 1233 	 516 	 29.0 	 32.0 	 0.04918032786885246 
582.0 	 1235 	 516 	 29.0 	 32.0 	 0.04918032786885246 
583.0 	 1238 	 516 	 29.0 	 31.0 	 0.03333333333333333 
584.0 	 1240 	 516 	 30.405588150024414 	 30.405588150024414 	 0.0 
585.0 	 1242 	 516 	 29.0 	 32.0 	 0.04918032786885246 
586.0 	 1245 	 516 	 29.0 	 31.0 	 0.03333333333333333 
587.0 	 1247 	 516 	 29.0 	 31.0 	 0.03333333333333333 
588.0 	 1249 	 516 	 32.199378967285156 	 28.621667861938477 	 0.058823569995306975 
589.0 	 1252 	 516 	 29.0 	 31.0 	 0.03333333333333333 
590.0 	 1254 	 516 	 28.0 	 32.0 	 0.06666666666666667 
591.0 	 1256 	 516 	 28.0 	 32.0 	 0.06666666666666667 
592.0 	 1259 	 516 	 28.0 	 31.0 	 0.05084745762711865 
593.0 	 1261 	 516 	 28.0 	 32.0 	 0.06666666666666667 
594.0 	 1264 	 516 	 31.0 	 28.0 	 0.05084745762711865 
595.0 	 1266 	 516 	 28.0 	 32.0 	 0.06666666666666667 
596.0 	 1269 	 516 	 29.0 	 32.0 	 0.04918032786885246 
597.0 	 1271 	 516 	 29.698482513427734 	 30.405588150024414 	 0.011764687961919587 
598.0 	 1273 	 516 	 29.0 	 32.0 	 0.04918032786885246 
599.0 	 1276 	 516 	 29.0 	 32.0 	 0.04918032786885246 
600.0 	 1278 	 516 	 29.0 	 32.0 	 0.04918032786885246 
601.0 	 1280 	 516 	 29.0 	 32.0 	 0.04918032786885246 
602.0 	 1283 	 516 	 29.0 	 32.0 	 0.04918032786885246 
603.0 	 1285 	 516 	 29.0 	 33.0 	 0.06451612903225806 
604.0 	 1288 	 516 	 29.0 	 32.0 	 0.04918032786885246 
605.0 	 1290 	 516 	 29.0 	 32.0 	 0.04918032786885246 
606.0 	 1293 	 516 	 29.0 	 32.0 	 0.04918032786885246 
607.0 	 1295 	 516 	 29.0 	 31.0 	 0.03333333333333333 
608.0 	 1297 	 516 	 29.0 	 31.0 	 0.03333333333333333 
609.0 	 1300 	 516 	 31.11269760131836 	 30.405588150024414 	 0.011494297063999561 
610.0 	 1302 	 516 	 30.0 	 31.0 	 0.01639344262295082 
611.0 	 1305 	 516 	 29.0 	 31.0 	 0.03333333333333333 
612.0 	 1307 	 516 	 28.0 	 32.0 	 0.06666666666666667 
613.0 	 1310 	 516 	 28.0 	 31.0 	 0.05084745762711865 
614.0 	 1312 	 516 	 28.0 	 32.0 	 0.06666666666666667 
615.0 	 1315 	 516 	 28.0 	 31.0 	 0.05084745762711865 
616.0 	 1317 	 516 	 28.0 	 31.0 	 0.05084745762711865 
617.0 	 1319 	 516 	 28.0 	 31.0 	 0.05084745762711865 
618.0 	 1322 	 516 	 28.861740112304688 	 31.044557571411133 	 0.036437195144840256 
619.0 	 1324 	 516 	 29.0 	 30.0 	 0.01694915254237288 
620.0 	 1327 	 516 	 29.0 	 31.0 	 0.03333333333333333 
621.0 	 1329 	 516 	 29.0 	 32.0 	 0.04918032786885246 
622.0 	 1331 	 516 	 29.0 	 32.0 	 0.04918032786885246 
623.0 	 1334 	 516 	 29.0 	 32.0 	 0.04918032786885246 
624.0 	 1337 	 516 	 29.0 	 31.0 	 0.03333333333333333 
625.0 	 1339 	 516 	 30.0 	 31.0 	 0.01639344262295082 
626.0 	 1342 	 516 	 30.0 	 31.0 	 0.01639344262295082 
627.0 	 1344 	 516 	 29.0 	 32.0 	 0.04918032786885246 
628.0 	 1346 	 516 	 29.0 	 32.0 	 0.04918032786885246 
629.0 	 1349 	 516 	 31.11269760131836 	 30.405588150024414 	 0.011494297063999561 
630.0 	 1351 	 516 	 29.0 	 32.0 	 0.04918032786885246 
631.0 	 1353 	 516 	 29.0 	 32.0 	 0.04918032786885246 
632.0 	 1356 	 516 	 29.0 	 33.0 	 0.06451612903225806 
633.0 	 1359 	 516 	 29.0 	 32.0 	 0.04918032786885246 
634.0 	 1361 	 516 	 29.0 	 32.0 	 0.04918032786885246 
635.0 	 1363 	 516 	 30.0 	 32.0 	 0.03225806451612903 
636.0 	 1366 	 516 	 29.0 	 33.0 	 0.06451612903225806 
637.0 	 1368 	 516 	 30.410520553588867 	 32.199378967285156 	 0.02857149472185125 
638.0 	 1370 	 516 	 29.52708625793457 	 33.509361267089844 	 0.06317416614529835 
639.0 	 1373 	 516 	 30.0 	 32.0 	 0.03225806451612903 
640.0 	 1375 	 516 	 30.0 	 32.0 	 0.03225806451612903 
641.0 	 1378 	 516 	 30.0 	 32.0 	 0.03225806451612903 
642.0 	 1380 	 516 	 30.0 	 32.0 	 0.03225806451612903 
643.0 	 1383 	 516 	 30.0 	 33.0 	 0.047619047619047616 
644.0 	 1385 	 516 	 30.0 	 33.0 	 0.047619047619047616 
645.0 	 1387 	 516 	 30.0 	 33.0 	 0.047619047619047616 
646.0 	 1390 	 516 	 30.0 	 32.0 	 0.03225806451612903 
647.0 	 1392 	 516 	 30.0 	 32.0 	 0.03225806451612903 
648.0 	 1394 	 516 	 30.0 	 32.0 	 0.03225806451612903 
649.0 	 1397 	 516 	 30.0 	 33.0 	 0.047619047619047616 
650.0 	 1400 	 516 	 30.0 	 33.0 	 0.047619047619047616 
651.0 	 1402 	 516 	 30.0 	 33.0 	 0.047619047619047616 
652.0 	 1404 	 516 	 30.0 	 32.0 	 0.03225806451612903 
653.0 	 1407 	 516 	 29.0 	 32.0 	 0.04918032786885246 
654.0 	 1409 	 516 	 29.0 	 33.0 	 0.06451612903225806 
655.0 	 1412 	 515 	 29.0 	 32.0 	 0.04918032786885246 
656.0 	 1414 	 516 	 29.0 	 33.0 	 0.06451612903225806 
657.0 	 1416 	 515 	 29.0 	 33.0 	 0.06451612903225806 
658.0 	 1418 	 516 	 29.0 	 32.0 	 0.04918032786885246 
659.0 	 1421 	 516 	 29.0 	 32.0 	 0.04918032786885246 
660.0 	 1423 	 516 	 29.0 	 33.0 	 0.06451612903225806 
661.0 	 1425 	 516 	 30.0 	 32.0 	 0.03225806451612903 
662.0 	 1428 	 516 	 30.0 	 32.0 	 0.03225806451612903 
663.0 	 1430 	 515 	 29.0 	 32.0 	 0.04918032786885246 
664.0 	 1432 	 515 	 29.0 	 32.0 	 0.04918032786885246 
665.0 	 1435 	 515 	 29.0 	 33.0 	 0.06451612903225806 
666.0 	 1437 	 515 	 29.0 	 32.0 	 0.04918032786885246 
667.0 	 1439 	 515 	 29.0 	 32.0 	 0.04918032786885246 
668.0 	 1442 	 515 	 29.0 	 32.0 	 0.04918032786885246 
669.0 	 1444 	 515 	 29.0 	 32.0 	 0.04918032786885246 
670.0 	 1446 	 515 	 29.0 	 32.0 	 0.04918032786885246 
671.0 	 1449 	 515 	 29.0 	 32.0 	 0.04918032786885246 
672.0 	 1451 	 515 	 29.0 	 33.0 	 0.06451612903225806 
673.0 	 1453 	 516 	 29.0 	 32.0 	 0.04918032786885246 
674.0 	 1456 	 515 	 29.0 	 32.0 	 0.04918032786885246 
675.0 	 1458 	 515 	 29.0 	 32.0 	 0.04918032786885246 
676.0 	 1460 	 515 	 29.0 	 32.0 	 0.04918032786885246 
677.0 	 1462 	 515 	 29.0 	 32.0 	 0.04918032786885246 
678.0 	 1465 	 516 	 30.0 	 32.0 	 0.03225806451612903 
679.0 	 1467 	 516 	 30.0 	 32.0 	 0.03225806451612903 
680.0 	 1469 	 516 	 30.0 	 32.0 	 0.03225806451612903 
681.0 	 1471 	 516 	 29.0 	 32.0 	 0.04918032786885246 
682.0 	 1474 	 515 	 28.0 	 32.0 	 0.06666666666666667 
683.0 	 1476 	 516 	 28.46049690246582 	 31.622774124145508 	 0.05263157560578038 
684.0 	 1478 	 516 	 28.46049690246582 	 30.990318298339844 	 0.04255318261539566 
685.0 	 1480 	 516 	 28.0 	 32.0 	 0.06666666666666667 
686.0 	 1483 	 516 	 28.619203567504883 	 31.772165298461914 	 0.05220881377858392 
687.0 	 1485 	 516 	 29.0 	 31.0 	 0.03333333333333333 
688.0 	 1487 	 516 	 28.0 	 31.0 	 0.05084745762711865 
689.0 	 1489 	 515 	 29.0 	 31.0 	 0.03333333333333333 
690.0 	 1492 	 516 	 31.0 	 29.0 	 0.03333333333333333 
691.0 	 1494 	 516 	 28.619203567504883 	 31.28709602355957 	 0.044534422494235094 
692.0 	 1496 	 516 	 28.570993423461914 	 31.318206787109375 	 0.04587159878556099 
693.0 	 1498 	 516 	 28.619203567504883 	 31.044557571411133 	 0.04065037063719906 
694.0 	 1500 	 516 	 28.7767276763916 	 30.990320205688477 	 0.03703700630595434 
695.0 	 1503 	 516 	 28.926355361938477 	 31.12935447692871 	 0.03668259222813291 
696.0 	 1505 	 516 	 29.0 	 31.0 	 0.03333333333333333 
697.0 	 1507 	 516 	 28.0 	 31.0 	 0.05084745762711865 
698.0 	 1509 	 516 	 28.0 	 31.0 	 0.05084745762711865 
699.0 	 1511 	 516 	 28.0 	 30.0 	 0.034482758620689655 
700.0 	 1514 	 516 	 28.0 	 30.0 	 0.034482758620689655 
701.0 	 1516 	 516 	 29.0 	 31.0 	 0.03333333333333333 
702.0 	 1518 	 516 	 29.0 	 31.0 	 0.03333333333333333 
703.0 	 1520 	 516 	 29.0 	 30.0 	 0.01694915254237288 
704.0 	 1522 	 516 	 29.0 	 30.0 	 0.01694915254237288 
705.0 	 1525 	 516 	 30.0 	 31.0 	 0.01639344262295082 
706.0 	 1527 	 516 	 29.0 	 31.0 	 0.03333333333333333 
707.0 	 1529 	 516 	 29.0 	 31.0 	 0.03333333333333333 
708.0 	 1531 	 516 	 29.0 	 31.0 	 0.03333333333333333 
709.0 	 1533 	 516 	 29.0 	 31.0 	 0.03333333333333333 
710.0 	 1535 	 516 	 29.0 	 30.0 	 0.01694915254237288 
711.0 	 1538 	 516 	 29.0 	 30.0 	 0.01694915254237288 
712.0 	 1540 	 516 	 30.0 	 31.0 	 0.01639344262295082 
713.0 	 1542 	 516 	 31.11269760131836 	 29.698484420776367 	 0.023255808118121456 
714.0 	 1544 	 516 	 31.11269760131836 	 29.698484420776367 	 0.023255808118121456 
715.0 	 1547 	 516 	 30.0 	 31.0 	 0.01639344262295082 
716.0 	 1549 	 516 	 30.0 	 31.0 	 0.01639344262295082 
717.0 	 1551 	 516 	 30.0 	 31.0 	 0.01639344262295082 
718.0 	 1553 	 516 	 30.0 	 31.0 	 0.01639344262295082 
719.0 	 1555 	 516 	 31.304948806762695 	 29.516094207763672 	 0.029411771162355393 
720.0 	 1557 	 516 	 30.0 	 30.0 	 0.0 
721.0 	 1559 	 516 	 29.0 	 31.0 	 0.03333333333333333 
722.0 	 1561 	 516 	 29.0 	 30.0 	 0.01694915254237288 
723.0 	 1563 	 516 	 29.0 	 30.0 	 0.01694915254237288 
724.0 	 1565 	 516 	 29.0 	 30.0 	 0.01694915254237288 
725.0 	 1567 	 516 	 29.0 	 30.0 	 0.01694915254237288 
726.0 	 1569 	 516 	 28.0 	 30.0 	 0.034482758620689655 
727.0 	 1572 	 516 	 29.0 	 30.0 	 0.01694915254237288 
728.0 	 1574 	 516 	 30.0 	 29.0 	 0.01694915254237288 
729.0 	 1576 	 516 	 28.0 	 30.0 	 0.034482758620689655 
730.0 	 1578 	 516 	 29.0 	 30.0 	 0.01694915254237288 
731.0 	 1580 	 517 	 29.0 	 29.0 	 0.0 
732.0 	 1582 	 516 	 29.0 	 30.0 	 0.01694915254237288 
733.0 	 1584 	 516 	 29.0 	 30.0 	 0.01694915254237288 
734.0 	 1586 	 516 	 29.0 	 30.0 	 0.01694915254237288 
735.0 	 1589 	 516 	 29.0 	 30.0 	 0.01694915254237288 
736.0 	 1591 	 517 	 29.0 	 30.0 	 0.01694915254237288 
737.0 	 1593 	 516 	 29.0 	 30.0 	 0.01694915254237288 
738.0 	 1596 	 516 	 29.0 	 30.0 	 0.01694915254237288 
739.0 	 1598 	 516 	 29.0 	 31.0 	 0.03333333333333333 
740.0 	 1600 	 516 	 28.0 	 30.0 	 0.034482758620689655 
741.0 	 1602 	 516 	 28.0 	 30.0 	 0.034482758620689655 
742.0 	 1604 	 516 	 28.0 	 30.0 	 0.034482758620689655 
743.0 	 1606 	 516 	 28.0 	 30.0 	 0.034482758620689655 
744.0 	 1608 	 516 	 29.0 	 30.0 	 0.01694915254237288 
745.0 	 1610 	 516 	 27.0 	 30.0 	 0.05263157894736842 
746.0 	 1612 	 516 	 27.0 	 30.0 	 0.05263157894736842 
747.0 	 1614 	 516 	 27.0 	 30.0 	 0.05263157894736842 
748.0 	 1617 	 516 	 27.0 	 31.0 	 0.06896551724137931 
749.0 	 1618 	 516 	 27.0 	 30.0 	 0.05263157894736842 
750.0 	 1621 	 516 	 27.0 	 31.0 	 0.06896551724137931 
751.0 	 1623 	 516 	 27.0 	 31.0 	 0.06896551724137931 
752.0 	 1625 	 516 	 26.0 	 31.0 	 0.08771929824561403 
753.0 	 1628 	 516 	 27.0 	 31.0 	 0.06896551724137931 
754.0 	 1630 	 516 	 26.0 	 31.0 	 0.08771929824561403 
755.0 	 1632 	 516 	 26.0 	 31.0 	 0.08771929824561403 
756.0 	 1634 	 516 	 28.0 	 30.0 	 0.034482758620689655 
757.0 	 1636 	 516 	 27.0 	 31.0 	 0.06896551724137931 
758.0 	 1638 	 516 	 27.0 	 31.0 	 0.06896551724137931 
759.0 	 1640 	 516 	 27.0 	 32.0 	 0.0847457627118644 
760.0 	 1643 	 516 	 27.0 	 32.0 	 0.0847457627118644 
761.0 	 1645 	 517 	 28.0 	 31.0 	 0.05084745762711865 
762.0 	 1647 	 517 	 28.0 	 30.0 	 0.034482758620689655 
763.0 	 1649 	 517 	 28.0 	 31.0 	 0.05084745762711865 
764.0 	 1651 	 516 	 28.0 	 31.0 	 0.05084745762711865 
765.0 	 1653 	 516 	 27.195585250854492 	 30.674091339111328 	 0.06010930582701725 
766.0 	 1656 	 516 	 27.0 	 31.0 	 0.06896551724137931 
767.0 	 1658 	 516 	 27.0 	 31.0 	 0.06896551724137931 
768.0 	 1660 	 516 	 27.0 	 31.0 	 0.06896551724137931 
769.0 	 1662 	 516 	 27.0 	 31.0 	 0.06896551724137931 
770.0 	 1664 	 516 	 28.02155113220215 	 31.04348373413086 	 0.051162800610674124 
771.0 	 1666 	 516 	 27.828041076660156 	 31.939001083374023 	 0.06878305932735013 
772.0 	 1668 	 516 	 28.0 	 32.0 	 0.06666666666666667 
773.0 	 1671 	 516 	 28.0 	 31.0 	 0.05084745762711865 
774.0 	 1673 	 516 	 28.0 	 31.0 	 0.05084745762711865 
775.0 	 1675 	 516 	 28.0 	 32.0 	 0.06666666666666667 
776.0 	 1677 	 516 	 28.0 	 32.0 	 0.06666666666666667 
777.0 	 1679 	 516 	 28.0 	 32.0 	 0.06666666666666667 
778.0 	 1681 	 516 	 29.0 	 32.0 	 0.04918032786885246 
779.0 	 1683 	 516 	 29.0 	 32.0 	 0.04918032786885246 
780.0 	 1686 	 516 	 28.0 	 31.0 	 0.05084745762711865 
781.0 	 1688 	 516 	 27.0 	 32.0 	 0.0847457627118644 
782.0 	 1690 	 516 	 28.0 	 32.0 	 0.06666666666666667 
783.0 	 1692 	 516 	 28.174455642700195 	 30.857738494873047 	 0.04545456748430389 
784.0 	 1694 	 516 	 27.0 	 32.0 	 0.0847457627118644 
785.0 	 1697 	 516 	 27.0 	 31.0 	 0.06896551724137931 
786.0 	 1699 	 516 	 27.0 	 31.0 	 0.06896551724137931 
787.0 	 1701 	 516 	 28.0235538482666 	 31.780336380004883 	 0.06281836377865453 
788.0 	 1703 	 516 	 28.0 	 32.0 	 0.06666666666666667 
789.0 	 1705 	 516 	 28.0 	 32.0 	 0.06666666666666667 
790.0 	 1707 	 516 	 28.255878448486328 	 31.704051971435547 	 0.057507964048663276 
791.0 	 1710 	 516 	 28.0 	 31.0 	 0.05084745762711865 
792.0 	 1712 	 516 	 28.0 	 31.0 	 0.05084745762711865 
793.0 	 1714 	 516 	 28.0 	 32.0 	 0.06666666666666667 
794.0 	 1716 	 516 	 28.0 	 32.0 	 0.06666666666666667 
795.0 	 1718 	 516 	 28.174455642700195 	 30.857738494873047 	 0.04545456748430389 
796.0 	 1721 	 516 	 28.0 	 31.0 	 0.05084745762711865 
797.0 	 1723 	 516 	 28.0 	 31.0 	 0.05084745762711865 
798.0 	 1725 	 516 	 28.0 	 31.0 	 0.05084745762711865 
799.0 	 1727 	 516 	 28.0 	 30.0 	 0.034482758620689655 
800.0 	 1730 	 516 	 27.72724151611328 	 30.857738494873047 	 0.05343514631519392 
801.0 	 1732 	 516 	 28.174455642700195 	 29.96331024169922 	 0.030769235311793115 
802.0 	 1734 	 516 	 27.72724151611328 	 29.96331024169922 	 0.03875970427485342 
803.0 	 1736 	 516 	 28.991378784179688 	 28.284271240234375 	 0.012345692168380525 
804.0 	 1738 	 516 	 28.991374969482422 	 28.284271240234375 	 0.012345626388202791 
805.0 	 1740 	 516 	 26.0 	 30.0 	 0.07142857142857142 
806.0 	 1743 	 516 	 26.0 	 30.0 	 0.07142857142857142 
807.0 	 1745 	 516 	 26.0 	 30.0 	 0.07142857142857142 
808.0 	 1747 	 516 	 26.0 	 30.0 	 0.07142857142857142 
809.0 	 1750 	 516 	 26.0 	 31.0 	 0.08771929824561403 
810.0 	 1752 	 516 	 26.0 	 31.0 	 0.08771929824561403 
811.0 	 1754 	 516 	 26.0 	 30.0 	 0.07142857142857142 
812.0 	 1756 	 516 	 26.0 	 30.0 	 0.07142857142857142 
813.0 	 1758 	 516 	 30.0 	 27.0 	 0.05263157894736842 
814.0 	 1760 	 516 	 31.0 	 27.0 	 0.06896551724137931 
815.0 	 1763 	 516 	 27.0 	 31.0 	 0.06896551724137931 
816.0 	 1765 	 516 	 27.65237808227539 	 31.182466506958008 	 0.0599999617459449 
817.0 	 1767 	 516 	 27.0 	 31.0 	 0.06896551724137931 
818.0 	 1769 	 516 	 27.0 	 31.0 	 0.06896551724137931 
819.0 	 1771 	 516 	 27.0 	 31.0 	 0.06896551724137931 
820.0 	 1774 	 516 	 27.0 	 31.0 	 0.06896551724137931 
821.0 	 1776 	 516 	 27.0 	 31.0 	 0.06896551724137931 
822.0 	 1778 	 516 	 27.0 	 31.0 	 0.06896551724137931 
823.0 	 1780 	 516 	 28.0 	 31.0 	 0.05084745762711865 
824.0 	 1782 	 516 	 29.06888198852539 	 29.516094207763672 	 0.007633564921830743 
825.0 	 1784 	 516 	 28.621667861938477 	 29.96331024169922 	 0.022900791690787303 
826.0 	 1787 	 516 	 28.144268035888672 	 30.674091339111328 	 0.04301077639880458 
827.0 	 1789 	 516 	 28.144268035888672 	 30.04163360595703 	 0.0326086821125038 
828.0 	 1791 	 516 	 28.0 	 31.0 	 0.05084745762711865 
829.0 	 1793 	 516 	 28.0 	 31.0 	 0.05084745762711865 
830.0 	 1795 	 516 	 28.0 	 31.0 	 0.05084745762711865 
831.0 	 1797 	 516 	 28.0 	 31.0 	 0.05084745762711865 
832.0 	 1799 	 516 	 31.924907684326172 	 27.53961944580078 	 0.07374628959764551 
833.0 	 1801 	 516 	 28.0 	 31.0 	 0.05084745762711865 
834.0 	 1804 	 516 	 27.0 	 31.0 	 0.06896551724137931 
835.0 	 1806 	 516 	 27.0 	 30.0 	 0.05263157894736842 
836.0 	 1808 	 516 	 27.0 	 31.0 	 0.06896551724137931 
837.0 	 1810 	 517 	 26.0 	 30.0 	 0.07142857142857142 
838.0 	 1813 	 517 	 27.0 	 30.0 	 0.05263157894736842 
839.0 	 1815 	 517 	 27.0 	 31.0 	 0.06896551724137931 
840.0 	 1817 	 516 	 27.0 	 31.0 	 0.06896551724137931 
841.0 	 1819 	 516 	 27.0 	 31.0 	 0.06896551724137931 
842.0 	 1822 	 516 	 27.0 	 31.0 	 0.06896551724137931 
843.0 	 1824 	 516 	 27.0 	 31.0 	 0.06896551724137931 
844.0 	 1826 	 516 	 27.0 	 31.0 	 0.06896551724137931 
845.0 	 1828 	 516 	 28.0 	 31.0 	 0.05084745762711865 
846.0 	 1831 	 516 	 27.0 	 31.0 	 0.06896551724137931 
847.0 	 1833 	 516 	 27.0 	 31.0 	 0.06896551724137931 
848.0 	 1835 	 516 	 27.0 	 31.0 	 0.06896551724137931 
849.0 	 1837 	 516 	 27.0 	 31.0 	 0.06896551724137931 
850.0 	 1840 	 516 	 27.0 	 31.0 	 0.06896551724137931 
851.0 	 1842 	 516 	 27.0 	 32.0 	 0.0847457627118644 
852.0 	 1844 	 516 	 31.574697494506836 	 27.45625877380371 	 0.06976744035762837 
853.0 	 1846 	 516 	 28.0 	 31.0 	 0.05084745762711865 
854.0 	 1848 	 516 	 28.0 	 31.0 	 0.05084745762711865 
855.0 	 1851 	 516 	 28.0 	 30.0 	 0.034482758620689655 
856.0 	 1853 	 516 	 29.0 	 28.0 	 0.017543859649122806 
857.0 	 1855 	 516 	 28.0 	 30.0 	 0.034482758620689655 
858.0 	 1857 	 516 	 29.0 	 30.0 	 0.01694915254237288 
859.0 	 1860 	 516 	 29.0 	 31.0 	 0.03333333333333333 
860.0 	 1861 	 516 	 29.0 	 31.0 	 0.03333333333333333 
861.0 	 1864 	 516 	 28.0 	 31.0 	 0.05084745762711865 
862.0 	 1866 	 516 	 28.0 	 32.0 	 0.06666666666666667 
863.0 	 1868 	 516 	 28.0 	 31.0 	 0.05084745762711865 
864.0 	 1870 	 516 	 28.0 	 31.0 	 0.05084745762711865 
865.0 	 1872 	 516 	 29.0 	 30.0 	 0.01694915254237288 
866.0 	 1875 	 516 	 29.0 	 30.0 	 0.01694915254237288 
867.0 	 1877 	 516 	 30.0 	 30.0 	 0.0 
868.0 	 1879 	 516 	 30.0 	 30.0 	 0.0 
869.0 	 1881 	 516 	 29.0 	 31.0 	 0.03333333333333333 
870.0 	 1883 	 516 	 29.0 	 31.0 	 0.03333333333333333 
871.0 	 1885 	 516 	 29.0 	 30.0 	 0.01694915254237288 
872.0 	 1887 	 516 	 28.0 	 30.0 	 0.034482758620689655 
873.0 	 1890 	 516 	 28.0 	 31.0 	 0.05084745762711865 
874.0 	 1892 	 516 	 28.0 	 30.0 	 0.034482758620689655 
875.0 	 1895 	 516 	 28.0 	 31.0 	 0.05084745762711865 
876.0 	 1897 	 516 	 28.0 	 31.0 	 0.05084745762711865 
877.0 	 1899 	 516 	 28.0 	 31.0 	 0.05084745762711865 
878.0 	 1902 	 516 	 28.0 	 32.0 	 0.06666666666666667 
879.0 	 1904 	 516 	 29.0 	 30.0 	 0.01694915254237288 
880.0 	 1905 	 516 	 29.0 	 28.0 	 0.017543859649122806 
881.0 	 1907 	 516 	 28.0 	 26.0 	 0.037037037037037035 
882.0 	 1908 	 516 	 29.0 	 23.0 	 0.11538461538461539 
883.0 	 1909 	 517 	 29.0 	 21.0 	 0.16 
